5333014375.0,	0.05600738525390625,	0.05570220947265625
5333028750.0,	0.060863494873046875,	0.0572052001953125
5333043125.0,	0.057682037353515625,	0.05779266357421875
5333057500.0,	0.05577850341796875,	0.05846405029296875
5333071875.0,	0.057666778564453125,	0.057994842529296875
5333086250.0,	0.05785560607910156,	0.06169891357421875
5333100625.0,	0.058475494384765625,	0.0582122802734375
5333115000.0,	0.057704925537109375,	0.056529998779296875
5333129375.0,	0.059940338134765625,	0.05682182312011719
5333143750.0,	0.05922889709472656,	0.0602264404296875
5333158125.0,	0.05998992919921875,	0.05772209167480469
5333172500.0,	0.05993461608886719,	0.05782890319824219
5333186875.0,	0.058685302734375,	0.056018829345703125
5333201250.0,	0.05957794189453125,	0.05869293212890625
5333215625.0,	0.060150146484375,	0.05699729919433594
5333230000.0,	0.05987548828125,	0.056217193603515625
5333244375.0,	0.05743217468261719,	0.05803680419921875
5333258750.0,	0.059051513671875,	0.05789947509765625
5333273125.0,	0.05905723571777344,	0.056583404541015625
5333287500.0,	0.05790138244628906,	0.057979583740234375
5333301875.0,	0.05798530578613281,	0.057437896728515625
5333316250.0,	0.05938720703125,	0.055629730224609375
5333330625.0,	0.05894279479980469,	0.05738067626953125
5333345000.0,	0.059673309326171875,	0.05760765075683594
5333359375.0,	0.060619354248046875,	0.05721473693847656
5333373750.0,	0.05966949462890625,	0.05736351013183594
5333388125.0,	0.05808067321777344,	0.05463981628417969
5333402500.0,	0.05846595764160156,	0.05788993835449219
5333416875.0,	0.05759239196777344,	0.05889129638671875
5333431250.0,	0.060009002685546875,	0.05690193176269531
5333445625.0,	0.05832862854003906,	0.05747222900390625
5333460000.0,	0.05757713317871094,	0.05735969543457031
5333474375.0,	0.059139251708984375,	0.05642509460449219
5333488750.0,	0.059307098388671875,	0.05765724182128906
5333503125.0,	0.05904388427734375,	0.0558624267578125
5333517500.0,	0.06070709228515625,	0.053802490234375
5333531875.0,	0.05871009826660156,	0.056728363037109375
5333546250.0,	0.058929443359375,	0.05721282958984375
5333560625.0,	0.05776786804199219,	0.05695533752441406
5333575000.0,	0.05938720703125,	0.05778312683105469
5333589375.0,	0.05943870544433594,	0.05746650695800781
5333603750.0,	0.05886650085449219,	0.060306549072265625
5333618125.0,	0.06004905700683594,	0.055850982666015625
5333632500.0,	0.058948516845703125,	0.05714988708496094
5333646875.0,	0.060077667236328125,	0.0559234619140625
5333661250.0,	0.05864715576171875,	0.059467315673828125
5333675625.0,	0.06093788146972656,	0.05567741394042969
5333690000.0,	0.059169769287109375,	0.05631446838378906
5333704375.0,	0.0578765869140625,	0.05751228332519531
5333718750.0,	0.057300567626953125,	0.05825614929199219
5333733125.0,	0.058811187744140625,	0.056884765625
5333747500.0,	0.060821533203125,	0.05846214294433594
5333761875.0,	0.05948066711425781,	0.05891227722167969
5333776250.0,	0.05969047546386719,	0.05570030212402344
5333790625.0,	0.05910491943359375,	0.05767250061035156
5333805000.0,	0.06020164489746094,	0.05764007568359375
5333819375.0,	0.058727264404296875,	0.05672454833984375
5333833750.0,	0.060848236083984375,	0.05814170837402344
5333848125.0,	0.05654716491699219,	0.05825996398925781
5333862500.0,	0.05762481689453125,	0.0571746826171875
5333876875.0,	0.05939292907714844,	0.05651092529296875
5333891250.0,	0.058170318603515625,	0.05808830261230469
5333905625.0,	0.05797004699707031,	0.05552482604980469
5333920000.0,	0.058254241943359375,	0.05417442321777344
5333934375.0,	0.05879402160644531,	0.05583953857421875
5333948750.0,	0.06060600280761719,	0.05562591552734375
5333963125.0,	0.05958747863769531,	0.05796051025390625
5333977500.0,	0.06149482727050781,	0.056629180908203125
5333991875.0,	0.058231353759765625,	0.05600547790527344
5334006250.0,	0.058917999267578125,	0.056865692138671875
5334020625.0,	0.0590667724609375,	0.05664825439453125
5334035000.0,	0.05967903137207031,	0.057521820068359375
5334049375.0,	0.06223869323730469,	0.05606842041015625
5334063750.0,	0.06065177917480469,	0.055755615234375
5334078125.0,	0.05933570861816406,	0.055572509765625
5334092500.0,	0.05879974365234375,	0.0566253662109375
5334106875.0,	0.05976104736328125,	0.056484222412109375
5334121250.0,	0.06147956848144531,	0.05855751037597656
5334135625.0,	0.0597686767578125,	0.05521202087402344
5334150000.0,	0.06055450439453125,	0.05593299865722656
5334164375.0,	0.06125450134277344,	0.05636787414550781
5334178750.0,	0.0601806640625,	0.05561065673828125
5334193125.0,	0.06089210510253906,	0.057918548583984375
5334207500.0,	0.060306549072265625,	0.05663871765136719
5334221875.0,	0.057903289794921875,	0.055767059326171875
5334236250.0,	0.05721473693847656,	0.0553131103515625
5334250625.0,	0.0599212646484375,	0.054828643798828125
5334265000.0,	0.0604705810546875,	0.055328369140625
5334279375.0,	0.05942535400390625,	0.05675315856933594
5334293750.0,	0.05844306945800781,	0.05559539794921875
5334308125.0,	0.06165504455566406,	0.056884765625
5334322500.0,	0.05953407287597656,	0.05725860595703125
5334336875.0,	0.05918312072753906,	0.057811737060546875
5334351250.0,	0.0609130859375,	0.056316375732421875
5334365625.0,	0.05962562561035156,	0.05551910400390625
5334380000.0,	0.05957794189453125,	0.056060791015625
5334394375.0,	0.058437347412109375,	0.05853462219238281
5334408750.0,	0.06014251708984375,	0.05484580993652344
5334423125.0,	0.06027030944824219,	0.05597496032714844
5334437500.0,	0.05867576599121094,	0.05517578125
5334451875.0,	0.059024810791015625,	0.057254791259765625
5334466250.0,	0.05927467346191406,	0.05654335021972656
5334480625.0,	0.06061363220214844,	0.056549072265625
5334495000.0,	0.05791473388671875,	0.05521583557128906
5334509375.0,	0.06004905700683594,	0.05631065368652344
5334523750.0,	0.06084251403808594,	0.05378150939941406
5334538125.0,	0.06111907958984375,	0.056545257568359375
5334552500.0,	0.059101104736328125,	0.05515098571777344
5334566875.0,	0.059345245361328125,	0.05717277526855469
5334581250.0,	0.05876731872558594,	0.05536842346191406
5334595625.0,	0.05834770202636719,	0.05580711364746094
5334610000.0,	0.059436798095703125,	0.056854248046875
5334624375.0,	0.05799102783203125,	0.05497550964355469
5334638750.0,	0.058444976806640625,	0.05669212341308594
5334653125.0,	0.060558319091796875,	0.05736541748046875
5334667500.0,	0.05874443054199219,	0.05496406555175781
5334681875.0,	0.060272216796875,	0.05643653869628906
5334696250.0,	0.05999755859375,	0.05530738830566406
5334710625.0,	0.05968475341796875,	0.05556488037109375
5334725000.0,	0.060665130615234375,	0.054492950439453125
5334739375.0,	0.058712005615234375,	0.05655670166015625
5334753750.0,	0.06023216247558594,	0.05577278137207031
5334768125.0,	0.05959510803222656,	0.05631065368652344
5334782500.0,	0.060413360595703125,	0.05707740783691406
5334796875.0,	0.061492919921875,	0.057514190673828125
5334811250.0,	0.05718040466308594,	0.056365966796875
5334825625.0,	0.05874061584472656,	0.05576133728027344
5334840000.0,	0.06076240539550781,	0.05569648742675781
5334854375.0,	0.058567047119140625,	0.055145263671875
5334868750.0,	0.06050872802734375,	0.054828643798828125
5334883125.0,	0.05840873718261719,	0.055248260498046875
5334897500.0,	0.06044769287109375,	0.0538787841796875
5334911875.0,	0.06021690368652344,	0.056713104248046875
5334926250.0,	0.05870628356933594,	0.05665397644042969
5334940625.0,	0.058048248291015625,	0.055042266845703125
5334955000.0,	0.061229705810546875,	0.054721832275390625
5334969375.0,	0.05937004089355469,	0.05419731140136719
5334983750.0,	0.061412811279296875,	0.05631256103515625
5334998125.0,	0.06107139587402344,	0.054302215576171875
5335012500.0,	0.060138702392578125,	0.05497550964355469
5335026875.0,	0.060546875,	0.05361175537109375
5335041250.0,	0.06067657470703125,	0.0546722412109375
5335055625.0,	0.05891227722167969,	0.05377960205078125
5335070000.0,	0.060878753662109375,	0.054141998291015625
5335084375.0,	0.05970573425292969,	0.05596923828125
5335098750.0,	0.06201362609863281,	0.05555534362792969
5335113125.0,	0.058620452880859375,	0.055057525634765625
5335127500.0,	0.06054115295410156,	0.054981231689453125
5335141875.0,	0.05826377868652344,	0.05385780334472656
5335156250.0,	0.06121826171875,	0.05460357666015625
5335170625.0,	0.0592041015625,	0.05407524108886719
5335185000.0,	0.06029510498046875,	0.05713462829589844
5335199375.0,	0.05961799621582031,	0.05288887023925781
5335213750.0,	0.06029319763183594,	0.05328941345214844
5335228125.0,	0.05948448181152344,	0.05469322204589844
5335242500.0,	0.05999565124511719,	0.055339813232421875
5335256875.0,	0.05964851379394531,	0.05314445495605469
5335271250.0,	0.06126976013183594,	0.05156135559082031
5335285625.0,	0.06045722961425781,	0.05708122253417969
5335300000.0,	0.058414459228515625,	0.05591392517089844
5335314375.0,	0.05873870849609375,	0.0552520751953125
5335328750.0,	0.059017181396484375,	0.054622650146484375
5335343125.0,	0.0592803955078125,	0.05623054504394531
5335357500.0,	0.06200408935546875,	0.052013397216796875
5335371875.0,	0.060760498046875,	0.05310249328613281
5335386250.0,	0.05859184265136719,	0.05665779113769531
5335400625.0,	0.06040191650390625,	0.05332756042480469
5335415000.0,	0.06280517578125,	0.054508209228515625
5335429375.0,	0.061084747314453125,	0.053630828857421875
5335443750.0,	0.060802459716796875,	0.056194305419921875
5335458125.0,	0.06073188781738281,	0.05397987365722656
5335472500.0,	0.060962677001953125,	0.05462074279785156
5335486875.0,	0.059543609619140625,	0.05370330810546875
5335501250.0,	0.05892181396484375,	0.056072235107421875
5335515625.0,	0.061954498291015625,	0.0544586181640625
5335530000.0,	0.058135986328125,	0.054866790771484375
5335544375.0,	0.06173896789550781,	0.05480766296386719
5335558750.0,	0.06122016906738281,	0.05321693420410156
5335573125.0,	0.06128883361816406,	0.05433464050292969
5335587500.0,	0.0606842041015625,	0.05266380310058594
5335601875.0,	0.06107521057128906,	0.05569648742675781
5335616250.0,	0.06057548522949219,	0.05223846435546875
5335630625.0,	0.05962944030761719,	0.052967071533203125
5335645000.0,	0.059604644775390625,	0.05354118347167969
5335659375.0,	0.062713623046875,	0.054630279541015625
5335673750.0,	0.06046104431152344,	0.0526123046875
5335688125.0,	0.06159210205078125,	0.0536041259765625
5335702500.0,	0.059906005859375,	0.052845001220703125
5335716875.0,	0.059833526611328125,	0.05234336853027344
5335731250.0,	0.06125640869140625,	0.05501556396484375
5335745625.0,	0.05957984924316406,	0.05315208435058594
5335760000.0,	0.05924224853515625,	0.055057525634765625
5335774375.0,	0.060733795166015625,	0.054920196533203125
5335788750.0,	0.06034278869628906,	0.0531768798828125
5335803125.0,	0.05992698669433594,	0.05328369140625
5335817500.0,	0.06048011779785156,	0.0548095703125
5335831875.0,	0.059535980224609375,	0.05631446838378906
5335846250.0,	0.06060218811035156,	0.0543365478515625
5335860625.0,	0.06029510498046875,	0.053852081298828125
5335875000.0,	0.06008720397949219,	0.05351829528808594
5335889375.0,	0.060855865478515625,	0.0532684326171875
5335903750.0,	0.05978202819824219,	0.055377960205078125
5335918125.0,	0.06105995178222656,	0.05399131774902344
5335932500.0,	0.06182289123535156,	0.054615020751953125
5335946875.0,	0.06067848205566406,	0.05361175537109375
5335961250.0,	0.06114387512207031,	0.054393768310546875
5335975625.0,	0.061695098876953125,	0.0540924072265625
5335990000.0,	0.05930137634277344,	0.054164886474609375
5336004375.0,	0.060359954833984375,	0.054996490478515625
5336018750.0,	0.060909271240234375,	0.05423736572265625
5336033125.0,	0.060108184814453125,	0.05251121520996094
5336047500.0,	0.061656951904296875,	0.053741455078125
5336061875.0,	0.05919837951660156,	0.05220985412597656
5336076250.0,	0.05910301208496094,	0.05423164367675781
5336090625.0,	0.06125640869140625,	0.05572700500488281
5336105000.0,	0.06031036376953125,	0.05253791809082031
5336119375.0,	0.06056404113769531,	0.052520751953125
5336133750.0,	0.06198692321777344,	0.05557441711425781
5336148125.0,	0.06201744079589844,	0.053546905517578125
5336162500.0,	0.05989837646484375,	0.05331993103027344
5336176875.0,	0.058971405029296875,	0.05284881591796875
5336191250.0,	0.062255859375,	0.054508209228515625
5336205625.0,	0.06114387512207031,	0.05246925354003906
5336220000.0,	0.06080436706542969,	0.053707122802734375
5336234375.0,	0.06034660339355469,	0.0543670654296875
5336248750.0,	0.060375213623046875,	0.05164909362792969
5336263125.0,	0.05881500244140625,	0.05260467529296875
5336277500.0,	0.061656951904296875,	0.05373191833496094
5336291875.0,	0.060695648193359375,	0.051425933837890625
5336306250.0,	0.059955596923828125,	0.0517730712890625
5336320625.0,	0.06192207336425781,	0.05248260498046875
5336335000.0,	0.061077117919921875,	0.05098724365234375
5336349375.0,	0.05997276306152344,	0.05039024353027344
5336363750.0,	0.05986976623535156,	0.053680419921875
5336378125.0,	0.06130218505859375,	0.0516204833984375
5336392500.0,	0.060901641845703125,	0.05306053161621094
5336406875.0,	0.05921363830566406,	0.0522918701171875
5336421250.0,	0.061126708984375,	0.05449104309082031
5336435625.0,	0.060085296630859375,	0.05101585388183594
5336450000.0,	0.0608062744140625,	0.05253028869628906
5336464375.0,	0.06070518493652344,	0.05255317687988281
5336478750.0,	0.05921173095703125,	0.05379486083984375
5336493125.0,	0.060413360595703125,	0.05306053161621094
5336507500.0,	0.06029701232910156,	0.05084419250488281
5336521875.0,	0.062091827392578125,	0.05269050598144531
5336536250.0,	0.06014060974121094,	0.0517730712890625
5336550625.0,	0.062274932861328125,	0.05364799499511719
5336565000.0,	0.058605194091796875,	0.05262184143066406
5336579375.0,	0.058704376220703125,	0.05117034912109375
5336593750.0,	0.06136131286621094,	0.05165290832519531
5336608125.0,	0.06080055236816406,	0.05385780334472656
5336622500.0,	0.06152534484863281,	0.05380821228027344
5336636875.0,	0.0607757568359375,	0.05334281921386719
5336651250.0,	0.059635162353515625,	0.05143165588378906
5336665625.0,	0.06049919128417969,	0.05018043518066406
5336680000.0,	0.062046051025390625,	0.0516204833984375
5336694375.0,	0.06018829345703125,	0.05401802062988281
5336708750.0,	0.06120872497558594,	0.05380821228027344
5336723125.0,	0.0620269775390625,	0.05119132995605469
5336737500.0,	0.06173515319824219,	0.05251884460449219
5336751875.0,	0.06008338928222656,	0.05283546447753906
5336766250.0,	0.06279373168945312,	0.04950714111328125
5336780625.0,	0.0632476806640625,	0.0511474609375
5336795000.0,	0.06319808959960938,	0.0514678955078125
5336809375.0,	0.06211280822753906,	0.0509185791015625
5336823750.0,	0.06081962585449219,	0.054347991943359375
5336838125.0,	0.063385009765625,	0.05194091796875
5336852500.0,	0.06060218811035156,	0.05122947692871094
5336866875.0,	0.06062889099121094,	0.051403045654296875
5336881250.0,	0.06134986877441406,	0.04957389831542969
5336895625.0,	0.0598297119140625,	0.05163764953613281
5336910000.0,	0.059131622314453125,	0.0497283935546875
5336924375.0,	0.05962181091308594,	0.051815032958984375
5336938750.0,	0.05856513977050781,	0.05100822448730469
5336953125.0,	0.062389373779296875,	0.054233551025390625
5336967500.0,	0.061313629150390625,	0.048999786376953125
5336981875.0,	0.06015777587890625,	0.051971435546875
5336996250.0,	0.05790519714355469,	0.052165985107421875
5337010625.0,	0.060947418212890625,	0.050350189208984375
5337025000.0,	0.060394287109375,	0.0545196533203125
5337039375.0,	0.060089111328125,	0.052944183349609375
5337053750.0,	0.06005287170410156,	0.05163764953613281
5337068125.0,	0.06037139892578125,	0.05184173583984375
5337082500.0,	0.06110954284667969,	0.053920745849609375
5337096875.0,	0.05996513366699219,	0.05249595642089844
5337111250.0,	0.059848785400390625,	0.0516204833984375
5337125625.0,	0.061382293701171875,	0.05319404602050781
5337140000.0,	0.06062126159667969,	0.05003166198730469
5337154375.0,	0.05922698974609375,	0.05294990539550781
5337168750.0,	0.06188392639160156,	0.05272674560546875
5337183125.0,	0.060604095458984375,	0.05113410949707031
5337197500.0,	0.05996894836425781,	0.050262451171875
5337211875.0,	0.058650970458984375,	0.0510711669921875
5337226250.0,	0.06217765808105469,	0.05156135559082031
5337240625.0,	0.06033515930175781,	0.04998779296875
5337255000.0,	0.060565948486328125,	0.05051422119140625
5337269375.0,	0.06166839599609375,	0.05315589904785156
5337283750.0,	0.061519622802734375,	0.04985618591308594
5337298125.0,	0.05830574035644531,	0.05208015441894531
5337312500.0,	0.060791015625,	0.05192375183105469
5337326875.0,	0.06027793884277344,	0.05142974853515625
5337341250.0,	0.06099128723144531,	0.05018806457519531
5337355625.0,	0.06017112731933594,	0.053119659423828125
5337370000.0,	0.06112480163574219,	0.05075645446777344
5337384375.0,	0.06162834167480469,	0.0503997802734375
5337398750.0,	0.062458038330078125,	0.050811767578125
5337413125.0,	0.06075096130371094,	0.049224853515625
5337427500.0,	0.062389373779296875,	0.05190086364746094
5337441875.0,	0.06108665466308594,	0.05082130432128906
5337456250.0,	0.05958366394042969,	0.051372528076171875
5337470625.0,	0.06030845642089844,	0.05214500427246094
5337485000.0,	0.06165122985839844,	0.05094146728515625
5337499375.0,	0.05879402160644531,	0.05011749267578125
5337513750.0,	0.059970855712890625,	0.05245018005371094
5337528125.0,	0.06241035461425781,	0.049983978271484375
5337542500.0,	0.059879302978515625,	0.0513153076171875
5337556875.0,	0.06048393249511719,	0.04995155334472656
5337571250.0,	0.058990478515625,	0.048816680908203125
5337585625.0,	0.05996894836425781,	0.0519866943359375
5337600000.0,	0.06181526184082031,	0.05010032653808594
5337614375.0,	0.060794830322265625,	0.05073356628417969
5337628750.0,	0.05977630615234375,	0.04920005798339844
5337643125.0,	0.060283660888671875,	0.04923248291015625
5337657500.0,	0.060550689697265625,	0.04752349853515625
5337671875.0,	0.05854225158691406,	0.05193519592285156
5337686250.0,	0.06048583984375,	0.052471160888671875
5337700625.0,	0.06001091003417969,	0.049224853515625
5337715000.0,	0.061519622802734375,	0.049373626708984375
5337729375.0,	0.05956268310546875,	0.05161476135253906
5337743750.0,	0.06053352355957031,	0.050136566162109375
5337758125.0,	0.061145782470703125,	0.046550750732421875
5337772500.0,	0.058940887451171875,	0.05080604553222656
5337786875.0,	0.05937957763671875,	0.05106353759765625
5337801250.0,	0.06017494201660156,	0.0487060546875
5337815625.0,	0.06154823303222656,	0.04702186584472656
5337830000.0,	0.06014060974121094,	0.04897499084472656
5337844375.0,	0.06080436706542969,	0.04976844787597656
5337858750.0,	0.06082725524902344,	0.05133247375488281
5337873125.0,	0.05872917175292969,	0.049404144287109375
5337887500.0,	0.061084747314453125,	0.049816131591796875
5337901875.0,	0.0631103515625,	0.049015045166015625
5337916250.0,	0.06188011169433594,	0.04958915710449219
5337930625.0,	0.060649871826171875,	0.047855377197265625
5337945000.0,	0.06002616882324219,	0.0504302978515625
5337959375.0,	0.060192108154296875,	0.047695159912109375
5337973750.0,	0.0608367919921875,	0.04853057861328125
5337988125.0,	0.05969810485839844,	0.0486297607421875
5338002500.0,	0.058689117431640625,	0.04842948913574219
5338016875.0,	0.060718536376953125,	0.04882240295410156
5338031250.0,	0.06105995178222656,	0.04995536804199219
5338045625.0,	0.06104087829589844,	0.04986000061035156
5338060000.0,	0.06103324890136719,	0.04929351806640625
5338074375.0,	0.06130790710449219,	0.050140380859375
5338088750.0,	0.058681488037109375,	0.05044364929199219
5338103125.0,	0.060184478759765625,	0.049182891845703125
5338117500.0,	0.060886383056640625,	0.04841804504394531
5338131875.0,	0.06078529357910156,	0.04899406433105469
5338146250.0,	0.059398651123046875,	0.04910850524902344
5338160625.0,	0.05988121032714844,	0.048419952392578125
5338175000.0,	0.0605926513671875,	0.04906272888183594
5338189375.0,	0.0595855712890625,	0.05036354064941406
5338203750.0,	0.05955696105957031,	0.05025291442871094
5338218125.0,	0.0591583251953125,	0.050502777099609375
5338232500.0,	0.0591278076171875,	0.04872703552246094
5338246875.0,	0.06055641174316406,	0.04731178283691406
5338261250.0,	0.06075286865234375,	0.049671173095703125
5338275625.0,	0.06120872497558594,	0.0480804443359375
5338290000.0,	0.06085014343261719,	0.05048179626464844
5338304375.0,	0.06120109558105469,	0.04998588562011719
5338318750.0,	0.059600830078125,	0.048557281494140625
5338333125.0,	0.06013679504394531,	0.04776763916015625
5338347500.0,	0.05979728698730469,	0.046985626220703125
5338361875.0,	0.0605010986328125,	0.04699134826660156
5338376250.0,	0.060764312744140625,	0.046825408935546875
5338390625.0,	0.06070709228515625,	0.04820823669433594
5338405000.0,	0.06141471862792969,	0.04846763610839844
5338419375.0,	0.05994224548339844,	0.049747467041015625
5338433750.0,	0.057888031005859375,	0.048480987548828125
5338448125.0,	0.059284210205078125,	0.04696083068847656
5338462500.0,	0.05995750427246094,	0.045574188232421875
5338476875.0,	0.06017875671386719,	0.048511505126953125
5338491250.0,	0.06084632873535156,	0.04799461364746094
5338505625.0,	0.06021308898925781,	0.04812049865722656
5338520000.0,	0.05879020690917969,	0.04954338073730469
5338534375.0,	0.05926704406738281,	0.045894622802734375
5338548750.0,	0.06075859069824219,	0.046630859375
5338563125.0,	0.05937004089355469,	0.04558372497558594
5338577500.0,	0.06230354309082031,	0.04919242858886719
5338591875.0,	0.06219673156738281,	0.04674720764160156
5338606250.0,	0.06012535095214844,	0.04655265808105469
5338620625.0,	0.06287002563476562,	0.046451568603515625
5338635000.0,	0.05979728698730469,	0.046184539794921875
5338649375.0,	0.059238433837890625,	0.04651451110839844
5338663750.0,	0.06181907653808594,	0.048809051513671875
5338678125.0,	0.05864906311035156,	0.04834556579589844
5338692500.0,	0.060115814208984375,	0.046142578125
5338706875.0,	0.061931610107421875,	0.04708290100097656
5338721250.0,	0.05978965759277344,	0.04677772521972656
5338735625.0,	0.058879852294921875,	0.04751396179199219
5338750000.0,	0.06018829345703125,	0.048221588134765625
5338764375.0,	0.057804107666015625,	0.04709053039550781
5338778750.0,	0.05979728698730469,	0.0479583740234375
5338793125.0,	0.06068611145019531,	0.04694175720214844
5338807500.0,	0.06053924560546875,	0.04878044128417969
5338821875.0,	0.057750701904296875,	0.04712677001953125
5338836250.0,	0.06227684020996094,	0.04719352722167969
5338850625.0,	0.06131553649902344,	0.046077728271484375
5338865000.0,	0.05835151672363281,	0.0473175048828125
5338879375.0,	0.057315826416015625,	0.045406341552734375
5338893750.0,	0.06088447570800781,	0.048675537109375
5338908125.0,	0.05855560302734375,	0.0468597412109375
5338922500.0,	0.05843544006347656,	0.0474395751953125
5338936875.0,	0.0610504150390625,	0.04983711242675781
5338951250.0,	0.05988502502441406,	0.044219970703125
5338965625.0,	0.06035614013671875,	0.04537010192871094
5338980000.0,	0.060863494873046875,	0.0458221435546875
5338994375.0,	0.05875396728515625,	0.04410552978515625
5339008750.0,	0.05916786193847656,	0.04583168029785156
5339023125.0,	0.059986114501953125,	0.045879364013671875
5339037500.0,	0.05954742431640625,	0.046611785888671875
5339051875.0,	0.058399200439453125,	0.044269561767578125
5339066250.0,	0.059337615966796875,	0.046276092529296875
5339080625.0,	0.05972862243652344,	0.04702186584472656
5339095000.0,	0.05960845947265625,	0.04482841491699219
5339109375.0,	0.060413360595703125,	0.04572296142578125
5339123750.0,	0.06037712097167969,	0.045673370361328125
5339138125.0,	0.05918312072753906,	0.04505348205566406
5339152500.0,	0.059284210205078125,	0.04709053039550781
5339166875.0,	0.05919837951660156,	0.04567718505859375
5339181250.0,	0.06068611145019531,	0.046878814697265625
5339195625.0,	0.05916786193847656,	0.045055389404296875
5339210000.0,	0.05903053283691406,	0.045063018798828125
5339224375.0,	0.059741973876953125,	0.045513153076171875
5339238750.0,	0.05992698669433594,	0.04295539855957031
5339253125.0,	0.059803009033203125,	0.04583549499511719
5339267500.0,	0.06104087829589844,	0.045719146728515625
5339281875.0,	0.06014442443847656,	0.045612335205078125
5339296250.0,	0.05944061279296875,	0.04466056823730469
5339310625.0,	0.05880546569824219,	0.04464530944824219
5339325000.0,	0.05831146240234375,	0.044795989990234375
5339339375.0,	0.0627593994140625,	0.042819976806640625
5339353750.0,	0.06047630310058594,	0.044925689697265625
5339368125.0,	0.060474395751953125,	0.04557609558105469
5339382500.0,	0.05833625793457031,	0.04302787780761719
5339396875.0,	0.059307098388671875,	0.04235076904296875
5339411250.0,	0.05771636962890625,	0.04318809509277344
5339425625.0,	0.056957244873046875,	0.043399810791015625
5339440000.0,	0.059185028076171875,	0.04206085205078125
5339454375.0,	0.05834388732910156,	0.04495811462402344
5339468750.0,	0.05939483642578125,	0.04376220703125
5339483125.0,	0.06052589416503906,	0.042781829833984375
5339497500.0,	0.059482574462890625,	0.04526710510253906
5339511875.0,	0.05919456481933594,	0.04431915283203125
5339526250.0,	0.06021881103515625,	0.04430961608886719
5339540625.0,	0.059600830078125,	0.04715728759765625
5339555000.0,	0.06016349792480469,	0.04421806335449219
5339569375.0,	0.05767631530761719,	0.044132232666015625
5339583750.0,	0.05804252624511719,	0.044734954833984375
5339598125.0,	0.058475494384765625,	0.04443359375
5339612500.0,	0.059482574462890625,	0.04275703430175781
5339626875.0,	0.05817604064941406,	0.04321479797363281
5339641250.0,	0.05962181091308594,	0.04289054870605469
5339655625.0,	0.05937385559082031,	0.043666839599609375
5339670000.0,	0.05938911437988281,	0.04376220703125
5339684375.0,	0.057765960693359375,	0.04391670227050781
5339698750.0,	0.058452606201171875,	0.0429840087890625
5339713125.0,	0.05880928039550781,	0.04288673400878906
5339727500.0,	0.06049156188964844,	0.04461479187011719
5339741875.0,	0.061016082763671875,	0.04409217834472656
5339756250.0,	0.05857658386230469,	0.04268074035644531
5339770625.0,	0.05745124816894531,	0.04326438903808594
5339785000.0,	0.058231353759765625,	0.04253959655761719
5339799375.0,	0.057491302490234375,	0.04151725769042969
5339813750.0,	0.058620452880859375,	0.04373359680175781
5339828125.0,	0.057933807373046875,	0.04196929931640625
5339842500.0,	0.05866432189941406,	0.04396247863769531
5339856875.0,	0.05735206604003906,	0.04421043395996094
5339871250.0,	0.058315277099609375,	0.04454231262207031
5339885625.0,	0.056640625,	0.04522514343261719
5339900000.0,	0.05941581726074219,	0.043529510498046875
5339914375.0,	0.056858062744140625,	0.04213714599609375
5339928750.0,	0.05893135070800781,	0.040546417236328125
5339943125.0,	0.05781745910644531,	0.04321098327636719
5339957500.0,	0.05906105041503906,	0.04368400573730469
5339971875.0,	0.05919837951660156,	0.039974212646484375
5339986250.0,	0.05753898620605469,	0.04330635070800781
5340000625.0,	0.059688568115234375,	0.04177665710449219
5340015000.0,	0.059230804443359375,	0.043338775634765625
5340029375.0,	0.05927276611328125,	0.04232597351074219
5340043750.0,	0.058132171630859375,	0.04397010803222656
5340058125.0,	0.05839729309082031,	0.04060173034667969
5340072500.0,	0.05890464782714844,	0.04208183288574219
5340086875.0,	0.05984306335449219,	0.044284820556640625
5340101250.0,	0.05877494812011719,	0.04110908508300781
5340115625.0,	0.05718040466308594,	0.04386138916015625
5340130000.0,	0.05667304992675781,	0.04245948791503906
5340144375.0,	0.05888938903808594,	0.04307365417480469
5340158750.0,	0.05873298645019531,	0.042560577392578125
5340173125.0,	0.05814361572265625,	0.04183769226074219
5340187500.0,	0.05797386169433594,	0.042446136474609375
5340201875.0,	0.058902740478515625,	0.041599273681640625
5340216250.0,	0.05927276611328125,	0.0421600341796875
5340230625.0,	0.05939674377441406,	0.03955078125
5340245000.0,	0.058498382568359375,	0.041751861572265625
5340259375.0,	0.05673027038574219,	0.04094505310058594
5340273750.0,	0.056865692138671875,	0.04068183898925781
5340288125.0,	0.05732536315917969,	0.04175376892089844
5340302500.0,	0.057422637939453125,	0.0394439697265625
5340316875.0,	0.057437896728515625,	0.04045867919921875
5340331250.0,	0.05663871765136719,	0.04140472412109375
5340345625.0,	0.058380126953125,	0.04125404357910156
5340360000.0,	0.057575225830078125,	0.03931617736816406
5340374375.0,	0.05680274963378906,	0.04214286804199219
5340388750.0,	0.05784416198730469,	0.040073394775390625
5340403125.0,	0.055721282958984375,	0.04136085510253906
5340417500.0,	0.057239532470703125,	0.04162025451660156
5340431875.0,	0.055217742919921875,	0.042346954345703125
5340446250.0,	0.05783843994140625,	0.04137992858886719
5340460625.0,	0.05840301513671875,	0.04279899597167969
5340475000.0,	0.05718040466308594,	0.04061317443847656
5340489375.0,	0.05603790283203125,	0.041263580322265625
5340503750.0,	0.05746269226074219,	0.04169464111328125
5340518125.0,	0.0558929443359375,	0.039974212646484375
5340532500.0,	0.05701637268066406,	0.038455963134765625
5340546875.0,	0.05864524841308594,	0.03886985778808594
5340561250.0,	0.05654335021972656,	0.03904533386230469
5340575625.0,	0.058109283447265625,	0.039058685302734375
5340590000.0,	0.05622673034667969,	0.03934669494628906
5340604375.0,	0.05708503723144531,	0.04016685485839844
5340618750.0,	0.057247161865234375,	0.03982353210449219
5340633125.0,	0.057872772216796875,	0.04119300842285156
5340647500.0,	0.054248809814453125,	0.04229736328125
5340661875.0,	0.057521820068359375,	0.03969573974609375
5340676250.0,	0.05709075927734375,	0.04218482971191406
5340690625.0,	0.055072784423828125,	0.03958702087402344
5340705000.0,	0.05477333068847656,	0.03750801086425781
5340719375.0,	0.058837890625,	0.03903770446777344
5340733750.0,	0.055980682373046875,	0.03793525695800781
5340748125.0,	0.05589485168457031,	0.04022407531738281
5340762500.0,	0.05558204650878906,	0.03896141052246094
5340776875.0,	0.05681037902832031,	0.03971099853515625
5340791250.0,	0.05608940124511719,	0.03952217102050781
5340805625.0,	0.05751228332519531,	0.039737701416015625
5340820000.0,	0.056827545166015625,	0.03793525695800781
5340834375.0,	0.05719757080078125,	0.03916358947753906
5340848750.0,	0.057270050048828125,	0.04028129577636719
5340863125.0,	0.05696296691894531,	0.03775596618652344
5340877500.0,	0.055255889892578125,	0.03882789611816406
5340891875.0,	0.05790901184082031,	0.03717231750488281
5340906250.0,	0.05585479736328125,	0.03811836242675781
5340920625.0,	0.05655670166015625,	0.03764915466308594
5340935000.0,	0.05768013000488281,	0.03775215148925781
5340949375.0,	0.05799102783203125,	0.038818359375
5340963750.0,	0.05849647521972656,	0.039318084716796875
5340978125.0,	0.054767608642578125,	0.03656768798828125
5340992500.0,	0.05613136291503906,	0.036891937255859375
5341006875.0,	0.05704498291015625,	0.040264129638671875
5341021250.0,	0.056529998779296875,	0.03809928894042969
5341035625.0,	0.05549430847167969,	0.03785896301269531
5341050000.0,	0.05613517761230469,	0.03790092468261719
5341064375.0,	0.055370330810546875,	0.03770256042480469
5341078750.0,	0.053401947021484375,	0.03890419006347656
5341093125.0,	0.055721282958984375,	0.03827095031738281
5341107500.0,	0.05408668518066406,	0.03752708435058594
5341121875.0,	0.054218292236328125,	0.03643608093261719
5341136250.0,	0.05777740478515625,	0.03846549987792969
5341150625.0,	0.05466461181640625,	0.0364227294921875
5341165000.0,	0.05412483215332031,	0.037769317626953125
5341179375.0,	0.05512809753417969,	0.036716461181640625
5341193750.0,	0.05576324462890625,	0.037120819091796875
5341208125.0,	0.05509757995605469,	0.0384979248046875
5341222500.0,	0.05332756042480469,	0.036876678466796875
5341236875.0,	0.052036285400390625,	0.03782463073730469
5341251250.0,	0.05516242980957031,	0.03460502624511719
5341265625.0,	0.05548858642578125,	0.03577232360839844
5341280000.0,	0.0534515380859375,	0.03594207763671875
5341294375.0,	0.05304145812988281,	0.038753509521484375
5341308750.0,	0.053974151611328125,	0.037250518798828125
5341323125.0,	0.05345916748046875,	0.03706932067871094
5341337500.0,	0.054058074951171875,	0.03463554382324219
5341351875.0,	0.05398750305175781,	0.034862518310546875
5341366250.0,	0.05386161804199219,	0.035449981689453125
5341380625.0,	0.05522346496582031,	0.035076141357421875
5341395000.0,	0.0527191162109375,	0.034946441650390625
5341409375.0,	0.05477142333984375,	0.035953521728515625
5341423750.0,	0.05368804931640625,	0.035243988037109375
5341438125.0,	0.05215263366699219,	0.03497123718261719
5341452500.0,	0.053802490234375,	0.03481292724609375
5341466875.0,	0.053379058837890625,	0.03619575500488281
5341481250.0,	0.05419731140136719,	0.03188133239746094
5341495625.0,	0.05197334289550781,	0.03332710266113281
5341510000.0,	0.054988861083984375,	0.03526496887207031
5341524375.0,	0.055469512939453125,	0.03329658508300781
5341538750.0,	0.05187034606933594,	0.03464508056640625
5341553125.0,	0.05180168151855469,	0.03642463684082031
5341567500.0,	0.05364036560058594,	0.03342437744140625
5341581875.0,	0.05379295349121094,	0.035388946533203125
5341596250.0,	0.05423736572265625,	0.03397560119628906
5341610625.0,	0.05445098876953125,	0.03685760498046875
5341625000.0,	0.05217552185058594,	0.03524208068847656
5341639375.0,	0.051540374755859375,	0.033535003662109375
5341653750.0,	0.05173683166503906,	0.03629112243652344
5341668125.0,	0.05004119873046875,	0.03204154968261719
5341682500.0,	0.05039405822753906,	0.03558349609375
5341696875.0,	0.0522918701171875,	0.03394317626953125
5341711250.0,	0.052501678466796875,	0.03601264953613281
5341725625.0,	0.05054664611816406,	0.032939910888671875
5341740000.0,	0.05430412292480469,	0.035808563232421875
5341754375.0,	0.0521697998046875,	0.03376007080078125
5341768750.0,	0.05170249938964844,	0.03204154968261719
5341783125.0,	0.05264854431152344,	0.03439140319824219
5341797500.0,	0.051753997802734375,	0.03179931640625
5341811875.0,	0.052875518798828125,	0.0319976806640625
5341826250.0,	0.053630828857421875,	0.032596588134765625
5341840625.0,	0.0495452880859375,	0.0337677001953125
5341855000.0,	0.050937652587890625,	0.031341552734375
5341869375.0,	0.05176353454589844,	0.034908294677734375
5341883750.0,	0.052089691162109375,	0.032009124755859375
5341898125.0,	0.04782295227050781,	0.03175544738769531
5341912500.0,	0.04994773864746094,	0.032169342041015625
5341926875.0,	0.051883697509765625,	0.03302764892578125
5341941250.0,	0.05097770690917969,	0.03362846374511719
5341955625.0,	0.05100059509277344,	0.030858993530273438
5341970000.0,	0.05198097229003906,	0.032596588134765625
5341984375.0,	0.04974937438964844,	0.03341102600097656
5341998750.0,	0.05145072937011719,	0.034130096435546875
5342013125.0,	0.051403045654296875,	0.031003952026367188
5342027500.0,	0.05132293701171875,	0.03308677673339844
5342041875.0,	0.05224037170410156,	0.032970428466796875
5342056250.0,	0.05081367492675781,	0.033447265625
5342070625.0,	0.050384521484375,	0.03277015686035156
5342085000.0,	0.049457550048828125,	0.03256034851074219
5342099375.0,	0.049953460693359375,	0.033771514892578125
5342113750.0,	0.049285888671875,	0.03159904479980469
5342128125.0,	0.04951286315917969,	0.03116607666015625
5342142500.0,	0.04862022399902344,	0.028627395629882812
5342156875.0,	0.049900054931640625,	0.030323028564453125
5342171250.0,	0.049530029296875,	0.03164482116699219
5342185625.0,	0.0485992431640625,	0.032444000244140625
5342200000.0,	0.04903411865234375,	0.03356361389160156
5342214375.0,	0.05016899108886719,	0.030031204223632812
5342228750.0,	0.0463714599609375,	0.032207489013671875
5342243125.0,	0.04840660095214844,	0.03133583068847656
5342257500.0,	0.04882240295410156,	0.029462814331054688
5342271875.0,	0.04801177978515625,	0.030422210693359375
5342286250.0,	0.04726982116699219,	0.030063629150390625
5342300625.0,	0.04909324645996094,	0.030397415161132812
5342315000.0,	0.04705238342285156,	0.02812957763671875
5342329375.0,	0.049831390380859375,	0.028268814086914062
5342343750.0,	0.045925140380859375,	0.02873992919921875
5342358125.0,	0.048694610595703125,	0.030347824096679688
5342372500.0,	0.04746246337890625,	0.029882431030273438
5342386875.0,	0.04787445068359375,	0.029188156127929688
5342401250.0,	0.048114776611328125,	0.029998779296875
5342415625.0,	0.046497344970703125,	0.028440475463867188
5342430000.0,	0.04644966125488281,	0.02870941162109375
5342444375.0,	0.048572540283203125,	0.028413772583007812
5342458750.0,	0.04722404479980469,	0.029737472534179688
5342473125.0,	0.04656410217285156,	0.026744842529296875
5342487500.0,	0.047794342041015625,	0.029560089111328125
5342501875.0,	0.045047760009765625,	0.027435302734375
5342516250.0,	0.0476837158203125,	0.025960922241210938
5342530625.0,	0.04644966125488281,	0.030115127563476562
5342545000.0,	0.044795989990234375,	0.027727127075195312
5342559375.0,	0.04783821105957031,	0.026716232299804688
5342573750.0,	0.045314788818359375,	0.030364990234375
5342588125.0,	0.044708251953125,	0.027750015258789062
5342602500.0,	0.045177459716796875,	0.028673171997070312
5342616875.0,	0.04550743103027344,	0.027729034423828125
5342631250.0,	0.04501533508300781,	0.02739715576171875
5342645625.0,	0.045436859130859375,	0.027851104736328125
5342660000.0,	0.04590034484863281,	0.027923583984375
5342674375.0,	0.0442657470703125,	0.029127120971679688
5342688750.0,	0.04398155212402344,	0.029239654541015625
5342703125.0,	0.04317474365234375,	0.025945663452148438
5342717500.0,	0.0408477783203125,	0.02779388427734375
5342731875.0,	0.041362762451171875,	0.025350570678710938
5342746250.0,	0.0430755615234375,	0.027965545654296875
5342760625.0,	0.04290962219238281,	0.026990890502929688
5342775000.0,	0.04330635070800781,	0.02617645263671875
5342789375.0,	0.046077728271484375,	0.0260772705078125
5342803750.0,	0.04245948791503906,	0.027317047119140625
5342818125.0,	0.043193817138671875,	0.0247650146484375
5342832500.0,	0.0443267822265625,	0.02613067626953125
5342846875.0,	0.04195213317871094,	0.023904800415039062
5342861250.0,	0.043727874755859375,	0.025213241577148438
5342875625.0,	0.04038429260253906,	0.026918411254882812
5342890000.0,	0.04104042053222656,	0.025447845458984375
5342904375.0,	0.04097175598144531,	0.024694442749023438
5342918750.0,	0.04155731201171875,	0.023107528686523438
5342933125.0,	0.040607452392578125,	0.02687835693359375
5342947500.0,	0.04066276550292969,	0.023565292358398438
5342961875.0,	0.040035247802734375,	0.025640487670898438
5342976250.0,	0.04004478454589844,	0.026411056518554688
5342990625.0,	0.040233612060546875,	0.0246429443359375
5343005000.0,	0.039028167724609375,	0.02480316162109375
5343019375.0,	0.040821075439453125,	0.024688720703125
5343033750.0,	0.038043975830078125,	0.024198532104492188
5343048125.0,	0.04180145263671875,	0.026014328002929688
5343062500.0,	0.037853240966796875,	0.023305892944335938
5343076875.0,	0.04006004333496094,	0.023370742797851562
5343091250.0,	0.03954887390136719,	0.02442169189453125
5343105625.0,	0.03703498840332031,	0.02318572998046875
5343120000.0,	0.037189483642578125,	0.025575637817382812
5343134375.0,	0.03832817077636719,	0.023054122924804688
5343148750.0,	0.03834724426269531,	0.023075103759765625
5343163125.0,	0.03749656677246094,	0.023685455322265625
5343177500.0,	0.03928565979003906,	0.020755767822265625
5343191875.0,	0.03800392150878906,	0.023845672607421875
5343206250.0,	0.03645896911621094,	0.0235748291015625
5343220625.0,	0.035427093505859375,	0.02399444580078125
5343235000.0,	0.036365509033203125,	0.024488449096679688
5343249375.0,	0.03276634216308594,	0.022487640380859375
5343263750.0,	0.03501319885253906,	0.022283554077148438
5343278125.0,	0.036304473876953125,	0.022230148315429688
5343292500.0,	0.036045074462890625,	0.021795272827148438
5343306875.0,	0.033428192138671875,	0.021068572998046875
5343321250.0,	0.03524208068847656,	0.02274322509765625
5343335625.0,	0.03427696228027344,	0.022558212280273438
5343350000.0,	0.034572601318359375,	0.02056884765625
5343364375.0,	0.034637451171875,	0.022638320922851562
5343378750.0,	0.033535003662109375,	0.02240753173828125
5343393125.0,	0.032855987548828125,	0.021188735961914062
5343407500.0,	0.03345489501953125,	0.019449234008789062
5343421875.0,	0.03188896179199219,	0.021928787231445312
5343436250.0,	0.03199005126953125,	0.020055770874023438
5343450625.0,	0.03193473815917969,	0.021089553833007812
5343465000.0,	0.03157234191894531,	0.021692276000976562
5343479375.0,	0.03319740295410156,	0.023214340209960938
5343493750.0,	0.03033447265625,	0.022563934326171875
5343508125.0,	0.03220558166503906,	0.019021987915039062
5343522500.0,	0.03163909912109375,	0.02089691162109375
5343536875.0,	0.03090190887451172,	0.02217864990234375
5343551250.0,	0.028761863708496094,	0.020224571228027344
5343565625.0,	0.029356002807617188,	0.021203994750976562
5343580000.0,	0.028444290161132812,	0.020194053649902344
5343594375.0,	0.028380393981933594,	0.01993846893310547
5343608750.0,	0.028603553771972656,	0.021208763122558594
5343623125.0,	0.02918720245361328,	0.022255897521972656
5343637500.0,	0.027441978454589844,	0.02129840850830078
5343651875.0,	0.02748870849609375,	0.020351409912109375
5343666250.0,	0.027935028076171875,	0.020860671997070312
5343680625.0,	0.02765655517578125,	0.01898479461669922
5343695000.0,	0.026782989501953125,	0.01967144012451172
5343709375.0,	0.025419235229492188,	0.01945018768310547
5343723750.0,	0.0276641845703125,	0.019557952880859375
5343738125.0,	0.026746749877929688,	0.019376754760742188
5343752500.0,	0.02580547332763672,	0.020261764526367188
5343766875.0,	0.02266979217529297,	0.01897907257080078
5343781250.0,	0.025371551513671875,	0.019979476928710938
5343795625.0,	0.023128509521484375,	0.019446372985839844
5343810000.0,	0.024616241455078125,	0.01662921905517578
5343824375.0,	0.022246360778808594,	0.018446922302246094
5343838750.0,	0.02039337158203125,	0.02004528045654297
5343853125.0,	0.021816253662109375,	0.01887035369873047
5343867500.0,	0.019860267639160156,	0.019217491149902344
5343881875.0,	0.02147674560546875,	0.018507957458496094
5343896250.0,	0.019252777099609375,	0.02166748046875
5343910625.0,	0.02172565460205078,	0.019173622131347656
5343925000.0,	0.01990032196044922,	0.021689414978027344
5343939375.0,	0.019830703735351562,	0.01838970184326172
5343953750.0,	0.018538475036621094,	0.019075393676757812
5343968125.0,	0.018828392028808594,	0.01890277862548828
5343982500.0,	0.018611907958984375,	0.01722240447998047
5343996875.0,	0.017040252685546875,	0.01816844940185547
5344011250.0,	0.015707015991210938,	0.017446517944335938
5344025625.0,	0.01734638214111328,	0.021047592163085938
5344040000.0,	0.015638351440429688,	0.0177001953125
5344054375.0,	0.01563262939453125,	0.019188880920410156
5344068750.0,	0.01461029052734375,	0.0169219970703125
5344083125.0,	0.014086723327636719,	0.020555496215820312
5344097500.0,	0.012850761413574219,	0.01748180389404297
5344111875.0,	0.011895179748535156,	0.0185699462890625
5344126250.0,	0.012746810913085938,	0.018886566162109375
5344140625.0,	0.012017250061035156,	0.01943206787109375
5344155000.0,	0.0121002197265625,	0.02044391632080078
5344169375.0,	0.012125015258789062,	0.020238876342773438
5344183750.0,	0.01171112060546875,	0.019128799438476562
5344198125.0,	0.009961128234863281,	0.018838882446289062
5344212500.0,	0.007983207702636719,	0.021093368530273438
5344226875.0,	0.009497642517089844,	0.018033981323242188
5344241250.0,	0.009647369384765625,	0.020719528198242188
5344255625.0,	0.009693145751953125,	0.018955230712890625
5344270000.0,	0.007437705993652344,	0.020455360412597656
5344284375.0,	0.007235527038574219,	0.020572662353515625
5344298750.0,	0.0060901641845703125,	0.019165992736816406
5344313125.0,	0.006832122802734375,	0.021020889282226562
5344327500.0,	0.005080223083496094,	0.020296096801757812
5344341875.0,	0.00366973876953125,	0.022432327270507812
5344356250.0,	0.0039424896240234375,	0.019881248474121094
5344370625.0,	0.0032329559326171875,	0.02079486846923828
5344385000.0,	0.002895355224609375,	0.020310401916503906
5344399375.0,	0.0018367767333984375,	0.017212867736816406
5344413750.0,	0.0015869140625,	0.021628379821777344
5344428125.0,	0.0006809234619140625,	0.022571563720703125
5344442500.0,	0.0013074874877929688,	0.021881103515625
5344456875.0,	0.0007419586181640625,	0.02119159698486328
5344471250.0,	-0.0007305145263671875,	0.019875526428222656
5344485625.0,	-0.00125885009765625,	0.020856857299804688
5344500000.0,	-0.0032091140747070312,	0.022360801696777344
5344514375.0,	-0.0023193359375,	0.022182464599609375
5344528750.0,	-0.0053691864013671875,	0.02319049835205078
5344543125.0,	-0.00650787353515625,	0.024776458740234375
5344557500.0,	-0.005572319030761719,	0.024394989013671875
5344571875.0,	-0.006421089172363281,	0.023790359497070312
5344586250.0,	-0.007016181945800781,	0.02605915069580078
5344600625.0,	-0.008535385131835938,	0.0261383056640625
5344615000.0,	-0.00711822509765625,	0.025185585021972656
5344629375.0,	-0.008419036865234375,	0.024651527404785156
5344643750.0,	-0.008409500122070312,	0.0253448486328125
5344658125.0,	-0.009481430053710938,	0.02394580841064453
5344672500.0,	-0.009830474853515625,	0.025800704956054688
5344686875.0,	-0.010187149047851562,	0.0263824462890625
5344701250.0,	-0.013217926025390625,	0.026376724243164062
5344715625.0,	-0.013151168823242188,	0.02770709991455078
5344730000.0,	-0.014389991760253906,	0.026833534240722656
5344744375.0,	-0.013139724731445312,	0.029085159301757812
5344758750.0,	-0.012877464294433594,	0.030327796936035156
5344773125.0,	-0.015928268432617188,	0.030762672424316406
5344787500.0,	-0.01780414581298828,	0.029895782470703125
5344801875.0,	-0.0166473388671875,	0.02918243408203125
5344816250.0,	-0.020328521728515625,	0.0326080322265625
5344830625.0,	-0.019463539123535156,	0.031038284301757812
5344845000.0,	-0.019575119018554688,	0.032196044921875
5344859375.0,	-0.017551422119140625,	0.030714988708496094
5344873750.0,	-0.021497726440429688,	0.03496742248535156
5344888125.0,	-0.022485733032226562,	0.0344085693359375
5344902500.0,	-0.024072647094726562,	0.0358428955078125
5344916875.0,	-0.020959854125976562,	0.034084320068359375
5344931250.0,	-0.0235595703125,	0.038997650146484375
5344945625.0,	-0.023681640625,	0.03827095031738281
5344960000.0,	-0.0254669189453125,	0.03904533386230469
5344974375.0,	-0.024408340454101562,	0.039127349853515625
5344988750.0,	-0.02557373046875,	0.03961372375488281
5345003125.0,	-0.027269363403320312,	0.04107666015625
5345017500.0,	-0.027740478515625,	0.04321098327636719
5345031875.0,	-0.028829574584960938,	0.03966522216796875
5345046250.0,	-0.028255462646484375,	0.04211997985839844
5345060625.0,	-0.028364181518554688,	0.04239463806152344
5345075000.0,	-0.030492782592773438,	0.04342079162597656
5345089375.0,	-0.030002593994140625,	0.04605293273925781
5345103750.0,	-0.031902313232421875,	0.04532814025878906
5345118125.0,	-0.03179168701171875,	0.0477294921875
5345132500.0,	-0.03149223327636719,	0.05072021484375
5345146875.0,	-0.03310585021972656,	0.04784202575683594
5345161250.0,	-0.03215599060058594,	0.049228668212890625
5345175625.0,	-0.03183174133300781,	0.05178070068359375
5345190000.0,	-0.03373908996582031,	0.054473876953125
5345204375.0,	-0.034938812255859375,	0.05452728271484375
5345218750.0,	-0.03525733947753906,	0.054561614990234375
5345233125.0,	-0.03692626953125,	0.055889129638671875
5345247500.0,	-0.03709602355957031,	0.05522918701171875
5345261875.0,	-0.03464698791503906,	0.061115264892578125
5345276250.0,	-0.03514289855957031,	0.058380126953125
5345290625.0,	-0.03690338134765625,	0.05948066711425781
5345305000.0,	-0.03906440734863281,	0.06073951721191406
5345319375.0,	-0.03803253173828125,	0.06176185607910156
5345333750.0,	-0.03977775573730469,	0.05890464782714844
5345348125.0,	-0.0396270751953125,	0.06538772583007812
5345362500.0,	-0.038913726806640625,	0.06612777709960938
5345376875.0,	-0.0380401611328125,	0.0688018798828125
5345391250.0,	-0.040126800537109375,	0.06943511962890625
5345405625.0,	-0.038227081298828125,	0.07051467895507812
5345420000.0,	-0.038883209228515625,	0.07025146484375
5345434375.0,	-0.0376739501953125,	0.07365036010742188
5345448750.0,	-0.038211822509765625,	0.07270431518554688
5345463125.0,	-0.04026031494140625,	0.07512283325195312
5345477500.0,	-0.040172576904296875,	0.07796478271484375
5345491875.0,	-0.0392913818359375,	0.0757293701171875
5345506250.0,	-0.039966583251953125,	0.07882308959960938
5345520625.0,	-0.038074493408203125,	0.07747268676757812
5345535000.0,	-0.03835296630859375,	0.08130264282226562
5345549375.0,	-0.038364410400390625,	0.08426666259765625
5345563750.0,	-0.036853790283203125,	0.08443069458007812
5345578125.0,	-0.03693389892578125,	0.08613967895507812
5345592500.0,	-0.037937164306640625,	0.08678054809570312
5345606875.0,	-0.03812408447265625,	0.08797454833984375
5345621250.0,	-0.038440704345703125,	0.08758926391601562
5345635625.0,	-0.03757476806640625,	0.08970260620117188
5345650000.0,	-0.035877227783203125,	0.091522216796875
5345664375.0,	-0.0379638671875,	0.09114837646484375
5345678750.0,	-0.035350799560546875,	0.09244537353515625
5345693125.0,	-0.03603363037109375,	0.09537506103515625
5345707500.0,	-0.03386688232421875,	0.09637832641601562
5345721875.0,	-0.0340728759765625,	0.09528732299804688
5345736250.0,	-0.03504180908203125,	0.09973526000976562
5345750625.0,	-0.033840179443359375,	0.0989837646484375
5345765000.0,	-0.030612945556640625,	0.10116958618164062
5345779375.0,	-0.03047943115234375,	0.10356903076171875
5345793750.0,	-0.030548095703125,	0.10510635375976562
5345808125.0,	-0.029651641845703125,	0.10662460327148438
5345822500.0,	-0.030040740966796875,	0.10379791259765625
5345836875.0,	-0.02861785888671875,	0.10661697387695312
5345851250.0,	-0.029285430908203125,	0.10832595825195312
5345865625.0,	-0.02734375,	0.10663604736328125
5345880000.0,	-0.026912689208984375,	0.10963821411132812
5345894375.0,	-0.0259246826171875,	0.10981369018554688
5345908750.0,	-0.023387908935546875,	0.112335205078125
5345923125.0,	-0.023586273193359375,	0.11388778686523438
5345937500.0,	-0.0239715576171875,	0.11325454711914062
5345951875.0,	-0.023952484130859375,	0.11383819580078125
5345966250.0,	-0.022006988525390625,	0.11595916748046875
5345980625.0,	-0.02002716064453125,	0.11832046508789062
5345995000.0,	-0.02062225341796875,	0.11789703369140625
5346009375.0,	-0.018108367919921875,	0.1169281005859375
5346023750.0,	-0.016559600830078125,	0.11800384521484375
5346038125.0,	-0.01750946044921875,	0.11738967895507812
5346052500.0,	-0.014617919921875,	0.11812210083007812
5346066875.0,	-0.015110015869140625,	0.12070083618164062
5346081250.0,	-0.013427734375,	0.12158966064453125
5346095625.0,	-0.013202667236328125,	0.1218414306640625
5346110000.0,	-0.011272430419921875,	0.1233673095703125
5346124375.0,	-0.010364532470703125,	0.12450790405273438
5346138750.0,	-0.0099029541015625,	0.12509918212890625
5346153125.0,	-0.009395599365234375,	0.12347793579101562
5346167500.0,	-0.00797271728515625,	0.12530517578125
5346181875.0,	-0.006984710693359375,	0.12453079223632812
5346196250.0,	-0.00804901123046875,	0.1261444091796875
5346210625.0,	-0.005859375,	0.12505340576171875
5346225000.0,	-0.0038604736328125,	0.12662506103515625
5346239375.0,	-0.002349853515625,	0.12595367431640625
5346253750.0,	-0.00186920166015625,	0.126983642578125
5346268125.0,	-0.00167083740234375,	0.1267547607421875
5346282500.0,	0.00093841552734375,	0.12709808349609375
5346296875.0,	0.0007781982421875,	0.12933349609375
5346311250.0,	0.001190185546875,	0.1287841796875
5346325625.0,	0.0020294189453125,	0.125091552734375
5346340000.0,	0.00409698486328125,	0.128814697265625
5346354375.0,	0.0026092529296875,	0.13086700439453125
5346368750.0,	0.0043182373046875,	0.12912750244140625
5346383125.0,	0.00739288330078125,	0.13031005859375
5346397500.0,	0.0083770751953125,	0.12989044189453125
5346411875.0,	0.0070953369140625,	0.12931060791015625
5346426250.0,	0.00904083251953125,	0.13140106201171875
5346440625.0,	0.00872039794921875,	0.12926483154296875
5346455000.0,	0.00958251953125,	0.13112640380859375
5346469375.0,	0.01009368896484375,	0.131622314453125
5346483750.0,	0.00995635986328125,	0.12992095947265625
5346498125.0,	0.01332855224609375,	0.130096435546875
5346512500.0,	0.01385498046875,	0.12854766845703125
5346526875.0,	0.01413726806640625,	0.131134033203125
5346541250.0,	0.01444244384765625,	0.12952423095703125
5346555625.0,	0.01781463623046875,	0.131683349609375
5346570000.0,	0.0186920166015625,	0.13025665283203125
5346584375.0,	0.01877593994140625,	0.12923431396484375
5346598750.0,	0.01932525634765625,	0.1318817138671875
5346613125.0,	0.0200042724609375,	0.13105010986328125
5346627500.0,	0.022216796875,	0.1309356689453125
5346641875.0,	0.02172088623046875,	0.1332550048828125
5346656250.0,	0.02268218994140625,	0.1297760009765625
5346670625.0,	0.0226898193359375,	0.1298828125
5346685000.0,	0.02486419677734375,	0.1302337646484375
5346699375.0,	0.02512359619140625,	0.13057708740234375
5346713750.0,	0.0256195068359375,	0.130401611328125
5346728125.0,	0.0264129638671875,	0.1300201416015625
5346742500.0,	0.02828216552734375,	0.1298065185546875
5346756875.0,	0.0290374755859375,	0.13175201416015625
5346771250.0,	0.0282745361328125,	0.12827301025390625
5346785625.0,	0.03165435791015625,	0.1300506591796875
5346800000.0,	0.03079986572265625,	0.12929534912109375
5346814375.0,	0.02945709228515625,	0.128662109375
5346828750.0,	0.032928466796875,	0.12714385986328125
5346843125.0,	0.03227996826171875,	0.1285858154296875
5346857500.0,	0.03199005126953125,	0.130096435546875
5346871875.0,	0.03324127197265625,	0.12767791748046875
5346886250.0,	0.03565216064453125,	0.1281280517578125
5346900625.0,	0.03423309326171875,	0.128265380859375
5346915000.0,	0.03736114501953125,	0.1283416748046875
5346929375.0,	0.034820556640625,	0.12664031982421875
5346943750.0,	0.036834716796875,	0.12760162353515625
5346958125.0,	0.0386810302734375,	0.12740325927734375
5346972500.0,	0.037689208984375,	0.127349853515625
5346986875.0,	0.0383453369140625,	0.12674713134765625
5347001250.0,	0.03823089599609375,	0.12680816650390625
5347015625.0,	0.04113006591796875,	0.12551116943359375
5347030000.0,	0.0399627685546875,	0.12743377685546875
5347044375.0,	0.041645050048828125,	0.12406158447265625
5347058750.0,	0.04051971435546875,	0.1260528564453125
5347073125.0,	0.043212890625,	0.12535858154296875
5347087500.0,	0.04001617431640625,	0.125946044921875
5347101875.0,	0.041851043701171875,	0.12387847900390625
5347116250.0,	0.043609619140625,	0.12628936767578125
5347130625.0,	0.04228973388671875,	0.12437057495117188
5347145000.0,	0.044971466064453125,	0.12250518798828125
5347159375.0,	0.047138214111328125,	0.12335968017578125
5347173750.0,	0.04309844970703125,	0.1245574951171875
5347188125.0,	0.047634124755859375,	0.12434005737304688
5347202500.0,	0.04610443115234375,	0.12247848510742188
5347216875.0,	0.049640655517578125,	0.1214447021484375
5347231250.0,	0.04796600341796875,	0.12263870239257812
5347245625.0,	0.048553466796875,	0.12320709228515625
5347260000.0,	0.047779083251953125,	0.12393951416015625
5347274375.0,	0.049335479736328125,	0.12225341796875
5347288750.0,	0.046154022216796875,	0.12172698974609375
5347303125.0,	0.0479278564453125,	0.1234130859375
5347317500.0,	0.05040740966796875,	0.12093734741210938
5347331875.0,	0.04772186279296875,	0.12258148193359375
5347346250.0,	0.046810150146484375,	0.12046432495117188
5347360625.0,	0.050289154052734375,	0.11973190307617188
5347375000.0,	0.05303192138671875,	0.12051773071289062
5347389375.0,	0.05193328857421875,	0.12164688110351562
5347403750.0,	0.0515899658203125,	0.11767196655273438
5347418125.0,	0.05260467529296875,	0.1178741455078125
5347432500.0,	0.05210113525390625,	0.1200714111328125
5347446875.0,	0.05112457275390625,	0.11606979370117188
5347461250.0,	0.054477691650390625,	0.11736297607421875
5347475625.0,	0.0508270263671875,	0.11785888671875
5347490000.0,	0.054294586181640625,	0.11688232421875
5347504375.0,	0.052825927734375,	0.117279052734375
5347518750.0,	0.054805755615234375,	0.12040328979492188
5347533125.0,	0.052845001220703125,	0.1170654296875
5347547500.0,	0.055660247802734375,	0.11789703369140625
5347561875.0,	0.053035736083984375,	0.11569976806640625
5347576250.0,	0.054962158203125,	0.11767196655273438
5347590625.0,	0.05612945556640625,	0.11748123168945312
5347605000.0,	0.0551605224609375,	0.11717605590820312
5347619375.0,	0.055362701416015625,	0.11422348022460938
5347633750.0,	0.054046630859375,	0.11516952514648438
5347648125.0,	0.057415008544921875,	0.11452865600585938
5347662500.0,	0.05709075927734375,	0.11394882202148438
5347676875.0,	0.056560516357421875,	0.11542892456054688
5347691250.0,	0.058811187744140625,	0.11560440063476562
5347705625.0,	0.057987213134765625,	0.11433029174804688
5347720000.0,	0.0590972900390625,	0.11391448974609375
5347734375.0,	0.05890655517578125,	0.11238479614257812
5347748750.0,	0.0566253662109375,	0.1144866943359375
5347763125.0,	0.05785369873046875,	0.11287689208984375
5347777500.0,	0.058979034423828125,	0.11224746704101562
5347791875.0,	0.059764862060546875,	0.11072921752929688
5347806250.0,	0.05963134765625,	0.112518310546875
5347820625.0,	0.061100006103515625,	0.11024093627929688
5347835000.0,	0.06335830688476562,	0.11000823974609375
5347849375.0,	0.060760498046875,	0.11287307739257812
5347863750.0,	0.05994415283203125,	0.11272811889648438
5347878125.0,	0.059253692626953125,	0.11072158813476562
5347892500.0,	0.058780670166015625,	0.1120147705078125
5347906875.0,	0.0627288818359375,	0.11279678344726562
5347921250.0,	0.062107086181640625,	0.11040115356445312
5347935625.0,	0.06310653686523438,	0.10921859741210938
5347950000.0,	0.0616912841796875,	0.10940170288085938
5347964375.0,	0.06223297119140625,	0.11012649536132812
5347978750.0,	0.062221527099609375,	0.11124801635742188
5347993125.0,	0.06319046020507812,	0.10932159423828125
5348007500.0,	0.0624847412109375,	0.109130859375
5348021875.0,	0.063507080078125,	0.108184814453125
5348036250.0,	0.0619049072265625,	0.10865402221679688
5348050625.0,	0.061634063720703125,	0.10788345336914062
5348065000.0,	0.06188201904296875,	0.10709381103515625
5348079375.0,	0.06461334228515625,	0.10805892944335938
5348093750.0,	0.061981201171875,	0.10698699951171875
5348108125.0,	0.0632781982421875,	0.10649871826171875
5348122500.0,	0.06403350830078125,	0.10752487182617188
5348136875.0,	0.06491470336914062,	0.106201171875
5348151250.0,	0.0649566650390625,	0.10577774047851562
5348165625.0,	0.0618743896484375,	0.10342025756835938
5348180000.0,	0.06467819213867188,	0.1056060791015625
5348194375.0,	0.062007904052734375,	0.10866928100585938
5348208750.0,	0.06487655639648438,	0.10562515258789062
5348223125.0,	0.06605148315429688,	0.10555648803710938
5348237500.0,	0.06632614135742188,	0.10633468627929688
5348251875.0,	0.06451034545898438,	0.10448074340820312
5348266250.0,	0.06610107421875,	0.1034698486328125
5348280625.0,	0.06522750854492188,	0.10580825805664062
5348295000.0,	0.0656890869140625,	0.10595321655273438
5348309375.0,	0.06696319580078125,	0.10352325439453125
5348323750.0,	0.06512069702148438,	0.1040191650390625
5348338125.0,	0.06545257568359375,	0.1036529541015625
5348352500.0,	0.06705856323242188,	0.10333633422851562
5348366875.0,	0.0657501220703125,	0.10302734375
5348381250.0,	0.0659332275390625,	0.10283279418945312
5348395625.0,	0.0675201416015625,	0.10361480712890625
5348410000.0,	0.06846237182617188,	0.103668212890625
5348424375.0,	0.067169189453125,	0.10123062133789062
5348438750.0,	0.0661468505859375,	0.10243988037109375
5348453125.0,	0.06704330444335938,	0.10260772705078125
5348467500.0,	0.0684814453125,	0.10225677490234375
5348481875.0,	0.06658935546875,	0.1027679443359375
5348496250.0,	0.06877517700195312,	0.1006927490234375
5348510625.0,	0.06603622436523438,	0.10162734985351562
5348525000.0,	0.06873321533203125,	0.09820175170898438
5348539375.0,	0.0682373046875,	0.09903335571289062
5348553750.0,	0.0704498291015625,	0.10135650634765625
5348568125.0,	0.0685577392578125,	0.09920120239257812
5348582500.0,	0.06890487670898438,	0.10101699829101562
5348596875.0,	0.06785202026367188,	0.10063552856445312
5348611250.0,	0.06718826293945312,	0.10091781616210938
5348625625.0,	0.06720352172851562,	0.09996414184570312
5348640000.0,	0.069122314453125,	0.09859085083007812
5348654375.0,	0.06742095947265625,	0.09729385375976562
5348668750.0,	0.06692123413085938,	0.09846115112304688
5348683125.0,	0.06810379028320312,	0.09962844848632812
5348697500.0,	0.06953811645507812,	0.09732437133789062
5348711875.0,	0.06951522827148438,	0.09937286376953125
5348726250.0,	0.06942367553710938,	0.09674835205078125
5348740625.0,	0.07027435302734375,	0.09894561767578125
5348755000.0,	0.06719970703125,	0.09826278686523438
5348769375.0,	0.06977462768554688,	0.09976959228515625
5348783750.0,	0.06830596923828125,	0.09816741943359375
5348798125.0,	0.06944656372070312,	0.0959930419921875
5348812500.0,	0.06929779052734375,	0.09772872924804688
5348826875.0,	0.06962966918945312,	0.09702301025390625
5348841250.0,	0.06866836547851562,	0.0978851318359375
5348855625.0,	0.06710433959960938,	0.09888458251953125
5348870000.0,	0.0698089599609375,	0.09803390502929688
5348884375.0,	0.0683135986328125,	0.09486770629882812
5348898750.0,	0.07117462158203125,	0.09591293334960938
5348913125.0,	0.06788253784179688,	0.09671783447265625
5348927500.0,	0.06945419311523438,	0.0954132080078125
5348941875.0,	0.06899642944335938,	0.09544754028320312
5348956250.0,	0.06884384155273438,	0.09666061401367188
5348970625.0,	0.06966400146484375,	0.09412002563476562
5348985000.0,	0.07120513916015625,	0.09649658203125
5348999375.0,	0.07088088989257812,	0.09531021118164062
5349013750.0,	0.07205581665039062,	0.09453964233398438
5349028125.0,	0.07155990600585938,	0.09515380859375
5349042500.0,	0.06929397583007812,	0.09641647338867188
5349056875.0,	0.0708160400390625,	0.09341812133789062
5349071250.0,	0.07134628295898438,	0.09365463256835938
5349085625.0,	0.07007217407226562,	0.09185409545898438
5349100000.0,	0.071258544921875,	0.09539794921875
5349114375.0,	0.070343017578125,	0.09500503540039062
5349128750.0,	0.07126998901367188,	0.09321975708007812
5349143125.0,	0.07403945922851562,	0.0927734375
5349157500.0,	0.07210922241210938,	0.09122085571289062
5349171875.0,	0.07105636596679688,	0.0914306640625
5349186250.0,	0.07102584838867188,	0.09360504150390625
5349200625.0,	0.0729827880859375,	0.09326171875
5349215000.0,	0.0736541748046875,	0.0944976806640625
5349229375.0,	0.07175445556640625,	0.093658447265625
5349243750.0,	0.07151031494140625,	0.09253311157226562
5349258125.0,	0.07114410400390625,	0.0915069580078125
5349272500.0,	0.07022857666015625,	0.09142303466796875
5349286875.0,	0.07042312622070312,	0.09214401245117188
5349301250.0,	0.07114410400390625,	0.091156005859375
5349315625.0,	0.06976318359375,	0.0896453857421875
5349330000.0,	0.07179641723632812,	0.09231185913085938
5349344375.0,	0.07206344604492188,	0.09169387817382812
5349358750.0,	0.0721282958984375,	0.09247207641601562
5349373125.0,	0.07299423217773438,	0.09238052368164062
5349387500.0,	0.07074737548828125,	0.09000396728515625
5349401875.0,	0.07425308227539062,	0.09349822998046875
5349416250.0,	0.07217788696289062,	0.09074020385742188
5349430625.0,	0.07242584228515625,	0.09078598022460938
5349445000.0,	0.07160568237304688,	0.09018707275390625
5349459375.0,	0.0727996826171875,	0.08975601196289062
5349473750.0,	0.07287979125976562,	0.08938980102539062
5349488125.0,	0.07155227661132812,	0.08796310424804688
5349502500.0,	0.0716094970703125,	0.09061813354492188
5349516875.0,	0.071563720703125,	0.08791351318359375
5349531250.0,	0.0729522705078125,	0.0904998779296875
5349545625.0,	0.0725555419921875,	0.08986663818359375
5349560000.0,	0.071563720703125,	0.09103775024414062
5349574375.0,	0.07244491577148438,	0.08949661254882812
5349588750.0,	0.07285690307617188,	0.0903472900390625
5349603125.0,	0.07027816772460938,	0.08835983276367188
5349617500.0,	0.07242584228515625,	0.087371826171875
5349631875.0,	0.07283782958984375,	0.08623123168945312
5349646250.0,	0.07339859008789062,	0.08975601196289062
5349660625.0,	0.07178497314453125,	0.08868408203125
5349675000.0,	0.07042694091796875,	0.08815765380859375
5349689375.0,	0.07296371459960938,	0.08713150024414062
5349703750.0,	0.07260513305664062,	0.08739852905273438
5349718125.0,	0.0734710693359375,	0.08764266967773438
5349732500.0,	0.07363510131835938,	0.087646484375
5349746875.0,	0.0723114013671875,	0.08779144287109375
5349761250.0,	0.07283782958984375,	0.08691024780273438
5349775625.0,	0.07243728637695312,	0.08772659301757812
5349790000.0,	0.07172012329101562,	0.08693313598632812
5349804375.0,	0.0728302001953125,	0.08686447143554688
5349818750.0,	0.07332611083984375,	0.0879669189453125
5349833125.0,	0.07355117797851562,	0.08958816528320312
5349847500.0,	0.07193756103515625,	0.08734893798828125
5349861875.0,	0.07147598266601562,	0.08797073364257812
5349876250.0,	0.07326889038085938,	0.0872650146484375
5349890625.0,	0.07318878173828125,	0.08858489990234375
5349905000.0,	0.07231521606445312,	0.08545303344726562
5349919375.0,	0.07379913330078125,	0.08526611328125
5349933750.0,	0.07321929931640625,	0.08576202392578125
5349948125.0,	0.07342529296875,	0.087371826171875
5349962500.0,	0.07485580444335938,	0.08710479736328125
5349976875.0,	0.0740966796875,	0.08507537841796875
5349991250.0,	0.074462890625,	0.08739471435546875
5350005625.0,	0.0729217529296875,	0.08550643920898438
5350020000.0,	0.072021484375,	0.08347702026367188
5350034375.0,	0.07479476928710938,	0.08627700805664062
5350048750.0,	0.07445526123046875,	0.08450698852539062
5350063125.0,	0.07144927978515625,	0.085845947265625
5350077500.0,	0.07170867919921875,	0.08417129516601562
5350091875.0,	0.07320022583007812,	0.08473968505859375
5350106250.0,	0.07480621337890625,	0.08301925659179688
5350120625.0,	0.07315826416015625,	0.0837249755859375
5350135000.0,	0.07041168212890625,	0.084991455078125
5350149375.0,	0.0741424560546875,	0.08455276489257812
5350163750.0,	0.07389068603515625,	0.08441543579101562
5350178125.0,	0.07415390014648438,	0.08345413208007812
5350192500.0,	0.07362747192382812,	0.08429718017578125
5350206875.0,	0.07346343994140625,	0.08364486694335938
5350221250.0,	0.071929931640625,	0.08427810668945312
5350235625.0,	0.07548904418945312,	0.08546829223632812
5350250000.0,	0.07514190673828125,	0.0858612060546875
5350264375.0,	0.07421875,	0.08333587646484375
5350278750.0,	0.07321548461914062,	0.0830230712890625
5350293125.0,	0.07493209838867188,	0.08386611938476562
5350307500.0,	0.07167816162109375,	0.0846405029296875
5350321875.0,	0.07279205322265625,	0.08409881591796875
5350336250.0,	0.07511520385742188,	0.08172225952148438
5350350625.0,	0.07326889038085938,	0.08295822143554688
5350365000.0,	0.07641983032226562,	0.08313369750976562
5350379375.0,	0.07546615600585938,	0.08408355712890625
5350393750.0,	0.07468795776367188,	0.08179092407226562
5350408125.0,	0.07463455200195312,	0.08154296875
5350422500.0,	0.07421875,	0.08304214477539062
5350436875.0,	0.07399368286132812,	0.08315277099609375
5350451250.0,	0.07256698608398438,	0.08212661743164062
5350465625.0,	0.07416152954101562,	0.08333587646484375
5350480000.0,	0.07381439208984375,	0.0818634033203125
5350494375.0,	0.07440567016601562,	0.08161544799804688
5350508750.0,	0.07111740112304688,	0.08193588256835938
5350523125.0,	0.07440567016601562,	0.08200454711914062
5350537500.0,	0.07417678833007812,	0.08191299438476562
5350551875.0,	0.07414627075195312,	0.0830535888671875
5350566250.0,	0.07447433471679688,	0.08130264282226562
5350580625.0,	0.07337188720703125,	0.08220291137695312
5350595000.0,	0.07443618774414062,	0.08197784423828125
5350609375.0,	0.0756378173828125,	0.08212661743164062
5350623750.0,	0.0734405517578125,	0.08234786987304688
5350638125.0,	0.07416152954101562,	0.08134078979492188
5350652500.0,	0.07592010498046875,	0.07997512817382812
5350666875.0,	0.0755157470703125,	0.08017730712890625
5350681250.0,	0.07390213012695312,	0.0804443359375
5350695625.0,	0.07532882690429688,	0.08187103271484375
5350710000.0,	0.07500839233398438,	0.08052825927734375
5350724375.0,	0.0767364501953125,	0.08084869384765625
5350738750.0,	0.073394775390625,	0.08184051513671875
5350753125.0,	0.0726776123046875,	0.081634521484375
5350767500.0,	0.07350921630859375,	0.08039474487304688
5350781875.0,	0.0758514404296875,	0.07982635498046875
5350796250.0,	0.07428359985351562,	0.0804290771484375
5350810625.0,	0.0738525390625,	0.08011245727539062
5350825000.0,	0.07259750366210938,	0.08019638061523438
5350839375.0,	0.07606887817382812,	0.08101654052734375
5350853750.0,	0.07537078857421875,	0.07903671264648438
5350868125.0,	0.07512664794921875,	0.07995223999023438
5350882500.0,	0.07459640502929688,	0.07995223999023438
5350896875.0,	0.0733489990234375,	0.079559326171875
5350911250.0,	0.07588577270507812,	0.08211898803710938
5350925625.0,	0.075103759765625,	0.0805511474609375
5350940000.0,	0.07479095458984375,	0.07907867431640625
5350954375.0,	0.0730743408203125,	0.07986831665039062
5350968750.0,	0.07425308227539062,	0.07818222045898438
5350983125.0,	0.0748138427734375,	0.0781402587890625
5350997500.0,	0.07436370849609375,	0.08015060424804688
5351011875.0,	0.07295608520507812,	0.07986068725585938
5351026250.0,	0.07615280151367188,	0.07888412475585938
5351040625.0,	0.07398223876953125,	0.07885360717773438
5351055000.0,	0.076141357421875,	0.07685470581054688
5351069375.0,	0.07435226440429688,	0.07738876342773438
5351083750.0,	0.07500076293945312,	0.0797119140625
5351098125.0,	0.072967529296875,	0.07832717895507812
5351112500.0,	0.074920654296875,	0.08066940307617188
5351126875.0,	0.07390594482421875,	0.07925033569335938
5351141250.0,	0.07284927368164062,	0.07811737060546875
5351155625.0,	0.07562255859375,	0.08025360107421875
5351170000.0,	0.0748443603515625,	0.07831954956054688
5351184375.0,	0.0748748779296875,	0.07708740234375
5351198750.0,	0.07508087158203125,	0.07679367065429688
5351213125.0,	0.07465744018554688,	0.0785064697265625
5351227500.0,	0.0736083984375,	0.07814788818359375
5351241875.0,	0.07579421997070312,	0.07926177978515625
5351256250.0,	0.07342910766601562,	0.07886123657226562
5351270625.0,	0.07430267333984375,	0.07858657836914062
5351285000.0,	0.07578659057617188,	0.07930755615234375
5351299375.0,	0.0753173828125,	0.07638931274414062
5351313750.0,	0.07379150390625,	0.07814407348632812
5351328125.0,	0.07236480712890625,	0.07667922973632812
5351342500.0,	0.07535552978515625,	0.07829666137695312
5351356875.0,	0.0750885009765625,	0.07961654663085938
5351371250.0,	0.075347900390625,	0.07861709594726562
5351385625.0,	0.07480621337890625,	0.077728271484375
5351400000.0,	0.07389450073242188,	0.07530975341796875
5351414375.0,	0.07412338256835938,	0.076324462890625
5351428750.0,	0.07508468627929688,	0.076751708984375
5351443125.0,	0.07336044311523438,	0.07543563842773438
5351457500.0,	0.07564926147460938,	0.0761566162109375
5351471875.0,	0.07416152954101562,	0.07544326782226562
5351486250.0,	0.07271575927734375,	0.07791519165039062
5351500625.0,	0.07358551025390625,	0.07623291015625
5351515000.0,	0.07430648803710938,	0.07558059692382812
5351529375.0,	0.07396697998046875,	0.07822036743164062
5351543750.0,	0.07294845581054688,	0.0769195556640625
5351558125.0,	0.07384109497070312,	0.07492828369140625
5351572500.0,	0.073699951171875,	0.07606124877929688
5351586875.0,	0.07261276245117188,	0.07544326782226562
5351601250.0,	0.0750274658203125,	0.07549285888671875
5351615625.0,	0.07357406616210938,	0.07633209228515625
5351630000.0,	0.07368850708007812,	0.07452011108398438
5351644375.0,	0.0754241943359375,	0.07587432861328125
5351658750.0,	0.07498550415039062,	0.0771484375
5351673125.0,	0.07474136352539062,	0.07789993286132812
5351687500.0,	0.07358551025390625,	0.07598114013671875
5351701875.0,	0.07252120971679688,	0.07378768920898438
5351716250.0,	0.07401657104492188,	0.07548904418945312
5351730625.0,	0.07517242431640625,	0.0758514404296875
5351745000.0,	0.07435989379882812,	0.0748748779296875
5351759375.0,	0.07321548461914062,	0.07515716552734375
5351773750.0,	0.071868896484375,	0.07498550415039062
5351788125.0,	0.07368850708007812,	0.07382965087890625
5351802500.0,	0.07250213623046875,	0.07638168334960938
5351816875.0,	0.07263946533203125,	0.07373809814453125
5351831250.0,	0.07409286499023438,	0.07316970825195312
5351845625.0,	0.07416152954101562,	0.07275772094726562
5351860000.0,	0.07343673706054688,	0.07297897338867188
5351874375.0,	0.07534408569335938,	0.07260894775390625
5351888750.0,	0.07526016235351562,	0.0755615234375
5351903125.0,	0.07285690307617188,	0.07623672485351562
5351917500.0,	0.07403564453125,	0.07496261596679688
5351931875.0,	0.07337188720703125,	0.07274246215820312
5351946250.0,	0.0758819580078125,	0.07524490356445312
5351960625.0,	0.0742645263671875,	0.07620620727539062
5351975000.0,	0.0749359130859375,	0.07440948486328125
5351989375.0,	0.07322311401367188,	0.07603073120117188
5352003750.0,	0.07439041137695312,	0.07500839233398438
5352018125.0,	0.07392501831054688,	0.07518768310546875
5352032500.0,	0.072967529296875,	0.072723388671875
5352046875.0,	0.07178878784179688,	0.07410812377929688
5352061250.0,	0.07416915893554688,	0.07334518432617188
5352075625.0,	0.07476806640625,	0.076324462890625
5352090000.0,	0.07284927368164062,	0.07299423217773438
5352104375.0,	0.07567596435546875,	0.07158279418945312
5352118750.0,	0.07643890380859375,	0.07181549072265625
5352133125.0,	0.0742034912109375,	0.07169342041015625
5352147500.0,	0.075408935546875,	0.07398605346679688
5352161875.0,	0.07480239868164062,	0.07396697998046875
5352176250.0,	0.07316207885742188,	0.07552337646484375
5352190625.0,	0.07321929931640625,	0.07364654541015625
5352205000.0,	0.07351303100585938,	0.07469940185546875
5352219375.0,	0.075653076171875,	0.07424163818359375
5352233750.0,	0.07435226440429688,	0.07410049438476562
5352248125.0,	0.07399749755859375,	0.07187271118164062
5352262500.0,	0.07413864135742188,	0.07289886474609375
5352276875.0,	0.07523727416992188,	0.0735321044921875
5352291250.0,	0.07493972778320312,	0.07411956787109375
5352305625.0,	0.07693099975585938,	0.07406997680664062
5352320000.0,	0.07403945922851562,	0.07333755493164062
5352334375.0,	0.07248687744140625,	0.07257843017578125
5352348750.0,	0.07513046264648438,	0.07033157348632812
5352363125.0,	0.07466888427734375,	0.0739898681640625
5352377500.0,	0.07454299926757812,	0.07414627075195312
5352391875.0,	0.07312774658203125,	0.07252883911132812
5352406250.0,	0.07584381103515625,	0.07271957397460938
5352420625.0,	0.07235336303710938,	0.07126617431640625
5352435000.0,	0.075836181640625,	0.0718841552734375
5352449375.0,	0.0751800537109375,	0.072784423828125
5352463750.0,	0.0749664306640625,	0.072296142578125
5352478125.0,	0.07294845581054688,	0.07403182983398438
5352492500.0,	0.07321929931640625,	0.070892333984375
5352506875.0,	0.07455825805664062,	0.07091140747070312
5352521250.0,	0.07434844970703125,	0.0718536376953125
5352535625.0,	0.0737457275390625,	0.07182693481445312
5352550000.0,	0.07295608520507812,	0.07076644897460938
5352564375.0,	0.07606887817382812,	0.07031631469726562
5352578750.0,	0.07490158081054688,	0.07212066650390625
5352593125.0,	0.07228469848632812,	0.072296142578125
5352607500.0,	0.0765380859375,	0.07244110107421875
5352621875.0,	0.07361602783203125,	0.07278060913085938
5352636250.0,	0.07708740234375,	0.07177352905273438
5352650625.0,	0.07253265380859375,	0.0723876953125
5352665000.0,	0.07403564453125,	0.0714111328125
5352679375.0,	0.07398223876953125,	0.07170867919921875
5352693750.0,	0.07361602783203125,	0.072662353515625
5352708125.0,	0.07571792602539062,	0.07261276245117188
5352722500.0,	0.0744171142578125,	0.07038497924804688
5352736875.0,	0.07353591918945312,	0.06990814208984375
5352751250.0,	0.07561492919921875,	0.072418212890625
5352765625.0,	0.07263565063476562,	0.07117462158203125
5352780000.0,	0.07541275024414062,	0.0703277587890625
5352794375.0,	0.07474517822265625,	0.07279586791992188
5352808750.0,	0.07464981079101562,	0.07076644897460938
5352823125.0,	0.07508087158203125,	0.07048797607421875
5352837500.0,	0.07375335693359375,	0.07033920288085938
5352851875.0,	0.07166290283203125,	0.07109451293945312
5352866250.0,	0.07500076293945312,	0.07191085815429688
5352880625.0,	0.07291793823242188,	0.06993484497070312
5352895000.0,	0.07578659057617188,	0.07211685180664062
5352909375.0,	0.07407379150390625,	0.07017898559570312
5352923750.0,	0.07532501220703125,	0.06932449340820312
5352938125.0,	0.07534408569335938,	0.06949615478515625
5352952500.0,	0.0740966796875,	0.07254409790039062
5352966875.0,	0.07540512084960938,	0.07107162475585938
5352981250.0,	0.07484054565429688,	0.0723419189453125
5352995625.0,	0.07330322265625,	0.06946945190429688
5353010000.0,	0.07442474365234375,	0.07270431518554688
5353024375.0,	0.07441329956054688,	0.06853103637695312
5353038750.0,	0.07472991943359375,	0.07132720947265625
5353053125.0,	0.07280349731445312,	0.069732666015625
5353067500.0,	0.07406234741210938,	0.06866836547851562
5353081875.0,	0.07635879516601562,	0.07088470458984375
5353096250.0,	0.07510757446289062,	0.0701904296875
5353110625.0,	0.07394027709960938,	0.07064056396484375
5353125000.0,	0.07288742065429688,	0.07028579711914062
5353139375.0,	0.07466888427734375,	0.06878280639648438
5353153750.0,	0.07374191284179688,	0.07003402709960938
5353168125.0,	0.07184219360351562,	0.06903839111328125
5353182500.0,	0.0741729736328125,	0.06654739379882812
5353196875.0,	0.07416915893554688,	0.06969070434570312
5353211250.0,	0.07574462890625,	0.07032394409179688
5353225625.0,	0.07532882690429688,	0.06885528564453125
5353240000.0,	0.07410049438476562,	0.06927108764648438
5353254375.0,	0.07514190673828125,	0.070281982421875
5353268750.0,	0.07484817504882812,	0.07001113891601562
5353283125.0,	0.07503128051757812,	0.07118988037109375
5353297500.0,	0.0737457275390625,	0.07001876831054688
5353311875.0,	0.07524871826171875,	0.07028961181640625
5353326250.0,	0.0737152099609375,	0.0705718994140625
5353340625.0,	0.07470321655273438,	0.0712738037109375
5353355000.0,	0.07634735107421875,	0.06969451904296875
5353369375.0,	0.07406234741210938,	0.07020950317382812
5353383750.0,	0.0751953125,	0.069091796875
5353398125.0,	0.075164794921875,	0.06995773315429688
5353412500.0,	0.07209396362304688,	0.068084716796875
5353426875.0,	0.07524871826171875,	0.06939697265625
5353441250.0,	0.0729217529296875,	0.0660552978515625
5353455625.0,	0.073394775390625,	0.06888198852539062
5353470000.0,	0.073822021484375,	0.06938934326171875
5353484375.0,	0.07390975952148438,	0.071075439453125
5353498750.0,	0.07358169555664062,	0.0699462890625
5353513125.0,	0.07448196411132812,	0.06911468505859375
5353527500.0,	0.07335662841796875,	0.06729507446289062
5353541875.0,	0.07497024536132812,	0.06888961791992188
5353556250.0,	0.07354354858398438,	0.0694427490234375
5353570625.0,	0.07334518432617188,	0.06735992431640625
5353585000.0,	0.07330322265625,	0.06818008422851562
5353599375.0,	0.07382965087890625,	0.06893157958984375
5353613750.0,	0.07271957397460938,	0.06867599487304688
5353628125.0,	0.07236480712890625,	0.06627655029296875
5353642500.0,	0.07396316528320312,	0.06866455078125
5353656875.0,	0.07231903076171875,	0.06732559204101562
5353671250.0,	0.07595443725585938,	0.06756591796875
5353685625.0,	0.07291030883789062,	0.06927108764648438
5353700000.0,	0.0740966796875,	0.06691360473632812
5353714375.0,	0.07441329956054688,	0.06776046752929688
5353728750.0,	0.07271575927734375,	0.06698226928710938
5353743125.0,	0.07316207885742188,	0.06807708740234375
5353757500.0,	0.07488632202148438,	0.0683441162109375
5353771875.0,	0.07399749755859375,	0.06824874877929688
5353786250.0,	0.07342529296875,	0.06974029541015625
5353800625.0,	0.07280349731445312,	0.06883621215820312
5353815000.0,	0.07625198364257812,	0.0676727294921875
5353829375.0,	0.0745086669921875,	0.06768417358398438
5353843750.0,	0.07355117797851562,	0.06725311279296875
5353858125.0,	0.07470321655273438,	0.06836318969726562
5353872500.0,	0.07587814331054688,	0.06760025024414062
5353886875.0,	0.075653076171875,	0.06647491455078125
5353901250.0,	0.07408523559570312,	0.06691741943359375
5353915625.0,	0.07483291625976562,	0.06652069091796875
5353930000.0,	0.07370758056640625,	0.069061279296875
5353944375.0,	0.07115554809570312,	0.06693649291992188
5353958750.0,	0.073822021484375,	0.06909942626953125
5353973125.0,	0.0730438232421875,	0.06862258911132812
5353987500.0,	0.07432937622070312,	0.06636810302734375
5354001875.0,	0.07503509521484375,	0.06787490844726562
5354016250.0,	0.07300949096679688,	0.06766128540039062
5354030625.0,	0.0719451904296875,	0.064544677734375
5354045000.0,	0.072296142578125,	0.06747055053710938
5354059375.0,	0.07214736938476562,	0.06736373901367188
5354073750.0,	0.07371139526367188,	0.06702423095703125
5354088125.0,	0.07142257690429688,	0.06695556640625
5354102500.0,	0.07426834106445312,	0.066497802734375
5354116875.0,	0.07547378540039062,	0.06644058227539062
5354131250.0,	0.07317733764648438,	0.0678558349609375
5354145625.0,	0.072601318359375,	0.06465911865234375
5354160000.0,	0.0754547119140625,	0.06719970703125
5354174375.0,	0.07471466064453125,	0.06842803955078125
5354188750.0,	0.07270050048828125,	0.06679534912109375
5354203125.0,	0.07503890991210938,	0.06611251831054688
5354217500.0,	0.07459259033203125,	0.06610107421875
5354231875.0,	0.07276153564453125,	0.06666183471679688
5354246250.0,	0.07334136962890625,	0.06764984130859375
5354260625.0,	0.07633590698242188,	0.06538772583007812
5354275000.0,	0.07408905029296875,	0.06670761108398438
5354289375.0,	0.07503890991210938,	0.06766891479492188
5354303750.0,	0.07297897338867188,	0.06742095947265625
5354318125.0,	0.07326889038085938,	0.06685256958007812
5354332500.0,	0.07313156127929688,	0.06457901000976562
5354346875.0,	0.07356643676757812,	0.06545257568359375
5354361250.0,	0.07316970825195312,	0.06751632690429688
5354375625.0,	0.073638916015625,	0.0661773681640625
5354390000.0,	0.0740203857421875,	0.06674575805664062
5354404375.0,	0.07230377197265625,	0.06696701049804688
5354418750.0,	0.07190322875976562,	0.06579971313476562
5354433125.0,	0.0718841552734375,	0.06660079956054688
5354447500.0,	0.07260513305664062,	0.06696701049804688
5354461875.0,	0.0727081298828125,	0.06570816040039062
5354476250.0,	0.07695388793945312,	0.0658111572265625
5354490625.0,	0.07276535034179688,	0.06397247314453125
5354505000.0,	0.07341766357421875,	0.06574630737304688
5354519375.0,	0.07319259643554688,	0.06682968139648438
5354533750.0,	0.0733489990234375,	0.0667877197265625
5354548125.0,	0.074066162109375,	0.06592559814453125
5354562500.0,	0.07068252563476562,	0.06608200073242188
5354576875.0,	0.073638916015625,	0.06578445434570312
5354591250.0,	0.07288360595703125,	0.06403732299804688
5354605625.0,	0.072723388671875,	0.06569290161132812
5354620000.0,	0.07222366333007812,	0.06648635864257812
5354634375.0,	0.074798583984375,	0.06583786010742188
5354648750.0,	0.071136474609375,	0.06583404541015625
5354663125.0,	0.07262039184570312,	0.06475448608398438
5354677500.0,	0.07096481323242188,	0.0654754638671875
5354691875.0,	0.07271957397460938,	0.06456375122070312
5354706250.0,	0.07361984252929688,	0.06618499755859375
5354720625.0,	0.07266998291015625,	0.06728744506835938
5354735000.0,	0.0733184814453125,	0.06756973266601562
5354749375.0,	0.07136154174804688,	0.0666351318359375
5354763750.0,	0.0732269287109375,	0.06648635864257812
5354778125.0,	0.07280349731445312,	0.066253662109375
5354792500.0,	0.07227325439453125,	0.06499862670898438
5354806875.0,	0.07225418090820312,	0.06276321411132812
5354821250.0,	0.07640457153320312,	0.06287765502929688
5354835625.0,	0.07195281982421875,	0.06498336791992188
5354850000.0,	0.07109451293945312,	0.06746673583984375
5354864375.0,	0.07343673706054688,	0.06427383422851562
5354878750.0,	0.07266616821289062,	0.06623458862304688
5354893125.0,	0.07320404052734375,	0.06339263916015625
5354907500.0,	0.07567214965820312,	0.06409072875976562
5354921875.0,	0.07234954833984375,	0.06548690795898438
5354936250.0,	0.07255935668945312,	0.0667877197265625
5354950625.0,	0.07425308227539062,	0.06576156616210938
5354965000.0,	0.07281112670898438,	0.06483078002929688
5354979375.0,	0.07384872436523438,	0.06393051147460938
5354993750.0,	0.07375335693359375,	0.06365585327148438
5355008125.0,	0.07073593139648438,	0.06341934204101562
5355022500.0,	0.07313919067382812,	0.06444549560546875
5355036875.0,	0.07256698608398438,	0.06457901000976562
5355051250.0,	0.07422256469726562,	0.06493759155273438
5355065625.0,	0.073944091796875,	0.06389617919921875
5355080000.0,	0.07281494140625,	0.06409072875976562
5355094375.0,	0.07274246215820312,	0.06539154052734375
5355108750.0,	0.07429122924804688,	0.06596755981445312
5355123125.0,	0.07036590576171875,	0.06325149536132812
5355137500.0,	0.07277679443359375,	0.0649261474609375
5355151875.0,	0.0734100341796875,	0.06327438354492188
5355166250.0,	0.0734405517578125,	0.0631256103515625
5355180625.0,	0.07341766357421875,	0.06407546997070312
5355195000.0,	0.0706024169921875,	0.06552886962890625
5355209375.0,	0.07175445556640625,	0.06496429443359375
5355223750.0,	0.07171249389648438,	0.06435775756835938
5355238125.0,	0.07371902465820312,	0.06412124633789062
5355252500.0,	0.07320022583007812,	0.06586837768554688
5355266875.0,	0.07339859008789062,	0.0629425048828125
5355281250.0,	0.07418060302734375,	0.06249237060546875
5355295625.0,	0.07109451293945312,	0.06432723999023438
5355310000.0,	0.07256698608398438,	0.06346511840820312
5355324375.0,	0.07164382934570312,	0.0637664794921875
5355338750.0,	0.07462310791015625,	0.0642547607421875
5355353125.0,	0.07337570190429688,	0.06283187866210938
5355367500.0,	0.07213592529296875,	0.06212615966796875
5355381875.0,	0.0739593505859375,	0.06498336791992188
5355396250.0,	0.07298660278320312,	0.06377410888671875
5355410625.0,	0.07257461547851562,	0.06315231323242188
5355425000.0,	0.07278823852539062,	0.06276321411132812
5355439375.0,	0.0724639892578125,	0.06385040283203125
5355453750.0,	0.07430267333984375,	0.06223297119140625
5355468125.0,	0.06975173950195312,	0.06381607055664062
5355482500.0,	0.07230377197265625,	0.0654296875
5355496875.0,	0.0728759765625,	0.06477737426757812
5355511250.0,	0.07350540161132812,	0.06317138671875
5355525625.0,	0.07086944580078125,	0.061702728271484375
5355540000.0,	0.07291412353515625,	0.06491470336914062
5355554375.0,	0.0726776123046875,	0.065277099609375
5355568750.0,	0.072662353515625,	0.06386947631835938
5355583125.0,	0.07227325439453125,	0.06421661376953125
5355597500.0,	0.07156753540039062,	0.06314849853515625
5355611875.0,	0.07233047485351562,	0.06344223022460938
5355626250.0,	0.07275009155273438,	0.06411361694335938
5355640625.0,	0.07294845581054688,	0.06322479248046875
5355655000.0,	0.07329559326171875,	0.062366485595703125
5355669375.0,	0.07332611083984375,	0.06511688232421875
5355683750.0,	0.07117080688476562,	0.0627593994140625
5355698125.0,	0.07332611083984375,	0.06140899658203125
5355712500.0,	0.0721588134765625,	0.062442779541015625
5355726875.0,	0.07165145874023438,	0.06252670288085938
5355741250.0,	0.07313919067382812,	0.063018798828125
5355755625.0,	0.07471847534179688,	0.06435775756835938
5355770000.0,	0.07241058349609375,	0.06354141235351562
5355784375.0,	0.07312393188476562,	0.06344223022460938
5355798750.0,	0.0712127685546875,	0.06397628784179688
5355813125.0,	0.072540283203125,	0.06319427490234375
5355827500.0,	0.07437515258789062,	0.062896728515625
5355841875.0,	0.07360076904296875,	0.061649322509765625
5355856250.0,	0.07252120971679688,	0.063140869140625
5355870625.0,	0.07371902465820312,	0.06372833251953125
5355885000.0,	0.07168960571289062,	0.062152862548828125
5355899375.0,	0.07157516479492188,	0.06484603881835938
5355913750.0,	0.07289886474609375,	0.06320571899414062
5355928125.0,	0.07162094116210938,	0.06335830688476562
5355942500.0,	0.07134628295898438,	0.06361770629882812
5355956875.0,	0.07146835327148438,	0.06310272216796875
5355971250.0,	0.07042312622070312,	0.06185150146484375
5355985625.0,	0.072509765625,	0.06415939331054688
5356000000.0,	0.07253265380859375,	0.06294631958007812
