5633008125.0,	0.10205459594726562,	0.10370635986328125
5633016250.0,	0.1044158935546875,	0.10409927368164062
5633024375.0,	0.10314178466796875,	0.10422134399414062
5633032500.0,	0.103759765625,	0.10589981079101562
5633040625.0,	0.10326004028320312,	0.10261154174804688
5633048750.0,	0.10413742065429688,	0.10483551025390625
5633056875.0,	0.10205078125,	0.10376358032226562
5633065000.0,	0.10359573364257812,	0.10367584228515625
5633073125.0,	0.10394668579101562,	0.10471343994140625
5633081250.0,	0.10515975952148438,	0.10230255126953125
5633089375.0,	0.102935791015625,	0.10348129272460938
5633097500.0,	0.10438156127929688,	0.10398483276367188
5633105625.0,	0.10116958618164062,	0.10527801513671875
5633113750.0,	0.10467147827148438,	0.10343551635742188
5633121875.0,	0.10390472412109375,	0.10575485229492188
5633130000.0,	0.1035919189453125,	0.1040802001953125
5633138125.0,	0.1025848388671875,	0.10265350341796875
5633146250.0,	0.10549163818359375,	0.10379409790039062
5633154375.0,	0.10335922241210938,	0.10489654541015625
5633162500.0,	0.10369110107421875,	0.10208892822265625
5633170625.0,	0.10452651977539062,	0.10354995727539062
5633178750.0,	0.10355377197265625,	0.10357284545898438
5633186875.0,	0.10509872436523438,	0.10354995727539062
5633195000.0,	0.1045074462890625,	0.10437393188476562
5633203125.0,	0.10594940185546875,	0.1042633056640625
5633211250.0,	0.10489654541015625,	0.10330581665039062
5633219375.0,	0.10307693481445312,	0.103240966796875
5633227500.0,	0.10344696044921875,	0.10457992553710938
5633235625.0,	0.10357666015625,	0.10393524169921875
5633243750.0,	0.1037139892578125,	0.10349655151367188
5633251875.0,	0.10341262817382812,	0.10419082641601562
5633260000.0,	0.10393142700195312,	0.10373687744140625
5633268125.0,	0.10357284545898438,	0.10544967651367188
5633276250.0,	0.106719970703125,	0.10206222534179688
5633284375.0,	0.10268020629882812,	0.10271453857421875
5633292500.0,	0.10509109497070312,	0.104461669921875
5633300625.0,	0.10453033447265625,	0.10396194458007812
5633308750.0,	0.10567092895507812,	0.10300827026367188
5633316875.0,	0.10493850708007812,	0.10415267944335938
5633325000.0,	0.10263824462890625,	0.10408782958984375
5633333125.0,	0.1033172607421875,	0.10527801513671875
5633341250.0,	0.10623931884765625,	0.10579681396484375
5633349375.0,	0.10366439819335938,	0.10390090942382812
5633357500.0,	0.1047515869140625,	0.10369110107421875
5633365625.0,	0.10395050048828125,	0.1025848388671875
5633373750.0,	0.10665512084960938,	0.10367965698242188
5633381875.0,	0.10554122924804688,	0.10449600219726562
5633390000.0,	0.10622024536132812,	0.10360336303710938
5633398125.0,	0.10512161254882812,	0.10344696044921875
5633406250.0,	0.10394668579101562,	0.10550308227539062
5633414375.0,	0.10607528686523438,	0.10109329223632812
5633422500.0,	0.10723495483398438,	0.10355758666992188
5633430625.0,	0.10557174682617188,	0.10203170776367188
5633438750.0,	0.1051483154296875,	0.10612869262695312
5633446875.0,	0.1047515869140625,	0.1025543212890625
5633455000.0,	0.10616683959960938,	0.10063934326171875
5633463125.0,	0.10767364501953125,	0.10128402709960938
5633471250.0,	0.10511398315429688,	0.10450363159179688
5633479375.0,	0.104034423828125,	0.10138702392578125
5633487500.0,	0.10640335083007812,	0.10419082641601562
5633495625.0,	0.10654067993164062,	0.10364532470703125
5633503750.0,	0.10400009155273438,	0.10460281372070312
5633511875.0,	0.10650253295898438,	0.10304641723632812
5633520000.0,	0.10688018798828125,	0.10326766967773438
5633528125.0,	0.10512542724609375,	0.10477447509765625
5633536250.0,	0.10619735717773438,	0.10494232177734375
5633544375.0,	0.10788345336914062,	0.10367202758789062
5633552500.0,	0.10668563842773438,	0.10386276245117188
5633560625.0,	0.10506820678710938,	0.1038665771484375
5633568750.0,	0.10675811767578125,	0.10326766967773438
5633576875.0,	0.10522079467773438,	0.10403060913085938
5633585000.0,	0.10392379760742188,	0.1053466796875
5633593125.0,	0.10584259033203125,	0.10321807861328125
5633601250.0,	0.10687637329101562,	0.10250091552734375
5633609375.0,	0.106170654296875,	0.10334014892578125
5633617500.0,	0.10690689086914062,	0.103668212890625
5633625625.0,	0.10718154907226562,	0.10498809814453125
5633633750.0,	0.10559463500976562,	0.10364532470703125
5633641875.0,	0.10520172119140625,	0.10162353515625
5633650000.0,	0.10555267333984375,	0.10268402099609375
5633658125.0,	0.10839462280273438,	0.1018524169921875
5633666250.0,	0.10850143432617188,	0.10399627685546875
5633674375.0,	0.1080474853515625,	0.10340118408203125
5633682500.0,	0.10593795776367188,	0.100830078125
5633690625.0,	0.107391357421875,	0.10356521606445312
5633698750.0,	0.10802459716796875,	0.10369873046875
5633706875.0,	0.10734176635742188,	0.10243988037109375
5633715000.0,	0.10885238647460938,	0.10324859619140625
5633723125.0,	0.10761260986328125,	0.10309600830078125
5633731250.0,	0.10890579223632812,	0.10341262817382812
5633739375.0,	0.10778427124023438,	0.10224151611328125
5633747500.0,	0.10820770263671875,	0.10483169555664062
5633755625.0,	0.10930633544921875,	0.10460662841796875
5633763750.0,	0.10682296752929688,	0.10303878784179688
5633771875.0,	0.10736846923828125,	0.10518646240234375
5633780000.0,	0.10628128051757812,	0.10199356079101562
5633788125.0,	0.10773086547851562,	0.10240936279296875
5633796250.0,	0.108062744140625,	0.10271835327148438
5633804375.0,	0.10616683959960938,	0.10388946533203125
5633812500.0,	0.10861968994140625,	0.10313796997070312
5633820625.0,	0.107879638671875,	0.10282135009765625
5633828750.0,	0.10815048217773438,	0.1036529541015625
5633836875.0,	0.109375,	0.10362625122070312
5633845000.0,	0.108978271484375,	0.10029220581054688
5633853125.0,	0.1064605712890625,	0.1025848388671875
5633861250.0,	0.10634231567382812,	0.1029815673828125
5633869375.0,	0.10773849487304688,	0.10313796997070312
5633877500.0,	0.10840988159179688,	0.10480880737304688
5633885625.0,	0.107147216796875,	0.10324478149414062
5633893750.0,	0.10866546630859375,	0.103363037109375
5633901875.0,	0.10760116577148438,	0.1025848388671875
5633910000.0,	0.108367919921875,	0.10360336303710938
5633918125.0,	0.10826492309570312,	0.10251998901367188
5633926250.0,	0.10814666748046875,	0.10174560546875
5633934375.0,	0.109771728515625,	0.10227584838867188
5633942500.0,	0.10854339599609375,	0.10392379760742188
5633950625.0,	0.10794830322265625,	0.10351943969726562
5633958750.0,	0.1090087890625,	0.1024932861328125
5633966875.0,	0.1109466552734375,	0.1015472412109375
5633975000.0,	0.109100341796875,	0.10142898559570312
5633983125.0,	0.10787200927734375,	0.10071182250976562
5633991250.0,	0.1108245849609375,	0.10546112060546875
5633999375.0,	0.10950469970703125,	0.10275650024414062
5634007500.0,	0.10881805419921875,	0.10256195068359375
5634015625.0,	0.10880661010742188,	0.1031036376953125
5634023750.0,	0.10960006713867188,	0.10397720336914062
5634031875.0,	0.10935211181640625,	0.10407638549804688
5634040000.0,	0.109161376953125,	0.1001739501953125
5634048125.0,	0.11050033569335938,	0.10211944580078125
5634056250.0,	0.11142349243164062,	0.10213470458984375
5634064375.0,	0.1100616455078125,	0.10226821899414062
5634072500.0,	0.11182022094726562,	0.10103225708007812
5634080625.0,	0.10974502563476562,	0.10161209106445312
5634088750.0,	0.10878753662109375,	0.10303497314453125
5634096875.0,	0.10868072509765625,	0.10402679443359375
5634105000.0,	0.1110992431640625,	0.10286712646484375
5634113125.0,	0.110687255859375,	0.10265350341796875
5634121250.0,	0.11094284057617188,	0.10400772094726562
5634129375.0,	0.1119537353515625,	0.10360336303710938
5634137500.0,	0.11328125,	0.09998321533203125
5634145625.0,	0.11019515991210938,	0.1049652099609375
5634153750.0,	0.10982131958007812,	0.10201263427734375
5634161875.0,	0.11165237426757812,	0.10247421264648438
5634170000.0,	0.109100341796875,	0.10459136962890625
5634178125.0,	0.10922622680664062,	0.10339736938476562
5634186250.0,	0.1116790771484375,	0.10073089599609375
5634194375.0,	0.11084747314453125,	0.10152053833007812
5634202500.0,	0.11115264892578125,	0.10286331176757812
5634210625.0,	0.11195755004882812,	0.10257339477539062
5634218750.0,	0.10961151123046875,	0.10113525390625
5634226875.0,	0.11033248901367188,	0.10391998291015625
5634235000.0,	0.11086654663085938,	0.10028839111328125
5634243125.0,	0.11020278930664062,	0.10017013549804688
5634251250.0,	0.10686111450195312,	0.10367965698242188
5634259375.0,	0.11084747314453125,	0.10241317749023438
5634267500.0,	0.11116409301757812,	0.101043701171875
5634275625.0,	0.11237335205078125,	0.1009979248046875
5634283750.0,	0.11335372924804688,	0.10350799560546875
5634291875.0,	0.11254501342773438,	0.09941482543945312
5634300000.0,	0.11402511596679688,	0.10387039184570312
5634308125.0,	0.112762451171875,	0.10150527954101562
5634316250.0,	0.11107635498046875,	0.1006927490234375
5634324375.0,	0.11220932006835938,	0.10141754150390625
5634332500.0,	0.11161041259765625,	0.10240936279296875
5634340625.0,	0.11138534545898438,	0.0998992919921875
5634348750.0,	0.11179733276367188,	0.1027069091796875
5634356875.0,	0.11145782470703125,	0.10285568237304688
5634365000.0,	0.11110305786132812,	0.10302734375
5634373125.0,	0.1118011474609375,	0.09914779663085938
5634381250.0,	0.1084136962890625,	0.10308837890625
5634389375.0,	0.11255264282226562,	0.10139846801757812
5634397500.0,	0.11177825927734375,	0.10233688354492188
5634405625.0,	0.11476898193359375,	0.10295486450195312
5634413750.0,	0.111114501953125,	0.10135650634765625
5634421875.0,	0.11174392700195312,	0.10157012939453125
5634430000.0,	0.11244964599609375,	0.09995269775390625
5634438125.0,	0.11462020874023438,	0.10127639770507812
5634446250.0,	0.1131744384765625,	0.10375213623046875
5634454375.0,	0.11345672607421875,	0.09840774536132812
5634462500.0,	0.11275863647460938,	0.10129928588867188
5634470625.0,	0.11242294311523438,	0.10143661499023438
5634478750.0,	0.1118316650390625,	0.09955978393554688
5634486875.0,	0.11201858520507812,	0.1004180908203125
5634495000.0,	0.11343765258789062,	0.10189437866210938
5634503125.0,	0.11365890502929688,	0.10005569458007812
5634511250.0,	0.11194992065429688,	0.101226806640625
5634519375.0,	0.11178970336914062,	0.10235977172851562
5634527500.0,	0.11209487915039062,	0.101318359375
5634535625.0,	0.11526870727539062,	0.101409912109375
5634543750.0,	0.11353683471679688,	0.10137176513671875
5634551875.0,	0.11275863647460938,	0.10054779052734375
5634560000.0,	0.113494873046875,	0.1027984619140625
5634568125.0,	0.112152099609375,	0.09995651245117188
5634576250.0,	0.1167144775390625,	0.10097122192382812
5634584375.0,	0.11296463012695312,	0.10042572021484375
5634592500.0,	0.11409378051757812,	0.10076141357421875
5634600625.0,	0.11344528198242188,	0.102264404296875
5634608750.0,	0.11411285400390625,	0.10185623168945312
5634616875.0,	0.1145477294921875,	0.10024642944335938
5634625000.0,	0.1158294677734375,	0.10256576538085938
5634633125.0,	0.1152496337890625,	0.10107803344726562
5634641250.0,	0.11525726318359375,	0.102264404296875
5634649375.0,	0.11462783813476562,	0.10236740112304688
5634657500.0,	0.11461257934570312,	0.10094451904296875
5634665625.0,	0.11666107177734375,	0.09862136840820312
5634673750.0,	0.11602020263671875,	0.1017608642578125
5634681875.0,	0.11597061157226562,	0.10113525390625
5634690000.0,	0.11392974853515625,	0.10024261474609375
5634698125.0,	0.11484527587890625,	0.09914016723632812
5634706250.0,	0.11429977416992188,	0.1020660400390625
5634714375.0,	0.11513137817382812,	0.10051345825195312
5634722500.0,	0.11523818969726562,	0.10074615478515625
5634730625.0,	0.1161651611328125,	0.10012054443359375
5634738750.0,	0.11473464965820312,	0.09983444213867188
5634746875.0,	0.11507034301757812,	0.09895706176757812
5634755000.0,	0.11523818969726562,	0.100982666015625
5634763125.0,	0.11490631103515625,	0.1014404296875
5634771250.0,	0.11504364013671875,	0.09961318969726562
5634779375.0,	0.1140594482421875,	0.10247802734375
5634787500.0,	0.11501312255859375,	0.10142135620117188
5634795625.0,	0.11591720581054688,	0.10063552856445312
5634803750.0,	0.1165771484375,	0.0976409912109375
5634811875.0,	0.11660385131835938,	0.09967803955078125
5634820000.0,	0.11665725708007812,	0.10049819946289062
5634828125.0,	0.11592483520507812,	0.09894943237304688
5634836250.0,	0.11553955078125,	0.10060501098632812
5634844375.0,	0.11613845825195312,	0.10129165649414062
5634852500.0,	0.11717987060546875,	0.10030746459960938
5634860625.0,	0.11490631103515625,	0.10063552856445312
5634868750.0,	0.1174163818359375,	0.099822998046875
5634876875.0,	0.11576461791992188,	0.0993499755859375
5634885000.0,	0.11731719970703125,	0.10074234008789062
5634893125.0,	0.11642074584960938,	0.09910964965820312
5634901250.0,	0.11586380004882812,	0.098846435546875
5634909375.0,	0.11776351928710938,	0.09831619262695312
5634917500.0,	0.11747360229492188,	0.10082626342773438
5634925625.0,	0.1160430908203125,	0.099945068359375
5634933750.0,	0.11772918701171875,	0.10096359252929688
5634941875.0,	0.11759567260742188,	0.10045242309570312
5634950000.0,	0.11730575561523438,	0.09934234619140625
5634958125.0,	0.1188507080078125,	0.09844207763671875
5634966250.0,	0.11780166625976562,	0.101715087890625
5634974375.0,	0.11756134033203125,	0.10013961791992188
5634982500.0,	0.11699295043945312,	0.09839248657226562
5634990625.0,	0.11725616455078125,	0.10060501098632812
5634998750.0,	0.11930465698242188,	0.09906387329101562
5635006875.0,	0.1188201904296875,	0.09795761108398438
5635015000.0,	0.11839675903320312,	0.10160064697265625
5635023125.0,	0.1160125732421875,	0.09858322143554688
5635031250.0,	0.11730575561523438,	0.09962081909179688
5635039375.0,	0.11951446533203125,	0.099761962890625
5635047500.0,	0.1197509765625,	0.09976577758789062
5635055625.0,	0.11878204345703125,	0.0984954833984375
5635063750.0,	0.116363525390625,	0.09984588623046875
5635071875.0,	0.11969757080078125,	0.09881973266601562
5635080000.0,	0.11794281005859375,	0.09848403930664062
5635088125.0,	0.118072509765625,	0.098175048828125
5635096250.0,	0.11772537231445312,	0.09788131713867188
5635104375.0,	0.1196136474609375,	0.09920120239257812
5635112500.0,	0.11820220947265625,	0.10068511962890625
5635120625.0,	0.11924362182617188,	0.0999298095703125
5635128750.0,	0.11667251586914062,	0.10041046142578125
5635136875.0,	0.1175689697265625,	0.09881591796875
5635145000.0,	0.11570358276367188,	0.09947967529296875
5635153125.0,	0.11803817749023438,	0.09858322143554688
5635161250.0,	0.1208343505859375,	0.09873580932617188
5635169375.0,	0.12030029296875,	0.09872817993164062
5635177500.0,	0.1201629638671875,	0.09833526611328125
5635185625.0,	0.1207275390625,	0.10002517700195312
5635193750.0,	0.11775588989257812,	0.09972763061523438
5635201875.0,	0.12061309814453125,	0.09836196899414062
5635210000.0,	0.12014007568359375,	0.09978866577148438
5635218125.0,	0.12091445922851562,	0.09712600708007812
5635226250.0,	0.12065887451171875,	0.09827423095703125
5635234375.0,	0.12186431884765625,	0.09689712524414062
5635242500.0,	0.11944580078125,	0.09786224365234375
5635250625.0,	0.12287139892578125,	0.09857177734375
5635258750.0,	0.1200103759765625,	0.09954071044921875
5635266875.0,	0.12174606323242188,	0.09846878051757812
5635275000.0,	0.11935806274414062,	0.09929275512695312
5635283125.0,	0.12053298950195312,	0.09764862060546875
5635291250.0,	0.12061309814453125,	0.09976577758789062
5635299375.0,	0.1210174560546875,	0.10051345825195312
5635307500.0,	0.12139129638671875,	0.0986785888671875
5635315625.0,	0.12201309204101562,	0.0977020263671875
5635323750.0,	0.12317276000976562,	0.09786224365234375
5635331875.0,	0.12214279174804688,	0.09627151489257812
5635340000.0,	0.1239166259765625,	0.09969329833984375
5635348125.0,	0.12144851684570312,	0.09815597534179688
5635356250.0,	0.12231063842773438,	0.09552764892578125
5635364375.0,	0.12368011474609375,	0.09795379638671875
5635372500.0,	0.12180328369140625,	0.0975799560546875
5635380625.0,	0.12342453002929688,	0.09933853149414062
5635388750.0,	0.12350845336914062,	0.09841537475585938
5635396875.0,	0.1209259033203125,	0.09693527221679688
5635405000.0,	0.12169647216796875,	0.09574127197265625
5635413125.0,	0.1214141845703125,	0.09835052490234375
5635421250.0,	0.1213226318359375,	0.09846878051757812
5635429375.0,	0.12291336059570312,	0.09965896606445312
5635437500.0,	0.12253189086914062,	0.09830856323242188
5635445625.0,	0.12335968017578125,	0.09817886352539062
5635453750.0,	0.12445831298828125,	0.09743881225585938
5635461875.0,	0.12374114990234375,	0.09661483764648438
5635470000.0,	0.12213897705078125,	0.095855712890625
5635478125.0,	0.12306594848632812,	0.09962081909179688
5635486250.0,	0.1230316162109375,	0.095306396484375
5635494375.0,	0.12445449829101562,	0.09949874877929688
5635502500.0,	0.12406539916992188,	0.09766387939453125
5635510625.0,	0.12310791015625,	0.09820175170898438
5635518750.0,	0.12241363525390625,	0.09563446044921875
5635526875.0,	0.12317657470703125,	0.09582138061523438
5635535000.0,	0.12309646606445312,	0.09714126586914062
5635543125.0,	0.12457656860351562,	0.095947265625
5635551250.0,	0.1239776611328125,	0.09661102294921875
5635559375.0,	0.1256103515625,	0.09735107421875
5635567500.0,	0.12566375732421875,	0.09528350830078125
5635575625.0,	0.12530517578125,	0.09554290771484375
5635583750.0,	0.127410888671875,	0.095428466796875
5635591875.0,	0.12461090087890625,	0.0963287353515625
5635600000.0,	0.12444686889648438,	0.09746551513671875
5635608125.0,	0.12411880493164062,	0.0973358154296875
5635616250.0,	0.1248016357421875,	0.096710205078125
5635624375.0,	0.12191009521484375,	0.096343994140625
5635632500.0,	0.1253509521484375,	0.0988006591796875
5635640625.0,	0.1263580322265625,	0.0969085693359375
5635648750.0,	0.1271514892578125,	0.09636688232421875
5635656875.0,	0.1249542236328125,	0.09503936767578125
5635665000.0,	0.12411117553710938,	0.09421920776367188
5635673125.0,	0.12638092041015625,	0.09600830078125
5635681250.0,	0.12189865112304688,	0.09394073486328125
5635689375.0,	0.125579833984375,	0.0957489013671875
5635697500.0,	0.1257476806640625,	0.0946807861328125
5635705625.0,	0.1278228759765625,	0.09694671630859375
5635713750.0,	0.1284027099609375,	0.09490966796875
5635721875.0,	0.1251373291015625,	0.09490966796875
5635730000.0,	0.1268157958984375,	0.09436798095703125
5635738125.0,	0.12720489501953125,	0.09558868408203125
5635746250.0,	0.12596893310546875,	0.09417724609375
5635754375.0,	0.12737274169921875,	0.09198760986328125
5635762500.0,	0.12715911865234375,	0.09590911865234375
5635770625.0,	0.12923431396484375,	0.09513092041015625
5635778750.0,	0.127532958984375,	0.09423065185546875
5635786875.0,	0.12775421142578125,	0.09545135498046875
5635795000.0,	0.1278228759765625,	0.0968780517578125
5635803125.0,	0.126739501953125,	0.09560394287109375
5635811250.0,	0.12908935546875,	0.0937652587890625
5635819375.0,	0.12779998779296875,	0.09566497802734375
5635827500.0,	0.12633514404296875,	0.0966644287109375
5635835625.0,	0.12872314453125,	0.09615325927734375
5635843750.0,	0.12767791748046875,	0.095306396484375
5635851875.0,	0.12886810302734375,	0.0955963134765625
5635860000.0,	0.13185882568359375,	0.0933990478515625
5635868125.0,	0.12912750244140625,	0.09279632568359375
5635876250.0,	0.12798309326171875,	0.09395599365234375
5635884375.0,	0.1266021728515625,	0.09471893310546875
5635892500.0,	0.1296539306640625,	0.0941162109375
5635900625.0,	0.13034820556640625,	0.09629058837890625
5635908750.0,	0.12921142578125,	0.0947723388671875
5635916875.0,	0.129119873046875,	0.0932769775390625
5635925000.0,	0.1280059814453125,	0.0929412841796875
5635933125.0,	0.1289520263671875,	0.0931854248046875
5635941250.0,	0.127960205078125,	0.09278106689453125
5635949375.0,	0.13129425048828125,	0.09357452392578125
5635957500.0,	0.12970733642578125,	0.09348297119140625
5635965625.0,	0.13080596923828125,	0.09450531005859375
5635973750.0,	0.13045501708984375,	0.09326171875
5635981875.0,	0.13077545166015625,	0.09372711181640625
5635990000.0,	0.13127899169921875,	0.09603118896484375
5635998125.0,	0.12960052490234375,	0.09238433837890625
5636006250.0,	0.130401611328125,	0.0938262939453125
5636014375.0,	0.1314849853515625,	0.0925140380859375
5636022500.0,	0.130615234375,	0.09264373779296875
5636030625.0,	0.12999725341796875,	0.0924835205078125
5636038750.0,	0.133392333984375,	0.09123992919921875
5636046875.0,	0.13059234619140625,	0.093719482421875
5636055000.0,	0.131195068359375,	0.093017578125
5636063125.0,	0.13022613525390625,	0.09236907958984375
5636071250.0,	0.1312103271484375,	0.0924224853515625
5636079375.0,	0.13271331787109375,	0.09249114990234375
5636087500.0,	0.13333892822265625,	0.09139251708984375
5636095625.0,	0.13143157958984375,	0.09056854248046875
5636103750.0,	0.132843017578125,	0.0918731689453125
5636111875.0,	0.1333770751953125,	0.0923614501953125
5636120000.0,	0.13208770751953125,	0.092681884765625
5636128125.0,	0.1345977783203125,	0.09215545654296875
5636136250.0,	0.1337890625,	0.0907135009765625
5636144375.0,	0.13181304931640625,	0.0903778076171875
5636152500.0,	0.13277435302734375,	0.0904388427734375
5636160625.0,	0.1328125,	0.0909271240234375
5636168750.0,	0.1354827880859375,	0.08942413330078125
5636176875.0,	0.13422393798828125,	0.08984375
5636185000.0,	0.13306427001953125,	0.08843994140625
5636193125.0,	0.13423919677734375,	0.08997344970703125
5636201250.0,	0.1318206787109375,	0.091278076171875
5636209375.0,	0.13372802734375,	0.08930206298828125
5636217500.0,	0.13501739501953125,	0.09043121337890625
5636225625.0,	0.13539886474609375,	0.0908660888671875
5636233750.0,	0.13641357421875,	0.09131622314453125
5636241875.0,	0.134857177734375,	0.08934783935546875
5636250000.0,	0.1359405517578125,	0.09014892578125
5636258125.0,	0.1345977783203125,	0.090087890625
5636266250.0,	0.13617706298828125,	0.08895111083984375
5636274375.0,	0.13550567626953125,	0.0890350341796875
5636282500.0,	0.13643646240234375,	0.09012603759765625
5636290625.0,	0.13521575927734375,	0.09027862548828125
5636298750.0,	0.13733673095703125,	0.0915069580078125
5636306875.0,	0.13486480712890625,	0.0881195068359375
5636315000.0,	0.1361236572265625,	0.08948516845703125
5636323125.0,	0.1370697021484375,	0.09143829345703125
5636331250.0,	0.1379852294921875,	0.08856201171875
5636339375.0,	0.13852691650390625,	0.08832550048828125
5636347500.0,	0.1349029541015625,	0.0883636474609375
5636355625.0,	0.13674163818359375,	0.0885772705078125
5636363750.0,	0.13763427734375,	0.08943939208984375
5636371875.0,	0.13852691650390625,	0.08777618408203125
5636380000.0,	0.13840484619140625,	0.08866119384765625
5636388125.0,	0.13669586181640625,	0.087738037109375
5636396250.0,	0.13654327392578125,	0.09056854248046875
5636404375.0,	0.1372222900390625,	0.08733367919921875
5636412500.0,	0.13848876953125,	0.08676910400390625
5636420625.0,	0.13758087158203125,	0.08594512939453125
5636428750.0,	0.13965606689453125,	0.08831024169921875
5636436875.0,	0.13934326171875,	0.08936309814453125
5636445000.0,	0.13901519775390625,	0.08683013916015625
5636453125.0,	0.1400604248046875,	0.0882720947265625
5636461250.0,	0.1363677978515625,	0.087554931640625
5636469375.0,	0.1410369873046875,	0.08728790283203125
5636477500.0,	0.139404296875,	0.08643341064453125
5636485625.0,	0.13980865478515625,	0.085845947265625
5636493750.0,	0.14093017578125,	0.08567047119140625
5636501875.0,	0.14028167724609375,	0.08591461181640625
5636510000.0,	0.141143798828125,	0.08715057373046875
5636518125.0,	0.14051055908203125,	0.085906982421875
5636526250.0,	0.138946533203125,	0.086761474609375
5636534375.0,	0.14118194580078125,	0.08554840087890625
5636542500.0,	0.14051055908203125,	0.08568572998046875
5636550625.0,	0.1421661376953125,	0.08675384521484375
5636558750.0,	0.1418914794921875,	0.08571624755859375
5636566875.0,	0.1433868408203125,	0.0859527587890625
5636575000.0,	0.14208984375,	0.0850067138671875
5636583125.0,	0.1418609619140625,	0.0861663818359375
5636591250.0,	0.14238739013671875,	0.08580780029296875
5636599375.0,	0.1435394287109375,	0.083709716796875
5636607500.0,	0.14266204833984375,	0.08400726318359375
5636615625.0,	0.14226531982421875,	0.08333587646484375
5636623750.0,	0.1420745849609375,	0.082794189453125
5636631875.0,	0.14226531982421875,	0.0852813720703125
5636640000.0,	0.1454010009765625,	0.08480072021484375
5636648125.0,	0.14227294921875,	0.08344268798828125
5636656250.0,	0.1454315185546875,	0.0806121826171875
5636664375.0,	0.14400482177734375,	0.08066558837890625
5636672500.0,	0.14061737060546875,	0.08090972900390625
5636680625.0,	0.1446533203125,	0.0831451416015625
5636688750.0,	0.1450958251953125,	0.0833282470703125
5636696875.0,	0.1425933837890625,	0.08063507080078125
5636705000.0,	0.14422607421875,	0.0807952880859375
5636713125.0,	0.14466094970703125,	0.08049774169921875
5636721250.0,	0.146820068359375,	0.08217620849609375
5636729375.0,	0.14385986328125,	0.0813751220703125
5636737500.0,	0.1479949951171875,	0.08221435546875
5636745625.0,	0.144561767578125,	0.0828704833984375
5636753750.0,	0.14678192138671875,	0.08026123046875
5636761875.0,	0.145172119140625,	0.078338623046875
5636770000.0,	0.1461944580078125,	0.08148193359375
5636778125.0,	0.1451568603515625,	0.08060455322265625
5636786250.0,	0.14556884765625,	0.0796966552734375
5636794375.0,	0.1455535888671875,	0.08203125
5636802500.0,	0.14679718017578125,	0.08031463623046875
5636810625.0,	0.1489410400390625,	0.07723236083984375
5636818750.0,	0.14383697509765625,	0.0796051025390625
5636826875.0,	0.1470184326171875,	0.0792999267578125
5636835000.0,	0.14778900146484375,	0.07871246337890625
5636843125.0,	0.14875030517578125,	0.0771636962890625
5636851250.0,	0.14890289306640625,	0.07804107666015625
5636859375.0,	0.149261474609375,	0.0778656005859375
5636867500.0,	0.1493682861328125,	0.0796051025390625
5636875625.0,	0.148468017578125,	0.0788116455078125
5636883750.0,	0.14704132080078125,	0.0780181884765625
5636891875.0,	0.1497802734375,	0.0789794921875
5636900000.0,	0.14882659912109375,	0.077117919921875
5636908125.0,	0.15023040771484375,	0.07778167724609375
5636916250.0,	0.14896392822265625,	0.07509613037109375
5636924375.0,	0.15167999267578125,	0.07750701904296875
5636932500.0,	0.14987945556640625,	0.0766143798828125
5636940625.0,	0.14997100830078125,	0.0758056640625
5636948750.0,	0.14929962158203125,	0.0742034912109375
5636956875.0,	0.150146484375,	0.07445526123046875
5636965000.0,	0.15062713623046875,	0.0761871337890625
5636973125.0,	0.1512908935546875,	0.07544708251953125
5636981250.0,	0.15167999267578125,	0.07599639892578125
5636989375.0,	0.152008056640625,	0.07305908203125
5636997500.0,	0.1535797119140625,	0.07434844970703125
5637005625.0,	0.15158843994140625,	0.074249267578125
5637013750.0,	0.15134429931640625,	0.0722198486328125
5637021875.0,	0.1514129638671875,	0.07370758056640625
5637030000.0,	0.15254974365234375,	0.07318878173828125
5637038125.0,	0.15473175048828125,	0.070892333984375
5637046250.0,	0.15302276611328125,	0.07059478759765625
5637054375.0,	0.152099609375,	0.073486328125
5637062500.0,	0.1525115966796875,	0.0709228515625
5637070625.0,	0.15335845947265625,	0.07088470458984375
5637078750.0,	0.15331268310546875,	0.0699462890625
5637086875.0,	0.1549224853515625,	0.07192230224609375
5637095000.0,	0.15357208251953125,	0.069732666015625
5637103125.0,	0.1531829833984375,	0.0690765380859375
5637111250.0,	0.1547393798828125,	0.0710906982421875
5637119375.0,	0.1539154052734375,	0.0695648193359375
5637127500.0,	0.1555023193359375,	0.0677642822265625
5637135625.0,	0.155609130859375,	0.0700836181640625
5637143750.0,	0.155517578125,	0.0678253173828125
5637151875.0,	0.154998779296875,	0.06894683837890625
5637160000.0,	0.15615081787109375,	0.0670623779296875
5637168125.0,	0.15802001953125,	0.06703948974609375
5637176250.0,	0.15740966796875,	0.065643310546875
5637184375.0,	0.15796661376953125,	0.06488800048828125
5637192500.0,	0.1554412841796875,	0.0657196044921875
5637200625.0,	0.1567840576171875,	0.06563568115234375
5637208750.0,	0.1572418212890625,	0.0662689208984375
5637216875.0,	0.15695953369140625,	0.065155029296875
5637225000.0,	0.1571502685546875,	0.0656280517578125
5637233125.0,	0.15802764892578125,	0.0639495849609375
5637241250.0,	0.15810394287109375,	0.06410980224609375
5637249375.0,	0.15952301025390625,	0.0635833740234375
5637257500.0,	0.15933990478515625,	0.06214141845703125
5637265625.0,	0.15805816650390625,	0.0622100830078125
5637273750.0,	0.158599853515625,	0.0623016357421875
5637281875.0,	0.15862274169921875,	0.061920166015625
5637290000.0,	0.16030120849609375,	0.06346893310546875
5637298125.0,	0.160675048828125,	0.05954742431640625
5637306250.0,	0.15955352783203125,	0.06097412109375
5637314375.0,	0.15909576416015625,	0.0617218017578125
5637322500.0,	0.1621246337890625,	0.059295654296875
5637330625.0,	0.162139892578125,	0.05829620361328125
5637338750.0,	0.16088104248046875,	0.061248779296875
5637346875.0,	0.15981292724609375,	0.05877685546875
5637355000.0,	0.16326141357421875,	0.0563201904296875
5637363125.0,	0.16019439697265625,	0.05863189697265625
5637371250.0,	0.16283416748046875,	0.0553131103515625
5637379375.0,	0.16159820556640625,	0.0579833984375
5637387500.0,	0.16217041015625,	0.05677032470703125
5637395625.0,	0.16326904296875,	0.0561676025390625
5637403750.0,	0.16223907470703125,	0.05612945556640625
5637411875.0,	0.161712646484375,	0.0542144775390625
5637420000.0,	0.16278839111328125,	0.05396270751953125
5637428125.0,	0.16092681884765625,	0.05323028564453125
5637436250.0,	0.1623382568359375,	0.0523681640625
5637444375.0,	0.16155242919921875,	0.0537567138671875
5637452500.0,	0.16376495361328125,	0.054656982421875
5637460625.0,	0.16538238525390625,	0.0533294677734375
5637468750.0,	0.16497802734375,	0.0505523681640625
5637476875.0,	0.16301727294921875,	0.0509033203125
5637485000.0,	0.165435791015625,	0.04950714111328125
5637493125.0,	0.16536712646484375,	0.0497894287109375
5637501250.0,	0.165069580078125,	0.046844482421875
5637509375.0,	0.1653594970703125,	0.0482025146484375
5637517500.0,	0.1652069091796875,	0.0483551025390625
5637525625.0,	0.16603851318359375,	0.04871368408203125
5637533750.0,	0.1652679443359375,	0.04653167724609375
5637541875.0,	0.1648712158203125,	0.0487518310546875
5637550000.0,	0.16506195068359375,	0.04583740234375
5637558125.0,	0.1659698486328125,	0.04583740234375
5637566250.0,	0.16584014892578125,	0.04515838623046875
5637574375.0,	0.1657562255859375,	0.0447845458984375
5637582500.0,	0.16471099853515625,	0.04189300537109375
5637590625.0,	0.16619110107421875,	0.04291534423828125
5637598750.0,	0.167388916015625,	0.0397796630859375
5637606875.0,	0.164459228515625,	0.04283905029296875
5637615000.0,	0.1659088134765625,	0.0409698486328125
5637623125.0,	0.16524505615234375,	0.03908538818359375
5637631250.0,	0.16583251953125,	0.0387420654296875
5637639375.0,	0.166839599609375,	0.03582763671875
5637647500.0,	0.16858673095703125,	0.0377655029296875
5637655625.0,	0.16748809814453125,	0.03858184814453125
5637663750.0,	0.1688079833984375,	0.0374298095703125
5637671875.0,	0.16649627685546875,	0.03723907470703125
5637680000.0,	0.16692352294921875,	0.03387451171875
5637688125.0,	0.16637420654296875,	0.035614013671875
5637696250.0,	0.1687164306640625,	0.0354766845703125
5637704375.0,	0.16776275634765625,	0.03331756591796875
5637712500.0,	0.16698455810546875,	0.03269195556640625
5637720625.0,	0.16846466064453125,	0.03192901611328125
5637728750.0,	0.16783905029296875,	0.03276824951171875
5637736875.0,	0.16762542724609375,	0.02806854248046875
5637745000.0,	0.16684722900390625,	0.029876708984375
5637753125.0,	0.1680755615234375,	0.02862548828125
5637761250.0,	0.1677093505859375,	0.02707672119140625
5637769375.0,	0.16756439208984375,	0.02606201171875
5637777500.0,	0.16756439208984375,	0.02616119384765625
5637785625.0,	0.16725921630859375,	0.0269775390625
5637793750.0,	0.16825103759765625,	0.0221710205078125
5637801875.0,	0.16904449462890625,	0.0237579345703125
5637810000.0,	0.16802978515625,	0.0234375
5637818125.0,	0.16951751708984375,	0.02002716064453125
5637826250.0,	0.1703033447265625,	0.02042388916015625
5637834375.0,	0.16675567626953125,	0.02037811279296875
5637842500.0,	0.1691741943359375,	0.01886749267578125
5637850625.0,	0.16632843017578125,	0.0178680419921875
5637858750.0,	0.16988372802734375,	0.0150909423828125
5637866875.0,	0.16766357421875,	0.015411376953125
5637875000.0,	0.16699981689453125,	0.014923095703125
5637883125.0,	0.1671600341796875,	0.0128631591796875
5637891250.0,	0.16739654541015625,	0.01513671875
5637899375.0,	0.1649627685546875,	0.01186370849609375
5637907500.0,	0.16680145263671875,	0.010955810546875
5637915625.0,	0.16654205322265625,	0.00823974609375
5637923750.0,	0.166107177734375,	0.01084136962890625
5637931875.0,	0.165557861328125,	0.00860595703125
5637940000.0,	0.1647491455078125,	0.00937652587890625
5637948125.0,	0.16432952880859375,	0.00710296630859375
5637956250.0,	0.165283203125,	0.00623321533203125
5637964375.0,	0.16443634033203125,	0.0050201416015625
5637972500.0,	0.1660308837890625,	0.00189208984375
5637980625.0,	0.16478729248046875,	0.00275421142578125
5637988750.0,	0.1636505126953125,	0.0003814697265625
5637996875.0,	0.16411590576171875,	0.00055694580078125
5638005000.0,	0.1648101806640625,	0.00069427490234375
5638013125.0,	0.1628570556640625,	-0.0029449462890625
5638021250.0,	0.16217803955078125,	-0.00200653076171875
5638029375.0,	0.1595001220703125,	-0.00133514404296875
5638037500.0,	0.16094207763671875,	-0.002685546875
5638045625.0,	0.162628173828125,	-0.00531005859375
5638053750.0,	0.16097259521484375,	-0.0041351318359375
5638061875.0,	0.15787506103515625,	-0.0054779052734375
5638070000.0,	0.15979766845703125,	-0.00852203369140625
5638078125.0,	0.16107940673828125,	-0.008697509765625
5638086250.0,	0.15779876708984375,	-0.0118865966796875
5638094375.0,	0.1573333740234375,	-0.0122222900390625
5638102500.0,	0.1563568115234375,	-0.01067352294921875
5638110625.0,	0.15595245361328125,	-0.013916015625
5638118750.0,	0.15677642822265625,	-0.01384735107421875
5638126875.0,	0.1571044921875,	-0.01636505126953125
5638135000.0,	0.1550750732421875,	-0.01666259765625
5638143125.0,	0.154815673828125,	-0.01703643798828125
5638151250.0,	0.15363311767578125,	-0.01694488525390625
5638159375.0,	0.15228271484375,	-0.01983642578125
5638167500.0,	0.151336669921875,	-0.0218048095703125
5638175625.0,	0.15316009521484375,	-0.02080535888671875
5638183750.0,	0.15125274658203125,	-0.0235595703125
5638191875.0,	0.14688873291015625,	-0.02252960205078125
5638200000.0,	0.1475982666015625,	-0.02414703369140625
5638208125.0,	0.14591217041015625,	-0.02690887451171875
5638216250.0,	0.145111083984375,	-0.026214599609375
5638224375.0,	0.1443939208984375,	-0.0269775390625
5638232500.0,	0.145355224609375,	-0.02770233154296875
5638240625.0,	0.1427459716796875,	-0.03022003173828125
5638248750.0,	0.1437835693359375,	-0.028045654296875
5638256875.0,	0.14202880859375,	-0.0311431884765625
5638265000.0,	0.1391143798828125,	-0.0317535400390625
5638273125.0,	0.14002227783203125,	-0.0306243896484375
5638281250.0,	0.1373748779296875,	-0.03436279296875
5638289375.0,	0.13698577880859375,	-0.03467559814453125
5638297500.0,	0.13541412353515625,	-0.035491943359375
5638305625.0,	0.133392333984375,	-0.03652191162109375
5638313750.0,	0.13237762451171875,	-0.03545379638671875
5638321875.0,	0.1307220458984375,	-0.0369110107421875
5638330000.0,	0.13043212890625,	-0.03874969482421875
5638338125.0,	0.13033294677734375,	-0.0379638671875
5638346250.0,	0.12683868408203125,	-0.0406341552734375
5638354375.0,	0.12857818603515625,	-0.03951263427734375
5638362500.0,	0.126617431640625,	-0.04189300537109375
5638370625.0,	0.12485122680664062,	-0.040195465087890625
5638378750.0,	0.12349700927734375,	-0.044891357421875
5638386875.0,	0.12079238891601562,	-0.042156219482421875
5638395000.0,	0.11980056762695312,	-0.045085906982421875
5638403125.0,	0.11926651000976562,	-0.044677734375
5638411250.0,	0.11768341064453125,	-0.045551300048828125
5638419375.0,	0.1154937744140625,	-0.045871734619140625
5638427500.0,	0.11627578735351562,	-0.047710418701171875
5638435625.0,	0.11647415161132812,	-0.046520233154296875
5638443750.0,	0.11277389526367188,	-0.045032501220703125
5638451875.0,	0.11199188232421875,	-0.0474395751953125
5638460000.0,	0.1127471923828125,	-0.04753875732421875
5638468125.0,	0.10817718505859375,	-0.048374176025390625
5638476250.0,	0.10776901245117188,	-0.046276092529296875
5638484375.0,	0.10689163208007812,	-0.04694366455078125
5638492500.0,	0.10566329956054688,	-0.047725677490234375
5638500625.0,	0.10413742065429688,	-0.049541473388671875
5638508750.0,	0.1032257080078125,	-0.049224853515625
5638516875.0,	0.100341796875,	-0.04987335205078125
5638525000.0,	0.09699249267578125,	-0.04851531982421875
5638533125.0,	0.09743118286132812,	-0.050464630126953125
5638541250.0,	0.09709548950195312,	-0.05034637451171875
5638549375.0,	0.09297943115234375,	-0.0489349365234375
5638557500.0,	0.09175872802734375,	-0.04756927490234375
5638565625.0,	0.09243392944335938,	-0.048183441162109375
5638573750.0,	0.08944320678710938,	-0.050441741943359375
5638581875.0,	0.08846282958984375,	-0.05017852783203125
5638590000.0,	0.08666229248046875,	-0.04986572265625
5638598125.0,	0.08544921875,	-0.046688079833984375
5638606250.0,	0.08583450317382812,	-0.048488616943359375
5638614375.0,	0.0829315185546875,	-0.047908782958984375
5638622500.0,	0.08165740966796875,	-0.04906463623046875
5638630625.0,	0.08083343505859375,	-0.04834747314453125
5638638750.0,	0.08016204833984375,	-0.047847747802734375
5638646875.0,	0.07775497436523438,	-0.04831695556640625
5638655000.0,	0.07722091674804688,	-0.0480194091796875
5638663125.0,	0.0764617919921875,	-0.047389984130859375
5638671250.0,	0.075225830078125,	-0.04706573486328125
5638679375.0,	0.07231521606445312,	-0.046390533447265625
5638687500.0,	0.07162094116210938,	-0.0462493896484375
5638695625.0,	0.0716094970703125,	-0.04589080810546875
5638703750.0,	0.06853103637695312,	-0.04534149169921875
5638711875.0,	0.06843185424804688,	-0.043941497802734375
5638720000.0,	0.06632614135742188,	-0.04744720458984375
5638728125.0,	0.065765380859375,	-0.04463958740234375
5638736250.0,	0.06430816650390625,	-0.044658660888671875
5638744375.0,	0.06317901611328125,	-0.0420379638671875
5638752500.0,	0.06044578552246094,	-0.04368019104003906
5638760625.0,	0.06272506713867188,	-0.042118072509765625
5638768750.0,	0.05887413024902344,	-0.04276275634765625
5638776875.0,	0.058010101318359375,	-0.039318084716796875
5638785000.0,	0.05897712707519531,	-0.04025840759277344
5638793125.0,	0.056713104248046875,	-0.03723335266113281
5638801250.0,	0.053356170654296875,	-0.038478851318359375
5638809375.0,	0.05432319641113281,	-0.03688240051269531
5638817500.0,	0.05230522155761719,	-0.039669036865234375
5638825625.0,	0.05118370056152344,	-0.03663444519042969
5638833750.0,	0.053188323974609375,	-0.03755950927734375
5638841875.0,	0.0471343994140625,	-0.03584480285644531
5638850000.0,	0.04959297180175781,	-0.03396797180175781
5638858125.0,	0.04668235778808594,	-0.033206939697265625
5638866250.0,	0.04768943786621094,	-0.032867431640625
5638874375.0,	0.04641532897949219,	-0.03317070007324219
5638882500.0,	0.04442405700683594,	-0.030500411987304688
5638890625.0,	0.04295921325683594,	-0.03125190734863281
5638898750.0,	0.04216575622558594,	-0.030742645263671875
5638906875.0,	0.04175758361816406,	-0.0330810546875
5638915000.0,	0.04310798645019531,	-0.029481887817382812
5638923125.0,	0.039028167724609375,	-0.027446746826171875
5638931250.0,	0.03840446472167969,	-0.026607513427734375
5638939375.0,	0.03736305236816406,	-0.0265045166015625
5638947500.0,	0.03818702697753906,	-0.025400161743164062
5638955625.0,	0.037380218505859375,	-0.023885726928710938
5638963750.0,	0.038303375244140625,	-0.021921157836914062
5638971875.0,	0.03595924377441406,	-0.023738861083984375
5638980000.0,	0.0348968505859375,	-0.0210723876953125
5638988125.0,	0.03441619873046875,	-0.022022247314453125
5638996250.0,	0.03423881530761719,	-0.021137237548828125
5639004375.0,	0.03231048583984375,	-0.020969390869140625
5639012500.0,	0.03301429748535156,	-0.018829345703125
5639020625.0,	0.03270530700683594,	-0.018533706665039062
5639028750.0,	0.03168296813964844,	-0.016477584838867188
5639036875.0,	0.029752731323242188,	-0.015605926513671875
5639045000.0,	0.030431747436523438,	-0.014481544494628906
5639053125.0,	0.027993202209472656,	-0.01396942138671875
5639061250.0,	0.02915191650390625,	-0.012563705444335938
5639069375.0,	0.02746295928955078,	-0.014922142028808594
5639077500.0,	0.030051231384277344,	-0.012643814086914062
5639085625.0,	0.02669048309326172,	-0.01055908203125
5639093750.0,	0.026663780212402344,	-0.01102447509765625
5639101875.0,	0.026409149169921875,	-0.010317802429199219
5639110000.0,	0.028644561767578125,	-0.007124900817871094
5639118125.0,	0.025132179260253906,	-0.008180618286132812
5639126250.0,	0.026610374450683594,	-0.008481979370117188
5639134375.0,	0.02753162384033203,	-0.005587577819824219
5639142500.0,	0.024669647216796875,	-0.005229949951171875
5639150625.0,	0.024044036865234375,	-0.003826141357421875
5639158750.0,	0.022004127502441406,	-0.0054378509521484375
5639166875.0,	0.02429962158203125,	-0.00154876708984375
5639175000.0,	0.02402210235595703,	-0.0016880035400390625
5639183125.0,	0.024318695068359375,	-0.0034275054931640625
5639191250.0,	0.02283000946044922,	0.0008640289306640625
5639199375.0,	0.021701812744140625,	0.004622459411621094
5639207500.0,	0.02266693115234375,	0.002231597900390625
5639215625.0,	0.0209808349609375,	0.0017404556274414062
5639223750.0,	0.02240276336669922,	0.0029888153076171875
5639231875.0,	0.02255725860595703,	0.0035943984985351562
5639240000.0,	0.02205657958984375,	0.0056934356689453125
5639248125.0,	0.022390365600585938,	0.004969596862792969
5639256250.0,	0.018270492553710938,	0.0064067840576171875
5639264375.0,	0.019262313842773438,	0.0072154998779296875
5639272500.0,	0.01916027069091797,	0.006567955017089844
5639280625.0,	0.019834518432617188,	0.009980201721191406
5639288750.0,	0.02098369598388672,	0.010976791381835938
5639296875.0,	0.020140647888183594,	0.011806488037109375
5639305000.0,	0.01950550079345703,	0.01119232177734375
5639313125.0,	0.019334793090820312,	0.011633872985839844
5639321250.0,	0.01760387420654297,	0.009176254272460938
5639329375.0,	0.019199371337890625,	0.015016555786132812
5639337500.0,	0.019843101501464844,	0.015257835388183594
5639345625.0,	0.018579483032226562,	0.015390396118164062
5639353750.0,	0.018273353576660156,	0.014573097229003906
5639361875.0,	0.017706871032714844,	0.01650238037109375
5639370000.0,	0.018647193908691406,	0.016004562377929688
5639378125.0,	0.019296646118164062,	0.016600608825683594
5639386250.0,	0.016860008239746094,	0.018754959106445312
5639394375.0,	0.018148422241210938,	0.019525527954101562
5639402500.0,	0.017467498779296875,	0.02078533172607422
5639410625.0,	0.019899368286132812,	0.01884746551513672
5639418750.0,	0.01676464080810547,	0.021253585815429688
5639426875.0,	0.01691913604736328,	0.02178478240966797
5639435000.0,	0.01813793182373047,	0.022171974182128906
5639443125.0,	0.015012741088867188,	0.02172374725341797
5639451250.0,	0.018362998962402344,	0.023512840270996094
5639459375.0,	0.01572895050048828,	0.025687217712402344
5639467500.0,	0.01885509490966797,	0.024354934692382812
5639475625.0,	0.018878936767578125,	0.02502727508544922
5639483750.0,	0.018962860107421875,	0.028181076049804688
5639491875.0,	0.019775390625,	0.02685070037841797
5639500000.0,	0.017411231994628906,	0.02916240692138672
5639508125.0,	0.017665863037109375,	0.027227401733398438
5639516250.0,	0.018381118774414062,	0.02982807159423828
5639524375.0,	0.01839733123779297,	0.02852916717529297
5639532500.0,	0.016892433166503906,	0.02960205078125
5639540625.0,	0.017612457275390625,	0.029571533203125
5639548750.0,	0.018245697021484375,	0.03288459777832031
5639556875.0,	0.019207000732421875,	0.03170013427734375
5639565000.0,	0.01889324188232422,	0.03117084503173828
5639573125.0,	0.01849365234375,	0.03257560729980469
5639581250.0,	0.018686294555664062,	0.03159904479980469
5639589375.0,	0.017574310302734375,	0.03523826599121094
5639597500.0,	0.017602920532226562,	0.034847259521484375
5639605625.0,	0.019823074340820312,	0.03520011901855469
5639613750.0,	0.019733428955078125,	0.03417396545410156
5639621875.0,	0.01760101318359375,	0.038177490234375
5639630000.0,	0.01802825927734375,	0.038242340087890625
5639638125.0,	0.01995849609375,	0.0367431640625
5639646250.0,	0.01808929443359375,	0.03940391540527344
5639654375.0,	0.019439697265625,	0.036624908447265625
5639662500.0,	0.019479751586914062,	0.040241241455078125
5639670625.0,	0.019350051879882812,	0.03949928283691406
5639678750.0,	0.0194549560546875,	0.03977394104003906
5639686875.0,	0.01885986328125,	0.04007911682128906
5639695000.0,	0.018838882446289062,	0.0433807373046875
5639703125.0,	0.01808929443359375,	0.042476654052734375
5639711250.0,	0.020215988159179688,	0.0414581298828125
5639719375.0,	0.019069671630859375,	0.04268836975097656
5639727500.0,	0.019769668579101562,	0.04415321350097656
5639735625.0,	0.020643234252929688,	0.043346405029296875
5639743750.0,	0.020917892456054688,	0.04338836669921875
5639751875.0,	0.019250869750976562,	0.044757843017578125
5639760000.0,	0.0209503173828125,	0.0455474853515625
5639768125.0,	0.02091217041015625,	0.04581260681152344
5639776250.0,	0.02098846435546875,	0.04609489440917969
5639784375.0,	0.020816802978515625,	0.04612922668457031
5639792500.0,	0.020757675170898438,	0.04782295227050781
5639800625.0,	0.0183868408203125,	0.04732704162597656
5639808750.0,	0.02013397216796875,	0.048633575439453125
5639816875.0,	0.020000457763671875,	0.048725128173828125
5639825000.0,	0.023958206176757812,	0.047512054443359375
5639833125.0,	0.021030426025390625,	0.05030250549316406
5639841250.0,	0.022771835327148438,	0.05076408386230469
5639849375.0,	0.022579193115234375,	0.04958534240722656
5639857500.0,	0.020948410034179688,	0.05163002014160156
5639865625.0,	0.024515151977539062,	0.05098533630371094
5639873750.0,	0.020784378051757812,	0.05116081237792969
5639881875.0,	0.023965835571289062,	0.051494598388671875
5639890000.0,	0.02071380615234375,	0.05329322814941406
5639898125.0,	0.023382186889648438,	0.05243492126464844
5639906250.0,	0.020751953125,	0.05164146423339844
5639914375.0,	0.02234649658203125,	0.053203582763671875
5639922500.0,	0.022024154663085938,	0.05163764953613281
5639930625.0,	0.024015426635742188,	0.054195404052734375
5639938750.0,	0.023317337036132812,	0.055141448974609375
5639946875.0,	0.02194976806640625,	0.0547637939453125
5639955000.0,	0.022220611572265625,	0.05396461486816406
5639963125.0,	0.02271270751953125,	0.05587577819824219
5639971250.0,	0.02573394775390625,	0.054370880126953125
5639979375.0,	0.025926589965820312,	0.057918548583984375
5639987500.0,	0.024843215942382812,	0.054584503173828125
5639995625.0,	0.023698806762695312,	0.05486106872558594
5640003750.0,	0.024677276611328125,	0.05669975280761719
5640011875.0,	0.02675628662109375,	0.0576629638671875
5640020000.0,	0.02297210693359375,	0.05813789367675781
5640028125.0,	0.02613067626953125,	0.05707359313964844
5640036250.0,	0.02442169189453125,	0.0575408935546875
5640044375.0,	0.026561737060546875,	0.05941009521484375
5640052500.0,	0.025865554809570312,	0.057865142822265625
5640060625.0,	0.024793624877929688,	0.05934715270996094
5640068750.0,	0.026683807373046875,	0.058444976806640625
5640076875.0,	0.0255889892578125,	0.05994606018066406
5640085000.0,	0.026180267333984375,	0.06009864807128906
5640093125.0,	0.02739715576171875,	0.06045722961425781
5640101250.0,	0.02790069580078125,	0.0632781982421875
5640109375.0,	0.026666641235351562,	0.05969047546386719
5640117500.0,	0.0264129638671875,	0.06294631958007812
5640125625.0,	0.027673721313476562,	0.061603546142578125
5640133750.0,	0.02713775634765625,	0.063262939453125
5640141875.0,	0.02657318115234375,	0.06090545654296875
5640150000.0,	0.027492523193359375,	0.0611572265625
5640158125.0,	0.02797698974609375,	0.0649566650390625
5640166250.0,	0.027496337890625,	0.06321334838867188
5640174375.0,	0.029781341552734375,	0.06359481811523438
5640182500.0,	0.027599334716796875,	0.06398773193359375
5640190625.0,	0.02796173095703125,	0.06324005126953125
5640198750.0,	0.02814483642578125,	0.06397247314453125
5640206875.0,	0.028331756591796875,	0.0656890869140625
5640215000.0,	0.0299530029296875,	0.06424331665039062
5640223125.0,	0.0292205810546875,	0.06414794921875
5640231250.0,	0.029815673828125,	0.06393051147460938
5640239375.0,	0.02817535400390625,	0.0650634765625
5640247500.0,	0.030467987060546875,	0.0652008056640625
5640255625.0,	0.02954864501953125,	0.066162109375
5640263750.0,	0.02948760986328125,	0.06616973876953125
5640271875.0,	0.029399871826171875,	0.06505203247070312
5640280000.0,	0.030261993408203125,	0.06626510620117188
5640288125.0,	0.030010223388671875,	0.06563186645507812
5640296250.0,	0.03079986572265625,	0.06766510009765625
5640304375.0,	0.028514862060546875,	0.06776046752929688
5640312500.0,	0.030857086181640625,	0.0675506591796875
5640320625.0,	0.0306854248046875,	0.06779098510742188
5640328750.0,	0.031452178955078125,	0.06784820556640625
5640336875.0,	0.031040191650390625,	0.06589508056640625
5640345000.0,	0.033390045166015625,	0.06877517700195312
5640353125.0,	0.0310821533203125,	0.06920623779296875
5640361250.0,	0.03153228759765625,	0.07006454467773438
5640369375.0,	0.0331268310546875,	0.06908035278320312
5640377500.0,	0.03226470947265625,	0.07048416137695312
5640385625.0,	0.032512664794921875,	0.07000732421875
5640393750.0,	0.031982421875,	0.06945419311523438
5640401875.0,	0.03302764892578125,	0.07043075561523438
5640410000.0,	0.0328826904296875,	0.07011795043945312
5640418125.0,	0.031597137451171875,	0.06832122802734375
5640426250.0,	0.03250885009765625,	0.071380615234375
5640434375.0,	0.033077239990234375,	0.07076644897460938
5640442500.0,	0.032169342041015625,	0.06975555419921875
5640450625.0,	0.03432464599609375,	0.0725555419921875
5640458750.0,	0.03450775146484375,	0.07081985473632812
5640466875.0,	0.034145355224609375,	0.07004928588867188
5640475000.0,	0.034534454345703125,	0.07149887084960938
5640483125.0,	0.03722381591796875,	0.07165908813476562
5640491250.0,	0.033397674560546875,	0.0719451904296875
5640499375.0,	0.033962249755859375,	0.07255172729492188
5640507500.0,	0.03466796875,	0.0713958740234375
5640515625.0,	0.034198760986328125,	0.07141876220703125
5640523750.0,	0.03382110595703125,	0.07294082641601562
5640531875.0,	0.036113739013671875,	0.07255172729492188
5640540000.0,	0.034145355224609375,	0.07453536987304688
5640548125.0,	0.03766632080078125,	0.07227706909179688
5640556250.0,	0.036952972412109375,	0.0731353759765625
5640564375.0,	0.034576416015625,	0.07300186157226562
5640572500.0,	0.03609466552734375,	0.0752716064453125
5640580625.0,	0.034694671630859375,	0.075927734375
5640588750.0,	0.035572052001953125,	0.07210922241210938
5640596875.0,	0.037975311279296875,	0.07595443725585938
5640605000.0,	0.036853790283203125,	0.07416534423828125
5640613125.0,	0.03510284423828125,	0.0746612548828125
5640621250.0,	0.034759521484375,	0.0762786865234375
5640629375.0,	0.038482666015625,	0.07390594482421875
5640637500.0,	0.03705596923828125,	0.07649993896484375
5640645625.0,	0.037933349609375,	0.07665634155273438
5640653750.0,	0.035610198974609375,	0.078125
5640661875.0,	0.03839874267578125,	0.07775115966796875
5640670000.0,	0.03792572021484375,	0.07669830322265625
5640678125.0,	0.0382080078125,	0.07614898681640625
5640686250.0,	0.03899383544921875,	0.07740020751953125
5640694375.0,	0.038700103759765625,	0.07945632934570312
5640702500.0,	0.03832244873046875,	0.07527923583984375
5640710625.0,	0.0390167236328125,	0.07867050170898438
5640718750.0,	0.038028717041015625,	0.07658004760742188
5640726875.0,	0.03821563720703125,	0.0778045654296875
5640735000.0,	0.037578582763671875,	0.07697677612304688
5640743125.0,	0.03862762451171875,	0.07583236694335938
5640751250.0,	0.036991119384765625,	0.0773773193359375
5640759375.0,	0.038181304931640625,	0.07786941528320312
5640767500.0,	0.03948211669921875,	0.07817840576171875
5640775625.0,	0.0389404296875,	0.07667160034179688
5640783750.0,	0.03968048095703125,	0.07703781127929688
5640791875.0,	0.038784027099609375,	0.07736587524414062
5640800000.0,	0.0372161865234375,	0.08046340942382812
5640808125.0,	0.039890289306640625,	0.079742431640625
5640816250.0,	0.04111480712890625,	0.07971572875976562
5640824375.0,	0.0403289794921875,	0.07640838623046875
5640832500.0,	0.03981781005859375,	0.07862091064453125
5640840625.0,	0.038547515869140625,	0.077056884765625
5640848750.0,	0.040904998779296875,	0.07912826538085938
5640856875.0,	0.041431427001953125,	0.0804443359375
5640865000.0,	0.0392913818359375,	0.079864501953125
5640873125.0,	0.042491912841796875,	0.08103179931640625
5640881250.0,	0.041233062744140625,	0.08079910278320312
5640889375.0,	0.041057586669921875,	0.0793609619140625
5640897500.0,	0.042011260986328125,	0.07894134521484375
5640905625.0,	0.039722442626953125,	0.0794677734375
5640913750.0,	0.042510986328125,	0.07996368408203125
5640921875.0,	0.041141510009765625,	0.07947921752929688
5640930000.0,	0.04058837890625,	0.08022308349609375
5640938125.0,	0.042755126953125,	0.07929611206054688
5640946250.0,	0.04198455810546875,	0.08102035522460938
5640954375.0,	0.0411224365234375,	0.079010009765625
5640962500.0,	0.040935516357421875,	0.0840301513671875
5640970625.0,	0.0429229736328125,	0.08228302001953125
5640978750.0,	0.0414581298828125,	0.0814208984375
5640986875.0,	0.041996002197265625,	0.08203506469726562
5640995000.0,	0.040454864501953125,	0.08127975463867188
5641003125.0,	0.04402923583984375,	0.08170700073242188
5641011250.0,	0.04325103759765625,	0.08076858520507812
5641019375.0,	0.0438232421875,	0.08197021484375
5641027500.0,	0.044155120849609375,	0.0810394287109375
5641035625.0,	0.04468536376953125,	0.08099365234375
5641043750.0,	0.0435943603515625,	0.08178329467773438
5641051875.0,	0.043750762939453125,	0.08248519897460938
5641060000.0,	0.044620513916015625,	0.08226394653320312
5641068125.0,	0.04500579833984375,	0.08282089233398438
5641076250.0,	0.045391082763671875,	0.08259963989257812
5641084375.0,	0.04471588134765625,	0.081512451171875
5641092500.0,	0.044342041015625,	0.08172988891601562
5641100625.0,	0.04297637939453125,	0.08198165893554688
5641108750.0,	0.046489715576171875,	0.08343124389648438
5641116875.0,	0.04419708251953125,	0.0825958251953125
5641125000.0,	0.04628753662109375,	0.08246231079101562
5641133125.0,	0.043609619140625,	0.08225250244140625
5641141250.0,	0.046962738037109375,	0.08337783813476562
5641149375.0,	0.045406341552734375,	0.08395004272460938
5641157500.0,	0.046398162841796875,	0.08411788940429688
5641165625.0,	0.044918060302734375,	0.08368682861328125
5641173750.0,	0.04604339599609375,	0.0806732177734375
5641181875.0,	0.043865203857421875,	0.08339309692382812
5641190000.0,	0.045063018798828125,	0.08192825317382812
5641198125.0,	0.046154022216796875,	0.08393478393554688
5641206250.0,	0.047069549560546875,	0.08411788940429688
5641214375.0,	0.0457000732421875,	0.0832977294921875
5641222500.0,	0.045684814453125,	0.08363723754882812
5641230625.0,	0.046131134033203125,	0.0853271484375
5641238750.0,	0.046543121337890625,	0.08359909057617188
5641246875.0,	0.04656982421875,	0.08375167846679688
5641255000.0,	0.046966552734375,	0.083953857421875
5641263125.0,	0.04621124267578125,	0.08601760864257812
5641271250.0,	0.0465545654296875,	0.0846405029296875
5641279375.0,	0.046131134033203125,	0.08324432373046875
5641287500.0,	0.046726226806640625,	0.08342361450195312
5641295625.0,	0.04418182373046875,	0.08539962768554688
5641303750.0,	0.044574737548828125,	0.083740234375
5641311875.0,	0.047924041748046875,	0.0844879150390625
5641320000.0,	0.04779052734375,	0.08502960205078125
5641328125.0,	0.048595428466796875,	0.08632659912109375
5641336250.0,	0.04856109619140625,	0.08484268188476562
5641344375.0,	0.0459136962890625,	0.085418701171875
5641352500.0,	0.047637939453125,	0.08460617065429688
5641360625.0,	0.0491485595703125,	0.08526229858398438
5641368750.0,	0.05004119873046875,	0.08423995971679688
5641376875.0,	0.047344207763671875,	0.08650588989257812
5641385000.0,	0.048553466796875,	0.08420944213867188
5641393125.0,	0.0469970703125,	0.08685302734375
5641401250.0,	0.049053192138671875,	0.0867462158203125
5641409375.0,	0.049381256103515625,	0.08535385131835938
5641417500.0,	0.049396514892578125,	0.0850067138671875
5641425625.0,	0.0490875244140625,	0.08701705932617188
5641433750.0,	0.049892425537109375,	0.0865020751953125
5641441875.0,	0.049495697021484375,	0.0846710205078125
5641450000.0,	0.0509033203125,	0.08694076538085938
5641458125.0,	0.049224853515625,	0.08486557006835938
5641466250.0,	0.048686981201171875,	0.0856170654296875
5641474375.0,	0.0491943359375,	0.08604812622070312
5641482500.0,	0.04837799072265625,	0.08582305908203125
5641490625.0,	0.050998687744140625,	0.08821868896484375
5641498750.0,	0.04845428466796875,	0.08626937866210938
5641506875.0,	0.04927825927734375,	0.08658981323242188
5641515000.0,	0.052150726318359375,	0.08693695068359375
5641523125.0,	0.04967498779296875,	0.08826446533203125
5641531250.0,	0.051471710205078125,	0.08540725708007812
5641539375.0,	0.0490264892578125,	0.08520889282226562
5641547500.0,	0.049983978271484375,	0.08708953857421875
5641555625.0,	0.049419403076171875,	0.08678817749023438
5641563750.0,	0.0507049560546875,	0.08857345581054688
5641571875.0,	0.05194854736328125,	0.08491897583007812
5641580000.0,	0.050861358642578125,	0.08832550048828125
5641588125.0,	0.05341339111328125,	0.08808135986328125
5641596250.0,	0.0496673583984375,	0.08716964721679688
5641604375.0,	0.04788970947265625,	0.08782577514648438
5641612500.0,	0.0509185791015625,	0.08652877807617188
5641620625.0,	0.050785064697265625,	0.08779525756835938
5641628750.0,	0.049724578857421875,	0.087921142578125
5641636875.0,	0.050724029541015625,	0.0886077880859375
5641645000.0,	0.0513916015625,	0.08536148071289062
5641653125.0,	0.051708221435546875,	0.08703231811523438
5641661250.0,	0.04901123046875,	0.08688735961914062
5641669375.0,	0.052490234375,	0.08943939208984375
5641677500.0,	0.05150604248046875,	0.08925628662109375
5641685625.0,	0.052593231201171875,	0.0872955322265625
5641693750.0,	0.05169677734375,	0.0897674560546875
5641701875.0,	0.051441192626953125,	0.08583450317382812
5641710000.0,	0.05340576171875,	0.0867767333984375
5641718125.0,	0.052066802978515625,	0.0877838134765625
5641726250.0,	0.05391693115234375,	0.08806610107421875
5641734375.0,	0.051807403564453125,	0.08869171142578125
5641742500.0,	0.051921844482421875,	0.08910369873046875
5641750625.0,	0.052394866943359375,	0.08992767333984375
5641758750.0,	0.05297088623046875,	0.08985137939453125
5641766875.0,	0.052215576171875,	0.08890151977539062
5641775000.0,	0.05188751220703125,	0.08887100219726562
5641783125.0,	0.052661895751953125,	0.08904266357421875
5641791250.0,	0.0516204833984375,	0.08827590942382812
5641799375.0,	0.053615570068359375,	0.08855819702148438
5641807500.0,	0.053592681884765625,	0.08823394775390625
5641815625.0,	0.054058074951171875,	0.08836746215820312
5641823750.0,	0.0532989501953125,	0.0900421142578125
5641831875.0,	0.053005218505859375,	0.08820343017578125
5641840000.0,	0.054637908935546875,	0.08844757080078125
5641848125.0,	0.0540313720703125,	0.08697509765625
5641856250.0,	0.05519866943359375,	0.08704376220703125
5641864375.0,	0.053760528564453125,	0.08818435668945312
5641872500.0,	0.054523468017578125,	0.08847808837890625
5641880625.0,	0.0550689697265625,	0.09104156494140625
5641888750.0,	0.05371856689453125,	0.0885009765625
5641896875.0,	0.05402374267578125,	0.08886337280273438
5641905000.0,	0.05419158935546875,	0.08779525756835938
5641913125.0,	0.056606292724609375,	0.08934783935546875
5641921250.0,	0.054889678955078125,	0.08872604370117188
5641929375.0,	0.0547637939453125,	0.08881378173828125
5641937500.0,	0.0540771484375,	0.0884552001953125
5641945625.0,	0.05403900146484375,	0.08947372436523438
5641953750.0,	0.056018829345703125,	0.08974456787109375
5641961875.0,	0.05506134033203125,	0.08950424194335938
5641970000.0,	0.055690765380859375,	0.08974075317382812
5641978125.0,	0.054439544677734375,	0.087982177734375
5641986250.0,	0.054454803466796875,	0.09087371826171875
5641994375.0,	0.0551300048828125,	0.09041595458984375
5642002500.0,	0.055774688720703125,	0.087738037109375
5642010625.0,	0.054584503173828125,	0.08993148803710938
5642018750.0,	0.05561065673828125,	0.08805084228515625
5642026875.0,	0.054931640625,	0.08963775634765625
5642035000.0,	0.056980133056640625,	0.08900833129882812
5642043125.0,	0.0566864013671875,	0.08937454223632812
5642051250.0,	0.055698394775390625,	0.08770751953125
5642059375.0,	0.05796051025390625,	0.08980178833007812
5642067500.0,	0.05669403076171875,	0.08789443969726562
5642075625.0,	0.057727813720703125,	0.0868377685546875
5642083750.0,	0.05582427978515625,	0.08884429931640625
5642091875.0,	0.05741119384765625,	0.08986663818359375
5642100000.0,	0.05651092529296875,	0.08974075317382812
5642108125.0,	0.05733489990234375,	0.08890914916992188
5642116250.0,	0.055328369140625,	0.090179443359375
5642124375.0,	0.05603790283203125,	0.091033935546875
5642132500.0,	0.05612945556640625,	0.08878707885742188
5642140625.0,	0.056346893310546875,	0.09117889404296875
5642148750.0,	0.0567474365234375,	0.09317779541015625
5642156875.0,	0.057353973388671875,	0.08919525146484375
5642165000.0,	0.057926177978515625,	0.09035491943359375
5642173125.0,	0.056407928466796875,	0.08940887451171875
5642181250.0,	0.057331085205078125,	0.08867645263671875
5642189375.0,	0.05757904052734375,	0.08980941772460938
5642197500.0,	0.057704925537109375,	0.08732986450195312
5642205625.0,	0.057826995849609375,	0.08922576904296875
5642213750.0,	0.05785369873046875,	0.08906173706054688
5642221875.0,	0.057300567626953125,	0.09129714965820312
5642230000.0,	0.058139801025390625,	0.09100723266601562
5642238125.0,	0.05901336669921875,	0.09108734130859375
5642246250.0,	0.05928802490234375,	0.09058761596679688
5642254375.0,	0.058376312255859375,	0.08974075317382812
5642262500.0,	0.05718994140625,	0.088226318359375
5642270625.0,	0.057018280029296875,	0.08986282348632812
5642278750.0,	0.058650970458984375,	0.09110641479492188
5642286875.0,	0.05889892578125,	0.089996337890625
5642295000.0,	0.058048248291015625,	0.0910797119140625
5642303125.0,	0.059009552001953125,	0.09099197387695312
5642311250.0,	0.057895660400390625,	0.09130096435546875
5642319375.0,	0.05841827392578125,	0.0911865234375
5642327500.0,	0.057544708251953125,	0.08993911743164062
5642335625.0,	0.05820465087890625,	0.09066390991210938
5642343750.0,	0.0581817626953125,	0.093231201171875
5642351875.0,	0.059658050537109375,	0.09189987182617188
5642360000.0,	0.060329437255859375,	0.09200286865234375
5642368125.0,	0.058528900146484375,	0.08980178833007812
5642376250.0,	0.06021881103515625,	0.08995819091796875
5642384375.0,	0.059246063232421875,	0.09131622314453125
5642392500.0,	0.06020355224609375,	0.09183502197265625
5642400625.0,	0.057674407958984375,	0.08996200561523438
5642408750.0,	0.061069488525390625,	0.0914306640625
5642416875.0,	0.060909271240234375,	0.092041015625
5642425000.0,	0.0590057373046875,	0.09319686889648438
5642433125.0,	0.0579986572265625,	0.09113311767578125
5642441250.0,	0.05934906005859375,	0.09160232543945312
5642449375.0,	0.059246063232421875,	0.09085464477539062
5642457500.0,	0.06012725830078125,	0.09149169921875
5642465625.0,	0.058307647705078125,	0.09101486206054688
5642473750.0,	0.05887603759765625,	0.0913543701171875
5642481875.0,	0.058628082275390625,	0.093231201171875
5642490000.0,	0.059009552001953125,	0.09316253662109375
5642498125.0,	0.05988311767578125,	0.08983993530273438
5642506250.0,	0.060894012451171875,	0.09133148193359375
5642514375.0,	0.06104278564453125,	0.09089279174804688
5642522500.0,	0.059864044189453125,	0.09080123901367188
5642530625.0,	0.061122894287109375,	0.09140396118164062
5642538750.0,	0.058254241943359375,	0.09177398681640625
5642546875.0,	0.0589141845703125,	0.0904083251953125
5642555000.0,	0.059772491455078125,	0.09235382080078125
5642563125.0,	0.061290740966796875,	0.0926666259765625
5642571250.0,	0.06224822998046875,	0.09146881103515625
5642579375.0,	0.060184478759765625,	0.0911865234375
5642587500.0,	0.0597076416015625,	0.09218978881835938
5642595625.0,	0.06005859375,	0.09109878540039062
5642603750.0,	0.05982208251953125,	0.08971023559570312
5642611875.0,	0.060916900634765625,	0.09058761596679688
5642620000.0,	0.06272506713867188,	0.09152603149414062
5642628125.0,	0.05974578857421875,	0.09026718139648438
5642636250.0,	0.060405731201171875,	0.09099197387695312
5642644375.0,	0.0597076416015625,	0.09172821044921875
5642652500.0,	0.060718536376953125,	0.09252166748046875
5642660625.0,	0.061763763427734375,	0.09276962280273438
5642668750.0,	0.06330490112304688,	0.09231185913085938
5642676875.0,	0.06241607666015625,	0.0908966064453125
5642685000.0,	0.060947418212890625,	0.09135818481445312
5642693125.0,	0.06207275390625,	0.09265899658203125
5642701250.0,	0.0615234375,	0.09136581420898438
5642709375.0,	0.0628814697265625,	0.09119033813476562
5642717500.0,	0.06220245361328125,	0.09220123291015625
5642725625.0,	0.06299209594726562,	0.09138107299804688
5642733750.0,	0.062412261962890625,	0.09307479858398438
5642741875.0,	0.061710357666015625,	0.09262847900390625
5642750000.0,	0.0610809326171875,	0.09067916870117188
5642758125.0,	0.06219482421875,	0.09190750122070312
5642766250.0,	0.06431961059570312,	0.09208297729492188
5642774375.0,	0.06335830688476562,	0.09422683715820312
5642782500.0,	0.06121063232421875,	0.09358978271484375
5642790625.0,	0.062957763671875,	0.09225845336914062
5642798750.0,	0.0613861083984375,	0.09373855590820312
5642806875.0,	0.062084197998046875,	0.09195709228515625
5642815000.0,	0.060993194580078125,	0.09339523315429688
5642823125.0,	0.06299209594726562,	0.093017578125
5642831250.0,	0.06334304809570312,	0.09179306030273438
5642839375.0,	0.0621337890625,	0.09039306640625
5642847500.0,	0.059841156005859375,	0.09514999389648438
5642855625.0,	0.062286376953125,	0.09227371215820312
5642863750.0,	0.06313705444335938,	0.093719482421875
5642871875.0,	0.06405258178710938,	0.09122848510742188
5642880000.0,	0.06321334838867188,	0.09135055541992188
5642888125.0,	0.06479644775390625,	0.09196853637695312
5642896250.0,	0.06310653686523438,	0.09451675415039062
5642904375.0,	0.0626678466796875,	0.09469223022460938
5642912500.0,	0.06266403198242188,	0.0916748046875
5642920625.0,	0.06463623046875,	0.09263229370117188
5642928750.0,	0.06367111206054688,	0.09275436401367188
5642936875.0,	0.06422042846679688,	0.09110641479492188
5642945000.0,	0.06302642822265625,	0.09238815307617188
5642953125.0,	0.06131744384765625,	0.09188461303710938
5642961250.0,	0.062473297119140625,	0.0933685302734375
5642969375.0,	0.06429672241210938,	0.09012603759765625
5642977500.0,	0.06323623657226562,	0.09090042114257812
5642985625.0,	0.06291961669921875,	0.09303665161132812
5642993750.0,	0.06341171264648438,	0.09206771850585938
5643001875.0,	0.06554031372070312,	0.09139633178710938
5643010000.0,	0.064178466796875,	0.09090423583984375
5643018125.0,	0.06672286987304688,	0.09204864501953125
5643026250.0,	0.0631256103515625,	0.09328079223632812
5643034375.0,	0.06502532958984375,	0.09203338623046875
5643042500.0,	0.06302261352539062,	0.09143447875976562
5643050625.0,	0.0627288818359375,	0.09245681762695312
5643058750.0,	0.0658416748046875,	0.09242630004882812
5643066875.0,	0.06219482421875,	0.09302139282226562
5643075000.0,	0.0632781982421875,	0.09315872192382812
5643083125.0,	0.06437301635742188,	0.0939483642578125
5643091250.0,	0.06316375732421875,	0.09450912475585938
5643099375.0,	0.06349945068359375,	0.09259414672851562
5643107500.0,	0.06332015991210938,	0.092041015625
5643115625.0,	0.0644073486328125,	0.09330368041992188
5643123750.0,	0.064910888671875,	0.09149169921875
5643131875.0,	0.06511688232421875,	0.09262847900390625
5643140000.0,	0.06494140625,	0.09339141845703125
5643148125.0,	0.06528091430664062,	0.09336090087890625
5643156250.0,	0.06577301025390625,	0.09285736083984375
5643164375.0,	0.064727783203125,	0.0924072265625
5643172500.0,	0.06525421142578125,	0.09306716918945312
5643180625.0,	0.064178466796875,	0.09341812133789062
5643188750.0,	0.06488800048828125,	0.09251785278320312
5643196875.0,	0.06517791748046875,	0.09357833862304688
5643205000.0,	0.06379318237304688,	0.09219741821289062
5643213125.0,	0.06333160400390625,	0.0926971435546875
5643221250.0,	0.06546401977539062,	0.09151840209960938
5643229375.0,	0.06585311889648438,	0.09131622314453125
5643237500.0,	0.06762313842773438,	0.0952301025390625
5643245625.0,	0.065093994140625,	0.094390869140625
5643253750.0,	0.066619873046875,	0.09361648559570312
5643261875.0,	0.06560134887695312,	0.09283447265625
5643270000.0,	0.06470870971679688,	0.0912933349609375
5643278125.0,	0.0674896240234375,	0.09312820434570312
5643286250.0,	0.06476974487304688,	0.09498214721679688
5643294375.0,	0.06653976440429688,	0.09206390380859375
5643302500.0,	0.06444549560546875,	0.09197616577148438
5643310625.0,	0.06446075439453125,	0.09389114379882812
5643318750.0,	0.06454849243164062,	0.09321212768554688
5643326875.0,	0.06729888916015625,	0.09294891357421875
5643335000.0,	0.06716156005859375,	0.09376907348632812
5643343125.0,	0.06641387939453125,	0.093719482421875
5643351250.0,	0.06472015380859375,	0.09232711791992188
5643359375.0,	0.0656890869140625,	0.09457015991210938
5643367500.0,	0.06927108764648438,	0.09484100341796875
5643375625.0,	0.06438064575195312,	0.09346771240234375
5643383750.0,	0.06610488891601562,	0.09249496459960938
5643391875.0,	0.06699371337890625,	0.0940399169921875
5643400000.0,	0.067352294921875,	0.09532928466796875
5643408125.0,	0.06664276123046875,	0.09186172485351562
5643416250.0,	0.06601715087890625,	0.09236526489257812
5643424375.0,	0.06650543212890625,	0.09198760986328125
5643432500.0,	0.06719207763671875,	0.09015274047851562
5643440625.0,	0.06640625,	0.09462738037109375
5643448750.0,	0.06650543212890625,	0.0948944091796875
5643456875.0,	0.06470108032226562,	0.093963623046875
5643465000.0,	0.06864547729492188,	0.09310150146484375
5643473125.0,	0.06486892700195312,	0.09363174438476562
5643481250.0,	0.06642913818359375,	0.09394073486328125
5643489375.0,	0.066925048828125,	0.09328079223632812
5643497500.0,	0.06693649291992188,	0.09177780151367188
5643505625.0,	0.06531524658203125,	0.09389114379882812
5643513750.0,	0.06655120849609375,	0.0938568115234375
5643521875.0,	0.06653976440429688,	0.09429168701171875
5643530000.0,	0.0683746337890625,	0.09300994873046875
5643538125.0,	0.06644439697265625,	0.09357452392578125
5643546250.0,	0.064910888671875,	0.09341812133789062
5643554375.0,	0.06876373291015625,	0.09149169921875
5643562500.0,	0.06623458862304688,	0.09450149536132812
5643570625.0,	0.06821441650390625,	0.09380722045898438
5643578750.0,	0.06793594360351562,	0.09664154052734375
5643586875.0,	0.0677337646484375,	0.09262847900390625
5643595000.0,	0.0662689208984375,	0.09325408935546875
5643603125.0,	0.06715011596679688,	0.09446334838867188
5643611250.0,	0.06727218627929688,	0.09254837036132812
5643619375.0,	0.06687164306640625,	0.09178543090820312
5643627500.0,	0.0683746337890625,	0.09194564819335938
5643635625.0,	0.0695037841796875,	0.092987060546875
5643643750.0,	0.06693649291992188,	0.09328460693359375
5643651875.0,	0.06897735595703125,	0.09338760375976562
5643660000.0,	0.06851959228515625,	0.09333038330078125
5643668125.0,	0.06807708740234375,	0.09267425537109375
5643676250.0,	0.06690597534179688,	0.0945281982421875
5643684375.0,	0.06709671020507812,	0.09266281127929688
5643692500.0,	0.06748199462890625,	0.09179306030273438
5643700625.0,	0.06907272338867188,	0.09270095825195312
5643708750.0,	0.06846237182617188,	0.0934906005859375
5643716875.0,	0.06869125366210938,	0.094757080078125
5643725000.0,	0.0680694580078125,	0.09326553344726562
5643733125.0,	0.0670166015625,	0.09389495849609375
5643741250.0,	0.06901931762695312,	0.0951385498046875
5643749375.0,	0.06719970703125,	0.0952301025390625
5643757500.0,	0.0669708251953125,	0.09442520141601562
5643765625.0,	0.0672607421875,	0.09299468994140625
5643773750.0,	0.06895828247070312,	0.09503936767578125
5643781875.0,	0.06843948364257812,	0.09281158447265625
5643790000.0,	0.06814956665039062,	0.0948028564453125
5643798125.0,	0.06952667236328125,	0.09199905395507812
5643806250.0,	0.06827926635742188,	0.09425735473632812
5643814375.0,	0.06978988647460938,	0.09374618530273438
5643822500.0,	0.07004165649414062,	0.0962677001953125
5643830625.0,	0.06855010986328125,	0.0933837890625
5643838750.0,	0.06744384765625,	0.09536361694335938
5643846875.0,	0.0681304931640625,	0.09197998046875
5643855000.0,	0.06939697265625,	0.09378814697265625
5643863125.0,	0.06674957275390625,	0.09377288818359375
5643871250.0,	0.06986236572265625,	0.09305953979492188
5643879375.0,	0.06945037841796875,	0.0933837890625
5643887500.0,	0.07183456420898438,	0.09464645385742188
5643895625.0,	0.06845855712890625,	0.09369277954101562
5643903750.0,	0.06820297241210938,	0.09436798095703125
5643911875.0,	0.070404052734375,	0.09369659423828125
5643920000.0,	0.06874847412109375,	0.09317779541015625
5643928125.0,	0.06968307495117188,	0.0926666259765625
5643936250.0,	0.0699615478515625,	0.093505859375
5643944375.0,	0.06885528564453125,	0.0921783447265625
5643952500.0,	0.0701904296875,	0.0924072265625
5643960625.0,	0.068359375,	0.09454727172851562
5643968750.0,	0.06896209716796875,	0.092498779296875
5643976875.0,	0.0689697265625,	0.09355926513671875
5643985000.0,	0.07230758666992188,	0.093780517578125
5643993125.0,	0.06946563720703125,	0.095489501953125
5644001250.0,	0.069610595703125,	0.09328079223632812
5644009375.0,	0.06833267211914062,	0.09465408325195312
5644017500.0,	0.07014083862304688,	0.09378814697265625
5644025625.0,	0.07036972045898438,	0.09266281127929688
5644033750.0,	0.06909561157226562,	0.09668731689453125
5644041875.0,	0.068511962890625,	0.09436798095703125
5644050000.0,	0.07066726684570312,	0.09254837036132812
5644058125.0,	0.06829071044921875,	0.09377288818359375
5644066250.0,	0.07105636596679688,	0.0939178466796875
5644074375.0,	0.07046890258789062,	0.094146728515625
5644082500.0,	0.06870651245117188,	0.09389877319335938
5644090625.0,	0.06989669799804688,	0.09375
5644098750.0,	0.06929397583007812,	0.09311676025390625
5644106875.0,	0.06871795654296875,	0.09346389770507812
5644115000.0,	0.07015609741210938,	0.09330368041992188
5644123125.0,	0.07015609741210938,	0.09268951416015625
5644131250.0,	0.06919479370117188,	0.09409713745117188
5644139375.0,	0.07102584838867188,	0.0948333740234375
5644147500.0,	0.0693511962890625,	0.0955047607421875
5644155625.0,	0.07163238525390625,	0.09375762939453125
5644163750.0,	0.07038116455078125,	0.09379196166992188
5644171875.0,	0.07110977172851562,	0.09319305419921875
5644180000.0,	0.06898117065429688,	0.09337615966796875
5644188125.0,	0.0693511962890625,	0.09288787841796875
5644196250.0,	0.06906890869140625,	0.09252548217773438
5644204375.0,	0.07068252563476562,	0.09435653686523438
5644212500.0,	0.07191848754882812,	0.09410476684570312
5644220625.0,	0.0697479248046875,	0.09348678588867188
5644228750.0,	0.06848526000976562,	0.09405899047851562
5644236875.0,	0.07050323486328125,	0.095611572265625
5644245000.0,	0.06981277465820312,	0.09333419799804688
5644253125.0,	0.0695953369140625,	0.094635009765625
5644261250.0,	0.070465087890625,	0.09204864501953125
5644269375.0,	0.07039642333984375,	0.09326171875
5644277500.0,	0.0707244873046875,	0.09270095825195312
5644285625.0,	0.07262802124023438,	0.09453201293945312
5644293750.0,	0.07462692260742188,	0.09210205078125
5644301875.0,	0.07155990600585938,	0.09376907348632812
5644310000.0,	0.07059097290039062,	0.09563064575195312
5644318125.0,	0.07001876831054688,	0.09085464477539062
5644326250.0,	0.07157135009765625,	0.09252548217773438
5644334375.0,	0.06943893432617188,	0.0955657958984375
5644342500.0,	0.06981658935546875,	0.09445571899414062
5644350625.0,	0.06895828247070312,	0.092803955078125
5644358750.0,	0.07122802734375,	0.0948333740234375
5644366875.0,	0.07162857055664062,	0.09406280517578125
5644375000.0,	0.07223892211914062,	0.09367752075195312
5644383125.0,	0.0721282958984375,	0.09239578247070312
5644391250.0,	0.071502685546875,	0.09500503540039062
5644399375.0,	0.07103347778320312,	0.09381103515625
5644407500.0,	0.07294845581054688,	0.09202194213867188
5644415625.0,	0.07005691528320312,	0.09196090698242188
5644423750.0,	0.0696868896484375,	0.09460067749023438
5644431875.0,	0.07007217407226562,	0.0953369140625
5644440000.0,	0.07288742065429688,	0.09357833862304688
5644448125.0,	0.07178115844726562,	0.096771240234375
5644456250.0,	0.07045745849609375,	0.0947418212890625
5644464375.0,	0.07143402099609375,	0.09477615356445312
5644472500.0,	0.0703582763671875,	0.0954742431640625
5644480625.0,	0.07273101806640625,	0.09463882446289062
5644488750.0,	0.07213973999023438,	0.09214401245117188
5644496875.0,	0.07208633422851562,	0.0923004150390625
5644505000.0,	0.06998062133789062,	0.0935821533203125
5644513125.0,	0.07269668579101562,	0.09292984008789062
5644521250.0,	0.07288360595703125,	0.09433364868164062
5644529375.0,	0.07183074951171875,	0.09303665161132812
5644537500.0,	0.07091903686523438,	0.0933380126953125
5644545625.0,	0.07217025756835938,	0.0938568115234375
5644553750.0,	0.07314682006835938,	0.09736251831054688
5644561875.0,	0.07344818115234375,	0.09481048583984375
5644570000.0,	0.07243728637695312,	0.09410476684570312
5644578125.0,	0.07149887084960938,	0.09463119506835938
5644586250.0,	0.0719451904296875,	0.09503555297851562
5644594375.0,	0.07186126708984375,	0.09154129028320312
5644602500.0,	0.06997299194335938,	0.09288787841796875
5644610625.0,	0.0723419189453125,	0.09477996826171875
5644618750.0,	0.0733795166015625,	0.09444046020507812
5644626875.0,	0.0709228515625,	0.09336471557617188
5644635000.0,	0.07269287109375,	0.09538650512695312
5644643125.0,	0.07105636596679688,	0.09521102905273438
5644651250.0,	0.07307052612304688,	0.09259033203125
5644659375.0,	0.07206344604492188,	0.09303665161132812
5644667500.0,	0.072418212890625,	0.09559249877929688
5644675625.0,	0.0720672607421875,	0.09486007690429688
5644683750.0,	0.07277297973632812,	0.094879150390625
5644691875.0,	0.07299041748046875,	0.091827392578125
5644700000.0,	0.07029342651367188,	0.09363174438476562
5644708125.0,	0.07415771484375,	0.0957183837890625
5644716250.0,	0.0733184814453125,	0.09386062622070312
5644724375.0,	0.07330322265625,	0.09455490112304688
5644732500.0,	0.07305908203125,	0.09436798095703125
5644740625.0,	0.0735626220703125,	0.09479522705078125
5644748750.0,	0.07223892211914062,	0.09312820434570312
5644756875.0,	0.07318496704101562,	0.0946044921875
5644765000.0,	0.07396316528320312,	0.094818115234375
5644773125.0,	0.07183837890625,	0.09334564208984375
5644781250.0,	0.07357406616210938,	0.09507369995117188
5644789375.0,	0.07458114624023438,	0.09276199340820312
5644797500.0,	0.07212066650390625,	0.09525680541992188
5644805625.0,	0.07285308837890625,	0.09497833251953125
5644813750.0,	0.0726776123046875,	0.093505859375
5644821875.0,	0.07188796997070312,	0.09632492065429688
5644830000.0,	0.0725860595703125,	0.09460067749023438
5644838125.0,	0.0736846923828125,	0.09514617919921875
5644846250.0,	0.0714263916015625,	0.09426116943359375
5644854375.0,	0.07170867919921875,	0.093719482421875
5644862500.0,	0.07284164428710938,	0.094390869140625
5644870625.0,	0.07281494140625,	0.09284210205078125
5644878750.0,	0.07086181640625,	0.09509658813476562
5644886875.0,	0.07094573974609375,	0.094573974609375
5644895000.0,	0.07374191284179688,	0.09304046630859375
5644903125.0,	0.074127197265625,	0.09322738647460938
5644911250.0,	0.07280349731445312,	0.09513473510742188
5644919375.0,	0.07180404663085938,	0.09391021728515625
5644927500.0,	0.07436752319335938,	0.0941162109375
5644935625.0,	0.07471847534179688,	0.09621429443359375
5644943750.0,	0.07283401489257812,	0.09409332275390625
5644951875.0,	0.07404327392578125,	0.09553909301757812
5644960000.0,	0.07398223876953125,	0.09402084350585938
5644968125.0,	0.07493972778320312,	0.0947418212890625
5644976250.0,	0.0726318359375,	0.094696044921875
5644984375.0,	0.07417678833007812,	0.09581375122070312
5644992500.0,	0.073638916015625,	0.0948944091796875
5645000625.0,	0.07303237915039062,	0.09233474731445312
5645008750.0,	0.07228851318359375,	0.09318923950195312
5645016875.0,	0.07317733764648438,	0.09649658203125
5645025000.0,	0.0758209228515625,	0.09577560424804688
5645033125.0,	0.0744781494140625,	0.09460830688476562
5645041250.0,	0.07372283935546875,	0.09505844116210938
5645049375.0,	0.07241439819335938,	0.0917205810546875
5645057500.0,	0.07396316528320312,	0.09418869018554688
5645065625.0,	0.0745697021484375,	0.09444046020507812
5645073750.0,	0.07512664794921875,	0.09355545043945312
5645081875.0,	0.07291793823242188,	0.09497833251953125
5645090000.0,	0.07401657104492188,	0.09479522705078125
5645098125.0,	0.075408935546875,	0.09326553344726562
5645106250.0,	0.07378005981445312,	0.09446334838867188
5645114375.0,	0.07434844970703125,	0.09489822387695312
5645122500.0,	0.07427597045898438,	0.093597412109375
5645130625.0,	0.07464599609375,	0.09470748901367188
5645138750.0,	0.07489013671875,	0.095458984375
5645146875.0,	0.07270050048828125,	0.09223556518554688
5645155000.0,	0.0744171142578125,	0.09453964233398438
5645163125.0,	0.07293319702148438,	0.09503555297851562
5645171250.0,	0.07433700561523438,	0.09299850463867188
5645179375.0,	0.07452392578125,	0.09146499633789062
5645187500.0,	0.07360076904296875,	0.09420394897460938
5645195625.0,	0.07361984252929688,	0.09502029418945312
5645203750.0,	0.07452392578125,	0.09265899658203125
5645211875.0,	0.07348251342773438,	0.09316253662109375
5645220000.0,	0.07642364501953125,	0.09618377685546875
5645228125.0,	0.07411575317382812,	0.09586334228515625
5645236250.0,	0.07425689697265625,	0.0918731689453125
5645244375.0,	0.07552719116210938,	0.095977783203125
5645252500.0,	0.07872390747070312,	0.094879150390625
5645260625.0,	0.07416152954101562,	0.094085693359375
5645268750.0,	0.07583236694335938,	0.09201812744140625
5645276875.0,	0.07561492919921875,	0.0936279296875
5645285000.0,	0.0747528076171875,	0.09586334228515625
5645293125.0,	0.07551193237304688,	0.09382247924804688
5645301250.0,	0.07439041137695312,	0.09361648559570312
5645309375.0,	0.07439804077148438,	0.09277725219726562
5645317500.0,	0.07553863525390625,	0.09403610229492188
5645325625.0,	0.07258224487304688,	0.09449386596679688
5645333750.0,	0.07608795166015625,	0.0938262939453125
5645341875.0,	0.07671737670898438,	0.09284591674804688
5645350000.0,	0.07408523559570312,	0.0936279296875
5645358125.0,	0.07380294799804688,	0.095306396484375
5645366250.0,	0.07530975341796875,	0.09397125244140625
5645374375.0,	0.07571792602539062,	0.09539794921875
5645382500.0,	0.07553482055664062,	0.09387588500976562
5645390625.0,	0.07666015625,	0.0938262939453125
5645398750.0,	0.0762786865234375,	0.09495162963867188
5645406875.0,	0.07312774658203125,	0.09487533569335938
5645415000.0,	0.0757293701171875,	0.094207763671875
5645423125.0,	0.0752105712890625,	0.09460830688476562
5645431250.0,	0.0752410888671875,	0.09372329711914062
5645439375.0,	0.07418441772460938,	0.0949859619140625
5645447500.0,	0.075958251953125,	0.09312057495117188
5645455625.0,	0.0774688720703125,	0.09409713745117188
5645463750.0,	0.07408523559570312,	0.094085693359375
5645471875.0,	0.07461929321289062,	0.09630203247070312
5645480000.0,	0.07548904418945312,	0.09342575073242188
5645488125.0,	0.07427597045898438,	0.09357452392578125
5645496250.0,	0.07489776611328125,	0.09450531005859375
5645504375.0,	0.07390213012695312,	0.09429168701171875
5645512500.0,	0.07461166381835938,	0.09514617919921875
5645520625.0,	0.07358551025390625,	0.09318161010742188
5645528750.0,	0.0751495361328125,	0.09540176391601562
5645536875.0,	0.07538604736328125,	0.09398269653320312
5645545000.0,	0.07553482055664062,	0.09459686279296875
5645553125.0,	0.07555389404296875,	0.09269332885742188
5645561250.0,	0.0751190185546875,	0.09415054321289062
5645569375.0,	0.0754241943359375,	0.09547042846679688
5645577500.0,	0.07623291015625,	0.09263229370117188
5645585625.0,	0.07520675659179688,	0.09444808959960938
5645593750.0,	0.07414627075195312,	0.09572982788085938
5645601875.0,	0.07760238647460938,	0.09625244140625
5645610000.0,	0.0764617919921875,	0.0938262939453125
5645618125.0,	0.07582855224609375,	0.09395217895507812
5645626250.0,	0.0754241943359375,	0.09380340576171875
5645634375.0,	0.07374191284179688,	0.09502029418945312
5645642500.0,	0.07580184936523438,	0.09421157836914062
5645650625.0,	0.07335281372070312,	0.09449005126953125
5645658750.0,	0.075042724609375,	0.0941009521484375
5645666875.0,	0.07654190063476562,	0.0950775146484375
5645675000.0,	0.07546234130859375,	0.092926025390625
5645683125.0,	0.07729721069335938,	0.09336471557617188
5645691250.0,	0.07727813720703125,	0.09516143798828125
5645699375.0,	0.07505035400390625,	0.09427261352539062
5645707500.0,	0.07659530639648438,	0.09381866455078125
5645715625.0,	0.07598114013671875,	0.0937652587890625
5645723750.0,	0.07709121704101562,	0.0954742431640625
5645731875.0,	0.07694244384765625,	0.09276199340820312
5645740000.0,	0.076507568359375,	0.0924530029296875
5645748125.0,	0.07589340209960938,	0.09490585327148438
5645756250.0,	0.074920654296875,	0.09294891357421875
5645764375.0,	0.07481765747070312,	0.09360504150390625
5645772500.0,	0.07591629028320312,	0.09528732299804688
5645780625.0,	0.07509994506835938,	0.09375762939453125
5645788750.0,	0.07744598388671875,	0.09428787231445312
5645796875.0,	0.07793807983398438,	0.09404754638671875
5645805000.0,	0.07550811767578125,	0.0946044921875
5645813125.0,	0.07660675048828125,	0.0945892333984375
5645821250.0,	0.07544326782226562,	0.0927581787109375
5645829375.0,	0.07858657836914062,	0.09288787841796875
5645837500.0,	0.07470321655273438,	0.093170166015625
5645845625.0,	0.07583999633789062,	0.09287643432617188
5645853750.0,	0.07636260986328125,	0.09495925903320312
5645861875.0,	0.07799530029296875,	0.093719482421875
5645870000.0,	0.07689666748046875,	0.09454345703125
5645878125.0,	0.07563400268554688,	0.09152984619140625
5645886250.0,	0.07718276977539062,	0.09292984008789062
5645894375.0,	0.07475662231445312,	0.0952301025390625
5645902500.0,	0.0764312744140625,	0.092742919921875
5645910625.0,	0.07759857177734375,	0.09405136108398438
5645918750.0,	0.0766754150390625,	0.09375
5645926875.0,	0.07451629638671875,	0.09163284301757812
5645935000.0,	0.07871627807617188,	0.09444427490234375
5645943125.0,	0.07947921752929688,	0.09478759765625
5645951250.0,	0.07571029663085938,	0.09479904174804688
5645959375.0,	0.07760238647460938,	0.09267807006835938
5645967500.0,	0.0767364501953125,	0.096221923828125
5645975625.0,	0.07818603515625,	0.09286117553710938
5645983750.0,	0.07637405395507812,	0.094482421875
5645991875.0,	0.07736587524414062,	0.09449386596679688
5646000000.0,	0.077239990234375,	0.09402084350585938
