5865008125.0,	0.11880111694335938,	0.085723876953125
5865016250.0,	0.11647415161132812,	0.08788681030273438
5865024375.0,	0.117706298828125,	0.08454513549804688
5865032500.0,	0.11660385131835938,	0.08374786376953125
5865040625.0,	0.11627197265625,	0.08736419677734375
5865048750.0,	0.117218017578125,	0.08538818359375
5865056875.0,	0.11744308471679688,	0.08508682250976562
5865065000.0,	0.11502456665039062,	0.08767318725585938
5865073125.0,	0.11682891845703125,	0.08699417114257812
5865081250.0,	0.11759567260742188,	0.0863494873046875
5865089375.0,	0.11834335327148438,	0.0848388671875
5865097500.0,	0.11738967895507812,	0.08530044555664062
5865105625.0,	0.11823654174804688,	0.08591461181640625
5865113750.0,	0.12051010131835938,	0.08438491821289062
5865121875.0,	0.11647796630859375,	0.08539199829101562
5865130000.0,	0.11741256713867188,	0.08629989624023438
5865138125.0,	0.1176910400390625,	0.08496856689453125
5865146250.0,	0.11757278442382812,	0.08443832397460938
5865154375.0,	0.11800003051757812,	0.08385467529296875
5865162500.0,	0.117034912109375,	0.08266448974609375
5865170625.0,	0.11771011352539062,	0.08597564697265625
5865178750.0,	0.1170501708984375,	0.0852203369140625
5865186875.0,	0.1175537109375,	0.08551025390625
5865195000.0,	0.11791229248046875,	0.08473587036132812
5865203125.0,	0.11664199829101562,	0.08554840087890625
5865211250.0,	0.11945724487304688,	0.08435440063476562
5865219375.0,	0.1182098388671875,	0.08602142333984375
5865227500.0,	0.11872100830078125,	0.08472442626953125
5865235625.0,	0.11744308471679688,	0.08461761474609375
5865243750.0,	0.1162872314453125,	0.08382797241210938
5865251875.0,	0.12025070190429688,	0.08405303955078125
5865260000.0,	0.11937713623046875,	0.08617019653320312
5865268125.0,	0.118682861328125,	0.08353042602539062
5865276250.0,	0.11701583862304688,	0.085968017578125
5865284375.0,	0.11615371704101562,	0.08462905883789062
5865292500.0,	0.1176910400390625,	0.08397293090820312
5865300625.0,	0.11777496337890625,	0.0837860107421875
5865308750.0,	0.11753463745117188,	0.0836181640625
5865316875.0,	0.11910629272460938,	0.08596038818359375
5865325000.0,	0.11801528930664062,	0.084197998046875
5865333125.0,	0.11747360229492188,	0.08414077758789062
5865341250.0,	0.11848831176757812,	0.08502960205078125
5865349375.0,	0.11989974975585938,	0.08330154418945312
5865357500.0,	0.11920928955078125,	0.08475494384765625
5865365625.0,	0.11808395385742188,	0.08545684814453125
5865373750.0,	0.11738967895507812,	0.08253097534179688
5865381875.0,	0.1168975830078125,	0.08354568481445312
5865390000.0,	0.11919784545898438,	0.08295059204101562
5865398125.0,	0.11925506591796875,	0.08609771728515625
5865406250.0,	0.11843490600585938,	0.08369827270507812
5865414375.0,	0.1186676025390625,	0.08379745483398438
5865422500.0,	0.12038803100585938,	0.08405303955078125
5865430625.0,	0.11750030517578125,	0.08345794677734375
5865438750.0,	0.1182403564453125,	0.08191299438476562
5865446875.0,	0.11907196044921875,	0.08442306518554688
5865455000.0,	0.1181488037109375,	0.08420944213867188
5865463125.0,	0.119873046875,	0.0838470458984375
5865471250.0,	0.12180709838867188,	0.08454132080078125
5865479375.0,	0.12030410766601562,	0.08220672607421875
5865487500.0,	0.12142181396484375,	0.081298828125
5865495625.0,	0.11971664428710938,	0.0825347900390625
5865503750.0,	0.1201019287109375,	0.0840301513671875
5865511875.0,	0.120880126953125,	0.08234405517578125
5865520000.0,	0.12084579467773438,	0.08139801025390625
5865528125.0,	0.119232177734375,	0.08102035522460938
5865536250.0,	0.121337890625,	0.08258819580078125
5865544375.0,	0.11995315551757812,	0.08112335205078125
5865552500.0,	0.12242889404296875,	0.08224868774414062
5865560625.0,	0.1208038330078125,	0.08277511596679688
5865568750.0,	0.118377685546875,	0.08321380615234375
5865576875.0,	0.1207733154296875,	0.08148574829101562
5865585000.0,	0.12106704711914062,	0.08080673217773438
5865593125.0,	0.12144088745117188,	0.081451416015625
5865601250.0,	0.12111663818359375,	0.083404541015625
5865609375.0,	0.12012481689453125,	0.08233642578125
5865617500.0,	0.12024688720703125,	0.08110809326171875
5865625625.0,	0.12039947509765625,	0.08184432983398438
5865633750.0,	0.12101364135742188,	0.08011245727539062
5865641875.0,	0.119781494140625,	0.081695556640625
5865650000.0,	0.11935806274414062,	0.08164215087890625
5865658125.0,	0.12221908569335938,	0.08205795288085938
5865666250.0,	0.1208343505859375,	0.08099746704101562
5865674375.0,	0.12047195434570312,	0.08037185668945312
5865682500.0,	0.12027740478515625,	0.08053970336914062
5865690625.0,	0.122039794921875,	0.08018875122070312
5865698750.0,	0.12070083618164062,	0.08278656005859375
5865706875.0,	0.12158966064453125,	0.0794525146484375
5865715000.0,	0.1210174560546875,	0.08072662353515625
5865723125.0,	0.12088394165039062,	0.08157730102539062
5865731250.0,	0.12119293212890625,	0.0800323486328125
5865739375.0,	0.12216949462890625,	0.08054351806640625
5865747500.0,	0.12112045288085938,	0.08163070678710938
5865755625.0,	0.12256622314453125,	0.08024978637695312
5865763750.0,	0.1238861083984375,	0.08049392700195312
5865771875.0,	0.12224578857421875,	0.0805511474609375
5865780000.0,	0.121002197265625,	0.08033370971679688
5865788125.0,	0.1231842041015625,	0.08012771606445312
5865796250.0,	0.12145614624023438,	0.07935333251953125
5865804375.0,	0.12122344970703125,	0.08050537109375
5865812500.0,	0.12160491943359375,	0.08152389526367188
5865820625.0,	0.12391281127929688,	0.08152389526367188
5865828750.0,	0.11997604370117188,	0.07921218872070312
5865836875.0,	0.12137222290039062,	0.07709503173828125
5865845000.0,	0.1229400634765625,	0.08160400390625
5865853125.0,	0.121185302734375,	0.08063507080078125
5865861250.0,	0.12310791015625,	0.07936859130859375
5865869375.0,	0.12184906005859375,	0.07960891723632812
5865877500.0,	0.12289810180664062,	0.0804290771484375
5865885625.0,	0.12304306030273438,	0.08161544799804688
5865893750.0,	0.12257766723632812,	0.07830810546875
5865901875.0,	0.12249755859375,	0.07869338989257812
5865910000.0,	0.12223434448242188,	0.0772857666015625
5865918125.0,	0.12212753295898438,	0.078399658203125
5865926250.0,	0.1229248046875,	0.07826995849609375
5865934375.0,	0.12269210815429688,	0.07678985595703125
5865942500.0,	0.12215423583984375,	0.07851028442382812
5865950625.0,	0.121307373046875,	0.07746505737304688
5865958750.0,	0.123046875,	0.0787353515625
5865966875.0,	0.12380599975585938,	0.07660293579101562
5865975000.0,	0.12323379516601562,	0.07703399658203125
5865983125.0,	0.12490463256835938,	0.07851791381835938
5865991250.0,	0.12353134155273438,	0.07866287231445312
5865999375.0,	0.12407684326171875,	0.07905960083007812
5866007500.0,	0.1222686767578125,	0.07793426513671875
5866015625.0,	0.1240234375,	0.07958602905273438
5866023750.0,	0.1226654052734375,	0.07758712768554688
5866031875.0,	0.12405014038085938,	0.07834243774414062
5866040000.0,	0.12481689453125,	0.078521728515625
5866048125.0,	0.12358856201171875,	0.07670974731445312
5866056250.0,	0.12372589111328125,	0.0786590576171875
5866064375.0,	0.12595367431640625,	0.076812744140625
5866072500.0,	0.12389373779296875,	0.07737350463867188
5866080625.0,	0.1233673095703125,	0.07595062255859375
5866088750.0,	0.125762939453125,	0.0775146484375
5866096875.0,	0.125274658203125,	0.0778350830078125
5866105000.0,	0.1225433349609375,	0.07598876953125
5866113125.0,	0.12255096435546875,	0.074462890625
5866121250.0,	0.12453842163085938,	0.07806396484375
5866129375.0,	0.1253662109375,	0.0732879638671875
5866137500.0,	0.12416458129882812,	0.07521438598632812
5866145625.0,	0.12548065185546875,	0.07498931884765625
5866153750.0,	0.1247100830078125,	0.07556533813476562
5866161875.0,	0.12499237060546875,	0.07787322998046875
5866170000.0,	0.12366485595703125,	0.07525634765625
5866178125.0,	0.1259765625,	0.07617950439453125
5866186250.0,	0.1242828369140625,	0.07368850708007812
5866194375.0,	0.125335693359375,	0.07511138916015625
5866202500.0,	0.12541961669921875,	0.0749969482421875
5866210625.0,	0.1248931884765625,	0.07517623901367188
5866218750.0,	0.12287139892578125,	0.07461166381835938
5866226875.0,	0.12288665771484375,	0.074859619140625
5866235000.0,	0.1235504150390625,	0.07586288452148438
5866243125.0,	0.12551116943359375,	0.0733642578125
5866251250.0,	0.12542724609375,	0.0741729736328125
5866259375.0,	0.12740325927734375,	0.0733184814453125
5866267500.0,	0.12546539306640625,	0.0748443603515625
5866275625.0,	0.1254425048828125,	0.074615478515625
5866283750.0,	0.1259307861328125,	0.07286834716796875
5866291875.0,	0.12615203857421875,	0.0740814208984375
5866300000.0,	0.12657928466796875,	0.07256317138671875
5866308125.0,	0.1269683837890625,	0.07389068603515625
5866316250.0,	0.12494277954101562,	0.07318496704101562
5866324375.0,	0.126800537109375,	0.0727081298828125
5866332500.0,	0.12557220458984375,	0.0746002197265625
5866340625.0,	0.12772369384765625,	0.07364654541015625
5866348750.0,	0.12425994873046875,	0.0727386474609375
5866356875.0,	0.12606048583984375,	0.075103759765625
5866365000.0,	0.12670135498046875,	0.07402801513671875
5866373125.0,	0.1263275146484375,	0.07330322265625
5866381250.0,	0.12847137451171875,	0.0730743408203125
5866389375.0,	0.12680816650390625,	0.07228851318359375
5866397500.0,	0.126434326171875,	0.0725250244140625
5866405625.0,	0.1263275146484375,	0.07038116455078125
5866413750.0,	0.12616729736328125,	0.0717010498046875
5866421875.0,	0.126983642578125,	0.072021484375
5866430000.0,	0.12851715087890625,	0.0732269287109375
5866438125.0,	0.12673187255859375,	0.07358551025390625
5866446250.0,	0.1281890869140625,	0.0716552734375
5866454375.0,	0.12641143798828125,	0.07238006591796875
5866462500.0,	0.12844085693359375,	0.07202911376953125
5866470625.0,	0.1270751953125,	0.07209014892578125
5866478750.0,	0.126922607421875,	0.07166290283203125
5866486875.0,	0.12636566162109375,	0.0724945068359375
5866495000.0,	0.127410888671875,	0.07289886474609375
5866503125.0,	0.12848663330078125,	0.07181549072265625
5866511250.0,	0.1281280517578125,	0.071746826171875
5866519375.0,	0.12627410888671875,	0.0704803466796875
5866527500.0,	0.1274261474609375,	0.070159912109375
5866535625.0,	0.12793731689453125,	0.07033538818359375
5866543750.0,	0.12903594970703125,	0.07118988037109375
5866551875.0,	0.12787628173828125,	0.069610595703125
5866560000.0,	0.12659454345703125,	0.06940460205078125
5866568125.0,	0.127593994140625,	0.07051849365234375
5866576250.0,	0.12923431396484375,	0.07041168212890625
5866584375.0,	0.1269378662109375,	0.0719757080078125
5866592500.0,	0.1280059814453125,	0.0696258544921875
5866600625.0,	0.12738037109375,	0.06861114501953125
5866608750.0,	0.13018798828125,	0.071258544921875
5866616875.0,	0.128814697265625,	0.06868743896484375
5866625000.0,	0.1288604736328125,	0.06984710693359375
5866633125.0,	0.12891387939453125,	0.06867218017578125
5866641250.0,	0.130096435546875,	0.06900787353515625
5866649375.0,	0.12889862060546875,	0.067291259765625
5866657500.0,	0.12686920166015625,	0.06534576416015625
5866665625.0,	0.129486083984375,	0.0685272216796875
5866673750.0,	0.12802886962890625,	0.06690216064453125
5866681875.0,	0.12857818603515625,	0.0674591064453125
5866690000.0,	0.127685546875,	0.06877899169921875
5866698125.0,	0.1304473876953125,	0.0668182373046875
5866706250.0,	0.13055419921875,	0.068634033203125
5866714375.0,	0.12876129150390625,	0.0673370361328125
5866722500.0,	0.13054656982421875,	0.06665802001953125
5866730625.0,	0.128173828125,	0.068603515625
5866738750.0,	0.12903594970703125,	0.06610870361328125
5866746875.0,	0.13034820556640625,	0.0659332275390625
5866755000.0,	0.1283721923828125,	0.06764984130859375
5866763125.0,	0.129547119140625,	0.0670928955078125
5866771250.0,	0.12990570068359375,	0.06781005859375
5866779375.0,	0.1287994384765625,	0.0648193359375
5866787500.0,	0.12894439697265625,	0.065948486328125
5866795625.0,	0.12953948974609375,	0.0672454833984375
5866803750.0,	0.12937164306640625,	0.06578826904296875
5866811875.0,	0.13043975830078125,	0.06652069091796875
5866820000.0,	0.1288604736328125,	0.06653594970703125
5866828125.0,	0.131622314453125,	0.0650634765625
5866836250.0,	0.1296539306640625,	0.0662994384765625
5866844375.0,	0.12953948974609375,	0.06552886962890625
5866852500.0,	0.13201904296875,	0.065948486328125
5866860625.0,	0.131103515625,	0.06636810302734375
5866868750.0,	0.12967681884765625,	0.064849853515625
5866876875.0,	0.13311004638671875,	0.0649871826171875
5866885000.0,	0.130615234375,	0.06552886962890625
5866893125.0,	0.1322479248046875,	0.0637969970703125
5866901250.0,	0.13013458251953125,	0.06508636474609375
5866909375.0,	0.129241943359375,	0.06575775146484375
5866917500.0,	0.13072967529296875,	0.06795501708984375
5866925625.0,	0.13253021240234375,	0.0625152587890625
5866933750.0,	0.131866455078125,	0.06217193603515625
5866941875.0,	0.13024139404296875,	0.06391143798828125
5866950000.0,	0.1317596435546875,	0.0620574951171875
5866958125.0,	0.13097381591796875,	0.06317901611328125
5866966250.0,	0.13085174560546875,	0.06233978271484375
5866974375.0,	0.13234710693359375,	0.06285858154296875
5866982500.0,	0.1300201416015625,	0.0611724853515625
5866990625.0,	0.13232421875,	0.0620269775390625
5866998750.0,	0.13321685791015625,	0.06079864501953125
5867006875.0,	0.13268280029296875,	0.06079864501953125
5867015000.0,	0.13256072998046875,	0.06420135498046875
5867023125.0,	0.1284027099609375,	0.06316375732421875
5867031250.0,	0.13128662109375,	0.06305694580078125
5867039375.0,	0.1285552978515625,	0.06109619140625
5867047500.0,	0.12992095947265625,	0.06017303466796875
5867055625.0,	0.1312255859375,	0.05963897705078125
5867063750.0,	0.1323394775390625,	0.05914306640625
5867071875.0,	0.132568359375,	0.0611724853515625
5867080000.0,	0.1312408447265625,	0.06153106689453125
5867088125.0,	0.1320343017578125,	0.060089111328125
5867096250.0,	0.1316375732421875,	0.060150146484375
5867104375.0,	0.130767822265625,	0.05820465087890625
5867112500.0,	0.13130950927734375,	0.05939483642578125
5867120625.0,	0.1333770751953125,	0.0588531494140625
5867128750.0,	0.1328887939453125,	0.05796051025390625
5867136875.0,	0.1307525634765625,	0.059783935546875
5867145000.0,	0.133148193359375,	0.05887603759765625
5867153125.0,	0.13423919677734375,	0.0572357177734375
5867161250.0,	0.13257598876953125,	0.06006622314453125
5867169375.0,	0.13272857666015625,	0.0604095458984375
5867177500.0,	0.13507843017578125,	0.05800628662109375
5867185625.0,	0.13443756103515625,	0.0588836669921875
5867193750.0,	0.13524627685546875,	0.05640411376953125
5867201875.0,	0.1326751708984375,	0.0587310791015625
5867210000.0,	0.13226318359375,	0.05779266357421875
5867218125.0,	0.13185882568359375,	0.05609893798828125
5867226250.0,	0.1317596435546875,	0.05698394775390625
5867234375.0,	0.13080596923828125,	0.05852508544921875
5867242500.0,	0.133056640625,	0.05510711669921875
5867250625.0,	0.1346435546875,	0.05670166015625
5867258750.0,	0.13321685791015625,	0.05780029296875
5867266875.0,	0.133331298828125,	0.05401611328125
5867275000.0,	0.13431549072265625,	0.0546417236328125
5867283125.0,	0.13370513916015625,	0.05438995361328125
5867291250.0,	0.13248443603515625,	0.05419921875
5867299375.0,	0.13155364990234375,	0.05567169189453125
5867307500.0,	0.13330078125,	0.05501556396484375
5867315625.0,	0.13552093505859375,	0.054779052734375
5867323750.0,	0.1341094970703125,	0.05535125732421875
5867331875.0,	0.13344573974609375,	0.05486297607421875
5867340000.0,	0.1344146728515625,	0.0544281005859375
5867348125.0,	0.13336944580078125,	0.05248260498046875
5867356250.0,	0.13120269775390625,	0.05374908447265625
5867364375.0,	0.134521484375,	0.05464935302734375
5867372500.0,	0.1327972412109375,	0.05071258544921875
5867380625.0,	0.13237762451171875,	0.0524749755859375
5867388750.0,	0.1331634521484375,	0.05504608154296875
5867396875.0,	0.13176727294921875,	0.0549468994140625
5867405000.0,	0.13387298583984375,	0.05234527587890625
5867413125.0,	0.13433837890625,	0.05263519287109375
5867421250.0,	0.1324462890625,	0.05104827880859375
5867429375.0,	0.13413238525390625,	0.05121612548828125
5867437500.0,	0.13381195068359375,	0.05171966552734375
5867445625.0,	0.134613037109375,	0.05173492431640625
5867453750.0,	0.13323211669921875,	0.05033111572265625
5867461875.0,	0.134490966796875,	0.0507049560546875
5867470000.0,	0.13616943359375,	0.0530548095703125
5867478125.0,	0.1344451904296875,	0.0498199462890625
5867486250.0,	0.1318206787109375,	0.05059814453125
5867494375.0,	0.13327789306640625,	0.0476226806640625
5867502500.0,	0.13655853271484375,	0.04840087890625
5867510625.0,	0.13459014892578125,	0.04863739013671875
5867518750.0,	0.1361541748046875,	0.04784393310546875
5867526875.0,	0.13283538818359375,	0.04778289794921875
5867535000.0,	0.13297271728515625,	0.046966552734375
5867543125.0,	0.1337432861328125,	0.04708099365234375
5867551250.0,	0.13542938232421875,	0.0460662841796875
5867559375.0,	0.133880615234375,	0.047760009765625
5867567500.0,	0.1349639892578125,	0.0445556640625
5867575625.0,	0.1339874267578125,	0.04742431640625
5867583750.0,	0.1363372802734375,	0.045684814453125
5867591875.0,	0.13443756103515625,	0.0452880859375
5867600000.0,	0.13580322265625,	0.04729461669921875
5867608125.0,	0.13365936279296875,	0.04549407958984375
5867616250.0,	0.13427734375,	0.044586181640625
5867624375.0,	0.13580322265625,	0.0465850830078125
5867632500.0,	0.1345977783203125,	0.0443115234375
5867640625.0,	0.13416290283203125,	0.04334259033203125
5867648750.0,	0.13384246826171875,	0.04364776611328125
5867656875.0,	0.1334686279296875,	0.04557037353515625
5867665000.0,	0.13344573974609375,	0.0423736572265625
5867673125.0,	0.13555908203125,	0.041900634765625
5867681250.0,	0.13524627685546875,	0.04204559326171875
5867689375.0,	0.13442230224609375,	0.04254913330078125
5867697500.0,	0.13675689697265625,	0.04158782958984375
5867705625.0,	0.1366424560546875,	0.04095458984375
5867713750.0,	0.1337738037109375,	0.0404815673828125
5867721875.0,	0.13527679443359375,	0.0423431396484375
5867730000.0,	0.13404083251953125,	0.0397491455078125
5867738125.0,	0.13726806640625,	0.0421142578125
5867746250.0,	0.1347808837890625,	0.0420684814453125
5867754375.0,	0.1348724365234375,	0.0403289794921875
5867762500.0,	0.1334228515625,	0.040191650390625
5867770625.0,	0.1357269287109375,	0.03989410400390625
5867778750.0,	0.135162353515625,	0.0402679443359375
5867786875.0,	0.1370697021484375,	0.04095458984375
5867795000.0,	0.1355133056640625,	0.03887176513671875
5867803125.0,	0.134552001953125,	0.0370635986328125
5867811250.0,	0.13550567626953125,	0.03749847412109375
5867819375.0,	0.13626861572265625,	0.03704071044921875
5867827500.0,	0.13550567626953125,	0.03653717041015625
5867835625.0,	0.1341705322265625,	0.036712646484375
5867843750.0,	0.137054443359375,	0.03632354736328125
5867851875.0,	0.1371002197265625,	0.037078857421875
5867860000.0,	0.13640594482421875,	0.0355224609375
5867868125.0,	0.13637542724609375,	0.0372314453125
5867876250.0,	0.1338653564453125,	0.0361785888671875
5867884375.0,	0.13443756103515625,	0.03514862060546875
5867892500.0,	0.1338653564453125,	0.034393310546875
5867900625.0,	0.13413238525390625,	0.03501129150390625
5867908750.0,	0.13486480712890625,	0.03395843505859375
5867916875.0,	0.13592529296875,	0.032806396484375
5867925000.0,	0.13314056396484375,	0.032806396484375
5867933125.0,	0.134490966796875,	0.032867431640625
5867941250.0,	0.134185791015625,	0.033935546875
5867949375.0,	0.1350555419921875,	0.0332794189453125
5867957500.0,	0.13680267333984375,	0.0321502685546875
5867965625.0,	0.13547515869140625,	0.032684326171875
5867973750.0,	0.135284423828125,	0.02931976318359375
5867981875.0,	0.1347503662109375,	0.03058624267578125
5867990000.0,	0.13336944580078125,	0.0293731689453125
5867998125.0,	0.13437652587890625,	0.030120849609375
5868006250.0,	0.13384246826171875,	0.0312652587890625
5868014375.0,	0.1365509033203125,	0.03185272216796875
5868022500.0,	0.13370513916015625,	0.03113555908203125
5868030625.0,	0.13433837890625,	0.02970123291015625
5868038750.0,	0.1348419189453125,	0.0286865234375
5868046875.0,	0.13497161865234375,	0.0297088623046875
5868055000.0,	0.134521484375,	0.02626800537109375
5868063125.0,	0.1320953369140625,	0.02864837646484375
5868071250.0,	0.13530731201171875,	0.02734375
5868079375.0,	0.13507843017578125,	0.0274658203125
5868087500.0,	0.13459014892578125,	0.02532958984375
5868095625.0,	0.13451385498046875,	0.02734375
5868103750.0,	0.134307861328125,	0.02652740478515625
5868111875.0,	0.13150787353515625,	0.025390625
5868120000.0,	0.1333160400390625,	0.02738189697265625
5868128125.0,	0.1334381103515625,	0.02614593505859375
5868136250.0,	0.1316680908203125,	0.024505615234375
5868144375.0,	0.13356781005859375,	0.024261474609375
5868152500.0,	0.13372802734375,	0.0245513916015625
5868160625.0,	0.13352203369140625,	0.0242919921875
5868168750.0,	0.13269805908203125,	0.02471160888671875
5868176875.0,	0.13269805908203125,	0.02428436279296875
5868185000.0,	0.13367462158203125,	0.02313995361328125
5868193125.0,	0.13184356689453125,	0.0227813720703125
5868201250.0,	0.13280487060546875,	0.0229644775390625
5868209375.0,	0.13274383544921875,	0.02154541015625
5868217500.0,	0.13245391845703125,	0.02214813232421875
5868225625.0,	0.134521484375,	0.020965576171875
5868233750.0,	0.13201904296875,	0.01904296875
5868241875.0,	0.1320037841796875,	0.01949310302734375
5868250000.0,	0.13297271728515625,	0.020172119140625
5868258125.0,	0.1328125,	0.019287109375
5868266250.0,	0.13165283203125,	0.018890380859375
5868274375.0,	0.12917327880859375,	0.01786041259765625
5868282500.0,	0.13098907470703125,	0.01842498779296875
5868290625.0,	0.13094329833984375,	0.019378662109375
5868298750.0,	0.13232421875,	0.01711273193359375
5868306875.0,	0.1313934326171875,	0.01628875732421875
5868315000.0,	0.13128662109375,	0.01596832275390625
5868323125.0,	0.1310577392578125,	0.01543426513671875
5868331250.0,	0.12967681884765625,	0.01636505126953125
5868339375.0,	0.13006591796875,	0.015472412109375
5868347500.0,	0.1293182373046875,	0.016998291015625
5868355625.0,	0.12975311279296875,	0.015228271484375
5868363750.0,	0.12946319580078125,	0.01355743408203125
5868371875.0,	0.13214111328125,	0.012451171875
5868380000.0,	0.12918853759765625,	0.01448822021484375
5868388125.0,	0.1306304931640625,	0.013824462890625
5868396250.0,	0.1285552978515625,	0.01483154296875
5868404375.0,	0.1275787353515625,	0.0126190185546875
5868412500.0,	0.12856292724609375,	0.011199951171875
5868420625.0,	0.12963104248046875,	0.0106201171875
5868428750.0,	0.12740325927734375,	0.0101165771484375
5868436875.0,	0.128021240234375,	0.01123046875
5868445000.0,	0.128021240234375,	0.00954437255859375
5868453125.0,	0.12752532958984375,	0.00972747802734375
5868461250.0,	0.12601470947265625,	0.01001739501953125
5868469375.0,	0.12699127197265625,	0.0066375732421875
5868477500.0,	0.12786865234375,	0.0085906982421875
5868485625.0,	0.12740325927734375,	0.00623321533203125
5868493750.0,	0.1262664794921875,	0.00597381591796875
5868501875.0,	0.12648773193359375,	0.00543212890625
5868510000.0,	0.1261138916015625,	0.006103515625
5868518125.0,	0.12631988525390625,	0.004730224609375
5868526250.0,	0.12741851806640625,	0.005584716796875
5868534375.0,	0.12486648559570312,	0.004123687744140625
5868542500.0,	0.127227783203125,	0.00420379638671875
5868550625.0,	0.124969482421875,	0.00344085693359375
5868558750.0,	0.12575531005859375,	0.0022735595703125
5868566875.0,	0.12447738647460938,	0.002605438232421875
5868575000.0,	0.12240219116210938,	0.00350189208984375
5868583125.0,	0.12248611450195312,	0.001811981201171875
5868591250.0,	0.1255645751953125,	0.00152587890625
5868599375.0,	0.124786376953125,	0.002040863037109375
5868607500.0,	0.12296295166015625,	0.001934051513671875
5868615625.0,	0.12334823608398438,	0.00116729736328125
5868623750.0,	0.12266921997070312,	0.0023193359375
5868631875.0,	0.12166976928710938,	0.000690460205078125
5868640000.0,	0.12170028686523438,	0.00054168701171875
5868648125.0,	0.12223434448242188,	-0.00054168701171875
5868656250.0,	0.12110137939453125,	0.0018768310546875
5868664375.0,	0.12187957763671875,	-0.002857208251953125
5868672500.0,	0.12152862548828125,	-0.000827789306640625
5868680625.0,	0.12056732177734375,	-0.002796173095703125
5868688750.0,	0.11966323852539062,	-0.0031280517578125
5868696875.0,	0.11970901489257812,	-0.00249481201171875
5868705000.0,	0.12139511108398438,	-0.001007080078125
5868713125.0,	0.12068939208984375,	-0.0045928955078125
5868721250.0,	0.12027359008789062,	-0.004848480224609375
5868729375.0,	0.11910629272460938,	-0.00568389892578125
5868737500.0,	0.1164703369140625,	-0.00299835205078125
5868745625.0,	0.11722183227539062,	-0.006969451904296875
5868753750.0,	0.11434173583984375,	-0.00589752197265625
5868761875.0,	0.11590576171875,	-0.00659942626953125
5868770000.0,	0.11673355102539062,	-0.004974365234375
5868778125.0,	0.11450576782226562,	-0.007587432861328125
5868786250.0,	0.116790771484375,	-0.007930755615234375
5868794375.0,	0.11616897583007812,	-0.006885528564453125
5868802500.0,	0.11574935913085938,	-0.00574493408203125
5868810625.0,	0.11533737182617188,	-0.008514404296875
5868818750.0,	0.11613082885742188,	-0.0075531005859375
5868826875.0,	0.1125640869140625,	-0.010784149169921875
5868835000.0,	0.11275863647460938,	-0.0107421875
5868843125.0,	0.11288070678710938,	-0.009059906005859375
5868851250.0,	0.11148834228515625,	-0.01094818115234375
5868859375.0,	0.11225509643554688,	-0.0101165771484375
5868867500.0,	0.11159133911132812,	-0.01274871826171875
5868875625.0,	0.11264419555664062,	-0.01053619384765625
5868883750.0,	0.11325836181640625,	-0.010753631591796875
5868891875.0,	0.11002349853515625,	-0.0134429931640625
5868900000.0,	0.10973739624023438,	-0.0123443603515625
5868908125.0,	0.10909652709960938,	-0.0118255615234375
5868916250.0,	0.10971450805664062,	-0.015132904052734375
5868924375.0,	0.10768508911132812,	-0.0145416259765625
5868932500.0,	0.10747909545898438,	-0.0136871337890625
5868940625.0,	0.106475830078125,	-0.016521453857421875
5868948750.0,	0.10735702514648438,	-0.0137176513671875
5868956875.0,	0.10633468627929688,	-0.01363372802734375
5868965000.0,	0.10861968994140625,	-0.01432037353515625
5868973125.0,	0.1043243408203125,	-0.0161285400390625
5868981250.0,	0.1039581298828125,	-0.016979217529296875
5868989375.0,	0.10591888427734375,	-0.01692962646484375
5868997500.0,	0.10505294799804688,	-0.016643524169921875
5869005625.0,	0.10243988037109375,	-0.01712799072265625
5869013750.0,	0.10396957397460938,	-0.01720428466796875
5869021875.0,	0.10166549682617188,	-0.016956329345703125
5869030000.0,	0.10286712646484375,	-0.01894378662109375
5869038125.0,	0.10115432739257812,	-0.01819610595703125
5869046250.0,	0.10045242309570312,	-0.019863128662109375
5869054375.0,	0.100982666015625,	-0.020893096923828125
5869062500.0,	0.0985565185546875,	-0.0175018310546875
5869070625.0,	0.1012420654296875,	-0.019252777099609375
5869078750.0,	0.09787368774414062,	-0.019741058349609375
5869086875.0,	0.09722137451171875,	-0.019535064697265625
5869095000.0,	0.09741592407226562,	-0.019809722900390625
5869103125.0,	0.097686767578125,	-0.02184295654296875
5869111250.0,	0.0988006591796875,	-0.021060943603515625
5869119375.0,	0.09682846069335938,	-0.02237701416015625
5869127500.0,	0.09311676025390625,	-0.021984100341796875
5869135625.0,	0.09454727172851562,	-0.020458221435546875
5869143750.0,	0.0941009521484375,	-0.021350860595703125
5869151875.0,	0.0928802490234375,	-0.022129058837890625
5869160000.0,	0.09488677978515625,	-0.02252960205078125
5869168125.0,	0.09248733520507812,	-0.023258209228515625
5869176250.0,	0.09148406982421875,	-0.024394989013671875
5869184375.0,	0.09258270263671875,	-0.021820068359375
5869192500.0,	0.08992385864257812,	-0.02272796630859375
5869200625.0,	0.09082794189453125,	-0.02416229248046875
5869208750.0,	0.0898284912109375,	-0.024139404296875
5869216875.0,	0.08926773071289062,	-0.022495269775390625
5869225000.0,	0.08927536010742188,	-0.023960113525390625
5869233125.0,	0.087738037109375,	-0.02225494384765625
5869241250.0,	0.087738037109375,	-0.025211334228515625
5869249375.0,	0.08697509765625,	-0.02507781982421875
5869257500.0,	0.08487319946289062,	-0.02452850341796875
5869265625.0,	0.08275985717773438,	-0.02548980712890625
5869273750.0,	0.08562850952148438,	-0.02870941162109375
5869281875.0,	0.08288192749023438,	-0.023319244384765625
5869290000.0,	0.08101654052734375,	-0.025226593017578125
5869298125.0,	0.082275390625,	-0.02564239501953125
5869306250.0,	0.08208084106445312,	-0.0242462158203125
5869314375.0,	0.082122802734375,	-0.026195526123046875
5869322500.0,	0.07903289794921875,	-0.026493072509765625
5869330625.0,	0.07897567749023438,	-0.02535247802734375
5869338750.0,	0.07927703857421875,	-0.02634429931640625
5869346875.0,	0.07932662963867188,	-0.02819061279296875
5869355000.0,	0.07545852661132812,	-0.026214599609375
5869363125.0,	0.07998275756835938,	-0.025653839111328125
5869371250.0,	0.0762481689453125,	-0.027034759521484375
5869379375.0,	0.0750885009765625,	-0.02632904052734375
5869387500.0,	0.07622909545898438,	-0.0279693603515625
5869395625.0,	0.07271957397460938,	-0.028995513916015625
5869403750.0,	0.07526397705078125,	-0.02779388427734375
5869411875.0,	0.07577133178710938,	-0.027507781982421875
5869420000.0,	0.07407379150390625,	-0.026691436767578125
5869428125.0,	0.07091140747070312,	-0.02843475341796875
5869436250.0,	0.07033157348632812,	-0.02948760986328125
5869444375.0,	0.06836700439453125,	-0.0286407470703125
5869452500.0,	0.06851577758789062,	-0.026554107666015625
5869460625.0,	0.07219314575195312,	-0.027706146240234375
5869468750.0,	0.06826019287109375,	-0.0272369384765625
5869476875.0,	0.0691680908203125,	-0.027378082275390625
5869485000.0,	0.06867218017578125,	-0.02780914306640625
5869493125.0,	0.06828689575195312,	-0.028133392333984375
5869501250.0,	0.06458663940429688,	-0.027881622314453125
5869509375.0,	0.0633392333984375,	-0.02878570556640625
5869517500.0,	0.06432723999023438,	-0.02692413330078125
5869525625.0,	0.06487274169921875,	-0.024463653564453125
5869533750.0,	0.06452178955078125,	-0.026805877685546875
5869541875.0,	0.0643157958984375,	-0.026882171630859375
5869550000.0,	0.061382293701171875,	-0.02613067626953125
5869558125.0,	0.06088066101074219,	-0.026502609252929688
5869566250.0,	0.05937004089355469,	-0.028636932373046875
5869574375.0,	0.0602874755859375,	-0.02727508544921875
5869582500.0,	0.06050300598144531,	-0.02667236328125
5869590625.0,	0.05907249450683594,	-0.026676177978515625
5869598750.0,	0.05903816223144531,	-0.027126312255859375
5869606875.0,	0.05987739562988281,	-0.025770187377929688
5869615000.0,	0.0566558837890625,	-0.027599334716796875
5869623125.0,	0.05768585205078125,	-0.026195526123046875
5869631250.0,	0.05550193786621094,	-0.026399612426757812
5869639375.0,	0.054195404052734375,	-0.0240478515625
5869647500.0,	0.056461334228515625,	-0.026273727416992188
5869655625.0,	0.05246162414550781,	-0.0265655517578125
5869663750.0,	0.052707672119140625,	-0.024957656860351562
5869671875.0,	0.0526885986328125,	-0.027982711791992188
5869680000.0,	0.051860809326171875,	-0.0257415771484375
5869688125.0,	0.050136566162109375,	-0.026098251342773438
5869696250.0,	0.04916954040527344,	-0.026153564453125
5869704375.0,	0.048648834228515625,	-0.028339385986328125
5869712500.0,	0.04895591735839844,	-0.026098251342773438
5869720625.0,	0.049022674560546875,	-0.0255126953125
5869728750.0,	0.04895782470703125,	-0.023769378662109375
5869736875.0,	0.04708099365234375,	-0.025432586669921875
5869745000.0,	0.04524803161621094,	-0.022779464721679688
5869753125.0,	0.04720497131347656,	-0.024129867553710938
5869761250.0,	0.04501152038574219,	-0.024518966674804688
5869769375.0,	0.04427146911621094,	-0.02393341064453125
5869777500.0,	0.04526710510253906,	-0.025423049926757812
5869785625.0,	0.04578971862792969,	-0.024137496948242188
5869793750.0,	0.045169830322265625,	-0.021244049072265625
5869801875.0,	0.04202461242675781,	-0.022470474243164062
5869810000.0,	0.04101371765136719,	-0.0216827392578125
5869818125.0,	0.04420280456542969,	-0.022977828979492188
5869826250.0,	0.04100990295410156,	-0.023870468139648438
5869834375.0,	0.040164947509765625,	-0.02011871337890625
5869842500.0,	0.04044532775878906,	-0.021345138549804688
5869850625.0,	0.03898811340332031,	-0.022077560424804688
5869858750.0,	0.03833770751953125,	-0.020620346069335938
5869866875.0,	0.0385894775390625,	-0.018693923950195312
5869875000.0,	0.03853034973144531,	-0.020732879638671875
5869883125.0,	0.0348358154296875,	-0.02147674560546875
5869891250.0,	0.035144805908203125,	-0.017580032348632812
5869899375.0,	0.03395271301269531,	-0.018915176391601562
5869907500.0,	0.03453636169433594,	-0.018840789794921875
5869915625.0,	0.03369712829589844,	-0.017742156982421875
5869923750.0,	0.03423500061035156,	-0.019182205200195312
5869931875.0,	0.033702850341796875,	-0.015949249267578125
5869940000.0,	0.03232383728027344,	-0.016920089721679688
5869948125.0,	0.0318145751953125,	-0.018556594848632812
5869956250.0,	0.02973461151123047,	-0.017002105712890625
5869964375.0,	0.030193328857421875,	-0.016257286071777344
5869972500.0,	0.02952098846435547,	-0.0151519775390625
5869980625.0,	0.03058910369873047,	-0.01575756072998047
5869988750.0,	0.029283523559570312,	-0.016516685485839844
5869996875.0,	0.029649734497070312,	-0.013848304748535156
5870005000.0,	0.02909564971923828,	-0.0117950439453125
5870013125.0,	0.029048919677734375,	-0.014057159423828125
5870021250.0,	0.028125762939453125,	-0.014192581176757812
5870029375.0,	0.024412155151367188,	-0.0132904052734375
5870037500.0,	0.02451038360595703,	-0.01313018798828125
5870045625.0,	0.025086402893066406,	-0.013642311096191406
5870053750.0,	0.024352073669433594,	-0.011110305786132812
5870061875.0,	0.02304553985595703,	-0.012781143188476562
5870070000.0,	0.023771286010742188,	-0.0102691650390625
5870078125.0,	0.0253143310546875,	-0.011214256286621094
5870086250.0,	0.024038314819335938,	-0.012076377868652344
5870094375.0,	0.02219867706298828,	-0.011473655700683594
5870102500.0,	0.021330833435058594,	-0.0076923370361328125
5870110625.0,	0.02206134796142578,	-0.009589195251464844
5870118750.0,	0.022745132446289062,	-0.00888824462890625
5870126875.0,	0.02356243133544922,	-0.00675201416015625
5870135000.0,	0.020005226135253906,	-0.008336067199707031
5870143125.0,	0.018468856811523438,	-0.009479522705078125
5870151250.0,	0.018843650817871094,	-0.007319450378417969
5870159375.0,	0.020224571228027344,	-0.006168365478515625
5870167500.0,	0.019127845764160156,	-0.006670951843261719
5870175625.0,	0.01804828643798828,	-0.0052852630615234375
5870183750.0,	0.01930713653564453,	-0.005448341369628906
5870191875.0,	0.02037525177001953,	-0.00547027587890625
5870200000.0,	0.016875267028808594,	-0.005381584167480469
5870208125.0,	0.01599597930908203,	-0.0049839019775390625
5870216250.0,	0.017742156982421875,	-0.00461578369140625
5870224375.0,	0.016361236572265625,	-0.0030641555786132812
5870232500.0,	0.016486167907714844,	-0.0022134780883789062
5870240625.0,	0.01731395721435547,	-0.004408836364746094
5870248750.0,	0.01638317108154297,	-0.0013303756713867188
5870256875.0,	0.01583576202392578,	-0.0029449462890625
5870265000.0,	0.01451253890991211,	-0.0024056434631347656
5870273125.0,	0.014331817626953125,	-0.00030994415283203125
5870281250.0,	0.013813018798828125,	-0.0006861686706542969
5870289375.0,	0.015408515930175781,	-0.001583099365234375
5870297500.0,	0.012524604797363281,	-0.0009136199951171875
5870305625.0,	0.013582229614257812,	6.389617919921875e-05
5870313750.0,	0.011111259460449219,	0.0025892257690429688
5870321875.0,	0.01150655746459961,	0.0013728141784667969
5870330000.0,	0.013630390167236328,	0.0009999275207519531
5870338125.0,	0.012030601501464844,	0.0007510185241699219
5870346250.0,	0.012166976928710938,	0.003089427947998047
5870354375.0,	0.010210514068603516,	0.00061798095703125
5870362500.0,	0.011478424072265625,	0.0030794143676757812
5870370625.0,	0.012337684631347656,	0.004753589630126953
5870378750.0,	0.01174783706665039,	0.00345611572265625
5870386875.0,	0.009987831115722656,	0.0059146881103515625
5870395000.0,	0.01013946533203125,	0.0070095062255859375
5870403125.0,	0.009055137634277344,	0.004044532775878906
5870411250.0,	0.009986400604248047,	0.006573200225830078
5870419375.0,	0.009044647216796875,	0.005854129791259766
5870427500.0,	0.009352684020996094,	0.005726337432861328
5870435625.0,	0.006587982177734375,	0.00732731819152832
5870443750.0,	0.008544445037841797,	0.008273124694824219
5870451875.0,	0.0074634552001953125,	0.008285999298095703
5870460000.0,	0.006776332855224609,	0.010265827178955078
5870468125.0,	0.0068111419677734375,	0.010539531707763672
5870476250.0,	0.0072174072265625,	0.010343074798583984
5870484375.0,	0.006710052490234375,	0.008563518524169922
5870492500.0,	0.008710384368896484,	0.011770248413085938
5870500625.0,	0.0072784423828125,	0.011978626251220703
5870508750.0,	0.007358551025390625,	0.010478973388671875
5870516875.0,	0.0071735382080078125,	0.010784149169921875
5870525000.0,	0.006733894348144531,	0.012629508972167969
5870533125.0,	0.006058692932128906,	0.00958108901977539
5870541250.0,	0.006255149841308594,	0.014617919921875
5870549375.0,	0.004788875579833984,	0.01439523696899414
5870557500.0,	0.006997108459472656,	0.015891075134277344
5870565625.0,	0.004467964172363281,	0.014851093292236328
5870573750.0,	0.006101131439208984,	0.015337944030761719
5870581875.0,	0.005726814270019531,	0.015575408935546875
5870590000.0,	0.0040035247802734375,	0.015592575073242188
5870598125.0,	0.00682830810546875,	0.01705646514892578
5870606250.0,	0.0059032440185546875,	0.017586708068847656
5870614375.0,	0.0012578964233398438,	0.016150474548339844
5870622500.0,	0.0022945404052734375,	0.0191497802734375
5870630625.0,	0.0031681060791015625,	0.01647472381591797
5870638750.0,	0.003582000732421875,	0.02041149139404297
5870646875.0,	0.0042133331298828125,	0.01922893524169922
5870655000.0,	0.003997802734375,	0.021582603454589844
5870663125.0,	0.002346038818359375,	0.01877117156982422
5870671250.0,	0.0032567977905273438,	0.020926475524902344
5870679375.0,	0.0059032440185546875,	0.02393627166748047
5870687500.0,	0.0025348663330078125,	0.02188873291015625
5870695625.0,	0.004843711853027344,	0.023041725158691406
5870703750.0,	0.0027990341186523438,	0.0218658447265625
5870711875.0,	0.0024576187133789062,	0.025020599365234375
5870720000.0,	0.00232696533203125,	0.021884918212890625
5870728125.0,	0.003952980041503906,	0.023801803588867188
5870736250.0,	0.0027856826782226562,	0.02480602264404297
5870744375.0,	-0.0006618499755859375,	0.025257110595703125
5870752500.0,	0.0024976730346679688,	0.025732040405273438
5870760625.0,	0.0034666061401367188,	0.024515151977539062
5870768750.0,	0.002899169921875,	0.024332046508789062
5870776875.0,	0.0018749237060546875,	0.02546215057373047
5870785000.0,	0.0008649826049804688,	0.026342391967773438
5870793125.0,	0.0010881423950195312,	0.02606964111328125
5870801250.0,	0.0011148452758789062,	0.027306556701660156
5870809375.0,	0.00232696533203125,	0.02547931671142578
5870817500.0,	0.0011720657348632812,	0.028474807739257812
5870825625.0,	0.0027256011962890625,	0.02712535858154297
5870833750.0,	0.0006322860717773438,	0.028745651245117188
5870841875.0,	0.0013780593872070312,	0.02868938446044922
5870850000.0,	0.0005426406860351562,	0.028903961181640625
5870858125.0,	-0.0010499954223632812,	0.02960205078125
5870866250.0,	0.001049041748046875,	0.03169059753417969
5870874375.0,	-6.67572021484375e-05,	0.031121253967285156
5870882500.0,	0.0003814697265625,	0.03284454345703125
5870890625.0,	0.0022373199462890625,	0.03255271911621094
5870898750.0,	0.000385284423828125,	0.03257179260253906
5870906875.0,	0.0044994354248046875,	0.03391456604003906
5870915000.0,	0.0010585784912109375,	0.03190803527832031
5870923125.0,	0.0004119873046875,	0.0333099365234375
5870931250.0,	0.0011692047119140625,	0.03197479248046875
5870939375.0,	-0.000370025634765625,	0.03446388244628906
5870947500.0,	-0.0006198883056640625,	0.03551673889160156
5870955625.0,	0.0005168914794921875,	0.03619575500488281
5870963750.0,	0.0008716583251953125,	0.03480339050292969
5870971875.0,	0.0006084442138671875,	0.035449981689453125
5870980000.0,	-0.0009784698486328125,	0.038166046142578125
5870988125.0,	-0.00026702880859375,	0.036518096923828125
5870996250.0,	0.001262664794921875,	0.03699684143066406
5871004375.0,	0.00074005126953125,	0.03680610656738281
5871012500.0,	0.00104522705078125,	0.03688812255859375
5871020625.0,	-0.000469207763671875,	0.03990364074707031
5871028750.0,	0.0017375946044921875,	0.03699684143066406
5871036875.0,	-0.000751495361328125,	0.037220001220703125
5871045000.0,	-0.0001964569091796875,	0.03808021545410156
5871053125.0,	-0.00091552734375,	0.0388946533203125
5871061250.0,	0.0015716552734375,	0.03885078430175781
5871069375.0,	0.001331329345703125,	0.04010581970214844
5871077500.0,	0.0018367767333984375,	0.03940582275390625
5871085625.0,	0.00099945068359375,	0.040454864501953125
5871093750.0,	0.000782012939453125,	0.039791107177734375
5871101875.0,	0.0008296966552734375,	0.04015541076660156
5871110000.0,	0.0002231597900390625,	0.04105377197265625
5871118125.0,	-0.0009632110595703125,	0.03981781005859375
5871126250.0,	0.0011444091796875,	0.043323516845703125
5871134375.0,	0.0016937255859375,	0.041179656982421875
5871142500.0,	0.0003757476806640625,	0.04348564147949219
5871150625.0,	0.0006351470947265625,	0.04453468322753906
5871158750.0,	0.0009746551513671875,	0.043426513671875
5871166875.0,	-6.103515625e-05,	0.04337310791015625
5871175000.0,	0.000164031982421875,	0.04356956481933594
5871183125.0,	-0.0008869171142578125,	0.04492950439453125
5871191250.0,	0.002620697021484375,	0.044464111328125
5871199375.0,	0.0004119873046875,	0.045665740966796875
5871207500.0,	0.000438690185546875,	0.044528961181640625
5871215625.0,	0.001979827880859375,	0.04698371887207031
5871223750.0,	0.0012912750244140625,	0.04467201232910156
5871231875.0,	0.002166748046875,	0.044216156005859375
5871240000.0,	0.0006923675537109375,	0.04833412170410156
5871248125.0,	0.0029296875,	0.04758262634277344
5871256250.0,	0.00229644775390625,	0.04782676696777344
5871264375.0,	0.0013790130615234375,	0.04779624938964844
5871272500.0,	0.0009250640869140625,	0.04645538330078125
5871280625.0,	-0.001003265380859375,	0.049396514892578125
5871288750.0,	-0.0011005401611328125,	0.048854827880859375
5871296875.0,	0.001461029052734375,	0.05033302307128906
5871305000.0,	0.0018024444580078125,	0.05049896240234375
5871313125.0,	0.000579833984375,	0.05107879638671875
5871321250.0,	-0.00048828125,	0.04972648620605469
5871329375.0,	0.0012073516845703125,	0.0500030517578125
5871337500.0,	0.0018749237060546875,	0.05166053771972656
5871345625.0,	0.0026836395263671875,	0.05307579040527344
5871353750.0,	0.0012035369873046875,	0.052227020263671875
5871361875.0,	0.0021209716796875,	0.05094146728515625
5871370000.0,	0.0004367828369140625,	0.05271339416503906
5871378125.0,	-8.20159912109375e-05,	0.05373382568359375
5871386250.0,	0.0029449462890625,	0.05295562744140625
5871394375.0,	0.002105712890625,	0.052600860595703125
5871402500.0,	0.0026187896728515625,	0.05296897888183594
5871410625.0,	0.000125885009765625,	0.053585052490234375
5871418750.0,	0.0023651123046875,	0.052196502685546875
5871426875.0,	0.0012187957763671875,	0.05433082580566406
5871435000.0,	0.0036220550537109375,	0.052768707275390625
5871443125.0,	4.57763671875e-05,	0.05408477783203125
5871451250.0,	0.001667022705078125,	0.05643653869628906
5871459375.0,	0.0018329620361328125,	0.05634117126464844
5871467500.0,	0.00140380859375,	0.05421257019042969
5871475625.0,	0.0013103485107421875,	0.05470848083496094
5871483750.0,	0.0039119720458984375,	0.053661346435546875
5871491875.0,	0.0018062591552734375,	0.0551910400390625
5871500000.0,	0.0034313201904296875,	0.058185577392578125
5871508125.0,	0.0040607452392578125,	0.05700492858886719
5871516250.0,	0.0023365020751953125,	0.05688285827636719
5871524375.0,	0.003376007080078125,	0.0571441650390625
5871532500.0,	0.0012302398681640625,	0.05774688720703125
5871540625.0,	0.002315521240234375,	0.056640625
5871548750.0,	0.0010776519775390625,	0.057586669921875
5871556875.0,	0.0027523040771484375,	0.05947303771972656
5871565000.0,	0.0018711090087890625,	0.058345794677734375
5871573125.0,	0.003204345703125,	0.058292388916015625
5871581250.0,	0.0025005340576171875,	0.05988502502441406
5871589375.0,	0.0018291473388671875,	0.05898284912109375
5871597500.0,	0.0018367767333984375,	0.0596771240234375
5871605625.0,	0.002399444580078125,	0.059505462646484375
5871613750.0,	0.002716064453125,	0.060733795166015625
5871621875.0,	0.0039196014404296875,	0.059642791748046875
5871630000.0,	0.003528594970703125,	0.05985450744628906
5871638125.0,	0.002910614013671875,	0.059757232666015625
5871646250.0,	0.0046405792236328125,	0.062221527099609375
5871654375.0,	0.0037937164306640625,	0.060718536376953125
5871662500.0,	0.003459930419921875,	0.06072425842285156
5871670625.0,	0.0054492950439453125,	0.06124687194824219
5871678750.0,	0.0038967132568359375,	0.06241035461425781
5871686875.0,	0.003650665283203125,	0.06287002563476562
5871695000.0,	0.004558563232421875,	0.06228065490722656
5871703125.0,	0.002178192138671875,	0.0625457763671875
5871711250.0,	0.005359649658203125,	0.06236457824707031
5871719375.0,	0.00458526611328125,	0.06251907348632812
5871727500.0,	0.003406524658203125,	0.06270217895507812
5871735625.0,	0.00566864013671875,	0.06374359130859375
5871743750.0,	0.003841400146484375,	0.06486892700195312
5871751875.0,	0.006069183349609375,	0.06452178955078125
5871760000.0,	0.00437164306640625,	0.06476974487304688
5871768125.0,	0.00588226318359375,	0.06415557861328125
5871776250.0,	0.004383087158203125,	0.06375503540039062
5871784375.0,	0.004215240478515625,	0.0631256103515625
5871792500.0,	0.004535675048828125,	0.06595611572265625
5871800625.0,	0.003086090087890625,	0.06635284423828125
5871808750.0,	0.005817413330078125,	0.06531143188476562
5871816875.0,	0.0072021484375,	0.06688690185546875
5871825000.0,	0.005214691162109375,	0.06659698486328125
5871833125.0,	0.003734588623046875,	0.06584930419921875
5871841250.0,	0.007587432861328125,	0.066802978515625
5871849375.0,	0.00533294677734375,	0.06615066528320312
5871857500.0,	0.0045318603515625,	0.066131591796875
5871865625.0,	0.00588226318359375,	0.06603240966796875
5871873750.0,	0.006359100341796875,	0.067413330078125
5871881875.0,	0.005756378173828125,	0.06607437133789062
5871890000.0,	0.00669097900390625,	0.06769943237304688
5871898125.0,	0.006134033203125,	0.06751251220703125
5871906250.0,	0.004726409912109375,	0.06835174560546875
5871914375.0,	0.006420135498046875,	0.06854248046875
5871922500.0,	0.00662994384765625,	0.0693817138671875
5871930625.0,	0.005924224853515625,	0.06873321533203125
5871938750.0,	0.007320404052734375,	0.0680389404296875
5871946875.0,	0.005947113037109375,	0.06924819946289062
5871955000.0,	0.0075531005859375,	0.06890106201171875
5871963125.0,	0.006389617919921875,	0.0691375732421875
5871971250.0,	0.006610870361328125,	0.06923675537109375
5871979375.0,	0.00560760498046875,	0.0710601806640625
5871987500.0,	0.008594512939453125,	0.0709075927734375
5871995625.0,	0.0058441162109375,	0.07009124755859375
5872003750.0,	0.00751495361328125,	0.07035064697265625
5872011875.0,	0.0066680908203125,	0.06917953491210938
5872020000.0,	0.006656646728515625,	0.069915771484375
5872028125.0,	0.007709503173828125,	0.07289886474609375
5872036250.0,	0.0102081298828125,	0.07302474975585938
5872044375.0,	0.007953643798828125,	0.07318496704101562
5872052500.0,	0.00665283203125,	0.0711822509765625
5872060625.0,	0.008758544921875,	0.0727691650390625
5872068750.0,	0.008625030517578125,	0.07236862182617188
5872076875.0,	0.008953094482421875,	0.07097244262695312
5872085000.0,	0.00795745849609375,	0.07080459594726562
5872093125.0,	0.006221771240234375,	0.0725860595703125
5872101250.0,	0.00864410400390625,	0.0731048583984375
5872109375.0,	0.006927490234375,	0.07424545288085938
5872117500.0,	0.00666046142578125,	0.0722198486328125
5872125625.0,	0.008289337158203125,	0.07306289672851562
5872133750.0,	0.008945465087890625,	0.07339859008789062
5872141875.0,	0.010646820068359375,	0.07263946533203125
5872150000.0,	0.00756072998046875,	0.07431793212890625
5872158125.0,	0.0081024169921875,	0.07532119750976562
5872166250.0,	0.00962066650390625,	0.07433700561523438
5872174375.0,	0.0087890625,	0.07439804077148438
5872182500.0,	0.01125335693359375,	0.07570648193359375
5872190625.0,	0.00804901123046875,	0.07368850708007812
5872198750.0,	0.01018524169921875,	0.07350540161132812
5872206875.0,	0.00983428955078125,	0.07410430908203125
5872215000.0,	0.01090240478515625,	0.07440567016601562
5872223125.0,	0.010890960693359375,	0.07387161254882812
5872231250.0,	0.01110076904296875,	0.07487869262695312
5872239375.0,	0.008625030517578125,	0.07526397705078125
5872247500.0,	0.01100921630859375,	0.07390975952148438
5872255625.0,	0.008625030517578125,	0.0747528076171875
5872263750.0,	0.009674072265625,	0.07525634765625
5872271875.0,	0.010250091552734375,	0.0757904052734375
5872280000.0,	0.009265899658203125,	0.07523345947265625
5872288125.0,	0.010349273681640625,	0.07757568359375
5872296250.0,	0.010772705078125,	0.07789230346679688
5872304375.0,	0.012706756591796875,	0.07641220092773438
5872312500.0,	0.01042938232421875,	0.07677841186523438
5872320625.0,	0.0113067626953125,	0.07683181762695312
5872328750.0,	0.01285552978515625,	0.07745742797851562
5872336875.0,	0.009777069091796875,	0.07807159423828125
5872345000.0,	0.0100860595703125,	0.075469970703125
5872353125.0,	0.01171112060546875,	0.0758056640625
5872361250.0,	0.01117706298828125,	0.07718658447265625
5872369375.0,	0.012477874755859375,	0.07841110229492188
5872377500.0,	0.0112457275390625,	0.07788848876953125
5872385625.0,	0.0105743408203125,	0.07510757446289062
5872393750.0,	0.009368896484375,	0.0788726806640625
5872401875.0,	0.012050628662109375,	0.07566070556640625
5872410000.0,	0.012630462646484375,	0.07886505126953125
5872418125.0,	0.012660980224609375,	0.07757568359375
5872426250.0,	0.011890411376953125,	0.0778656005859375
5872434375.0,	0.011730194091796875,	0.07819366455078125
5872442500.0,	0.011142730712890625,	0.078765869140625
5872450625.0,	0.012180328369140625,	0.07712936401367188
5872458750.0,	0.011898040771484375,	0.07958602905273438
5872466875.0,	0.01251983642578125,	0.0787353515625
5872475000.0,	0.013080596923828125,	0.07794952392578125
5872483125.0,	0.0132598876953125,	0.0780181884765625
5872491250.0,	0.011875152587890625,	0.079345703125
5872499375.0,	0.013492584228515625,	0.07912826538085938
5872507500.0,	0.01200103759765625,	0.07967758178710938
5872515625.0,	0.011333465576171875,	0.07840347290039062
5872523750.0,	0.011974334716796875,	0.0806121826171875
5872531875.0,	0.011943817138671875,	0.08105087280273438
5872540000.0,	0.013965606689453125,	0.07964706420898438
5872548125.0,	0.014148712158203125,	0.08014297485351562
5872556250.0,	0.012531280517578125,	0.0813446044921875
5872564375.0,	0.01280975341796875,	0.081085205078125
5872572500.0,	0.012302398681640625,	0.08148574829101562
5872580625.0,	0.01363372802734375,	0.08062744140625
5872588750.0,	0.0130767822265625,	0.07968902587890625
5872596875.0,	0.015071868896484375,	0.07904052734375
5872605000.0,	0.014675140380859375,	0.07986068725585938
5872613125.0,	0.01369476318359375,	0.07997894287109375
5872621250.0,	0.011852264404296875,	0.07954788208007812
5872629375.0,	0.01351165771484375,	0.08153915405273438
5872637500.0,	0.0142364501953125,	0.07965850830078125
5872645625.0,	0.014987945556640625,	0.08149337768554688
5872653750.0,	0.013492584228515625,	0.08286285400390625
5872661875.0,	0.013111114501953125,	0.080810546875
5872670000.0,	0.0148773193359375,	0.0826873779296875
5872678125.0,	0.0153656005859375,	0.08306121826171875
5872686250.0,	0.01529693603515625,	0.0808563232421875
5872694375.0,	0.014652252197265625,	0.0815582275390625
5872702500.0,	0.013492584228515625,	0.08226776123046875
5872710625.0,	0.01650238037109375,	0.08083724975585938
5872718750.0,	0.013248443603515625,	0.08396148681640625
5872726875.0,	0.01305389404296875,	0.0835113525390625
5872735000.0,	0.01490020751953125,	0.08285903930664062
5872743125.0,	0.015293121337890625,	0.08331680297851562
5872751250.0,	0.016811370849609375,	0.08337783813476562
5872759375.0,	0.01488494873046875,	0.08522415161132812
5872767500.0,	0.01628875732421875,	0.0853424072265625
5872775625.0,	0.01784515380859375,	0.0849456787109375
5872783750.0,	0.015476226806640625,	0.08412933349609375
5872791875.0,	0.015735626220703125,	0.08405303955078125
5872800000.0,	0.015956878662109375,	0.08228683471679688
5872808125.0,	0.015430450439453125,	0.0835113525390625
5872816250.0,	0.0173797607421875,	0.08320236206054688
5872824375.0,	0.01617431640625,	0.08438873291015625
5872832500.0,	0.018238067626953125,	0.08395004272460938
5872840625.0,	0.01514434814453125,	0.08407974243164062
5872848750.0,	0.015972137451171875,	0.08573150634765625
5872856875.0,	0.015232086181640625,	0.08415985107421875
5872865000.0,	0.01721954345703125,	0.08325958251953125
5872873125.0,	0.017425537109375,	0.08571243286132812
5872881250.0,	0.0164947509765625,	0.08429718017578125
5872889375.0,	0.01738739013671875,	0.08491897583007812
5872897500.0,	0.016788482666015625,	0.08478927612304688
5872905625.0,	0.016338348388671875,	0.08425521850585938
5872913750.0,	0.016845703125,	0.08567428588867188
5872921875.0,	0.016963958740234375,	0.08163833618164062
5872930000.0,	0.0164337158203125,	0.0853271484375
5872938125.0,	0.018177032470703125,	0.08582305908203125
5872946250.0,	0.0177154541015625,	0.08447265625
5872954375.0,	0.01853179931640625,	0.08498001098632812
5872962500.0,	0.017242431640625,	0.085052490234375
5872970625.0,	0.0179595947265625,	0.08646774291992188
5872978750.0,	0.018276214599609375,	0.08686065673828125
5872986875.0,	0.0201873779296875,	0.08648300170898438
5872995000.0,	0.016025543212890625,	0.08720016479492188
5873003125.0,	0.01723480224609375,	0.08442306518554688
5873011250.0,	0.01593017578125,	0.08577728271484375
5873019375.0,	0.020298004150390625,	0.08606719970703125
5873027500.0,	0.0185699462890625,	0.08550262451171875
5873035625.0,	0.016216278076171875,	0.08684921264648438
5873043750.0,	0.01837921142578125,	0.08693313598632812
5873051875.0,	0.020435333251953125,	0.088531494140625
5873060000.0,	0.018169403076171875,	0.08596038818359375
5873068125.0,	0.019855499267578125,	0.08713531494140625
5873076250.0,	0.018726348876953125,	0.08752059936523438
5873084375.0,	0.018260955810546875,	0.085174560546875
5873092500.0,	0.018310546875,	0.08597183227539062
5873100625.0,	0.018795013427734375,	0.0865478515625
5873108750.0,	0.01685333251953125,	0.087615966796875
5873116875.0,	0.018894195556640625,	0.08828353881835938
5873125000.0,	0.019840240478515625,	0.08718490600585938
5873133125.0,	0.01851654052734375,	0.08845138549804688
5873141250.0,	0.01876068115234375,	0.08685684204101562
5873149375.0,	0.02014923095703125,	0.08713150024414062
5873157500.0,	0.018909454345703125,	0.08732986450195312
5873165625.0,	0.01926422119140625,	0.0868072509765625
5873173750.0,	0.020351409912109375,	0.08925247192382812
5873181875.0,	0.018894195556640625,	0.08931350708007812
5873190000.0,	0.01953125,	0.08940887451171875
5873198125.0,	0.017612457275390625,	0.08857345581054688
5873206250.0,	0.019916534423828125,	0.08758544921875
5873214375.0,	0.0187225341796875,	0.08812713623046875
5873222500.0,	0.020809173583984375,	0.08710098266601562
5873230625.0,	0.0209503173828125,	0.0898284912109375
5873238750.0,	0.020984649658203125,	0.088836669921875
5873246875.0,	0.019458770751953125,	0.09118270874023438
5873255000.0,	0.020801544189453125,	0.08908462524414062
5873263125.0,	0.021480560302734375,	0.088348388671875
5873271250.0,	0.01934814453125,	0.09003448486328125
5873279375.0,	0.021251678466796875,	0.08826828002929688
5873287500.0,	0.020069122314453125,	0.08976364135742188
5873295625.0,	0.01996612548828125,	0.0909881591796875
5873303750.0,	0.021831512451171875,	0.09009170532226562
5873311875.0,	0.019786834716796875,	0.08821487426757812
5873320000.0,	0.020465850830078125,	0.09107589721679688
5873328125.0,	0.01850128173828125,	0.08809280395507812
5873336250.0,	0.019725799560546875,	0.08925628662109375
5873344375.0,	0.018627166748046875,	0.09041213989257812
5873352500.0,	0.022914886474609375,	0.08867645263671875
5873360625.0,	0.022090911865234375,	0.090728759765625
5873368750.0,	0.021404266357421875,	0.0898590087890625
5873376875.0,	0.0226898193359375,	0.09072113037109375
5873385000.0,	0.0218505859375,	0.08873748779296875
5873393125.0,	0.021633148193359375,	0.09142684936523438
5873401250.0,	0.022434234619140625,	0.09113311767578125
5873409375.0,	0.022754669189453125,	0.08876419067382812
5873417500.0,	0.021976470947265625,	0.09059906005859375
5873425625.0,	0.02210235595703125,	0.09064865112304688
5873433750.0,	0.021648406982421875,	0.08986663818359375
5873441875.0,	0.02032470703125,	0.09117889404296875
5873450000.0,	0.020233154296875,	0.09071731567382812
5873458125.0,	0.021602630615234375,	0.09006881713867188
5873466250.0,	0.023189544677734375,	0.09212112426757812
5873474375.0,	0.020465850830078125,	0.09049224853515625
5873482500.0,	0.02356719970703125,	0.09161758422851562
5873490625.0,	0.020618438720703125,	0.09052658081054688
5873498750.0,	0.02335357666015625,	0.09051895141601562
5873506875.0,	0.02095794677734375,	0.09111785888671875
5873515000.0,	0.021511077880859375,	0.09041595458984375
5873523125.0,	0.0218963623046875,	0.08995437622070312
5873531250.0,	0.02199554443359375,	0.091766357421875
5873539375.0,	0.02315521240234375,	0.09222793579101562
5873547500.0,	0.022434234619140625,	0.09106063842773438
5873555625.0,	0.022655487060546875,	0.0930938720703125
5873563750.0,	0.02416229248046875,	0.09003829956054688
5873571875.0,	0.02423858642578125,	0.09144210815429688
5873580000.0,	0.0221405029296875,	0.09344863891601562
5873588125.0,	0.025058746337890625,	0.09173583984375
5873596250.0,	0.023334503173828125,	0.0930938720703125
5873604375.0,	0.022487640380859375,	0.09264755249023438
5873612500.0,	0.023590087890625,	0.09075164794921875
5873620625.0,	0.024631500244140625,	0.09027862548828125
5873628750.0,	0.022098541259765625,	0.09091949462890625
5873636875.0,	0.023372650146484375,	0.09173202514648438
5873645000.0,	0.02474212646484375,	0.0940093994140625
5873653125.0,	0.022464752197265625,	0.09563827514648438
5873661250.0,	0.025302886962890625,	0.09220123291015625
5873669375.0,	0.02301025390625,	0.09041213989257812
5873677500.0,	0.02407073974609375,	0.09230804443359375
5873685625.0,	0.02338409423828125,	0.09352493286132812
5873693750.0,	0.02277374267578125,	0.09564971923828125
5873701875.0,	0.023101806640625,	0.09455490112304688
5873710000.0,	0.025287628173828125,	0.09351730346679688
5873718125.0,	0.02602386474609375,	0.09134674072265625
5873726250.0,	0.023761749267578125,	0.09077835083007812
5873734375.0,	0.023529052734375,	0.09335708618164062
5873742500.0,	0.0247039794921875,	0.09348297119140625
5873750625.0,	0.02487945556640625,	0.09462738037109375
5873758750.0,	0.023761749267578125,	0.092010498046875
5873766875.0,	0.0247650146484375,	0.09292221069335938
5873775000.0,	0.025089263916015625,	0.09270477294921875
5873783125.0,	0.02559661865234375,	0.09141921997070312
5873791250.0,	0.023967742919921875,	0.09241104125976562
5873799375.0,	0.026042938232421875,	0.09199142456054688
5873807500.0,	0.0269622802734375,	0.0946502685546875
5873815625.0,	0.02533721923828125,	0.09299087524414062
5873823750.0,	0.024044036865234375,	0.09251022338867188
5873831875.0,	0.026493072509765625,	0.09212875366210938
5873840000.0,	0.025775909423828125,	0.09275436401367188
5873848125.0,	0.02797698974609375,	0.09277725219726562
5873856250.0,	0.026042938232421875,	0.09431838989257812
5873864375.0,	0.024158477783203125,	0.09422683715820312
5873872500.0,	0.0275726318359375,	0.09421920776367188
5873880625.0,	0.02429962158203125,	0.09308624267578125
5873888750.0,	0.023845672607421875,	0.09104537963867188
5873896875.0,	0.026180267333984375,	0.09406280517578125
5873905000.0,	0.027271270751953125,	0.09486007690429688
5873913125.0,	0.026031494140625,	0.09520339965820312
5873921250.0,	0.026409149169921875,	0.09357070922851562
5873929375.0,	0.026271820068359375,	0.09434890747070312
5873937500.0,	0.027690887451171875,	0.0958251953125
5873945625.0,	0.025508880615234375,	0.09295654296875
5873953750.0,	0.027729034423828125,	0.09279632568359375
5873961875.0,	0.026226043701171875,	0.09386825561523438
5873970000.0,	0.024623870849609375,	0.094635009765625
5873978125.0,	0.026187896728515625,	0.09490966796875
5873986250.0,	0.025638580322265625,	0.0944976806640625
5873994375.0,	0.027866363525390625,	0.09466171264648438
5874002500.0,	0.02750396728515625,	0.09582901000976562
5874010625.0,	0.025909423828125,	0.09650039672851562
5874018750.0,	0.0250701904296875,	0.09585952758789062
5874026875.0,	0.027130126953125,	0.09577178955078125
5874035000.0,	0.02701568603515625,	0.09631729125976562
5874043125.0,	0.027515411376953125,	0.09659576416015625
5874051250.0,	0.026275634765625,	0.09440231323242188
5874059375.0,	0.026027679443359375,	0.0940704345703125
5874067500.0,	0.026660919189453125,	0.09675979614257812
5874075625.0,	0.027217864990234375,	0.09581375122070312
5874083750.0,	0.027736663818359375,	0.0942840576171875
5874091875.0,	0.02671051025390625,	0.09475326538085938
5874100000.0,	0.0269622802734375,	0.0959930419921875
5874108125.0,	0.027050018310546875,	0.09465408325195312
5874116250.0,	0.027313232421875,	0.0975799560546875
5874124375.0,	0.02880096435546875,	0.09619522094726562
5874132500.0,	0.02791595458984375,	0.09592056274414062
5874140625.0,	0.027252197265625,	0.09557723999023438
5874148750.0,	0.02752685546875,	0.09585952758789062
5874156875.0,	0.026508331298828125,	0.0959320068359375
5874165000.0,	0.0266265869140625,	0.09641265869140625
5874173125.0,	0.02826690673828125,	0.09619140625
5874181250.0,	0.0280914306640625,	0.0946197509765625
5874189375.0,	0.027858734130859375,	0.09580230712890625
5874197500.0,	0.027927398681640625,	0.09554290771484375
5874205625.0,	0.02877044677734375,	0.09521102905273438
5874213750.0,	0.030323028564453125,	0.09577560424804688
5874221875.0,	0.0259857177734375,	0.095245361328125
5874230000.0,	0.027721405029296875,	0.09789657592773438
5874238125.0,	0.0287322998046875,	0.09517669677734375
5874246250.0,	0.02852630615234375,	0.09563064575195312
5874254375.0,	0.028797149658203125,	0.09601974487304688
5874262500.0,	0.0276031494140625,	0.09447479248046875
5874270625.0,	0.029109954833984375,	0.09616851806640625
5874278750.0,	0.028106689453125,	0.09706497192382812
5874286875.0,	0.027828216552734375,	0.09486007690429688
5874295000.0,	0.029926300048828125,	0.09796905517578125
5874303125.0,	0.027812957763671875,	0.09655380249023438
5874311250.0,	0.0301055908203125,	0.09618377685546875
5874319375.0,	0.02764892578125,	0.09461593627929688
5874327500.0,	0.030551910400390625,	0.09727859497070312
5874335625.0,	0.030059814453125,	0.09485626220703125
5874343750.0,	0.028293609619140625,	0.09814834594726562
5874351875.0,	0.027545928955078125,	0.0965728759765625
5874360000.0,	0.030120849609375,	0.09633255004882812
5874368125.0,	0.028778076171875,	0.09740447998046875
5874376250.0,	0.02718353271484375,	0.0977630615234375
5874384375.0,	0.02976226806640625,	0.09851455688476562
5874392500.0,	0.02764892578125,	0.09819412231445312
5874400625.0,	0.028499603271484375,	0.09861373901367188
5874408750.0,	0.029972076416015625,	0.09418106079101562
5874416875.0,	0.02854156494140625,	0.09923553466796875
5874425000.0,	0.02899169921875,	0.09910964965820312
5874433125.0,	0.029369354248046875,	0.09707260131835938
5874441250.0,	0.028289794921875,	0.09508132934570312
5874449375.0,	0.029323577880859375,	0.0979766845703125
5874457500.0,	0.028667449951171875,	0.09767532348632812
5874465625.0,	0.02971649169921875,	0.09817123413085938
5874473750.0,	0.029407501220703125,	0.09618759155273438
5874481875.0,	0.0296478271484375,	0.09554672241210938
5874490000.0,	0.0287628173828125,	0.096527099609375
5874498125.0,	0.030185699462890625,	0.09825515747070312
5874506250.0,	0.030498504638671875,	0.0980682373046875
5874514375.0,	0.028827667236328125,	0.09716033935546875
5874522500.0,	0.03000640869140625,	0.09754562377929688
5874530625.0,	0.0305023193359375,	0.09672927856445312
5874538750.0,	0.030132293701171875,	0.09701156616210938
5874546875.0,	0.02988433837890625,	0.09539031982421875
5874555000.0,	0.029521942138671875,	0.09750747680664062
5874563125.0,	0.030132293701171875,	0.09809494018554688
5874571250.0,	0.0317840576171875,	0.09971237182617188
5874579375.0,	0.03069305419921875,	0.0979766845703125
5874587500.0,	0.0315093994140625,	0.09880447387695312
5874595625.0,	0.02925872802734375,	0.09775161743164062
5874603750.0,	0.030918121337890625,	0.0969390869140625
5874611875.0,	0.029865264892578125,	0.09857940673828125
5874620000.0,	0.03108978271484375,	0.10069656372070312
5874628125.0,	0.030670166015625,	0.097259521484375
5874636250.0,	0.033267974853515625,	0.09847259521484375
5874644375.0,	0.030536651611328125,	0.09930801391601562
5874652500.0,	0.029186248779296875,	0.09690093994140625
5874660625.0,	0.03092193603515625,	0.09856033325195312
5874668750.0,	0.031253814697265625,	0.0987548828125
5874676875.0,	0.03075408935546875,	0.09874725341796875
5874685000.0,	0.029544830322265625,	0.09807205200195312
5874693125.0,	0.03021240234375,	0.09609222412109375
5874701250.0,	0.032047271728515625,	0.09835052490234375
5874709375.0,	0.03067779541015625,	0.09869003295898438
5874717500.0,	0.029022216796875,	0.09856033325195312
5874725625.0,	0.0311126708984375,	0.0989990234375
5874733750.0,	0.03093719482421875,	0.09839630126953125
5874741875.0,	0.0304412841796875,	0.10098648071289062
5874750000.0,	0.0316619873046875,	0.09858322143554688
5874758125.0,	0.031940460205078125,	0.09716415405273438
5874766250.0,	0.03301239013671875,	0.09931182861328125
5874774375.0,	0.03153228759765625,	0.0985870361328125
5874782500.0,	0.032825469970703125,	0.09853744506835938
5874790625.0,	0.031810760498046875,	0.09779739379882812
5874798750.0,	0.03038787841796875,	0.09763336181640625
5874806875.0,	0.029994964599609375,	0.10071563720703125
5874815000.0,	0.032634735107421875,	0.09848403930664062
5874823125.0,	0.03340911865234375,	0.09944915771484375
5874831250.0,	0.0335540771484375,	0.0970306396484375
5874839375.0,	0.034786224365234375,	0.1006622314453125
5874847500.0,	0.033603668212890625,	0.09791183471679688
5874855625.0,	0.03206634521484375,	0.0991363525390625
5874863750.0,	0.030834197998046875,	0.0995941162109375
5874871875.0,	0.034526824951171875,	0.09887313842773438
5874880000.0,	0.0339813232421875,	0.09894561767578125
5874888125.0,	0.032245635986328125,	0.0987701416015625
5874896250.0,	0.031589508056640625,	0.09894180297851562
5874904375.0,	0.034358978271484375,	0.10076904296875
5874912500.0,	0.032741546630859375,	0.10023880004882812
5874920625.0,	0.034000396728515625,	0.100372314453125
5874928750.0,	0.033657073974609375,	0.097442626953125
5874936875.0,	0.0323486328125,	0.10000991821289062
5874945000.0,	0.033756256103515625,	0.09801864624023438
5874953125.0,	0.0345001220703125,	0.1003570556640625
5874961250.0,	0.032405853271484375,	0.09979248046875
5874969375.0,	0.033344268798828125,	0.10033798217773438
5874977500.0,	0.03399658203125,	0.09962081909179688
5874985625.0,	0.03205108642578125,	0.09894943237304688
5874993750.0,	0.032344818115234375,	0.09970474243164062
5875001875.0,	0.035186767578125,	0.09981536865234375
5875010000.0,	0.0338897705078125,	0.10055160522460938
5875018125.0,	0.031742095947265625,	0.09772491455078125
5875026250.0,	0.0337982177734375,	0.09824371337890625
5875034375.0,	0.032222747802734375,	0.09793853759765625
5875042500.0,	0.03258514404296875,	0.0986328125
5875050625.0,	0.03466033935546875,	0.10015869140625
5875058750.0,	0.03484344482421875,	0.10196685791015625
5875066875.0,	0.034393310546875,	0.10123062133789062
5875075000.0,	0.031856536865234375,	0.10083389282226562
5875083125.0,	0.032665252685546875,	0.09827041625976562
5875091250.0,	0.0315704345703125,	0.09941864013671875
5875099375.0,	0.033817291259765625,	0.10082626342773438
5875107500.0,	0.0325775146484375,	0.099456787109375
5875115625.0,	0.0316925048828125,	0.09877777099609375
5875123750.0,	0.032512664794921875,	0.10038375854492188
5875131875.0,	0.03270721435546875,	0.099517822265625
5875140000.0,	0.03505706787109375,	0.0990753173828125
5875148125.0,	0.033054351806640625,	0.102935791015625
5875156250.0,	0.033466339111328125,	0.10058975219726562
5875164375.0,	0.034374237060546875,	0.1010894775390625
5875172500.0,	0.03472137451171875,	0.09962081909179688
5875180625.0,	0.03238677978515625,	0.10122299194335938
5875188750.0,	0.033351898193359375,	0.0984954833984375
5875196875.0,	0.032787322998046875,	0.101470947265625
5875205000.0,	0.0330352783203125,	0.10029220581054688
5875213125.0,	0.038204193115234375,	0.09947967529296875
5875221250.0,	0.032649993896484375,	0.09868240356445312
5875229375.0,	0.034633636474609375,	0.1006011962890625
5875237500.0,	0.03426361083984375,	0.10158157348632812
5875245625.0,	0.035198211669921875,	0.09963226318359375
5875253750.0,	0.03350067138671875,	0.1017303466796875
5875261875.0,	0.0349273681640625,	0.1019287109375
5875270000.0,	0.03337860107421875,	0.0986175537109375
5875278125.0,	0.0348968505859375,	0.10079574584960938
5875286250.0,	0.03542327880859375,	0.10123062133789062
5875294375.0,	0.033039093017578125,	0.1009368896484375
5875302500.0,	0.03423309326171875,	0.1007843017578125
5875310625.0,	0.033733367919921875,	0.10085678100585938
5875318750.0,	0.034648895263671875,	0.1016998291015625
5875326875.0,	0.033313751220703125,	0.10018539428710938
5875335000.0,	0.03731536865234375,	0.10114288330078125
5875343125.0,	0.035411834716796875,	0.10074996948242188
5875351250.0,	0.034412384033203125,	0.1017913818359375
5875359375.0,	0.033092498779296875,	0.10101318359375
5875367500.0,	0.033176422119140625,	0.1021881103515625
5875375625.0,	0.033725738525390625,	0.10140609741210938
5875383750.0,	0.033054351806640625,	0.10003662109375
5875391875.0,	0.035289764404296875,	0.10009002685546875
5875400000.0,	0.035442352294921875,	0.10030364990234375
5875408125.0,	0.0353546142578125,	0.10122299194335938
5875416250.0,	0.034809112548828125,	0.1006317138671875
5875424375.0,	0.03565216064453125,	0.10005569458007812
5875432500.0,	0.035350799560546875,	0.10027313232421875
5875440625.0,	0.034526824951171875,	0.10118865966796875
5875448750.0,	0.03533172607421875,	0.10312271118164062
5875456875.0,	0.03497314453125,	0.10251617431640625
5875465000.0,	0.034214019775390625,	0.101470947265625
5875473125.0,	0.0342864990234375,	0.10171890258789062
5875481250.0,	0.036258697509765625,	0.10171890258789062
5875489375.0,	0.0350341796875,	0.10088729858398438
5875497500.0,	0.03369140625,	0.10132980346679688
5875505625.0,	0.036701202392578125,	0.10397720336914062
5875513750.0,	0.033046722412109375,	0.10337066650390625
5875521875.0,	0.035007476806640625,	0.10152816772460938
5875530000.0,	0.036136627197265625,	0.100921630859375
5875538125.0,	0.03577423095703125,	0.10042190551757812
5875546250.0,	0.035434722900390625,	0.102508544921875
5875554375.0,	0.036701202392578125,	0.10217666625976562
5875562500.0,	0.035892486572265625,	0.10211563110351562
5875570625.0,	0.035915374755859375,	0.10107040405273438
5875578750.0,	0.03607177734375,	0.1018218994140625
5875586875.0,	0.038005828857421875,	0.10164260864257812
5875595000.0,	0.03382110595703125,	0.10326385498046875
5875603125.0,	0.036060333251953125,	0.10073471069335938
5875611250.0,	0.0371246337890625,	0.104278564453125
5875619375.0,	0.036258697509765625,	0.1014251708984375
5875627500.0,	0.03578948974609375,	0.10158157348632812
5875635625.0,	0.035015106201171875,	0.102691650390625
5875643750.0,	0.036663055419921875,	0.10345458984375
5875651875.0,	0.0336456298828125,	0.10207366943359375
5875660000.0,	0.034915924072265625,	0.10200881958007812
5875668125.0,	0.034912109375,	0.10359573364257812
5875676250.0,	0.03682708740234375,	0.10227584838867188
5875684375.0,	0.037532806396484375,	0.10002899169921875
5875692500.0,	0.034229278564453125,	0.10223388671875
5875700625.0,	0.037017822265625,	0.1015777587890625
5875708750.0,	0.037242889404296875,	0.10248184204101562
5875716875.0,	0.037624359130859375,	0.10260009765625
5875725000.0,	0.03557586669921875,	0.10108184814453125
5875733125.0,	0.03855133056640625,	0.10171127319335938
5875741250.0,	0.037811279296875,	0.10187911987304688
5875749375.0,	0.034793853759765625,	0.10160446166992188
5875757500.0,	0.035503387451171875,	0.10077285766601562
5875765625.0,	0.036098480224609375,	0.10181427001953125
5875773750.0,	0.0380859375,	0.10332489013671875
5875781875.0,	0.03614044189453125,	0.10162734985351562
5875790000.0,	0.03638458251953125,	0.10242080688476562
5875798125.0,	0.036529541015625,	0.10235977172851562
5875806250.0,	0.03842926025390625,	0.10228729248046875
5875814375.0,	0.03847503662109375,	0.10242843627929688
5875822500.0,	0.038326263427734375,	0.1021728515625
5875830625.0,	0.036052703857421875,	0.10169219970703125
5875838750.0,	0.03595733642578125,	0.10129165649414062
5875846875.0,	0.03748321533203125,	0.10245132446289062
5875855000.0,	0.0357666015625,	0.1036224365234375
5875863125.0,	0.037059783935546875,	0.10254287719726562
5875871250.0,	0.039127349853515625,	0.102386474609375
5875879375.0,	0.037654876708984375,	0.101898193359375
5875887500.0,	0.037425994873046875,	0.10460662841796875
5875895625.0,	0.0373687744140625,	0.10273361206054688
5875903750.0,	0.03534698486328125,	0.10219955444335938
5875911875.0,	0.03661346435546875,	0.10351943969726562
5875920000.0,	0.03809356689453125,	0.10211944580078125
5875928125.0,	0.0382232666015625,	0.1030120849609375
5875936250.0,	0.038997650146484375,	0.10439300537109375
5875944375.0,	0.039249420166015625,	0.10408782958984375
5875952500.0,	0.03762054443359375,	0.10288619995117188
5875960625.0,	0.03749847412109375,	0.10139846801757812
5875968750.0,	0.03784942626953125,	0.10218429565429688
5875976875.0,	0.039669036865234375,	0.10294342041015625
5875985000.0,	0.03884124755859375,	0.1031494140625
5875993125.0,	0.038448333740234375,	0.1012115478515625
5876001250.0,	0.037200927734375,	0.1019439697265625
5876009375.0,	0.037776947021484375,	0.10396194458007812
5876017500.0,	0.03784942626953125,	0.10314178466796875
5876025625.0,	0.039768218994140625,	0.10338973999023438
5876033750.0,	0.036468505859375,	0.10351181030273438
5876041875.0,	0.037311553955078125,	0.10170364379882812
5876050000.0,	0.03841400146484375,	0.10234451293945312
5876058125.0,	0.03685760498046875,	0.10391998291015625
5876066250.0,	0.0378265380859375,	0.10297775268554688
5876074375.0,	0.037380218505859375,	0.10206985473632812
5876082500.0,	0.03749847412109375,	0.10225296020507812
5876090625.0,	0.03852081298828125,	0.10230636596679688
5876098750.0,	0.03728485107421875,	0.10412979125976562
5876106875.0,	0.0381011962890625,	0.104248046875
5876115000.0,	0.037876129150390625,	0.1035919189453125
5876123125.0,	0.039295196533203125,	0.1035003662109375
5876131250.0,	0.037738800048828125,	0.10427474975585938
5876139375.0,	0.039333343505859375,	0.10439300537109375
5876147500.0,	0.036540985107421875,	0.10186386108398438
5876155625.0,	0.037891387939453125,	0.10422897338867188
5876163750.0,	0.039272308349609375,	0.10323715209960938
5876171875.0,	0.041240692138671875,	0.10387802124023438
5876180000.0,	0.037525177001953125,	0.10301971435546875
5876188125.0,	0.03844451904296875,	0.10331344604492188
5876196250.0,	0.037715911865234375,	0.1028900146484375
5876204375.0,	0.03912353515625,	0.1056060791015625
5876212500.0,	0.04012298583984375,	0.1018829345703125
5876220625.0,	0.03912353515625,	0.10335159301757812
5876228750.0,	0.037220001220703125,	0.10442733764648438
5876236875.0,	0.040660858154296875,	0.10396957397460938
5876245000.0,	0.03960418701171875,	0.10283279418945312
5876253125.0,	0.038066864013671875,	0.10438919067382812
5876261250.0,	0.0378875732421875,	0.10462188720703125
5876269375.0,	0.0389251708984375,	0.10363006591796875
5876277500.0,	0.03900146484375,	0.10403060913085938
5876285625.0,	0.038043975830078125,	0.10293197631835938
5876293750.0,	0.040752410888671875,	0.1049957275390625
5876301875.0,	0.039318084716796875,	0.10375213623046875
5876310000.0,	0.038402557373046875,	0.1048736572265625
5876318125.0,	0.037982940673828125,	0.10494613647460938
5876326250.0,	0.03790283203125,	0.10301971435546875
5876334375.0,	0.03794097900390625,	0.10367584228515625
5876342500.0,	0.038848876953125,	0.10409164428710938
5876350625.0,	0.04071044921875,	0.10379791259765625
5876358750.0,	0.039215087890625,	0.10486984252929688
5876366875.0,	0.0391082763671875,	0.10274505615234375
5876375000.0,	0.0405731201171875,	0.10511016845703125
5876383125.0,	0.040874481201171875,	0.102691650390625
5876391250.0,	0.040538787841796875,	0.10394668579101562
5876399375.0,	0.037567138671875,	0.10297012329101562
5876407500.0,	0.037876129150390625,	0.10379409790039062
5876415625.0,	0.04041290283203125,	0.10524749755859375
5876423750.0,	0.039890289306640625,	0.10309982299804688
5876431875.0,	0.0373687744140625,	0.10456466674804688
5876440000.0,	0.03969573974609375,	0.10488128662109375
5876448125.0,	0.0401153564453125,	0.10402679443359375
5876456250.0,	0.039306640625,	0.10534286499023438
5876464375.0,	0.040302276611328125,	0.10193252563476562
5876472500.0,	0.0404510498046875,	0.10434722900390625
5876480625.0,	0.040424346923828125,	0.1027984619140625
5876488750.0,	0.039154052734375,	0.10311508178710938
5876496875.0,	0.040546417236328125,	0.10245132446289062
5876505000.0,	0.038883209228515625,	0.10305404663085938
5876513125.0,	0.040836334228515625,	0.10210418701171875
5876521250.0,	0.039440155029296875,	0.105133056640625
5876529375.0,	0.039806365966796875,	0.10430145263671875
5876537500.0,	0.0401153564453125,	0.10263442993164062
5876545625.0,	0.0404815673828125,	0.10361862182617188
5876553750.0,	0.038372039794921875,	0.10564804077148438
5876561875.0,	0.04113006591796875,	0.10343551635742188
5876570000.0,	0.04106903076171875,	0.10486221313476562
5876578125.0,	0.041347503662109375,	0.10535049438476562
5876586250.0,	0.040912628173828125,	0.10400772094726562
5876594375.0,	0.040332794189453125,	0.10536575317382812
5876602500.0,	0.039722442626953125,	0.10409927368164062
5876610625.0,	0.041706085205078125,	0.1028289794921875
5876618750.0,	0.040287017822265625,	0.1032257080078125
5876626875.0,	0.04038238525390625,	0.10382461547851562
5876635000.0,	0.03987884521484375,	0.10210418701171875
5876643125.0,	0.03961181640625,	0.1046142578125
5876651250.0,	0.04024505615234375,	0.1032257080078125
5876659375.0,	0.039813995361328125,	0.10374832153320312
5876667500.0,	0.03998565673828125,	0.10314559936523438
5876675625.0,	0.039890289306640625,	0.10398483276367188
5876683750.0,	0.039615631103515625,	0.10494232177734375
5876691875.0,	0.040828704833984375,	0.1048736572265625
5876700000.0,	0.040111541748046875,	0.10531997680664062
5876708125.0,	0.042209625244140625,	0.10478973388671875
5876716250.0,	0.040802001953125,	0.10599899291992188
5876724375.0,	0.039325714111328125,	0.103240966796875
5876732500.0,	0.04076385498046875,	0.10650253295898438
5876740625.0,	0.042236328125,	0.10290145874023438
5876748750.0,	0.043285369873046875,	0.10573959350585938
5876756875.0,	0.042499542236328125,	0.10417556762695312
5876765000.0,	0.0402984619140625,	0.10453414916992188
5876773125.0,	0.04174041748046875,	0.10626602172851562
5876781250.0,	0.041259765625,	0.106719970703125
5876789375.0,	0.04216766357421875,	0.10420608520507812
5876797500.0,	0.041728973388671875,	0.10490036010742188
5876805625.0,	0.03964996337890625,	0.10467529296875
5876813750.0,	0.0416412353515625,	0.10435867309570312
5876821875.0,	0.03968048095703125,	0.10596847534179688
5876830000.0,	0.0382843017578125,	0.10332107543945312
5876838125.0,	0.041675567626953125,	0.103668212890625
5876846250.0,	0.04116058349609375,	0.10284423828125
5876854375.0,	0.041767120361328125,	0.10400772094726562
5876862500.0,	0.0399322509765625,	0.10524749755859375
5876870625.0,	0.042591094970703125,	0.10499954223632812
5876878750.0,	0.041698455810546875,	0.10535049438476562
5876886875.0,	0.040592193603515625,	0.10400009155273438
5876895000.0,	0.041477203369140625,	0.10568618774414062
5876903125.0,	0.042205810546875,	0.10379409790039062
5876911250.0,	0.0421600341796875,	0.10440444946289062
5876919375.0,	0.0407867431640625,	0.10364532470703125
5876927500.0,	0.039836883544921875,	0.1049652099609375
5876935625.0,	0.042079925537109375,	0.10448455810546875
5876943750.0,	0.042705535888671875,	0.10516738891601562
5876951875.0,	0.0405426025390625,	0.10346221923828125
5876960000.0,	0.042140960693359375,	0.10393524169921875
5876968125.0,	0.040496826171875,	0.10663223266601562
5876976250.0,	0.043109893798828125,	0.10446548461914062
5876984375.0,	0.04152679443359375,	0.10477066040039062
5876992500.0,	0.041717529296875,	0.103363037109375
5877000625.0,	0.0409698486328125,	0.1048583984375
5877008750.0,	0.041316986083984375,	0.1040802001953125
5877016875.0,	0.04198455810546875,	0.1030731201171875
5877025000.0,	0.03989410400390625,	0.1059417724609375
5877033125.0,	0.040924072265625,	0.10311508178710938
5877041250.0,	0.038585662841796875,	0.10296249389648438
5877049375.0,	0.0415191650390625,	0.10589218139648438
5877057500.0,	0.04158782958984375,	0.10576248168945312
5877065625.0,	0.04148101806640625,	0.10442352294921875
5877073750.0,	0.0418243408203125,	0.10500335693359375
5877081875.0,	0.040203094482421875,	0.1056060791015625
5877090000.0,	0.0416259765625,	0.10483932495117188
5877098125.0,	0.041744232177734375,	0.10320281982421875
5877106250.0,	0.042266845703125,	0.105926513671875
5877114375.0,	0.04248809814453125,	0.10435867309570312
5877122500.0,	0.04160308837890625,	0.10565948486328125
5877130625.0,	0.042781829833984375,	0.10381317138671875
5877138750.0,	0.041812896728515625,	0.10644912719726562
5877146875.0,	0.0404815673828125,	0.10599899291992188
5877155000.0,	0.04123687744140625,	0.10483169555664062
5877163125.0,	0.043216705322265625,	0.10564422607421875
5877171250.0,	0.0424041748046875,	0.10498809814453125
5877179375.0,	0.042385101318359375,	0.105560302734375
5877187500.0,	0.04238128662109375,	0.10591888427734375
5877195625.0,	0.041324615478515625,	0.1057891845703125
5877203750.0,	0.042461395263671875,	0.10617446899414062
5877211875.0,	0.04254913330078125,	0.10371780395507812
5877220000.0,	0.042938232421875,	0.10434722900390625
5877228125.0,	0.0399627685546875,	0.10457229614257812
5877236250.0,	0.04265594482421875,	0.1043243408203125
5877244375.0,	0.042316436767578125,	0.1044464111328125
5877252500.0,	0.041469573974609375,	0.1057281494140625
5877260625.0,	0.0420684814453125,	0.10699844360351562
5877268750.0,	0.04178619384765625,	0.10540008544921875
5877276875.0,	0.042140960693359375,	0.10443496704101562
5877285000.0,	0.04306793212890625,	0.103759765625
5877293125.0,	0.044261932373046875,	0.105072021484375
5877301250.0,	0.041839599609375,	0.10648345947265625
5877309375.0,	0.043552398681640625,	0.10589981079101562
5877317500.0,	0.04273223876953125,	0.10498046875
5877325625.0,	0.041492462158203125,	0.10530471801757812
5877333750.0,	0.042385101318359375,	0.105194091796875
5877341875.0,	0.043178558349609375,	0.10330963134765625
5877350000.0,	0.043300628662109375,	0.10641860961914062
5877358125.0,	0.041622161865234375,	0.10565185546875
5877366250.0,	0.042205810546875,	0.10659408569335938
5877374375.0,	0.04384613037109375,	0.10743331909179688
5877382500.0,	0.042423248291015625,	0.10652542114257812
5877390625.0,	0.04425048828125,	0.10665512084960938
5877398750.0,	0.041980743408203125,	0.10748291015625
5877406875.0,	0.0420074462890625,	0.10509490966796875
5877415000.0,	0.041927337646484375,	0.1064605712890625
5877423125.0,	0.043460845947265625,	0.10562896728515625
5877431250.0,	0.043087005615234375,	0.10462570190429688
5877439375.0,	0.04454803466796875,	0.10613250732421875
5877447500.0,	0.044170379638671875,	0.10496139526367188
5877455625.0,	0.041217803955078125,	0.10575485229492188
5877463750.0,	0.0420684814453125,	0.10828399658203125
5877471875.0,	0.043148040771484375,	0.10524749755859375
5877480000.0,	0.0422821044921875,	0.1058502197265625
5877488125.0,	0.044841766357421875,	0.10645675659179688
5877496250.0,	0.043056488037109375,	0.10576629638671875
5877504375.0,	0.042469024658203125,	0.10497665405273438
5877512500.0,	0.043056488037109375,	0.10562896728515625
5877520625.0,	0.041233062744140625,	0.10415267944335938
5877528750.0,	0.043865203857421875,	0.105987548828125
5877536875.0,	0.042102813720703125,	0.10582351684570312
5877545000.0,	0.0447235107421875,	0.10589599609375
5877553125.0,	0.042407989501953125,	0.10727310180664062
5877561250.0,	0.041469573974609375,	0.10515594482421875
5877569375.0,	0.04441070556640625,	0.10753250122070312
5877577500.0,	0.0425567626953125,	0.10791778564453125
5877585625.0,	0.04204559326171875,	0.10511398315429688
5877593750.0,	0.04306793212890625,	0.10618972778320312
5877601875.0,	0.044963836669921875,	0.10624313354492188
5877610000.0,	0.042407989501953125,	0.10559844970703125
5877618125.0,	0.0429534912109375,	0.10573959350585938
5877626250.0,	0.041980743408203125,	0.10701370239257812
5877634375.0,	0.044620513916015625,	0.10589218139648438
5877642500.0,	0.04189300537109375,	0.10726165771484375
5877650625.0,	0.04485321044921875,	0.11051177978515625
5877658750.0,	0.043842315673828125,	0.1050872802734375
5877666875.0,	0.042797088623046875,	0.10535430908203125
5877675000.0,	0.04201507568359375,	0.10721588134765625
5877683125.0,	0.04425048828125,	0.10699844360351562
5877691250.0,	0.044368743896484375,	0.1047515869140625
5877699375.0,	0.044384002685546875,	0.10625457763671875
5877707500.0,	0.043224334716796875,	0.10375595092773438
5877715625.0,	0.04415130615234375,	0.105682373046875
5877723750.0,	0.042675018310546875,	0.10500717163085938
5877731875.0,	0.043975830078125,	0.10571670532226562
5877740000.0,	0.04322052001953125,	0.10673904418945312
5877748125.0,	0.043071746826171875,	0.10438919067382812
5877756250.0,	0.044342041015625,	0.10437774658203125
5877764375.0,	0.04412841796875,	0.106689453125
5877772500.0,	0.044208526611328125,	0.10625076293945312
5877780625.0,	0.042083740234375,	0.10715484619140625
5877788750.0,	0.04402923583984375,	0.105621337890625
5877796875.0,	0.045360565185546875,	0.10672378540039062
5877805000.0,	0.043842315673828125,	0.1051483154296875
5877813125.0,	0.0442962646484375,	0.10670089721679688
5877821250.0,	0.044033050537109375,	0.10762786865234375
5877829375.0,	0.0442047119140625,	0.10613250732421875
5877837500.0,	0.042877197265625,	0.1070404052734375
5877845625.0,	0.0419464111328125,	0.10683441162109375
5877853750.0,	0.0435638427734375,	0.10780715942382812
5877861875.0,	0.0420074462890625,	0.10741043090820312
5877870000.0,	0.042724609375,	0.10841751098632812
5877878125.0,	0.04393768310546875,	0.10691452026367188
5877886250.0,	0.044109344482421875,	0.10723876953125
5877894375.0,	0.042865753173828125,	0.10584259033203125
5877902500.0,	0.043651580810546875,	0.10729217529296875
5877910625.0,	0.043170928955078125,	0.10746383666992188
5877918750.0,	0.04190826416015625,	0.10693740844726562
5877926875.0,	0.044269561767578125,	0.10776901245117188
5877935000.0,	0.045581817626953125,	0.1063079833984375
5877943125.0,	0.044063568115234375,	0.10589599609375
5877951250.0,	0.04598236083984375,	0.1057891845703125
5877959375.0,	0.0451202392578125,	0.10443115234375
5877967500.0,	0.044811248779296875,	0.10689926147460938
5877975625.0,	0.043071746826171875,	0.10564422607421875
5877983750.0,	0.045001983642578125,	0.10618972778320312
5877991875.0,	0.042682647705078125,	0.10645294189453125
5878000000.0,	0.044277191162109375,	0.10729598999023438
