5633008125.0,	0.10665512084960938,	0.10432052612304688
5633016250.0,	0.1051177978515625,	0.1057281494140625
5633024375.0,	0.10774993896484375,	0.10367202758789062
5633032500.0,	0.10484695434570312,	0.10284042358398438
5633040625.0,	0.10608291625976562,	0.1044769287109375
5633048750.0,	0.10657119750976562,	0.10335922241210938
5633056875.0,	0.1039276123046875,	0.10555267333984375
5633065000.0,	0.10570144653320312,	0.10318756103515625
5633073125.0,	0.10764694213867188,	0.10577011108398438
5633081250.0,	0.10939788818359375,	0.10342788696289062
5633089375.0,	0.106597900390625,	0.103973388671875
5633097500.0,	0.10697555541992188,	0.104888916015625
5633105625.0,	0.10781478881835938,	0.10288619995117188
5633113750.0,	0.1060333251953125,	0.10339736938476562
5633121875.0,	0.1053619384765625,	0.10370635986328125
5633130000.0,	0.1074066162109375,	0.1041717529296875
5633138125.0,	0.109375,	0.10301589965820312
5633146250.0,	0.10805892944335938,	0.10396575927734375
5633154375.0,	0.10529327392578125,	0.10262298583984375
5633162500.0,	0.10631942749023438,	0.10284423828125
5633170625.0,	0.10591506958007812,	0.10532760620117188
5633178750.0,	0.10645294189453125,	0.10529708862304688
5633186875.0,	0.106597900390625,	0.10377883911132812
5633195000.0,	0.10796356201171875,	0.10457992553710938
5633203125.0,	0.10663223266601562,	0.10357666015625
5633211250.0,	0.10817337036132812,	0.1033172607421875
5633219375.0,	0.10725784301757812,	0.10322952270507812
5633227500.0,	0.10809326171875,	0.10329818725585938
5633235625.0,	0.10914230346679688,	0.10357666015625
5633243750.0,	0.10673904418945312,	0.10293960571289062
5633251875.0,	0.10521697998046875,	0.10542678833007812
5633260000.0,	0.10811996459960938,	0.10245132446289062
5633268125.0,	0.10698318481445312,	0.10457229614257812
5633276250.0,	0.10712432861328125,	0.10387039184570312
5633284375.0,	0.10778045654296875,	0.1064453125
5633292500.0,	0.10719680786132812,	0.1047210693359375
5633300625.0,	0.10626220703125,	0.10419464111328125
5633308750.0,	0.1087188720703125,	0.10426712036132812
5633316875.0,	0.10828018188476562,	0.1030731201171875
5633325000.0,	0.10791778564453125,	0.10312271118164062
5633333125.0,	0.107452392578125,	0.10230255126953125
5633341250.0,	0.108245849609375,	0.103363037109375
5633349375.0,	0.10803604125976562,	0.10334396362304688
5633357500.0,	0.10710906982421875,	0.10335922241210938
5633365625.0,	0.10795974731445312,	0.1031341552734375
5633373750.0,	0.10833740234375,	0.10263442993164062
5633381875.0,	0.1074981689453125,	0.1036224365234375
5633390000.0,	0.10622787475585938,	0.10468292236328125
5633398125.0,	0.10799026489257812,	0.1028289794921875
5633406250.0,	0.1077728271484375,	0.1032867431640625
5633414375.0,	0.10819625854492188,	0.10345840454101562
5633422500.0,	0.10744094848632812,	0.10201644897460938
5633430625.0,	0.10715484619140625,	0.1043701171875
5633438750.0,	0.10869979858398438,	0.10336685180664062
5633446875.0,	0.10961151123046875,	0.10324859619140625
5633455000.0,	0.10813140869140625,	0.10199356079101562
5633463125.0,	0.10868072509765625,	0.10382080078125
5633471250.0,	0.10942459106445312,	0.10294342041015625
5633479375.0,	0.10840988159179688,	0.10343170166015625
5633487500.0,	0.1089324951171875,	0.100921630859375
5633495625.0,	0.11066818237304688,	0.1019287109375
5633503750.0,	0.10824966430664062,	0.10271072387695312
5633511875.0,	0.10895919799804688,	0.10241317749023438
5633520000.0,	0.1083984375,	0.1038360595703125
5633528125.0,	0.11041641235351562,	0.10435104370117188
5633536250.0,	0.11096954345703125,	0.103240966796875
5633544375.0,	0.10976409912109375,	0.10297012329101562
5633552500.0,	0.10905075073242188,	0.10368728637695312
5633560625.0,	0.11052322387695312,	0.10514068603515625
5633568750.0,	0.10793304443359375,	0.10330963134765625
5633576875.0,	0.10953140258789062,	0.10330963134765625
5633585000.0,	0.11020278930664062,	0.10301589965820312
5633593125.0,	0.10963821411132812,	0.1022796630859375
5633601250.0,	0.10890960693359375,	0.102813720703125
5633609375.0,	0.11002349853515625,	0.10134124755859375
5633617500.0,	0.1111297607421875,	0.10292816162109375
5633625625.0,	0.10880661010742188,	0.10345840454101562
5633633750.0,	0.10939788818359375,	0.10297393798828125
5633641875.0,	0.1114349365234375,	0.100433349609375
5633650000.0,	0.10783767700195312,	0.1020660400390625
5633658125.0,	0.11080551147460938,	0.10437774658203125
5633666250.0,	0.11277389526367188,	0.10369491577148438
5633674375.0,	0.111175537109375,	0.10406875610351562
5633682500.0,	0.1104278564453125,	0.1039886474609375
5633690625.0,	0.1090087890625,	0.10608673095703125
5633698750.0,	0.11057281494140625,	0.10251998901367188
5633706875.0,	0.11153411865234375,	0.104461669921875
5633715000.0,	0.11017227172851562,	0.10201263427734375
5633723125.0,	0.11290359497070312,	0.10152435302734375
5633731250.0,	0.10740280151367188,	0.10198593139648438
5633739375.0,	0.10979080200195312,	0.10277938842773438
5633747500.0,	0.11270523071289062,	0.10231399536132812
5633755625.0,	0.11168289184570312,	0.10312652587890625
5633763750.0,	0.11042022705078125,	0.10345840454101562
5633771875.0,	0.1094207763671875,	0.10355377197265625
5633780000.0,	0.10733413696289062,	0.10468673706054688
5633788125.0,	0.11101913452148438,	0.10099029541015625
5633796250.0,	0.11031723022460938,	0.10286331176757812
5633804375.0,	0.109893798828125,	0.10100555419921875
5633812500.0,	0.11059188842773438,	0.10207366943359375
5633820625.0,	0.10966873168945312,	0.1024322509765625
5633828750.0,	0.11124801635742188,	0.103424072265625
5633836875.0,	0.10982894897460938,	0.10123443603515625
5633845000.0,	0.11275482177734375,	0.09981536865234375
5633853125.0,	0.11005020141601562,	0.10360336303710938
5633861250.0,	0.11103057861328125,	0.10136795043945312
5633869375.0,	0.1118621826171875,	0.10189056396484375
5633877500.0,	0.11310958862304688,	0.10229110717773438
5633885625.0,	0.11220932006835938,	0.10240936279296875
5633893750.0,	0.11261367797851562,	0.10248565673828125
5633901875.0,	0.11164093017578125,	0.10107040405273438
5633910000.0,	0.10972213745117188,	0.10123443603515625
5633918125.0,	0.11190032958984375,	0.09947967529296875
5633926250.0,	0.11123275756835938,	0.10254287719726562
5633934375.0,	0.11138916015625,	0.10321807861328125
5633942500.0,	0.11170196533203125,	0.103118896484375
5633950625.0,	0.11153411865234375,	0.10030746459960938
5633958750.0,	0.11267852783203125,	0.10123443603515625
5633966875.0,	0.11154937744140625,	0.103729248046875
5633975000.0,	0.11100006103515625,	0.101043701171875
5633983125.0,	0.11184310913085938,	0.10247802734375
5633991250.0,	0.111968994140625,	0.10363388061523438
5633999375.0,	0.11265182495117188,	0.10235595703125
5634007500.0,	0.10881805419921875,	0.1011962890625
5634015625.0,	0.11107254028320312,	0.10261917114257812
5634023750.0,	0.1128387451171875,	0.10161590576171875
5634031875.0,	0.11285018920898438,	0.1006317138671875
5634040000.0,	0.1125640869140625,	0.1041259765625
5634048125.0,	0.11310958862304688,	0.10233306884765625
5634056250.0,	0.11325454711914062,	0.10156631469726562
5634064375.0,	0.1134185791015625,	0.1022491455078125
5634072500.0,	0.11509323120117188,	0.10255813598632812
5634080625.0,	0.11223983764648438,	0.10168075561523438
5634088750.0,	0.11072158813476562,	0.10305023193359375
5634096875.0,	0.11133575439453125,	0.10186386108398438
5634105000.0,	0.11429977416992188,	0.10430145263671875
5634113125.0,	0.11121368408203125,	0.10305404663085938
5634121250.0,	0.11278152465820312,	0.10341262817382812
5634129375.0,	0.11263656616210938,	0.1022796630859375
5634137500.0,	0.11481475830078125,	0.10236740112304688
5634145625.0,	0.11310577392578125,	0.10193252563476562
5634153750.0,	0.11258697509765625,	0.10071563720703125
5634161875.0,	0.11222457885742188,	0.10377883911132812
5634170000.0,	0.11379623413085938,	0.10415267944335938
5634178125.0,	0.11285781860351562,	0.10308456420898438
5634186250.0,	0.11128997802734375,	0.10155487060546875
5634194375.0,	0.11371231079101562,	0.10245132446289062
5634202500.0,	0.11504745483398438,	0.10248184204101562
5634210625.0,	0.11536026000976562,	0.102020263671875
5634218750.0,	0.11371612548828125,	0.10102462768554688
5634226875.0,	0.11324691772460938,	0.10163497924804688
5634235000.0,	0.114654541015625,	0.10101699829101562
5634243125.0,	0.11651229858398438,	0.1027374267578125
5634251250.0,	0.1149444580078125,	0.1015472412109375
5634259375.0,	0.11352157592773438,	0.10105133056640625
5634267500.0,	0.114166259765625,	0.10139846801757812
5634275625.0,	0.11403656005859375,	0.10097503662109375
5634283750.0,	0.11435699462890625,	0.10186767578125
5634291875.0,	0.11278152465820312,	0.1017913818359375
5634300000.0,	0.11592864990234375,	0.10113525390625
5634308125.0,	0.11408615112304688,	0.1040191650390625
5634316250.0,	0.11605072021484375,	0.10105133056640625
5634324375.0,	0.11527252197265625,	0.10205841064453125
5634332500.0,	0.11440658569335938,	0.10193252563476562
5634340625.0,	0.11595535278320312,	0.10178375244140625
5634348750.0,	0.116180419921875,	0.10199356079101562
5634356875.0,	0.11518096923828125,	0.10147476196289062
5634365000.0,	0.11330795288085938,	0.10204315185546875
5634373125.0,	0.116363525390625,	0.10336685180664062
5634381250.0,	0.11640167236328125,	0.10222625732421875
5634389375.0,	0.1149139404296875,	0.10190200805664062
5634397500.0,	0.11505889892578125,	0.10149765014648438
5634405625.0,	0.1160736083984375,	0.10087203979492188
5634413750.0,	0.11891555786132812,	0.10155487060546875
5634421875.0,	0.11486434936523438,	0.10155487060546875
5634430000.0,	0.11803054809570312,	0.10255050659179688
5634438125.0,	0.114898681640625,	0.10209274291992188
5634446250.0,	0.1149444580078125,	0.10279464721679688
5634454375.0,	0.11749267578125,	0.10187149047851562
5634462500.0,	0.11643218994140625,	0.1014404296875
5634470625.0,	0.11740875244140625,	0.1010589599609375
5634478750.0,	0.11527633666992188,	0.10277557373046875
5634486875.0,	0.11526107788085938,	0.1000823974609375
5634495000.0,	0.11614227294921875,	0.10205459594726562
5634503125.0,	0.11452484130859375,	0.10089111328125
5634511250.0,	0.11608123779296875,	0.10138320922851562
5634519375.0,	0.11751937866210938,	0.10184860229492188
5634527500.0,	0.11536026000976562,	0.09943771362304688
5634535625.0,	0.11404037475585938,	0.10023880004882812
5634543750.0,	0.11553573608398438,	0.10102462768554688
5634551875.0,	0.11631393432617188,	0.10229110717773438
5634560000.0,	0.11514663696289062,	0.09969329833984375
5634568125.0,	0.11759567260742188,	0.0990447998046875
5634576250.0,	0.11703109741210938,	0.10176467895507812
5634584375.0,	0.11778640747070312,	0.10131072998046875
5634592500.0,	0.11538314819335938,	0.09943771362304688
5634600625.0,	0.1174163818359375,	0.1002044677734375
5634608750.0,	0.11706161499023438,	0.10211181640625
5634616875.0,	0.1165008544921875,	0.10021591186523438
5634625000.0,	0.11621475219726562,	0.10058212280273438
5634633125.0,	0.11746597290039062,	0.09967422485351562
5634641250.0,	0.11797714233398438,	0.10053634643554688
5634649375.0,	0.11663055419921875,	0.10219955444335938
5634657500.0,	0.1191558837890625,	0.10227203369140625
5634665625.0,	0.11796951293945312,	0.10156631469726562
5634673750.0,	0.11803054809570312,	0.10195541381835938
5634681875.0,	0.11854934692382812,	0.1012725830078125
5634690000.0,	0.117401123046875,	0.10018157958984375
5634698125.0,	0.11686325073242188,	0.10064315795898438
5634706250.0,	0.11721420288085938,	0.09982681274414062
5634714375.0,	0.11942672729492188,	0.10047531127929688
5634722500.0,	0.1177978515625,	0.10037612915039062
5634730625.0,	0.11780166625976562,	0.10056686401367188
5634738750.0,	0.11597442626953125,	0.09883499145507812
5634746875.0,	0.11843490600585938,	0.10132217407226562
5634755000.0,	0.11688613891601562,	0.10071182250976562
5634763125.0,	0.12026214599609375,	0.10104751586914062
5634771250.0,	0.11824417114257812,	0.10077667236328125
5634779375.0,	0.11658477783203125,	0.10028076171875
5634787500.0,	0.11827468872070312,	0.1002655029296875
5634795625.0,	0.11917877197265625,	0.10041046142578125
5634803750.0,	0.11809539794921875,	0.09907150268554688
5634811875.0,	0.11777496337890625,	0.09844970703125
5634820000.0,	0.11902999877929688,	0.10004425048828125
5634828125.0,	0.11918258666992188,	0.1012725830078125
5634836250.0,	0.119110107421875,	0.0992431640625
5634844375.0,	0.11779403686523438,	0.10081863403320312
5634852500.0,	0.12052536010742188,	0.100311279296875
5634860625.0,	0.11763381958007812,	0.099884033203125
5634868750.0,	0.1205596923828125,	0.100830078125
5634876875.0,	0.11902236938476562,	0.10127639770507812
5634885000.0,	0.1181182861328125,	0.10040283203125
5634893125.0,	0.12033843994140625,	0.09962081909179688
5634901250.0,	0.11946487426757812,	0.09792709350585938
5634909375.0,	0.12171554565429688,	0.1001739501953125
5634917500.0,	0.12046432495117188,	0.09863662719726562
5634925625.0,	0.12071990966796875,	0.10044479370117188
5634933750.0,	0.1193084716796875,	0.09958648681640625
5634941875.0,	0.12150955200195312,	0.10039520263671875
5634950000.0,	0.12005615234375,	0.099517822265625
5634958125.0,	0.12229156494140625,	0.10099029541015625
5634966250.0,	0.12306594848632812,	0.09952545166015625
5634974375.0,	0.11956787109375,	0.09981155395507812
5634982500.0,	0.1201629638671875,	0.09940719604492188
5634990625.0,	0.12017059326171875,	0.10154342651367188
5634998750.0,	0.12171554565429688,	0.10001754760742188
5635006875.0,	0.11985397338867188,	0.10007476806640625
5635015000.0,	0.1211090087890625,	0.09920883178710938
5635023125.0,	0.12034225463867188,	0.09836196899414062
5635031250.0,	0.120513916015625,	0.09844207763671875
5635039375.0,	0.12351608276367188,	0.09954452514648438
5635047500.0,	0.12093353271484375,	0.09917449951171875
5635055625.0,	0.12000656127929688,	0.09952926635742188
5635063750.0,	0.12197113037109375,	0.09871673583984375
5635071875.0,	0.1214752197265625,	0.09943771362304688
5635080000.0,	0.12278366088867188,	0.0987548828125
5635088125.0,	0.12208175659179688,	0.09819793701171875
5635096250.0,	0.12549591064453125,	0.09964752197265625
5635104375.0,	0.12094497680664062,	0.09815216064453125
5635112500.0,	0.12361907958984375,	0.10019683837890625
5635120625.0,	0.12225341796875,	0.09988784790039062
5635128750.0,	0.12326431274414062,	0.0982818603515625
5635136875.0,	0.12114715576171875,	0.09888839721679688
5635145000.0,	0.12058258056640625,	0.09906768798828125
5635153125.0,	0.12258148193359375,	0.09809494018554688
5635161250.0,	0.12346649169921875,	0.10063934326171875
5635169375.0,	0.12346649169921875,	0.09830474853515625
5635177500.0,	0.12229156494140625,	0.09874343872070312
5635185625.0,	0.12314987182617188,	0.09888839721679688
5635193750.0,	0.12253189086914062,	0.09760665893554688
5635201875.0,	0.12264251708984375,	0.09811782836914062
5635210000.0,	0.12321853637695312,	0.098480224609375
5635218125.0,	0.12236785888671875,	0.09842300415039062
5635226250.0,	0.12347030639648438,	0.09765625
5635234375.0,	0.12409591674804688,	0.09871292114257812
5635242500.0,	0.12210464477539062,	0.09922409057617188
5635250625.0,	0.12425613403320312,	0.0981292724609375
5635258750.0,	0.12343215942382812,	0.09831619262695312
5635266875.0,	0.12359619140625,	0.09810256958007812
5635275000.0,	0.1242828369140625,	0.0988616943359375
5635283125.0,	0.12358474731445312,	0.09813308715820312
5635291250.0,	0.12194442749023438,	0.09702682495117188
5635299375.0,	0.122039794921875,	0.09820556640625
5635307500.0,	0.12306594848632812,	0.0958099365234375
5635315625.0,	0.1248321533203125,	0.09580230712890625
5635323750.0,	0.122344970703125,	0.09852981567382812
5635331875.0,	0.12302780151367188,	0.09665298461914062
5635340000.0,	0.125274658203125,	0.09584808349609375
5635348125.0,	0.12574005126953125,	0.09673309326171875
5635356250.0,	0.1257476806640625,	0.0980682373046875
5635364375.0,	0.12500762939453125,	0.09766387939453125
5635372500.0,	0.12442398071289062,	0.09722518920898438
5635380625.0,	0.1230926513671875,	0.09692764282226562
5635388750.0,	0.12375640869140625,	0.09834671020507812
5635396875.0,	0.12420654296875,	0.09658432006835938
5635405000.0,	0.126800537109375,	0.0983123779296875
5635413125.0,	0.1253204345703125,	0.09691619873046875
5635421250.0,	0.12469482421875,	0.09799575805664062
5635429375.0,	0.126007080078125,	0.09775543212890625
5635437500.0,	0.1262054443359375,	0.0982818603515625
5635445625.0,	0.12491989135742188,	0.09729385375976562
5635453750.0,	0.12618255615234375,	0.09621429443359375
5635461875.0,	0.12651824951171875,	0.09942626953125
5635470000.0,	0.1272125244140625,	0.09778594970703125
5635478125.0,	0.1267852783203125,	0.0987091064453125
5635486250.0,	0.12740325927734375,	0.0954437255859375
5635494375.0,	0.12485122680664062,	0.0943145751953125
5635502500.0,	0.1270294189453125,	0.094635009765625
5635510625.0,	0.12638092041015625,	0.0945587158203125
5635518750.0,	0.1271514892578125,	0.09647369384765625
5635526875.0,	0.125396728515625,	0.09638214111328125
5635535000.0,	0.12798309326171875,	0.0938873291015625
5635543125.0,	0.12677001953125,	0.0959930419921875
5635551250.0,	0.12841796875,	0.09511566162109375
5635559375.0,	0.12786102294921875,	0.09551239013671875
5635567500.0,	0.129364013671875,	0.095855712890625
5635575625.0,	0.12763214111328125,	0.09589385986328125
5635583750.0,	0.125396728515625,	0.09706878662109375
5635591875.0,	0.1270599365234375,	0.09447479248046875
5635600000.0,	0.127410888671875,	0.0955657958984375
5635608125.0,	0.126953125,	0.0965118408203125
5635616250.0,	0.12955474853515625,	0.0939788818359375
5635624375.0,	0.12889862060546875,	0.096893310546875
5635632500.0,	0.1276397705078125,	0.09796905517578125
5635640625.0,	0.12931060791015625,	0.09661102294921875
5635648750.0,	0.1291046142578125,	0.096099853515625
5635656875.0,	0.12801361083984375,	0.095611572265625
5635665000.0,	0.12963104248046875,	0.09436798095703125
5635673125.0,	0.12865447998046875,	0.09352874755859375
5635681250.0,	0.12847900390625,	0.096038818359375
5635689375.0,	0.1297149658203125,	0.0933380126953125
5635697500.0,	0.1312713623046875,	0.09405517578125
5635705625.0,	0.1324920654296875,	0.0939178466796875
5635713750.0,	0.12978363037109375,	0.09696197509765625
5635721875.0,	0.129547119140625,	0.09588623046875
5635730000.0,	0.1296844482421875,	0.09552001953125
5635738125.0,	0.1279296875,	0.09409332275390625
5635746250.0,	0.131591796875,	0.0951385498046875
5635754375.0,	0.1327362060546875,	0.0932464599609375
5635762500.0,	0.12978363037109375,	0.09503173828125
5635770625.0,	0.130828857421875,	0.09410858154296875
5635778750.0,	0.13149261474609375,	0.09549713134765625
5635786875.0,	0.13170623779296875,	0.09462738037109375
5635795000.0,	0.13118743896484375,	0.09481048583984375
5635803125.0,	0.131683349609375,	0.0935516357421875
5635811250.0,	0.13193511962890625,	0.09368896484375
5635819375.0,	0.1311187744140625,	0.09581756591796875
5635827500.0,	0.132720947265625,	0.09354400634765625
5635835625.0,	0.1319580078125,	0.0933380126953125
5635843750.0,	0.13179779052734375,	0.0933685302734375
5635851875.0,	0.13182830810546875,	0.09447479248046875
5635860000.0,	0.1322174072265625,	0.09326171875
5635868125.0,	0.133453369140625,	0.09465789794921875
5635876250.0,	0.13189697265625,	0.0942840576171875
5635884375.0,	0.13446044921875,	0.0951995849609375
5635892500.0,	0.132781982421875,	0.0931396484375
5635900625.0,	0.131927490234375,	0.0918121337890625
5635908750.0,	0.13228607177734375,	0.095611572265625
5635916875.0,	0.1327056884765625,	0.09346771240234375
5635925000.0,	0.13355255126953125,	0.09378814697265625
5635933125.0,	0.13326263427734375,	0.09227752685546875
5635941250.0,	0.13385009765625,	0.0912017822265625
5635949375.0,	0.1320037841796875,	0.0914459228515625
5635957500.0,	0.13162994384765625,	0.09111785888671875
5635965625.0,	0.13292694091796875,	0.0934295654296875
5635973750.0,	0.13433837890625,	0.09270477294921875
5635981875.0,	0.1323394775390625,	0.09290313720703125
5635990000.0,	0.136199951171875,	0.0924530029296875
5635998125.0,	0.13213348388671875,	0.09079742431640625
5636006250.0,	0.13579559326171875,	0.09313201904296875
5636014375.0,	0.136322021484375,	0.0912322998046875
5636022500.0,	0.133453369140625,	0.09378814697265625
5636030625.0,	0.13788604736328125,	0.09002685546875
5636038750.0,	0.13604736328125,	0.092376708984375
5636046875.0,	0.13344573974609375,	0.09342193603515625
5636055000.0,	0.13558197021484375,	0.09000396728515625
5636063125.0,	0.13442230224609375,	0.09133148193359375
5636071250.0,	0.135955810546875,	0.091644287109375
5636079375.0,	0.135711669921875,	0.09082794189453125
5636087500.0,	0.1369171142578125,	0.08990478515625
5636095625.0,	0.13581085205078125,	0.08919525146484375
5636103750.0,	0.13570404052734375,	0.0914154052734375
5636111875.0,	0.1350860595703125,	0.09136962890625
5636120000.0,	0.13626861572265625,	0.09212493896484375
5636128125.0,	0.1369781494140625,	0.08937835693359375
5636136250.0,	0.136962890625,	0.0882568359375
5636144375.0,	0.13715362548828125,	0.0928192138671875
5636152500.0,	0.13642120361328125,	0.08963775634765625
5636160625.0,	0.1364898681640625,	0.09058380126953125
5636168750.0,	0.13665008544921875,	0.0915069580078125
5636176875.0,	0.1394195556640625,	0.09051513671875
5636185000.0,	0.137908935546875,	0.09116363525390625
5636193125.0,	0.1369476318359375,	0.09173583984375
5636201250.0,	0.13698577880859375,	0.0898284912109375
5636209375.0,	0.1392669677734375,	0.08908843994140625
5636217500.0,	0.1351776123046875,	0.09084320068359375
5636225625.0,	0.13851165771484375,	0.08686065673828125
5636233750.0,	0.13785552978515625,	0.08937835693359375
5636241875.0,	0.13948822021484375,	0.0880279541015625
5636250000.0,	0.13851165771484375,	0.09003448486328125
5636258125.0,	0.139892578125,	0.08953094482421875
5636266250.0,	0.1387481689453125,	0.08765411376953125
5636274375.0,	0.1378631591796875,	0.0883636474609375
5636282500.0,	0.1387786865234375,	0.086181640625
5636290625.0,	0.139373779296875,	0.08856964111328125
5636298750.0,	0.14032745361328125,	0.0902862548828125
5636306875.0,	0.1392822265625,	0.08765411376953125
5636315000.0,	0.13808441162109375,	0.08814239501953125
5636323125.0,	0.1399078369140625,	0.09027862548828125
5636331250.0,	0.13944244384765625,	0.08753204345703125
5636339375.0,	0.13990020751953125,	0.08931732177734375
5636347500.0,	0.13869476318359375,	0.087982177734375
5636355625.0,	0.14090728759765625,	0.086883544921875
5636363750.0,	0.140838623046875,	0.08710479736328125
5636371875.0,	0.14342498779296875,	0.08896636962890625
5636380000.0,	0.14046478271484375,	0.08646392822265625
5636388125.0,	0.14229583740234375,	0.08849334716796875
5636396250.0,	0.14075469970703125,	0.0854949951171875
5636404375.0,	0.1388397216796875,	0.08881378173828125
5636412500.0,	0.14072418212890625,	0.08554840087890625
5636420625.0,	0.1402435302734375,	0.08579254150390625
5636428750.0,	0.14209747314453125,	0.0858612060546875
5636436875.0,	0.1404876708984375,	0.08563232421875
5636445000.0,	0.14235687255859375,	0.0882720947265625
5636453125.0,	0.1436004638671875,	0.087310791015625
5636461250.0,	0.142669677734375,	0.08466339111328125
5636469375.0,	0.14119720458984375,	0.082794189453125
5636477500.0,	0.14178466796875,	0.0876007080078125
5636485625.0,	0.1430206298828125,	0.085693359375
5636493750.0,	0.1455230712890625,	0.08426666259765625
5636501875.0,	0.14354705810546875,	0.08577728271484375
5636510000.0,	0.1428375244140625,	0.08463287353515625
5636518125.0,	0.14368438720703125,	0.0835418701171875
5636526250.0,	0.14620208740234375,	0.0846710205078125
5636534375.0,	0.14504241943359375,	0.08475494384765625
5636542500.0,	0.1439208984375,	0.08400726318359375
5636550625.0,	0.14450836181640625,	0.0823822021484375
5636558750.0,	0.14507293701171875,	0.084564208984375
5636566875.0,	0.14225006103515625,	0.0834808349609375
5636575000.0,	0.146087646484375,	0.0841217041015625
5636583125.0,	0.14328765869140625,	0.08396148681640625
5636591250.0,	0.1463775634765625,	0.08255767822265625
5636599375.0,	0.14595794677734375,	0.08303070068359375
5636607500.0,	0.146942138671875,	0.08104705810546875
5636615625.0,	0.14638519287109375,	0.082672119140625
5636623750.0,	0.14488983154296875,	0.08159637451171875
5636631875.0,	0.14595794677734375,	0.0851287841796875
5636640000.0,	0.146484375,	0.0832061767578125
5636648125.0,	0.14630126953125,	0.0822906494140625
5636656250.0,	0.14664459228515625,	0.08270263671875
5636664375.0,	0.147125244140625,	0.08161163330078125
5636672500.0,	0.1483612060546875,	0.0836029052734375
5636680625.0,	0.14673614501953125,	0.08152008056640625
5636688750.0,	0.1457977294921875,	0.0820770263671875
5636696875.0,	0.14727783203125,	0.08123016357421875
5636705000.0,	0.14795684814453125,	0.08237457275390625
5636713125.0,	0.14771270751953125,	0.08081817626953125
5636721250.0,	0.14844512939453125,	0.07996368408203125
5636729375.0,	0.1477203369140625,	0.07910919189453125
5636737500.0,	0.1486663818359375,	0.08118438720703125
5636745625.0,	0.149261474609375,	0.079315185546875
5636753750.0,	0.14734649658203125,	0.07881927490234375
5636761875.0,	0.1485748291015625,	0.0774078369140625
5636770000.0,	0.15130615234375,	0.07959747314453125
5636778125.0,	0.1516571044921875,	0.079681396484375
5636786250.0,	0.150360107421875,	0.0790252685546875
5636794375.0,	0.15067291259765625,	0.079254150390625
5636802500.0,	0.1512908935546875,	0.07697296142578125
5636810625.0,	0.1508026123046875,	0.07839202880859375
5636818750.0,	0.15161895751953125,	0.07733917236328125
5636826875.0,	0.15032958984375,	0.07897186279296875
5636835000.0,	0.1507720947265625,	0.07639312744140625
5636843125.0,	0.15210723876953125,	0.07671356201171875
5636851250.0,	0.15039825439453125,	0.07614898681640625
5636859375.0,	0.15232086181640625,	0.07469940185546875
5636867500.0,	0.15308380126953125,	0.07743072509765625
5636875625.0,	0.152008056640625,	0.07540130615234375
5636883750.0,	0.15282440185546875,	0.07555389404296875
5636891875.0,	0.15155029296875,	0.076446533203125
5636900000.0,	0.1556396484375,	0.07640838623046875
5636908125.0,	0.15195465087890625,	0.07428741455078125
5636916250.0,	0.153961181640625,	0.07393646240234375
5636924375.0,	0.15181732177734375,	0.07684326171875
5636932500.0,	0.152099609375,	0.0751190185546875
5636940625.0,	0.1544342041015625,	0.07483673095703125
5636948750.0,	0.15454864501953125,	0.07509613037109375
5636956875.0,	0.1545562744140625,	0.071990966796875
5636965000.0,	0.1552734375,	0.07193756103515625
5636973125.0,	0.1529083251953125,	0.0738677978515625
5636981250.0,	0.15581512451171875,	0.0708160400390625
5636989375.0,	0.15561676025390625,	0.0737762451171875
5636997500.0,	0.15502166748046875,	0.07341766357421875
5637005625.0,	0.15386199951171875,	0.0734710693359375
5637013750.0,	0.1557159423828125,	0.07442474365234375
5637021875.0,	0.1543121337890625,	0.0715789794921875
5637030000.0,	0.154937744140625,	0.072052001953125
5637038125.0,	0.1558837890625,	0.07106781005859375
5637046250.0,	0.1560516357421875,	0.0711212158203125
5637054375.0,	0.15500640869140625,	0.07083892822265625
5637062500.0,	0.15667724609375,	0.0698089599609375
5637070625.0,	0.15804290771484375,	0.06982421875
5637078750.0,	0.15755462646484375,	0.06911468505859375
5637086875.0,	0.1572723388671875,	0.0696258544921875
5637095000.0,	0.1582794189453125,	0.07016754150390625
5637103125.0,	0.1587371826171875,	0.06885528564453125
5637111250.0,	0.1590728759765625,	0.0672760009765625
5637119375.0,	0.159332275390625,	0.06746673583984375
5637127500.0,	0.15917205810546875,	0.06793975830078125
5637135625.0,	0.1583251953125,	0.0678863525390625
5637143750.0,	0.15862274169921875,	0.06678009033203125
5637151875.0,	0.162200927734375,	0.06632232666015625
5637160000.0,	0.1587066650390625,	0.06487274169921875
5637168125.0,	0.15898895263671875,	0.0660858154296875
5637176250.0,	0.161102294921875,	0.06653594970703125
5637184375.0,	0.1616973876953125,	0.0619964599609375
5637192500.0,	0.16046142578125,	0.06539154052734375
5637200625.0,	0.16088104248046875,	0.06390380859375
5637208750.0,	0.1628265380859375,	0.06400299072265625
5637216875.0,	0.16176605224609375,	0.06375885009765625
5637225000.0,	0.16036224365234375,	0.06392669677734375
5637233125.0,	0.16021728515625,	0.06341552734375
5637241250.0,	0.1619720458984375,	0.06230926513671875
5637249375.0,	0.16233062744140625,	0.06182861328125
5637257500.0,	0.16101837158203125,	0.061065673828125
5637265625.0,	0.162384033203125,	0.0593109130859375
5637273750.0,	0.16350555419921875,	0.06097412109375
5637281875.0,	0.1623077392578125,	0.0583343505859375
5637290000.0,	0.16347503662109375,	0.0574951171875
5637298125.0,	0.1633758544921875,	0.05989837646484375
5637306250.0,	0.1624603271484375,	0.05712890625
5637314375.0,	0.1636810302734375,	0.05901336669921875
5637322500.0,	0.16362762451171875,	0.05779266357421875
5637330625.0,	0.1643524169921875,	0.05895233154296875
5637338750.0,	0.1660614013671875,	0.056915283203125
5637346875.0,	0.16422271728515625,	0.05722808837890625
5637355000.0,	0.1638641357421875,	0.056854248046875
5637363125.0,	0.16338348388671875,	0.0571746826171875
5637371250.0,	0.16607666015625,	0.054840087890625
5637379375.0,	0.16413116455078125,	0.05313873291015625
5637387500.0,	0.16428375244140625,	0.05461883544921875
5637395625.0,	0.16571807861328125,	0.054534912109375
5637403750.0,	0.16645050048828125,	0.05096435546875
5637411875.0,	0.1649169921875,	0.05101776123046875
5637420000.0,	0.16710662841796875,	0.051666259765625
5637428125.0,	0.16751861572265625,	0.04949951171875
5637436250.0,	0.1666717529296875,	0.0527496337890625
5637444375.0,	0.1669769287109375,	0.0501861572265625
5637452500.0,	0.1666717529296875,	0.04886627197265625
5637460625.0,	0.16497802734375,	0.04907989501953125
5637468750.0,	0.16455078125,	0.04906463623046875
5637476875.0,	0.16661834716796875,	0.04913330078125
5637485000.0,	0.16738128662109375,	0.04627227783203125
5637493125.0,	0.1671600341796875,	0.048248291015625
5637501250.0,	0.16657257080078125,	0.04640960693359375
5637509375.0,	0.16732025146484375,	0.045806884765625
5637517500.0,	0.1655120849609375,	0.04433441162109375
5637525625.0,	0.16851043701171875,	0.04605865478515625
5637533750.0,	0.168701171875,	0.043487548828125
5637541875.0,	0.168365478515625,	0.04480743408203125
5637550000.0,	0.16988372802734375,	0.0419464111328125
5637558125.0,	0.16876220703125,	0.04148101806640625
5637566250.0,	0.16812896728515625,	0.04251861572265625
5637574375.0,	0.1692657470703125,	0.03844451904296875
5637582500.0,	0.1701202392578125,	0.04022216796875
5637590625.0,	0.1705322265625,	0.0384368896484375
5637598750.0,	0.17002105712890625,	0.03865814208984375
5637606875.0,	0.16973876953125,	0.03617095947265625
5637615000.0,	0.1680908203125,	0.03693389892578125
5637623125.0,	0.1708221435546875,	0.03639984130859375
5637631250.0,	0.16941070556640625,	0.034759521484375
5637639375.0,	0.168670654296875,	0.0371551513671875
5637647500.0,	0.16960906982421875,	0.032806396484375
5637655625.0,	0.169769287109375,	0.03521728515625
5637663750.0,	0.17130279541015625,	0.03243255615234375
5637671875.0,	0.17050933837890625,	0.03125762939453125
5637680000.0,	0.169952392578125,	0.03107452392578125
5637688125.0,	0.17005157470703125,	0.03256988525390625
5637696250.0,	0.17168426513671875,	0.02967071533203125
5637704375.0,	0.17177581787109375,	0.02851104736328125
5637712500.0,	0.170074462890625,	0.027801513671875
5637720625.0,	0.16973876953125,	0.02631378173828125
5637728750.0,	0.1710357666015625,	0.02655792236328125
5637736875.0,	0.17011260986328125,	0.0277252197265625
5637745000.0,	0.16986846923828125,	0.0230712890625
5637753125.0,	0.17038726806640625,	0.02365875244140625
5637761250.0,	0.17108917236328125,	0.0234832763671875
5637769375.0,	0.17061614990234375,	0.02227783203125
5637777500.0,	0.1706390380859375,	0.02190399169921875
5637785625.0,	0.17041778564453125,	0.02109527587890625
5637793750.0,	0.16974639892578125,	0.0203094482421875
5637801875.0,	0.1709442138671875,	0.0192413330078125
5637810000.0,	0.17083740234375,	0.017608642578125
5637818125.0,	0.1690826416015625,	0.0181121826171875
5637826250.0,	0.1715850830078125,	0.0184478759765625
5637834375.0,	0.16819000244140625,	0.0135650634765625
5637842500.0,	0.1698760986328125,	0.01534271240234375
5637850625.0,	0.16950225830078125,	0.01506805419921875
5637858750.0,	0.16893768310546875,	0.012908935546875
5637866875.0,	0.16925048828125,	0.01229095458984375
5637875000.0,	0.1699981689453125,	0.00824737548828125
5637883125.0,	0.16948699951171875,	0.00778961181640625
5637891250.0,	0.16844940185546875,	0.0092926025390625
5637899375.0,	0.16790008544921875,	0.00597381591796875
5637907500.0,	0.1694793701171875,	0.00424957275390625
5637915625.0,	0.16738128662109375,	0.0057373046875
5637923750.0,	0.1671600341796875,	0.00289154052734375
5637931875.0,	0.16632843017578125,	0.002471923828125
5637940000.0,	0.16796875,	0.00115203857421875
5637948125.0,	0.1693878173828125,	0.00057220458984375
5637956250.0,	0.16674041748046875,	4.57763671875e-05
5637964375.0,	0.16718292236328125,	-0.00012969970703125
5637972500.0,	0.165435791015625,	-0.00023651123046875
5637980625.0,	0.16655731201171875,	-0.00243377685546875
5637988750.0,	0.16541290283203125,	-0.00191497802734375
5637996875.0,	0.16412353515625,	-0.006256103515625
5638005000.0,	0.16432952880859375,	-0.00421142578125
5638013125.0,	0.1620941162109375,	-0.00811004638671875
5638021250.0,	0.16428375244140625,	-0.007080078125
5638029375.0,	0.1632843017578125,	-0.0074920654296875
5638037500.0,	0.1619110107421875,	-0.00963592529296875
5638045625.0,	0.163543701171875,	-0.0092926025390625
5638053750.0,	0.16211700439453125,	-0.010040283203125
5638061875.0,	0.16085052490234375,	-0.01385498046875
5638070000.0,	0.16030120849609375,	-0.0155792236328125
5638078125.0,	0.15897369384765625,	-0.01491546630859375
5638086250.0,	0.158050537109375,	-0.01468658447265625
5638094375.0,	0.15860748291015625,	-0.01479339599609375
5638102500.0,	0.15509796142578125,	-0.0163116455078125
5638110625.0,	0.15624237060546875,	-0.0167694091796875
5638118750.0,	0.1566009521484375,	-0.02025604248046875
5638126875.0,	0.15533447265625,	-0.02159881591796875
5638135000.0,	0.1550750732421875,	-0.02028656005859375
5638143125.0,	0.15395355224609375,	-0.02207183837890625
5638151250.0,	0.1538543701171875,	-0.02239227294921875
5638159375.0,	0.14971923828125,	-0.025634765625
5638167500.0,	0.1484222412109375,	-0.02623748779296875
5638175625.0,	0.14957427978515625,	-0.02910614013671875
5638183750.0,	0.14908599853515625,	-0.0273895263671875
5638191875.0,	0.14675140380859375,	-0.0286712646484375
5638200000.0,	0.1459503173828125,	-0.0290985107421875
5638208125.0,	0.1473541259765625,	-0.03084564208984375
5638216250.0,	0.14471435546875,	-0.0313720703125
5638224375.0,	0.14563751220703125,	-0.03220367431640625
5638232500.0,	0.14321136474609375,	-0.03220367431640625
5638240625.0,	0.14182281494140625,	-0.03556060791015625
5638248750.0,	0.14255523681640625,	-0.035736083984375
5638256875.0,	0.14015960693359375,	-0.03423309326171875
5638265000.0,	0.143096923828125,	-0.0383148193359375
5638273125.0,	0.1383209228515625,	-0.0389404296875
5638281250.0,	0.13697052001953125,	-0.039794921875
5638289375.0,	0.13188934326171875,	-0.04148101806640625
5638297500.0,	0.133331298828125,	-0.0392303466796875
5638305625.0,	0.13150787353515625,	-0.03919219970703125
5638313750.0,	0.1305084228515625,	-0.04187774658203125
5638321875.0,	0.12837982177734375,	-0.04254913330078125
5638330000.0,	0.12987518310546875,	-0.041778564453125
5638338125.0,	0.12813568115234375,	-0.04204559326171875
5638346250.0,	0.12764739990234375,	-0.044036865234375
5638354375.0,	0.12534332275390625,	-0.044281005859375
5638362500.0,	0.12398147583007812,	-0.046321868896484375
5638370625.0,	0.12139511108398438,	-0.04584503173828125
5638378750.0,	0.120330810546875,	-0.045413970947265625
5638386875.0,	0.11981964111328125,	-0.04709625244140625
5638395000.0,	0.11832427978515625,	-0.04805755615234375
5638403125.0,	0.11716461181640625,	-0.0490875244140625
5638411250.0,	0.1163330078125,	-0.050262451171875
5638419375.0,	0.11409378051757812,	-0.04741668701171875
5638427500.0,	0.1129150390625,	-0.04756927490234375
5638435625.0,	0.11188507080078125,	-0.049488067626953125
5638443750.0,	0.11065673828125,	-0.048793792724609375
5638451875.0,	0.10808944702148438,	-0.051731109619140625
5638460000.0,	0.10618972778320312,	-0.049388885498046875
5638468125.0,	0.1039581298828125,	-0.050228118896484375
5638476250.0,	0.10490798950195312,	-0.05169677734375
5638484375.0,	0.10090255737304688,	-0.0500946044921875
5638492500.0,	0.10076904296875,	-0.052478790283203125
5638500625.0,	0.09973526000976562,	-0.052387237548828125
5638508750.0,	0.0994415283203125,	-0.052951812744140625
5638516875.0,	0.09527587890625,	-0.05097198486328125
5638525000.0,	0.09394454956054688,	-0.05170440673828125
5638533125.0,	0.09441375732421875,	-0.05191802978515625
5638541250.0,	0.09214019775390625,	-0.05377960205078125
5638549375.0,	0.08900833129882812,	-0.051303863525390625
5638557500.0,	0.09013748168945312,	-0.05298614501953125
5638565625.0,	0.08565521240234375,	-0.052059173583984375
5638573750.0,	0.08773422241210938,	-0.051158905029296875
5638581875.0,	0.08481216430664062,	-0.051219940185546875
5638590000.0,	0.08611297607421875,	-0.051074981689453125
5638598125.0,	0.08395767211914062,	-0.050609588623046875
5638606250.0,	0.08208847045898438,	-0.048797607421875
5638614375.0,	0.08098220825195312,	-0.049411773681640625
5638622500.0,	0.07801055908203125,	-0.049541473388671875
5638630625.0,	0.07946395874023438,	-0.04991912841796875
5638638750.0,	0.07498550415039062,	-0.04804229736328125
5638646875.0,	0.07323074340820312,	-0.048847198486328125
5638655000.0,	0.07316970825195312,	-0.04706573486328125
5638663125.0,	0.07160186767578125,	-0.04732513427734375
5638671250.0,	0.07109832763671875,	-0.04581451416015625
5638679375.0,	0.06949996948242188,	-0.047119140625
5638687500.0,	0.06974029541015625,	-0.04799652099609375
5638695625.0,	0.06750869750976562,	-0.046722412109375
5638703750.0,	0.06628036499023438,	-0.0467071533203125
5638711875.0,	0.06317138671875,	-0.044635772705078125
5638720000.0,	0.06470108032226562,	-0.04506683349609375
5638728125.0,	0.06344985961914062,	-0.04400634765625
5638736250.0,	0.06018257141113281,	-0.043834686279296875
5638744375.0,	0.05878639221191406,	-0.042938232421875
5638752500.0,	0.06066703796386719,	-0.03998565673828125
5638760625.0,	0.05612373352050781,	-0.04046058654785156
5638768750.0,	0.05585289001464844,	-0.04108428955078125
5638776875.0,	0.05493354797363281,	-0.04053688049316406
5638785000.0,	0.053661346435546875,	-0.04062843322753906
5638793125.0,	0.05177879333496094,	-0.03853416442871094
5638801250.0,	0.0517730712890625,	-0.03906822204589844
5638809375.0,	0.050594329833984375,	-0.03848075866699219
5638817500.0,	0.04892539978027344,	-0.036285400390625
5638825625.0,	0.05038261413574219,	-0.03559303283691406
5638833750.0,	0.04720306396484375,	-0.033901214599609375
5638841875.0,	0.044830322265625,	-0.03530120849609375
5638850000.0,	0.04581260681152344,	-0.035121917724609375
5638858125.0,	0.04445075988769531,	-0.03339385986328125
5638866250.0,	0.04311180114746094,	-0.033184051513671875
5638874375.0,	0.041748046875,	-0.03447151184082031
5638882500.0,	0.0400390625,	-0.031524658203125
5638890625.0,	0.03973960876464844,	-0.02877044677734375
5638898750.0,	0.04108619689941406,	-0.030138015747070312
5638906875.0,	0.040073394775390625,	-0.029552459716796875
5638915000.0,	0.03890800476074219,	-0.026849746704101562
5638923125.0,	0.0381011962890625,	-0.02574920654296875
5638931250.0,	0.03636360168457031,	-0.024980545043945312
5638939375.0,	0.03670310974121094,	-0.024179458618164062
5638947500.0,	0.03790092468261719,	-0.023807525634765625
5638955625.0,	0.03489875793457031,	-0.023681640625
5638963750.0,	0.033420562744140625,	-0.02329254150390625
5638971875.0,	0.03368377685546875,	-0.023141860961914062
5638980000.0,	0.034252166748046875,	-0.020849227905273438
5638988125.0,	0.03301239013671875,	-0.019145965576171875
5638996250.0,	0.02998638153076172,	-0.01756763458251953
5639004375.0,	0.03447532653808594,	-0.019443511962890625
5639012500.0,	0.029928207397460938,	-0.016693115234375
5639020625.0,	0.029329299926757812,	-0.015341758728027344
5639028750.0,	0.028066635131835938,	-0.016297340393066406
5639036875.0,	0.02855682373046875,	-0.014046669006347656
5639045000.0,	0.029315948486328125,	-0.012717247009277344
5639053125.0,	0.028011322021484375,	-0.012693405151367188
5639061250.0,	0.027006149291992188,	-0.013349533081054688
5639069375.0,	0.0283203125,	-0.013056755065917969
5639077500.0,	0.026305198669433594,	-0.010068893432617188
5639085625.0,	0.025452613830566406,	-0.009431838989257812
5639093750.0,	0.02529430389404297,	-0.006735801696777344
5639101875.0,	0.025318145751953125,	-0.007526397705078125
5639110000.0,	0.024748802185058594,	-0.007275581359863281
5639118125.0,	0.024916648864746094,	-0.007178306579589844
5639126250.0,	0.024003028869628906,	-0.0045375823974609375
5639134375.0,	0.022665977478027344,	-0.005055427551269531
5639142500.0,	0.0230712890625,	-0.0028781890869140625
5639150625.0,	0.023110389709472656,	-0.001708984375
5639158750.0,	0.02135467529296875,	-0.0015134811401367188
5639166875.0,	0.022276878356933594,	-0.0031890869140625
5639175000.0,	0.02249431610107422,	-2.86102294921875e-05
5639183125.0,	0.022149085998535156,	0.0016193389892578125
5639191250.0,	0.020807266235351562,	0.0029582977294921875
5639199375.0,	0.019487380981445312,	0.0034332275390625
5639207500.0,	0.019960403442382812,	0.004669189453125
5639215625.0,	0.02022075653076172,	0.00286102294921875
5639223750.0,	0.021950721740722656,	0.0042781829833984375
5639231875.0,	0.020227432250976562,	0.006779670715332031
5639240000.0,	0.01822662353515625,	0.0056133270263671875
5639248125.0,	0.02055644989013672,	0.007620811462402344
5639256250.0,	0.01915740966796875,	0.008053779602050781
5639264375.0,	0.017421722412109375,	0.0081787109375
5639272500.0,	0.0194091796875,	0.010389328002929688
5639280625.0,	0.019168853759765625,	0.010602951049804688
5639288750.0,	0.01923847198486328,	0.013599395751953125
5639296875.0,	0.020033836364746094,	0.011539459228515625
5639305000.0,	0.02206134796142578,	0.012904167175292969
5639313125.0,	0.019933700561523438,	0.014860153198242188
5639321250.0,	0.019654273986816406,	0.015011787414550781
5639329375.0,	0.01613903045654297,	0.014889717102050781
5639337500.0,	0.020519256591796875,	0.014768600463867188
5639345625.0,	0.01794147491455078,	0.017251014709472656
5639353750.0,	0.01708698272705078,	0.01694202423095703
5639361875.0,	0.02001953125,	0.018774986267089844
5639370000.0,	0.019339561462402344,	0.01836681365966797
5639378125.0,	0.01974964141845703,	0.018851280212402344
5639386250.0,	0.01995563507080078,	0.02122020721435547
5639394375.0,	0.01833820343017578,	0.02084827423095703
5639402500.0,	0.016742706298828125,	0.020606040954589844
5639410625.0,	0.018667221069335938,	0.021454811096191406
5639418750.0,	0.018898963928222656,	0.024267196655273438
5639426875.0,	0.015196800231933594,	0.022966384887695312
5639435000.0,	0.016574859619140625,	0.02576446533203125
5639443125.0,	0.019868850708007812,	0.02570056915283203
5639451250.0,	0.017789840698242188,	0.025399208068847656
5639459375.0,	0.015358924865722656,	0.025572776794433594
5639467500.0,	0.017480850219726562,	0.02608966827392578
5639475625.0,	0.020096778869628906,	0.02525615692138672
5639483750.0,	0.017432212829589844,	0.027754783630371094
5639491875.0,	0.019080162048339844,	0.030694961547851562
5639500000.0,	0.019034385681152344,	0.02798748016357422
5639508125.0,	0.017713546752929688,	0.030368804931640625
5639516250.0,	0.019247055053710938,	0.03151130676269531
5639524375.0,	0.016672134399414062,	0.030986785888671875
5639532500.0,	0.015825271606445312,	0.03319549560546875
5639540625.0,	0.019269943237304688,	0.030666351318359375
5639548750.0,	0.017923355102539062,	0.03294563293457031
5639556875.0,	0.020257949829101562,	0.03428459167480469
5639565000.0,	0.017938613891601562,	0.03443336486816406
5639573125.0,	0.01602935791015625,	0.03772735595703125
5639581250.0,	0.018695831298828125,	0.035167694091796875
5639589375.0,	0.018781661987304688,	0.035312652587890625
5639597500.0,	0.019266128540039062,	0.03606224060058594
5639605625.0,	0.0193939208984375,	0.03504753112792969
5639613750.0,	0.021379470825195312,	0.03644371032714844
5639621875.0,	0.0189056396484375,	0.038623809814453125
5639630000.0,	0.018579483032226562,	0.0391082763671875
5639638125.0,	0.018716812133789062,	0.03824806213378906
5639646250.0,	0.020538330078125,	0.04022216796875
5639654375.0,	0.019611358642578125,	0.03988838195800781
5639662500.0,	0.019075393676757812,	0.040142059326171875
5639670625.0,	0.018680572509765625,	0.04203224182128906
5639678750.0,	0.020786285400390625,	0.040416717529296875
5639686875.0,	0.023479461669921875,	0.044757843017578125
5639695000.0,	0.020071029663085938,	0.04375267028808594
5639703125.0,	0.021383285522460938,	0.04290008544921875
5639711250.0,	0.019784927368164062,	0.04574012756347656
5639719375.0,	0.021152496337890625,	0.045612335205078125
5639727500.0,	0.020551681518554688,	0.044475555419921875
5639735625.0,	0.021127700805664062,	0.04657745361328125
5639743750.0,	0.02063751220703125,	0.046360015869140625
5639751875.0,	0.021043777465820312,	0.04736328125
5639760000.0,	0.022588729858398438,	0.04775238037109375
5639768125.0,	0.022851943969726562,	0.04610252380371094
5639776250.0,	0.0230255126953125,	0.04980659484863281
5639784375.0,	0.02022552490234375,	0.04705619812011719
5639792500.0,	0.022077560424804688,	0.050380706787109375
5639800625.0,	0.02103424072265625,	0.04619026184082031
5639808750.0,	0.02390289306640625,	0.049587249755859375
5639816875.0,	0.021661758422851562,	0.05047607421875
5639825000.0,	0.023965835571289062,	0.05080413818359375
5639833125.0,	0.022233963012695312,	0.048614501953125
5639841250.0,	0.021013259887695312,	0.04985809326171875
5639849375.0,	0.0227813720703125,	0.051982879638671875
5639857500.0,	0.0230560302734375,	0.05131340026855469
5639865625.0,	0.02207183837890625,	0.0525970458984375
5639873750.0,	0.023357391357421875,	0.05237579345703125
5639881875.0,	0.02399444580078125,	0.05423164367675781
5639890000.0,	0.021547317504882812,	0.05450248718261719
5639898125.0,	0.024343490600585938,	0.05302619934082031
5639906250.0,	0.025722503662109375,	0.05611228942871094
5639914375.0,	0.023405075073242188,	0.05367088317871094
5639922500.0,	0.02588653564453125,	0.05336570739746094
5639930625.0,	0.024200439453125,	0.053974151611328125
5639938750.0,	0.024477005004882812,	0.05326652526855469
5639946875.0,	0.02552032470703125,	0.05705833435058594
5639955000.0,	0.025659561157226562,	0.05593681335449219
5639963125.0,	0.025514602661132812,	0.05540657043457031
5639971250.0,	0.02545928955078125,	0.057254791259765625
5639979375.0,	0.024789810180664062,	0.05934333801269531
5639987500.0,	0.025163650512695312,	0.06049537658691406
5639995625.0,	0.024106979370117188,	0.059429168701171875
5640003750.0,	0.02652740478515625,	0.058624267578125
5640011875.0,	0.024364471435546875,	0.06046867370605469
5640020000.0,	0.02519989013671875,	0.05815887451171875
5640028125.0,	0.02490997314453125,	0.060085296630859375
5640036250.0,	0.027008056640625,	0.06173515319824219
5640044375.0,	0.0269927978515625,	0.06047248840332031
5640052500.0,	0.024932861328125,	0.059490203857421875
5640060625.0,	0.026666641235351562,	0.060321807861328125
5640068750.0,	0.026224136352539062,	0.06091117858886719
5640076875.0,	0.02649688720703125,	0.05994987487792969
5640085000.0,	0.02774810791015625,	0.06341552734375
5640093125.0,	0.027013778686523438,	0.06134605407714844
5640101250.0,	0.028186798095703125,	0.06252670288085938
5640109375.0,	0.027883529663085938,	0.06025505065917969
5640117500.0,	0.026903152465820312,	0.06173133850097656
5640125625.0,	0.0263519287109375,	0.06292343139648438
5640133750.0,	0.02870941162109375,	0.06293869018554688
5640141875.0,	0.0300750732421875,	0.06409835815429688
5640150000.0,	0.02838897705078125,	0.06308746337890625
5640158125.0,	0.028858184814453125,	0.06451797485351562
5640166250.0,	0.026828765869140625,	0.06450271606445312
5640174375.0,	0.02848052978515625,	0.06118965148925781
5640182500.0,	0.029605865478515625,	0.06764602661132812
5640190625.0,	0.028781890869140625,	0.06459426879882812
5640198750.0,	0.029422760009765625,	0.065826416015625
5640206875.0,	0.030132293701171875,	0.06693649291992188
5640215000.0,	0.031528472900390625,	0.06553268432617188
5640223125.0,	0.02889251708984375,	0.06729888916015625
5640231250.0,	0.02911376953125,	0.06745529174804688
5640239375.0,	0.0322265625,	0.06665802001953125
5640247500.0,	0.03028106689453125,	0.06743240356445312
5640255625.0,	0.029102325439453125,	0.06733322143554688
5640263750.0,	0.031314849853515625,	0.06578826904296875
5640271875.0,	0.029937744140625,	0.06770706176757812
5640280000.0,	0.032932281494140625,	0.06739044189453125
5640288125.0,	0.0312652587890625,	0.06850814819335938
5640296250.0,	0.031494140625,	0.06735992431640625
5640304375.0,	0.03166961669921875,	0.06923294067382812
5640312500.0,	0.0307464599609375,	0.07049179077148438
5640320625.0,	0.03260040283203125,	0.06937789916992188
5640328750.0,	0.0316925048828125,	0.07041168212890625
5640336875.0,	0.032703399658203125,	0.06930160522460938
5640345000.0,	0.033832550048828125,	0.06969451904296875
5640353125.0,	0.032703399658203125,	0.07094192504882812
5640361250.0,	0.034709930419921875,	0.06840896606445312
5640369375.0,	0.034160614013671875,	0.06995773315429688
5640377500.0,	0.03388214111328125,	0.07112503051757812
5640385625.0,	0.034984588623046875,	0.0720062255859375
5640393750.0,	0.03253936767578125,	0.07312774658203125
5640401875.0,	0.03399658203125,	0.068878173828125
5640410000.0,	0.034305572509765625,	0.07186508178710938
5640418125.0,	0.03292083740234375,	0.07241439819335938
5640426250.0,	0.03549957275390625,	0.07100296020507812
5640434375.0,	0.0347900390625,	0.07123184204101562
5640442500.0,	0.03316497802734375,	0.07291030883789062
5640450625.0,	0.034549713134765625,	0.0738677978515625
5640458750.0,	0.033565521240234375,	0.07327651977539062
5640466875.0,	0.035213470458984375,	0.07279586791992188
5640475000.0,	0.037464141845703125,	0.07335662841796875
5640483125.0,	0.034717559814453125,	0.0736541748046875
5640491250.0,	0.0347442626953125,	0.07314300537109375
5640499375.0,	0.035831451416015625,	0.07439041137695312
5640507500.0,	0.03778076171875,	0.07387542724609375
5640515625.0,	0.038486480712890625,	0.07546234130859375
5640523750.0,	0.034824371337890625,	0.0740203857421875
5640531875.0,	0.035137176513671875,	0.0744476318359375
5640540000.0,	0.037387847900390625,	0.07622909545898438
5640548125.0,	0.038837432861328125,	0.07288360595703125
5640556250.0,	0.036376953125,	0.07567596435546875
5640564375.0,	0.037479400634765625,	0.07611465454101562
5640572500.0,	0.03780364990234375,	0.07278823852539062
5640580625.0,	0.034587860107421875,	0.07500839233398438
5640588750.0,	0.03844451904296875,	0.07470703125
5640596875.0,	0.0378875732421875,	0.07378768920898438
5640605000.0,	0.03839111328125,	0.07643508911132812
5640613125.0,	0.03728485107421875,	0.0760345458984375
5640621250.0,	0.03787994384765625,	0.07495880126953125
5640629375.0,	0.038906097412109375,	0.07658767700195312
5640637500.0,	0.038234710693359375,	0.07694625854492188
5640645625.0,	0.040195465087890625,	0.07554244995117188
5640653750.0,	0.03949737548828125,	0.07750320434570312
5640661875.0,	0.0392913818359375,	0.077972412109375
5640670000.0,	0.038501739501953125,	0.07703018188476562
5640678125.0,	0.039386749267578125,	0.07650375366210938
5640686250.0,	0.040088653564453125,	0.07724380493164062
5640694375.0,	0.0384979248046875,	0.07620620727539062
5640702500.0,	0.03981781005859375,	0.07694625854492188
5640710625.0,	0.040882110595703125,	0.07904815673828125
5640718750.0,	0.038330078125,	0.07982635498046875
5640726875.0,	0.039478302001953125,	0.078826904296875
5640735000.0,	0.040096282958984375,	0.07855224609375
5640743125.0,	0.042270660400390625,	0.076904296875
5640751250.0,	0.038494110107421875,	0.076690673828125
5640759375.0,	0.04032135009765625,	0.07813644409179688
5640767500.0,	0.039409637451171875,	0.0797576904296875
5640775625.0,	0.041873931884765625,	0.0779876708984375
5640783750.0,	0.039035797119140625,	0.07941055297851562
5640791875.0,	0.042694091796875,	0.07819366455078125
5640800000.0,	0.039318084716796875,	0.07796096801757812
5640808125.0,	0.041522979736328125,	0.07964324951171875
5640816250.0,	0.04027557373046875,	0.08022308349609375
5640824375.0,	0.042293548583984375,	0.07987213134765625
5640832500.0,	0.0425567626953125,	0.08063507080078125
5640840625.0,	0.03945159912109375,	0.078460693359375
5640848750.0,	0.043415069580078125,	0.08022308349609375
5640856875.0,	0.0416412353515625,	0.07973861694335938
5640865000.0,	0.04337310791015625,	0.08043289184570312
5640873125.0,	0.043243408203125,	0.0804901123046875
5640881250.0,	0.04155731201171875,	0.08121490478515625
5640889375.0,	0.04373931884765625,	0.08083343505859375
5640897500.0,	0.043331146240234375,	0.07995223999023438
5640905625.0,	0.04441070556640625,	0.08268356323242188
5640913750.0,	0.043773651123046875,	0.08056640625
5640921875.0,	0.043430328369140625,	0.07957839965820312
5640930000.0,	0.043666839599609375,	0.08129501342773438
5640938125.0,	0.04404449462890625,	0.08053970336914062
5640946250.0,	0.0438385009765625,	0.081695556640625
5640954375.0,	0.043239593505859375,	0.08008193969726562
5640962500.0,	0.045017242431640625,	0.08353042602539062
5640970625.0,	0.0460205078125,	0.08131027221679688
5640978750.0,	0.042522430419921875,	0.0819091796875
5640986875.0,	0.04412841796875,	0.08172607421875
5640995000.0,	0.045055389404296875,	0.080047607421875
5641003125.0,	0.0445404052734375,	0.08288955688476562
5641011250.0,	0.04522705078125,	0.08425521850585938
5641019375.0,	0.04567718505859375,	0.08180618286132812
5641027500.0,	0.04430389404296875,	0.08298873901367188
5641035625.0,	0.046230316162109375,	0.08232498168945312
5641043750.0,	0.044010162353515625,	0.0840301513671875
5641051875.0,	0.04473876953125,	0.08469009399414062
5641060000.0,	0.041790008544921875,	0.08188247680664062
5641068125.0,	0.046504974365234375,	0.083343505859375
5641076250.0,	0.045635223388671875,	0.08301162719726562
5641084375.0,	0.045276641845703125,	0.0831756591796875
5641092500.0,	0.046661376953125,	0.0844573974609375
5641100625.0,	0.04642486572265625,	0.08397293090820312
5641108750.0,	0.04620361328125,	0.08366775512695312
5641116875.0,	0.04571533203125,	0.0826263427734375
5641125000.0,	0.047252655029296875,	0.08215713500976562
5641133125.0,	0.046833038330078125,	0.08376693725585938
5641141250.0,	0.04663848876953125,	0.08422088623046875
5641149375.0,	0.047367095947265625,	0.08416366577148438
5641157500.0,	0.047534942626953125,	0.084686279296875
5641165625.0,	0.045993804931640625,	0.0857391357421875
5641173750.0,	0.0467987060546875,	0.0842742919921875
5641181875.0,	0.046810150146484375,	0.08604812622070312
5641190000.0,	0.048175811767578125,	0.08419418334960938
5641198125.0,	0.0486907958984375,	0.08497238159179688
5641206250.0,	0.048831939697265625,	0.08613967895507812
5641214375.0,	0.045719146728515625,	0.08590316772460938
5641222500.0,	0.048198699951171875,	0.08713912963867188
5641230625.0,	0.049892425537109375,	0.08377838134765625
5641238750.0,	0.047748565673828125,	0.08358001708984375
5641246875.0,	0.0501708984375,	0.08614349365234375
5641255000.0,	0.0471649169921875,	0.08510971069335938
5641263125.0,	0.0479583740234375,	0.0860748291015625
5641271250.0,	0.050140380859375,	0.08306503295898438
5641279375.0,	0.0494537353515625,	0.08565139770507812
5641287500.0,	0.04864501953125,	0.08640670776367188
5641295625.0,	0.0494842529296875,	0.0855255126953125
5641303750.0,	0.04830169677734375,	0.085205078125
5641311875.0,	0.04930877685546875,	0.08525848388671875
5641320000.0,	0.04856109619140625,	0.08532333374023438
5641328125.0,	0.04888916015625,	0.08580398559570312
5641336250.0,	0.05197906494140625,	0.08807373046875
5641344375.0,	0.049900054931640625,	0.08492660522460938
5641352500.0,	0.049228668212890625,	0.08579635620117188
5641360625.0,	0.05261993408203125,	0.08587265014648438
5641368750.0,	0.049427032470703125,	0.0842132568359375
5641376875.0,	0.0514678955078125,	0.0867462158203125
5641385000.0,	0.04986572265625,	0.08603286743164062
5641393125.0,	0.050262451171875,	0.0862274169921875
5641401250.0,	0.049434661865234375,	0.08631134033203125
5641409375.0,	0.0517578125,	0.0852813720703125
5641417500.0,	0.052333831787109375,	0.08691024780273438
5641425625.0,	0.051967620849609375,	0.08339309692382812
5641433750.0,	0.05225372314453125,	0.0845947265625
5641441875.0,	0.049045562744140625,	0.08624267578125
5641450000.0,	0.050457000732421875,	0.08698654174804688
5641458125.0,	0.049625396728515625,	0.0858154296875
5641466250.0,	0.051006317138671875,	0.0850372314453125
5641474375.0,	0.052204132080078125,	0.08832931518554688
5641482500.0,	0.053409576416015625,	0.08685302734375
5641490625.0,	0.0506591796875,	0.08768463134765625
5641498750.0,	0.0526123046875,	0.08562088012695312
5641506875.0,	0.053440093994140625,	0.08649826049804688
5641515000.0,	0.05236053466796875,	0.08619308471679688
5641523125.0,	0.053741455078125,	0.086883544921875
5641531250.0,	0.051631927490234375,	0.08688735961914062
5641539375.0,	0.0521392822265625,	0.08942031860351562
5641547500.0,	0.0529937744140625,	0.08963394165039062
5641555625.0,	0.052947998046875,	0.08744049072265625
5641563750.0,	0.053211212158203125,	0.09096145629882812
5641571875.0,	0.053028106689453125,	0.08670425415039062
5641580000.0,	0.0550384521484375,	0.08739852905273438
5641588125.0,	0.051410675048828125,	0.08711624145507812
5641596250.0,	0.0524139404296875,	0.0870208740234375
5641604375.0,	0.052394866943359375,	0.08750152587890625
5641612500.0,	0.05335235595703125,	0.08786773681640625
5641620625.0,	0.05419158935546875,	0.08638763427734375
5641628750.0,	0.052570343017578125,	0.08707046508789062
5641636875.0,	0.05267333984375,	0.0890350341796875
5641645000.0,	0.054836273193359375,	0.08875274658203125
5641653125.0,	0.052120208740234375,	0.08851242065429688
5641661250.0,	0.0549163818359375,	0.08788681030273438
5641669375.0,	0.053836822509765625,	0.08969879150390625
5641677500.0,	0.0531768798828125,	0.08641815185546875
5641685625.0,	0.05461883544921875,	0.08883285522460938
5641693750.0,	0.055355072021484375,	0.08884811401367188
5641701875.0,	0.05371856689453125,	0.0879974365234375
5641710000.0,	0.057048797607421875,	0.08969497680664062
5641718125.0,	0.052806854248046875,	0.08921432495117188
5641726250.0,	0.05312347412109375,	0.088134765625
5641734375.0,	0.05438232421875,	0.0867767333984375
5641742500.0,	0.055393218994140625,	0.08906936645507812
5641750625.0,	0.0533599853515625,	0.08667755126953125
5641758750.0,	0.05467987060546875,	0.08795166015625
5641766875.0,	0.055736541748046875,	0.08824539184570312
5641775000.0,	0.055797576904296875,	0.08803176879882812
5641783125.0,	0.053890228271484375,	0.0882568359375
5641791250.0,	0.0553741455078125,	0.0876922607421875
5641799375.0,	0.057773590087890625,	0.09051132202148438
5641807500.0,	0.054157257080078125,	0.09070587158203125
5641815625.0,	0.05410003662109375,	0.08811569213867188
5641823750.0,	0.0558319091796875,	0.09164810180664062
5641831875.0,	0.055389404296875,	0.0911712646484375
5641840000.0,	0.055908203125,	0.08801651000976562
5641848125.0,	0.055751800537109375,	0.09317779541015625
5641856250.0,	0.05480194091796875,	0.08983612060546875
5641864375.0,	0.0579986572265625,	0.08861923217773438
5641872500.0,	0.057159423828125,	0.09011459350585938
5641880625.0,	0.0567779541015625,	0.08812332153320312
5641888750.0,	0.0528717041015625,	0.08856582641601562
5641896875.0,	0.056915283203125,	0.08899688720703125
5641905000.0,	0.05689239501953125,	0.089202880859375
5641913125.0,	0.0572509765625,	0.08866119384765625
5641921250.0,	0.057140350341796875,	0.09003448486328125
5641929375.0,	0.05814361572265625,	0.08961868286132812
5641937500.0,	0.0558319091796875,	0.08957672119140625
5641945625.0,	0.05596160888671875,	0.0890960693359375
5641953750.0,	0.057666778564453125,	0.08931350708007812
5641961875.0,	0.056964874267578125,	0.09083938598632812
5641970000.0,	0.057659149169921875,	0.09090042114257812
5641978125.0,	0.05858612060546875,	0.09035873413085938
5641986250.0,	0.05878448486328125,	0.08816146850585938
5641994375.0,	0.057506561279296875,	0.089202880859375
5642002500.0,	0.0609130859375,	0.090362548828125
5642010625.0,	0.057918548583984375,	0.09165191650390625
5642018750.0,	0.057254791259765625,	0.08997726440429688
5642026875.0,	0.056735992431640625,	0.09224700927734375
5642035000.0,	0.059268951416015625,	0.08941268920898438
5642043125.0,	0.057743072509765625,	0.09160614013671875
5642051250.0,	0.059062957763671875,	0.08992767333984375
5642059375.0,	0.058452606201171875,	0.08989334106445312
5642067500.0,	0.059703826904296875,	0.0895538330078125
5642075625.0,	0.05812835693359375,	0.09103012084960938
5642083750.0,	0.05908203125,	0.0913543701171875
5642091875.0,	0.05924224853515625,	0.0887908935546875
5642100000.0,	0.0573883056640625,	0.08978652954101562
5642108125.0,	0.058254241943359375,	0.09007644653320312
5642116250.0,	0.057697296142578125,	0.091522216796875
5642124375.0,	0.059535980224609375,	0.08942413330078125
5642132500.0,	0.058353424072265625,	0.09039306640625
5642140625.0,	0.059658050537109375,	0.09094619750976562
5642148750.0,	0.05841064453125,	0.09073638916015625
5642156875.0,	0.060169219970703125,	0.09220123291015625
5642165000.0,	0.058071136474609375,	0.0908966064453125
5642173125.0,	0.058074951171875,	0.093048095703125
5642181250.0,	0.059108734130859375,	0.08969497680664062
5642189375.0,	0.058757781982421875,	0.09099197387695312
5642197500.0,	0.05750274658203125,	0.09391021728515625
5642205625.0,	0.061279296875,	0.090972900390625
5642213750.0,	0.059452056884765625,	0.09107589721679688
5642221875.0,	0.060245513916015625,	0.09004592895507812
5642230000.0,	0.05870819091796875,	0.0919189453125
5642238125.0,	0.06110382080078125,	0.09148025512695312
5642246250.0,	0.05947113037109375,	0.09008026123046875
5642254375.0,	0.059764862060546875,	0.08836746215820312
5642262500.0,	0.05944061279296875,	0.08907699584960938
5642270625.0,	0.059833526611328125,	0.09098052978515625
5642278750.0,	0.061397552490234375,	0.09181594848632812
5642286875.0,	0.062473297119140625,	0.09218597412109375
5642295000.0,	0.0588531494140625,	0.09142303466796875
5642303125.0,	0.061618804931640625,	0.08911895751953125
5642311250.0,	0.05847930908203125,	0.09107589721679688
5642319375.0,	0.060009002685546875,	0.092254638671875
5642327500.0,	0.059085845947265625,	0.09033203125
5642335625.0,	0.059978485107421875,	0.0914154052734375
5642343750.0,	0.058765411376953125,	0.09088134765625
5642351875.0,	0.059814453125,	0.0926361083984375
5642360000.0,	0.060192108154296875,	0.09264755249023438
5642368125.0,	0.060577392578125,	0.09261322021484375
5642376250.0,	0.0616302490234375,	0.09145736694335938
5642384375.0,	0.060108184814453125,	0.09188461303710938
5642392500.0,	0.0612335205078125,	0.09052658081054688
5642400625.0,	0.0608978271484375,	0.08957290649414062
5642408750.0,	0.06113433837890625,	0.09133529663085938
5642416875.0,	0.0592498779296875,	0.09372711181640625
5642425000.0,	0.05883026123046875,	0.09077072143554688
5642433125.0,	0.061527252197265625,	0.09051132202148438
5642441250.0,	0.06203460693359375,	0.09197998046875
5642449375.0,	0.0613250732421875,	0.09220123291015625
5642457500.0,	0.062076568603515625,	0.09037017822265625
5642465625.0,	0.061489105224609375,	0.09162139892578125
5642473750.0,	0.06103515625,	0.09249114990234375
5642481875.0,	0.062286376953125,	0.09201812744140625
5642490000.0,	0.061309814453125,	0.09162521362304688
5642498125.0,	0.06247711181640625,	0.09288787841796875
5642506250.0,	0.06286239624023438,	0.09389877319335938
5642514375.0,	0.061214447021484375,	0.09199142456054688
5642522500.0,	0.062168121337890625,	0.09183883666992188
5642530625.0,	0.062652587890625,	0.09250259399414062
5642538750.0,	0.06137847900390625,	0.0916595458984375
5642546875.0,	0.06201934814453125,	0.09112930297851562
5642555000.0,	0.06046295166015625,	0.09481430053710938
5642563125.0,	0.061649322509765625,	0.09357452392578125
5642571250.0,	0.061367034912109375,	0.09112167358398438
5642579375.0,	0.062408447265625,	0.09259414672851562
5642587500.0,	0.061367034912109375,	0.08969497680664062
5642595625.0,	0.06346511840820312,	0.09344100952148438
5642603750.0,	0.06282424926757812,	0.09212875366210938
5642611875.0,	0.062404632568359375,	0.09035873413085938
5642620000.0,	0.06320953369140625,	0.09116744995117188
5642628125.0,	0.06328582763671875,	0.09208297729492188
5642636250.0,	0.06290435791015625,	0.09112167358398438
5642644375.0,	0.06404495239257812,	0.09262847900390625
5642652500.0,	0.06229400634765625,	0.09183120727539062
5642660625.0,	0.06426239013671875,	0.09215164184570312
5642668750.0,	0.0610198974609375,	0.0904541015625
5642676875.0,	0.060962677001953125,	0.09073638916015625
5642685000.0,	0.06311416625976562,	0.09283447265625
5642693125.0,	0.0636749267578125,	0.09260940551757812
5642701250.0,	0.06531524658203125,	0.09152984619140625
5642709375.0,	0.062366485595703125,	0.09322738647460938
5642717500.0,	0.06526565551757812,	0.09120559692382812
5642725625.0,	0.06407546997070312,	0.09013748168945312
5642733750.0,	0.0634002685546875,	0.09137344360351562
5642741875.0,	0.064605712890625,	0.0923004150390625
5642750000.0,	0.06458282470703125,	0.08998489379882812
5642758125.0,	0.06264495849609375,	0.09180068969726562
5642766250.0,	0.06457901000976562,	0.09210205078125
5642774375.0,	0.06533432006835938,	0.09390640258789062
5642782500.0,	0.06620025634765625,	0.09365463256835938
5642790625.0,	0.0640411376953125,	0.09289932250976562
5642798750.0,	0.06690597534179688,	0.09348678588867188
5642806875.0,	0.06362533569335938,	0.09305191040039062
5642815000.0,	0.065155029296875,	0.09154891967773438
5642823125.0,	0.06634521484375,	0.09336471557617188
5642831250.0,	0.06473922729492188,	0.09284591674804688
5642839375.0,	0.06436538696289062,	0.09288787841796875
5642847500.0,	0.06494903564453125,	0.09190750122070312
5642855625.0,	0.06403732299804688,	0.09254074096679688
5642863750.0,	0.06484603881835938,	0.09235763549804688
5642871875.0,	0.06587982177734375,	0.08900070190429688
5642880000.0,	0.06568145751953125,	0.09651947021484375
5642888125.0,	0.06453323364257812,	0.09401702880859375
5642896250.0,	0.06451797485351562,	0.093017578125
5642904375.0,	0.06542587280273438,	0.09621429443359375
5642912500.0,	0.06461334228515625,	0.09150314331054688
5642920625.0,	0.06521224975585938,	0.09177780151367188
5642928750.0,	0.0653076171875,	0.09363937377929688
5642936875.0,	0.06483078002929688,	0.0929412841796875
5642945000.0,	0.06465911865234375,	0.09226226806640625
5642953125.0,	0.0656585693359375,	0.0951080322265625
5642961250.0,	0.06655120849609375,	0.09468460083007812
5642969375.0,	0.064666748046875,	0.09181594848632812
5642977500.0,	0.065155029296875,	0.09265899658203125
5642985625.0,	0.06273269653320312,	0.091796875
5642993750.0,	0.0649261474609375,	0.09228134155273438
5643001875.0,	0.06531143188476562,	0.09305953979492188
5643010000.0,	0.064544677734375,	0.09227752685546875
5643018125.0,	0.0657196044921875,	0.09223175048828125
5643026250.0,	0.06490707397460938,	0.09296798706054688
5643034375.0,	0.069091796875,	0.09299850463867188
5643042500.0,	0.0665283203125,	0.09399795532226562
5643050625.0,	0.066497802734375,	0.09348678588867188
5643058750.0,	0.06637191772460938,	0.09144210815429688
5643066875.0,	0.06655120849609375,	0.0935211181640625
5643075000.0,	0.0679473876953125,	0.094085693359375
5643083125.0,	0.06627655029296875,	0.0948333740234375
5643091250.0,	0.067047119140625,	0.09250259399414062
5643099375.0,	0.06689834594726562,	0.09224319458007812
5643107500.0,	0.06381607055664062,	0.0934906005859375
5643115625.0,	0.0680389404296875,	0.092803955078125
5643123750.0,	0.06773757934570312,	0.093841552734375
5643131875.0,	0.066497802734375,	0.0934906005859375
5643140000.0,	0.06608200073242188,	0.09243392944335938
5643148125.0,	0.06510543823242188,	0.09290313720703125
5643156250.0,	0.066925048828125,	0.0933380126953125
5643164375.0,	0.067474365234375,	0.09417343139648438
5643172500.0,	0.06670379638671875,	0.09478378295898438
5643180625.0,	0.06553268432617188,	0.09339523315429688
5643188750.0,	0.0675811767578125,	0.09412002563476562
5643196875.0,	0.06932830810546875,	0.093994140625
5643205000.0,	0.0656890869140625,	0.09452438354492188
5643213125.0,	0.0667877197265625,	0.09263229370117188
5643221250.0,	0.06782150268554688,	0.09360504150390625
5643229375.0,	0.06789398193359375,	0.09326553344726562
5643237500.0,	0.06558609008789062,	0.09296035766601562
5643245625.0,	0.06810379028320312,	0.09270858764648438
5643253750.0,	0.06948471069335938,	0.0933380126953125
5643261875.0,	0.06920242309570312,	0.09503173828125
5643270000.0,	0.06615829467773438,	0.094207763671875
5643278125.0,	0.06702804565429688,	0.09273910522460938
5643286250.0,	0.06869125366210938,	0.0936126708984375
5643294375.0,	0.06881332397460938,	0.09374237060546875
5643302500.0,	0.06728744506835938,	0.09320831298828125
5643310625.0,	0.0666046142578125,	0.09266281127929688
5643318750.0,	0.06768417358398438,	0.09227752685546875
5643326875.0,	0.06710052490234375,	0.09460830688476562
5643335000.0,	0.068115234375,	0.09046554565429688
5643343125.0,	0.06863021850585938,	0.09436416625976562
5643351250.0,	0.06787109375,	0.09227371215820312
5643359375.0,	0.066131591796875,	0.093841552734375
5643367500.0,	0.06827163696289062,	0.09240341186523438
5643375625.0,	0.06844329833984375,	0.09406661987304688
5643383750.0,	0.06688308715820312,	0.09446334838867188
5643391875.0,	0.06959152221679688,	0.09427261352539062
5643400000.0,	0.06879806518554688,	0.0930023193359375
5643408125.0,	0.06753158569335938,	0.09468841552734375
5643416250.0,	0.06518936157226562,	0.09302520751953125
5643424375.0,	0.06817245483398438,	0.09519577026367188
5643432500.0,	0.06856536865234375,	0.09325027465820312
5643440625.0,	0.06766128540039062,	0.09426498413085938
5643448750.0,	0.06756973266601562,	0.09354400634765625
5643456875.0,	0.06854629516601562,	0.0955963134765625
5643465000.0,	0.06988143920898438,	0.0947113037109375
5643473125.0,	0.06837081909179688,	0.09326171875
5643481250.0,	0.06840133666992188,	0.095245361328125
5643489375.0,	0.06923675537109375,	0.09336090087890625
5643497500.0,	0.07033538818359375,	0.09510040283203125
5643505625.0,	0.06724166870117188,	0.09418869018554688
5643513750.0,	0.06935501098632812,	0.093017578125
5643521875.0,	0.06953811645507812,	0.0952911376953125
5643530000.0,	0.06700515747070312,	0.09309768676757812
5643538125.0,	0.06844711303710938,	0.09487152099609375
5643546250.0,	0.07014846801757812,	0.0948028564453125
5643554375.0,	0.06795501708984375,	0.0947265625
5643562500.0,	0.0680389404296875,	0.09483718872070312
5643570625.0,	0.06998062133789062,	0.09455108642578125
5643578750.0,	0.06945037841796875,	0.094451904296875
5643586875.0,	0.06865692138671875,	0.09442901611328125
5643595000.0,	0.07027816772460938,	0.09271240234375
5643603125.0,	0.06845474243164062,	0.0948638916015625
5643611250.0,	0.06925201416015625,	0.09404754638671875
5643619375.0,	0.06871414184570312,	0.09105300903320312
5643627500.0,	0.06967544555664062,	0.09309005737304688
5643635625.0,	0.06806182861328125,	0.09350204467773438
5643643750.0,	0.0672454833984375,	0.09498214721679688
5643651875.0,	0.06861495971679688,	0.09301376342773438
5643660000.0,	0.07243728637695312,	0.093597412109375
5643668125.0,	0.07062149047851562,	0.09392166137695312
5643676250.0,	0.0704498291015625,	0.09465408325195312
5643684375.0,	0.06917953491210938,	0.09450912475585938
5643692500.0,	0.06845474243164062,	0.09331893920898438
5643700625.0,	0.06956863403320312,	0.09357452392578125
5643708750.0,	0.07065963745117188,	0.0943756103515625
5643716875.0,	0.06937789916992188,	0.0931549072265625
5643725000.0,	0.0665283203125,	0.09513473510742188
5643733125.0,	0.0703582763671875,	0.09351348876953125
5643741250.0,	0.070159912109375,	0.0933380126953125
5643749375.0,	0.0716552734375,	0.09398651123046875
5643757500.0,	0.07057952880859375,	0.094207763671875
5643765625.0,	0.07072067260742188,	0.0928955078125
5643773750.0,	0.07050704956054688,	0.0947265625
5643781875.0,	0.07061004638671875,	0.09445571899414062
5643790000.0,	0.07070541381835938,	0.0941009521484375
5643798125.0,	0.06943130493164062,	0.09304428100585938
5643806250.0,	0.07068634033203125,	0.09413528442382812
5643814375.0,	0.0703582763671875,	0.09302902221679688
5643822500.0,	0.07131195068359375,	0.09445571899414062
5643830625.0,	0.06956863403320312,	0.09452056884765625
5643838750.0,	0.07100677490234375,	0.093994140625
5643846875.0,	0.07182693481445312,	0.09475326538085938
5643855000.0,	0.06964111328125,	0.09505844116210938
5643863125.0,	0.07097625732421875,	0.0942535400390625
5643871250.0,	0.07029342651367188,	0.09306716918945312
5643879375.0,	0.07175064086914062,	0.09315109252929688
5643887500.0,	0.0706634521484375,	0.09493255615234375
5643895625.0,	0.072174072265625,	0.09536361694335938
5643903750.0,	0.0709686279296875,	0.09280776977539062
5643911875.0,	0.06903457641601562,	0.09447479248046875
5643920000.0,	0.07098770141601562,	0.09508132934570312
5643928125.0,	0.07160186767578125,	0.09130477905273438
5643936250.0,	0.07172775268554688,	0.09437179565429688
5643944375.0,	0.06958389282226562,	0.09579849243164062
5643952500.0,	0.07162857055664062,	0.09344100952148438
5643960625.0,	0.07088851928710938,	0.09549713134765625
5643968750.0,	0.07046127319335938,	0.0944061279296875
5643976875.0,	0.07071304321289062,	0.09336471557617188
5643985000.0,	0.0730438232421875,	0.09514617919921875
5643993125.0,	0.0700531005859375,	0.09202194213867188
5644001250.0,	0.07134628295898438,	0.09454727172851562
5644009375.0,	0.0715789794921875,	0.09404754638671875
5644017500.0,	0.07286834716796875,	0.0930328369140625
5644025625.0,	0.06951904296875,	0.0923309326171875
5644033750.0,	0.0699310302734375,	0.09349822998046875
5644041875.0,	0.07077789306640625,	0.09582138061523438
5644050000.0,	0.07175827026367188,	0.09479522705078125
5644058125.0,	0.07303237915039062,	0.09329605102539062
5644066250.0,	0.07291030883789062,	0.09260177612304688
5644074375.0,	0.07285690307617188,	0.09509658813476562
5644082500.0,	0.07279586791992188,	0.09547805786132812
5644090625.0,	0.07204437255859375,	0.091278076171875
5644098750.0,	0.07165908813476562,	0.09286880493164062
5644106875.0,	0.07481765747070312,	0.094146728515625
5644115000.0,	0.07201766967773438,	0.09401321411132812
5644123125.0,	0.07329177856445312,	0.09389114379882812
5644131250.0,	0.07161712646484375,	0.09470367431640625
5644139375.0,	0.0734100341796875,	0.09433364868164062
5644147500.0,	0.073883056640625,	0.09421157836914062
5644155625.0,	0.07309341430664062,	0.0949249267578125
5644163750.0,	0.07271194458007812,	0.09334564208984375
5644171875.0,	0.07256317138671875,	0.09263992309570312
5644180000.0,	0.07357025146484375,	0.09185791015625
5644188125.0,	0.07286834716796875,	0.09431076049804688
5644196250.0,	0.07149124145507812,	0.09272384643554688
5644204375.0,	0.07306671142578125,	0.09369659423828125
5644212500.0,	0.07245254516601562,	0.09429168701171875
5644220625.0,	0.072418212890625,	0.09491348266601562
5644228750.0,	0.07370758056640625,	0.09577560424804688
5644236875.0,	0.07448577880859375,	0.09588241577148438
5644245000.0,	0.07457733154296875,	0.0930633544921875
5644253125.0,	0.07358169555664062,	0.09414291381835938
5644261250.0,	0.07112503051757812,	0.0917205810546875
5644269375.0,	0.0730438232421875,	0.09209060668945312
5644277500.0,	0.07381057739257812,	0.09643173217773438
5644285625.0,	0.07094955444335938,	0.09530258178710938
5644293750.0,	0.07233810424804688,	0.09590911865234375
5644301875.0,	0.072509765625,	0.09320068359375
5644310000.0,	0.07117843627929688,	0.09407424926757812
5644318125.0,	0.07427978515625,	0.09551239013671875
5644326250.0,	0.07477569580078125,	0.09538650512695312
5644334375.0,	0.07332229614257812,	0.09650802612304688
5644342500.0,	0.07411956787109375,	0.09379196166992188
5644350625.0,	0.073883056640625,	0.09584808349609375
5644358750.0,	0.07259368896484375,	0.09206771850585938
5644366875.0,	0.07317733764648438,	0.0964202880859375
5644375000.0,	0.07349395751953125,	0.09597015380859375
5644383125.0,	0.07237625122070312,	0.0947113037109375
5644391250.0,	0.07369232177734375,	0.09423065185546875
5644399375.0,	0.07436752319335938,	0.0932769775390625
5644407500.0,	0.07228469848632812,	0.09322738647460938
5644415625.0,	0.07376480102539062,	0.09442138671875
5644423750.0,	0.07434463500976562,	0.09564971923828125
5644431875.0,	0.0748138427734375,	0.09685516357421875
5644440000.0,	0.07273101806640625,	0.09535980224609375
5644448125.0,	0.07231903076171875,	0.09524154663085938
5644456250.0,	0.0748138427734375,	0.09624481201171875
5644464375.0,	0.07291030883789062,	0.0952606201171875
5644472500.0,	0.07283401489257812,	0.09578323364257812
5644480625.0,	0.07413101196289062,	0.09463882446289062
5644488750.0,	0.07337570190429688,	0.09530258178710938
5644496875.0,	0.07271194458007812,	0.09552001953125
5644505000.0,	0.073455810546875,	0.09380340576171875
5644513125.0,	0.0746307373046875,	0.09490203857421875
5644521250.0,	0.0735321044921875,	0.09440231323242188
5644529375.0,	0.07483291625976562,	0.09464645385742188
5644537500.0,	0.0737457275390625,	0.09547042846679688
5644545625.0,	0.07514190673828125,	0.0950927734375
5644553750.0,	0.07496261596679688,	0.09576034545898438
5644561875.0,	0.07385635375976562,	0.0942535400390625
5644570000.0,	0.0735931396484375,	0.09357452392578125
5644578125.0,	0.0732879638671875,	0.09469223022460938
5644586250.0,	0.07551193237304688,	0.09381484985351562
5644594375.0,	0.07310867309570312,	0.095062255859375
5644602500.0,	0.0759735107421875,	0.09659957885742188
5644610625.0,	0.07567596435546875,	0.09289932250976562
5644618750.0,	0.0743865966796875,	0.0933685302734375
5644626875.0,	0.0754852294921875,	0.09441375732421875
5644635000.0,	0.07436370849609375,	0.09299087524414062
5644643125.0,	0.07401657104492188,	0.09565353393554688
5644651250.0,	0.0764312744140625,	0.0953826904296875
5644659375.0,	0.0742340087890625,	0.09478759765625
5644667500.0,	0.07445144653320312,	0.09455108642578125
5644675625.0,	0.07381439208984375,	0.094268798828125
5644683750.0,	0.07537841796875,	0.09339523315429688
5644691875.0,	0.07584762573242188,	0.09313201904296875
5644700000.0,	0.07276535034179688,	0.0938568115234375
5644708125.0,	0.07355117797851562,	0.09453964233398438
5644716250.0,	0.07461929321289062,	0.0951690673828125
5644724375.0,	0.07463836669921875,	0.095611572265625
5644732500.0,	0.07595062255859375,	0.09668731689453125
5644740625.0,	0.0760040283203125,	0.093841552734375
5644748750.0,	0.07607650756835938,	0.09518814086914062
5644756875.0,	0.07575607299804688,	0.094940185546875
5644765000.0,	0.07593154907226562,	0.09483718872070312
5644773125.0,	0.07761764526367188,	0.09334564208984375
5644781250.0,	0.07571029663085938,	0.09459686279296875
5644789375.0,	0.07477951049804688,	0.09279632568359375
5644797500.0,	0.07586288452148438,	0.0929107666015625
5644805625.0,	0.0753631591796875,	0.0926055908203125
5644813750.0,	0.07277679443359375,	0.09502792358398438
5644821875.0,	0.07444381713867188,	0.09377288818359375
5644830000.0,	0.07477569580078125,	0.09547805786132812
5644838125.0,	0.07443618774414062,	0.0949249267578125
5644846250.0,	0.07314300537109375,	0.09391021728515625
5644854375.0,	0.07545852661132812,	0.09334182739257812
5644862500.0,	0.07654190063476562,	0.09502029418945312
5644870625.0,	0.07566452026367188,	0.09457015991210938
5644878750.0,	0.07635116577148438,	0.09283828735351562
5644886875.0,	0.07411575317382812,	0.0951690673828125
5644895000.0,	0.07592010498046875,	0.09311676025390625
5644903125.0,	0.07330703735351562,	0.0929107666015625
5644911250.0,	0.0755462646484375,	0.0948638916015625
5644919375.0,	0.07740402221679688,	0.095123291015625
5644927500.0,	0.07419586181640625,	0.09362411499023438
5644935625.0,	0.07624053955078125,	0.09494781494140625
5644943750.0,	0.076568603515625,	0.09443283081054688
5644951875.0,	0.07730865478515625,	0.0944061279296875
5644960000.0,	0.07581710815429688,	0.095855712890625
5644968125.0,	0.07712554931640625,	0.0950164794921875
5644976250.0,	0.07574844360351562,	0.09202957153320312
5644984375.0,	0.07443618774414062,	0.09356307983398438
5644992500.0,	0.07532119750976562,	0.09482955932617188
5645000625.0,	0.07651138305664062,	0.09493255615234375
5645008750.0,	0.07604598999023438,	0.09333419799804688
5645016875.0,	0.07543563842773438,	0.09328460693359375
5645025000.0,	0.07723617553710938,	0.09302520751953125
5645033125.0,	0.0756988525390625,	0.09585189819335938
5645041250.0,	0.07603073120117188,	0.09334182739257812
5645049375.0,	0.07649993896484375,	0.09455490112304688
5645057500.0,	0.076019287109375,	0.0943603515625
5645065625.0,	0.07608795166015625,	0.094146728515625
5645073750.0,	0.07564926147460938,	0.0956878662109375
5645081875.0,	0.07463836669921875,	0.09400558471679688
5645090000.0,	0.07733535766601562,	0.0932159423828125
5645098125.0,	0.0769195556640625,	0.09494781494140625
5645106250.0,	0.07665634155273438,	0.09503936767578125
5645114375.0,	0.07630538940429688,	0.09500885009765625
5645122500.0,	0.07503890991210938,	0.092437744140625
5645130625.0,	0.07583236694335938,	0.0925140380859375
5645138750.0,	0.07691574096679688,	0.09534835815429688
5645146875.0,	0.0740814208984375,	0.09530258178710938
5645155000.0,	0.0781097412109375,	0.09408187866210938
5645163125.0,	0.07396697998046875,	0.09482955932617188
5645171250.0,	0.077056884765625,	0.0941162109375
5645179375.0,	0.07623672485351562,	0.09215545654296875
5645187500.0,	0.07619476318359375,	0.09373092651367188
5645195625.0,	0.07497406005859375,	0.09357833862304688
5645203750.0,	0.07837677001953125,	0.09514999389648438
5645211875.0,	0.07587814331054688,	0.09540939331054688
5645220000.0,	0.07683944702148438,	0.09423065185546875
5645228125.0,	0.07638931274414062,	0.093658447265625
5645236250.0,	0.07741165161132812,	0.09495162963867188
5645244375.0,	0.07859039306640625,	0.093292236328125
5645252500.0,	0.07848358154296875,	0.09646987915039062
5645260625.0,	0.07744216918945312,	0.09566497802734375
5645268750.0,	0.07691574096679688,	0.09265518188476562
5645276875.0,	0.07834625244140625,	0.09610366821289062
5645285000.0,	0.0764617919921875,	0.09258651733398438
5645293125.0,	0.07682418823242188,	0.09508895874023438
5645301250.0,	0.07747650146484375,	0.09486770629882812
5645309375.0,	0.07774734497070312,	0.09334564208984375
5645317500.0,	0.07586669921875,	0.09445571899414062
5645325625.0,	0.07696914672851562,	0.09366989135742188
5645333750.0,	0.07597732543945312,	0.09381866455078125
5645341875.0,	0.07555389404296875,	0.092071533203125
5645350000.0,	0.0772705078125,	0.09420394897460938
5645358125.0,	0.07765960693359375,	0.09576797485351562
5645366250.0,	0.07618331909179688,	0.09277725219726562
5645374375.0,	0.07860946655273438,	0.0958709716796875
5645382500.0,	0.07631683349609375,	0.09392166137695312
5645390625.0,	0.0766448974609375,	0.09363555908203125
5645398750.0,	0.07697296142578125,	0.09430313110351562
5645406875.0,	0.07809066772460938,	0.09340286254882812
5645415000.0,	0.07658767700195312,	0.093902587890625
5645423125.0,	0.07687759399414062,	0.09643936157226562
5645431250.0,	0.0783538818359375,	0.0944976806640625
5645439375.0,	0.0791778564453125,	0.0950927734375
5645447500.0,	0.0787506103515625,	0.09279251098632812
5645455625.0,	0.07735061645507812,	0.0926971435546875
5645463750.0,	0.0773773193359375,	0.09307861328125
5645471875.0,	0.07764434814453125,	0.09689712524414062
5645480000.0,	0.07911300659179688,	0.0939483642578125
5645488125.0,	0.078460693359375,	0.0932769775390625
5645496250.0,	0.0777130126953125,	0.09513092041015625
5645504375.0,	0.0771636962890625,	0.09450531005859375
5645512500.0,	0.07558441162109375,	0.09455490112304688
5645520625.0,	0.07647323608398438,	0.09496688842773438
5645528750.0,	0.07930374145507812,	0.09492111206054688
5645536875.0,	0.07772064208984375,	0.09183883666992188
5645545000.0,	0.078643798828125,	0.0940399169921875
5645553125.0,	0.07968521118164062,	0.0958404541015625
5645561250.0,	0.07722854614257812,	0.0946044921875
5645569375.0,	0.07785415649414062,	0.09487152099609375
5645577500.0,	0.07929229736328125,	0.09619522094726562
5645585625.0,	0.07684707641601562,	0.0952606201171875
5645593750.0,	0.07851791381835938,	0.09407424926757812
5645601875.0,	0.07544708251953125,	0.09378433227539062
5645610000.0,	0.07843780517578125,	0.09622955322265625
5645618125.0,	0.07741928100585938,	0.09408187866210938
5645626250.0,	0.07756805419921875,	0.09539031982421875
5645634375.0,	0.07818222045898438,	0.0940704345703125
5645642500.0,	0.07840728759765625,	0.09403610229492188
5645650625.0,	0.07648086547851562,	0.09426116943359375
5645658750.0,	0.07737350463867188,	0.0939483642578125
5645666875.0,	0.07820892333984375,	0.0928955078125
5645675000.0,	0.0789794921875,	0.09455108642578125
5645683125.0,	0.07852554321289062,	0.0926971435546875
5645691250.0,	0.07886123657226562,	0.09532546997070312
5645699375.0,	0.07952880859375,	0.09468460083007812
5645707500.0,	0.07714080810546875,	0.09677505493164062
5645715625.0,	0.07964706420898438,	0.09312820434570312
5645723750.0,	0.0782470703125,	0.09289932250976562
5645731875.0,	0.08039474487304688,	0.09133529663085938
5645740000.0,	0.07947540283203125,	0.09407424926757812
5645748125.0,	0.07953262329101562,	0.09337997436523438
5645756250.0,	0.07893753051757812,	0.09450912475585938
5645764375.0,	0.07580947875976562,	0.0927886962890625
5645772500.0,	0.07858657836914062,	0.09537124633789062
5645780625.0,	0.07884979248046875,	0.09355926513671875
5645788750.0,	0.078826904296875,	0.09373855590820312
5645796875.0,	0.078643798828125,	0.09551239013671875
5645805000.0,	0.0790252685546875,	0.09222030639648438
5645813125.0,	0.0792083740234375,	0.09242630004882812
5645821250.0,	0.07942962646484375,	0.09203338623046875
5645829375.0,	0.07736587524414062,	0.09311676025390625
5645837500.0,	0.07993316650390625,	0.09399032592773438
5645845625.0,	0.07857894897460938,	0.095611572265625
5645853750.0,	0.0778656005859375,	0.09212493896484375
5645861875.0,	0.07944107055664062,	0.09254837036132812
5645870000.0,	0.07792282104492188,	0.09487533569335938
5645878125.0,	0.0780792236328125,	0.09283447265625
5645886250.0,	0.0789794921875,	0.09219741821289062
5645894375.0,	0.07992172241210938,	0.09434890747070312
5645902500.0,	0.07973098754882812,	0.09377288818359375
5645910625.0,	0.07793045043945312,	0.09595870971679688
5645918750.0,	0.08168411254882812,	0.09223556518554688
5645926875.0,	0.07916259765625,	0.09378814697265625
5645935000.0,	0.07977676391601562,	0.09274673461914062
5645943125.0,	0.0786895751953125,	0.09224700927734375
5645951250.0,	0.07654953002929688,	0.09261322021484375
5645959375.0,	0.07782745361328125,	0.09456634521484375
5645967500.0,	0.07736587524414062,	0.09329605102539062
5645975625.0,	0.08119964599609375,	0.09787750244140625
5645983750.0,	0.07883453369140625,	0.09543228149414062
5645991875.0,	0.07790756225585938,	0.094268798828125
5646000000.0,	0.07977676391601562,	0.09323883056640625
