5633008125.0,	0.10778045654296875,	0.10430908203125
5633016250.0,	0.10598373413085938,	0.10358810424804688
5633024375.0,	0.10648727416992188,	0.10251235961914062
5633032500.0,	0.10659408569335938,	0.1043243408203125
5633040625.0,	0.10814285278320312,	0.10359954833984375
5633048750.0,	0.10675048828125,	0.1031646728515625
5633056875.0,	0.10500717163085938,	0.10675048828125
5633065000.0,	0.10628128051757812,	0.10564422607421875
5633073125.0,	0.10787200927734375,	0.10717391967773438
5633081250.0,	0.1070556640625,	0.10396194458007812
5633089375.0,	0.10689926147460938,	0.10239028930664062
5633097500.0,	0.10626602172851562,	0.10351181030273438
5633105625.0,	0.10539627075195312,	0.1038055419921875
5633113750.0,	0.10724639892578125,	0.10542678833007812
5633121875.0,	0.1060028076171875,	0.10385513305664062
5633130000.0,	0.10880661010742188,	0.10408401489257812
5633138125.0,	0.107452392578125,	0.10228347778320312
5633146250.0,	0.106414794921875,	0.1047515869140625
5633154375.0,	0.10881423950195312,	0.10348892211914062
5633162500.0,	0.10614395141601562,	0.10437774658203125
5633170625.0,	0.10596466064453125,	0.10482025146484375
5633178750.0,	0.10777664184570312,	0.10124969482421875
5633186875.0,	0.10827255249023438,	0.10289382934570312
5633195000.0,	0.10953903198242188,	0.10225296020507812
5633203125.0,	0.10961151123046875,	0.10453414916992188
5633211250.0,	0.1080169677734375,	0.10356903076171875
5633219375.0,	0.1081085205078125,	0.10279464721679688
5633227500.0,	0.1086273193359375,	0.10448455810546875
5633235625.0,	0.10760498046875,	0.10482025146484375
5633243750.0,	0.10612106323242188,	0.10409927368164062
5633251875.0,	0.10908126831054688,	0.10254287719726562
5633260000.0,	0.10563278198242188,	0.10375213623046875
5633268125.0,	0.10678863525390625,	0.10494232177734375
5633276250.0,	0.107879638671875,	0.10422897338867188
5633284375.0,	0.10915756225585938,	0.10292816162109375
5633292500.0,	0.1091461181640625,	0.10603713989257812
5633300625.0,	0.10779571533203125,	0.10216903686523438
5633308750.0,	0.10794448852539062,	0.10282516479492188
5633316875.0,	0.1076202392578125,	0.10535049438476562
5633325000.0,	0.110137939453125,	0.10499954223632812
5633333125.0,	0.10906600952148438,	0.10282516479492188
5633341250.0,	0.10959625244140625,	0.10352325439453125
5633349375.0,	0.10792922973632812,	0.10402679443359375
5633357500.0,	0.10933303833007812,	0.10259246826171875
5633365625.0,	0.10660934448242188,	0.10442733764648438
5633373750.0,	0.10928726196289062,	0.10647201538085938
5633381875.0,	0.10830307006835938,	0.10565185546875
5633390000.0,	0.10807418823242188,	0.10382080078125
5633398125.0,	0.10790252685546875,	0.10363006591796875
5633406250.0,	0.1084442138671875,	0.1026458740234375
5633414375.0,	0.10756683349609375,	0.100982666015625
5633422500.0,	0.1085662841796875,	0.10312271118164062
5633430625.0,	0.11048507690429688,	0.10477828979492188
5633438750.0,	0.10780715942382812,	0.1035919189453125
5633446875.0,	0.10728073120117188,	0.10327529907226562
5633455000.0,	0.10982513427734375,	0.10551071166992188
5633463125.0,	0.1059722900390625,	0.103302001953125
5633471250.0,	0.10904693603515625,	0.103607177734375
5633479375.0,	0.10880661010742188,	0.10308074951171875
5633487500.0,	0.10806655883789062,	0.10593795776367188
5633495625.0,	0.10778045654296875,	0.10247039794921875
5633503750.0,	0.10935211181640625,	0.10481643676757812
5633511875.0,	0.11009597778320312,	0.10265731811523438
5633520000.0,	0.1096038818359375,	0.10434722900390625
5633528125.0,	0.10959625244140625,	0.10394668579101562
5633536250.0,	0.10895919799804688,	0.10425567626953125
5633544375.0,	0.1097869873046875,	0.10505294799804688
5633552500.0,	0.11093521118164062,	0.1035919189453125
5633560625.0,	0.11061859130859375,	0.10263824462890625
5633568750.0,	0.109527587890625,	0.10410308837890625
5633576875.0,	0.11133956909179688,	0.1033477783203125
5633585000.0,	0.11112213134765625,	0.1044158935546875
5633593125.0,	0.11185836791992188,	0.10358810424804688
5633601250.0,	0.10821151733398438,	0.10395050048828125
5633609375.0,	0.1092681884765625,	0.10306549072265625
5633617500.0,	0.11215591430664062,	0.10309600830078125
5633625625.0,	0.11236572265625,	0.10443878173828125
5633633750.0,	0.110504150390625,	0.10141754150390625
5633641875.0,	0.11005783081054688,	0.10407257080078125
5633650000.0,	0.10823822021484375,	0.10015869140625
5633658125.0,	0.11169052124023438,	0.10292434692382812
5633666250.0,	0.10974884033203125,	0.10382461547851562
5633674375.0,	0.11055755615234375,	0.10301971435546875
5633682500.0,	0.11122894287109375,	0.10455703735351562
5633690625.0,	0.11071014404296875,	0.10248565673828125
5633698750.0,	0.11045455932617188,	0.10214614868164062
5633706875.0,	0.11144256591796875,	0.10284805297851562
5633715000.0,	0.11022567749023438,	0.10358428955078125
5633723125.0,	0.109893798828125,	0.10386276245117188
5633731250.0,	0.109649658203125,	0.10532760620117188
5633739375.0,	0.1098175048828125,	0.10239410400390625
5633747500.0,	0.11090850830078125,	0.10356521606445312
5633755625.0,	0.1116790771484375,	0.10391616821289062
5633763750.0,	0.1102752685546875,	0.1024932861328125
5633771875.0,	0.10935211181640625,	0.10187911987304688
5633780000.0,	0.11093521118164062,	0.1017608642578125
5633788125.0,	0.108978271484375,	0.10124588012695312
5633796250.0,	0.11386489868164062,	0.10368728637695312
5633804375.0,	0.11199951171875,	0.1037445068359375
5633812500.0,	0.11283493041992188,	0.102935791015625
5633820625.0,	0.11215972900390625,	0.10314559936523438
5633828750.0,	0.110992431640625,	0.1038818359375
5633836875.0,	0.11090850830078125,	0.10419082641601562
5633845000.0,	0.11005401611328125,	0.10371017456054688
5633853125.0,	0.11195755004882812,	0.10174560546875
5633861250.0,	0.11228179931640625,	0.10381317138671875
5633869375.0,	0.11150360107421875,	0.1020965576171875
5633877500.0,	0.11056137084960938,	0.10166168212890625
5633885625.0,	0.11381149291992188,	0.1023406982421875
5633893750.0,	0.11167144775390625,	0.10308837890625
5633901875.0,	0.11271286010742188,	0.10144805908203125
5633910000.0,	0.11284637451171875,	0.10302352905273438
5633918125.0,	0.11113357543945312,	0.10349273681640625
5633926250.0,	0.11006927490234375,	0.10330963134765625
5633934375.0,	0.111297607421875,	0.10467147827148438
5633942500.0,	0.11100006103515625,	0.10631942749023438
5633950625.0,	0.11227035522460938,	0.10356521606445312
5633958750.0,	0.11050033569335938,	0.10286331176757812
5633966875.0,	0.1114501953125,	0.102203369140625
5633975000.0,	0.11037063598632812,	0.10245513916015625
5633983125.0,	0.11450576782226562,	0.103851318359375
5633991250.0,	0.11390304565429688,	0.10230636596679688
5633999375.0,	0.1131591796875,	0.10283279418945312
5634007500.0,	0.11237335205078125,	0.103363037109375
5634015625.0,	0.112823486328125,	0.10285186767578125
5634023750.0,	0.11222457885742188,	0.10460281372070312
5634031875.0,	0.11336898803710938,	0.10363006591796875
5634040000.0,	0.11168289184570312,	0.10239410400390625
5634048125.0,	0.11147308349609375,	0.1025848388671875
5634056250.0,	0.11406707763671875,	0.10391998291015625
5634064375.0,	0.11235427856445312,	0.10226821899414062
5634072500.0,	0.113800048828125,	0.10308456420898438
5634080625.0,	0.114471435546875,	0.10087203979492188
5634088750.0,	0.11214447021484375,	0.10401153564453125
5634096875.0,	0.11296463012695312,	0.10105514526367188
5634105000.0,	0.11274337768554688,	0.10080718994140625
5634113125.0,	0.11385726928710938,	0.10316085815429688
5634121250.0,	0.11391448974609375,	0.10200119018554688
5634129375.0,	0.11203765869140625,	0.10226821899414062
5634137500.0,	0.11231231689453125,	0.1019439697265625
5634145625.0,	0.1122894287109375,	0.1026458740234375
5634153750.0,	0.11291122436523438,	0.10211944580078125
5634161875.0,	0.111572265625,	0.10193634033203125
5634170000.0,	0.11412429809570312,	0.10031509399414062
5634178125.0,	0.11316299438476562,	0.10182571411132812
5634186250.0,	0.11408233642578125,	0.10191726684570312
5634194375.0,	0.11284255981445312,	0.10107421875
5634202500.0,	0.11444091796875,	0.10251998901367188
5634210625.0,	0.11506271362304688,	0.10319137573242188
5634218750.0,	0.11336135864257812,	0.10328292846679688
5634226875.0,	0.11489486694335938,	0.10010910034179688
5634235000.0,	0.11371231079101562,	0.10285186767578125
5634243125.0,	0.113494873046875,	0.10186004638671875
5634251250.0,	0.1150665283203125,	0.10274505615234375
5634259375.0,	0.11394500732421875,	0.10121917724609375
5634267500.0,	0.1134796142578125,	0.10321044921875
5634275625.0,	0.11594772338867188,	0.10102081298828125
5634283750.0,	0.11371612548828125,	0.10265731811523438
5634291875.0,	0.1136627197265625,	0.10137176513671875
5634300000.0,	0.11453628540039062,	0.10251998901367188
5634308125.0,	0.11591339111328125,	0.1015625
5634316250.0,	0.11632156372070312,	0.10198211669921875
5634324375.0,	0.11530685424804688,	0.10021591186523438
5634332500.0,	0.11373519897460938,	0.10018157958984375
5634340625.0,	0.11688995361328125,	0.10289382934570312
5634348750.0,	0.11530685424804688,	0.1028594970703125
5634356875.0,	0.113800048828125,	0.10213088989257812
5634365000.0,	0.11705780029296875,	0.101776123046875
5634373125.0,	0.1144561767578125,	0.101959228515625
5634381250.0,	0.11464691162109375,	0.10127639770507812
5634389375.0,	0.11690902709960938,	0.10155105590820312
5634397500.0,	0.11869049072265625,	0.1005401611328125
5634405625.0,	0.11626434326171875,	0.10306549072265625
5634413750.0,	0.11840438842773438,	0.10179901123046875
5634421875.0,	0.11474227905273438,	0.10167694091796875
5634430000.0,	0.11553955078125,	0.1036224365234375
5634438125.0,	0.11632919311523438,	0.10207748413085938
5634446250.0,	0.1160736083984375,	0.10225296020507812
5634454375.0,	0.11651992797851562,	0.10232925415039062
5634462500.0,	0.11628341674804688,	0.10157394409179688
5634470625.0,	0.1152801513671875,	0.1003265380859375
5634478750.0,	0.11443328857421875,	0.1021270751953125
5634486875.0,	0.11774063110351562,	0.10089874267578125
5634495000.0,	0.116912841796875,	0.10272979736328125
5634503125.0,	0.11632537841796875,	0.10132980346679688
5634511250.0,	0.11633682250976562,	0.10056304931640625
5634519375.0,	0.11857986450195312,	0.10232162475585938
5634527500.0,	0.11679458618164062,	0.10078811645507812
5634535625.0,	0.11752700805664062,	0.10181427001953125
5634543750.0,	0.11853790283203125,	0.1017608642578125
5634551875.0,	0.11653900146484375,	0.09990310668945312
5634560000.0,	0.11965179443359375,	0.10054779052734375
5634568125.0,	0.11861419677734375,	0.10259628295898438
5634576250.0,	0.11693191528320312,	0.10182571411132812
5634584375.0,	0.1175384521484375,	0.10060882568359375
5634592500.0,	0.11793899536132812,	0.099761962890625
5634600625.0,	0.11739349365234375,	0.10269546508789062
5634608750.0,	0.11657333374023438,	0.09900665283203125
5634616875.0,	0.11873245239257812,	0.10092544555664062
5634625000.0,	0.11854934692382812,	0.1002349853515625
5634633125.0,	0.1171875,	0.1009521484375
5634641250.0,	0.11850738525390625,	0.10040664672851562
5634649375.0,	0.11852645874023438,	0.10249710083007812
5634657500.0,	0.11767196655273438,	0.09850692749023438
5634665625.0,	0.11743927001953125,	0.10050201416015625
5634673750.0,	0.11639785766601562,	0.10093307495117188
5634681875.0,	0.11724472045898438,	0.09984588623046875
5634690000.0,	0.11655044555664062,	0.10153961181640625
5634698125.0,	0.11938858032226562,	0.10090255737304688
5634706250.0,	0.11704254150390625,	0.10007095336914062
5634714375.0,	0.1173553466796875,	0.10071182250976562
5634722500.0,	0.1173095703125,	0.10012435913085938
5634730625.0,	0.11855697631835938,	0.10201263427734375
5634738750.0,	0.11973953247070312,	0.10059738159179688
5634746875.0,	0.11832427978515625,	0.10200881958007812
5634755000.0,	0.1202392578125,	0.10048675537109375
5634763125.0,	0.11694717407226562,	0.1004791259765625
5634771250.0,	0.11971664428710938,	0.09987640380859375
5634779375.0,	0.1171417236328125,	0.1019287109375
5634787500.0,	0.11882400512695312,	0.10074996948242188
5634795625.0,	0.120361328125,	0.10071563720703125
5634803750.0,	0.11970138549804688,	0.0987091064453125
5634811875.0,	0.11870574951171875,	0.10152435302734375
5634820000.0,	0.118072509765625,	0.10081100463867188
5634828125.0,	0.11976242065429688,	0.09958267211914062
5634836250.0,	0.12014007568359375,	0.09951400756835938
5634844375.0,	0.12003326416015625,	0.09981536865234375
5634852500.0,	0.11926651000976562,	0.10277175903320312
5634860625.0,	0.11883544921875,	0.09988784790039062
5634868750.0,	0.11883163452148438,	0.09917449951171875
5634876875.0,	0.1194305419921875,	0.09961318969726562
5634885000.0,	0.12032699584960938,	0.100738525390625
5634893125.0,	0.11920928955078125,	0.09946060180664062
5634901250.0,	0.11860275268554688,	0.09926986694335938
5634909375.0,	0.121917724609375,	0.09784317016601562
5634917500.0,	0.11974716186523438,	0.09966278076171875
5634925625.0,	0.12039566040039062,	0.10048675537109375
5634933750.0,	0.12081527709960938,	0.10213470458984375
5634941875.0,	0.1197662353515625,	0.0982513427734375
5634950000.0,	0.11883544921875,	0.09954452514648438
5634958125.0,	0.12120819091796875,	0.09900665283203125
5634966250.0,	0.12204742431640625,	0.10033416748046875
5634974375.0,	0.1200408935546875,	0.09822845458984375
5634982500.0,	0.12253189086914062,	0.09918594360351562
5634990625.0,	0.1203765869140625,	0.09903717041015625
5634998750.0,	0.1209564208984375,	0.09646224975585938
5635006875.0,	0.11787796020507812,	0.0992584228515625
5635015000.0,	0.121368408203125,	0.09967422485351562
5635023125.0,	0.12247085571289062,	0.0996551513671875
5635031250.0,	0.12058258056640625,	0.09994125366210938
5635039375.0,	0.119659423828125,	0.09747314453125
5635047500.0,	0.12159347534179688,	0.09918975830078125
5635055625.0,	0.12044525146484375,	0.09859085083007812
5635063750.0,	0.12147903442382812,	0.09907150268554688
5635071875.0,	0.12052536010742188,	0.10010910034179688
5635080000.0,	0.12123489379882812,	0.0994415283203125
5635088125.0,	0.12252044677734375,	0.10078811645507812
5635096250.0,	0.12123489379882812,	0.09889602661132812
5635104375.0,	0.12188720703125,	0.09679794311523438
5635112500.0,	0.12137603759765625,	0.09922027587890625
5635120625.0,	0.12267684936523438,	0.09803390502929688
5635128750.0,	0.1260986328125,	0.09902191162109375
5635136875.0,	0.12355422973632812,	0.09738922119140625
5635145000.0,	0.12359237670898438,	0.09848403930664062
5635153125.0,	0.12136459350585938,	0.09766769409179688
5635161250.0,	0.12152481079101562,	0.09831619262695312
5635169375.0,	0.12186813354492188,	0.09804534912109375
5635177500.0,	0.12322235107421875,	0.09881973266601562
5635185625.0,	0.12295150756835938,	0.10144805908203125
5635193750.0,	0.122161865234375,	0.10022735595703125
5635201875.0,	0.12358474731445312,	0.09619522094726562
5635210000.0,	0.12469100952148438,	0.098907470703125
5635218125.0,	0.12311172485351562,	0.09870147705078125
5635226250.0,	0.12323760986328125,	0.09832000732421875
5635234375.0,	0.12419509887695312,	0.09901809692382812
5635242500.0,	0.12471771240234375,	0.09934234619140625
5635250625.0,	0.12331008911132812,	0.09761810302734375
5635258750.0,	0.125213623046875,	0.09929656982421875
5635266875.0,	0.126007080078125,	0.0971832275390625
5635275000.0,	0.12219619750976562,	0.09848403930664062
5635283125.0,	0.12371063232421875,	0.09862518310546875
5635291250.0,	0.12607574462890625,	0.1006622314453125
5635299375.0,	0.12369155883789062,	0.09938430786132812
5635307500.0,	0.12569427490234375,	0.09726715087890625
5635315625.0,	0.12636566162109375,	0.09612274169921875
5635323750.0,	0.12488937377929688,	0.09894180297851562
5635331875.0,	0.1269073486328125,	0.09659576416015625
5635340000.0,	0.12696075439453125,	0.09943389892578125
5635348125.0,	0.1261749267578125,	0.09881591796875
5635356250.0,	0.12526702880859375,	0.0988006591796875
5635364375.0,	0.12606048583984375,	0.09828948974609375
5635372500.0,	0.12610626220703125,	0.0983123779296875
5635380625.0,	0.1262054443359375,	0.09734344482421875
5635388750.0,	0.126922607421875,	0.097900390625
5635396875.0,	0.12371063232421875,	0.09637069702148438
5635405000.0,	0.12455368041992188,	0.09737396240234375
5635413125.0,	0.1262664794921875,	0.09745025634765625
5635421250.0,	0.12746429443359375,	0.09638214111328125
5635429375.0,	0.1237335205078125,	0.09623336791992188
5635437500.0,	0.1297607421875,	0.0981903076171875
5635445625.0,	0.1256561279296875,	0.09820556640625
5635453750.0,	0.12839508056640625,	0.09760284423828125
5635461875.0,	0.1280364990234375,	0.09814453125
5635470000.0,	0.12810516357421875,	0.09746551513671875
5635478125.0,	0.12628173828125,	0.0949554443359375
5635486250.0,	0.12741851806640625,	0.09645843505859375
5635494375.0,	0.12680816650390625,	0.096099853515625
5635502500.0,	0.13025665283203125,	0.0982513427734375
5635510625.0,	0.12810516357421875,	0.0965728759765625
5635518750.0,	0.12738800048828125,	0.09668731689453125
5635526875.0,	0.12975311279296875,	0.09436798095703125
5635535000.0,	0.12743377685546875,	0.09685516357421875
5635543125.0,	0.1276397705078125,	0.0957489013671875
5635551250.0,	0.12750244140625,	0.09600067138671875
5635559375.0,	0.12779998779296875,	0.09654998779296875
5635567500.0,	0.12835693359375,	0.09688568115234375
5635575625.0,	0.12810516357421875,	0.09600067138671875
5635583750.0,	0.12870025634765625,	0.09639739990234375
5635591875.0,	0.1271209716796875,	0.096832275390625
5635600000.0,	0.12816619873046875,	0.09558868408203125
5635608125.0,	0.12786102294921875,	0.09686279296875
5635616250.0,	0.128997802734375,	0.09516143798828125
5635624375.0,	0.13002777099609375,	0.09423828125
5635632500.0,	0.1289825439453125,	0.09711456298828125
5635640625.0,	0.12967681884765625,	0.0945281982421875
5635648750.0,	0.12787628173828125,	0.09537506103515625
5635656875.0,	0.1319122314453125,	0.09616851806640625
5635665000.0,	0.127593994140625,	0.09441375732421875
5635673125.0,	0.1299285888671875,	0.0956878662109375
5635681250.0,	0.13147735595703125,	0.096405029296875
5635689375.0,	0.12899017333984375,	0.09406280517578125
5635697500.0,	0.12989044189453125,	0.094970703125
5635705625.0,	0.131378173828125,	0.09246826171875
5635713750.0,	0.12937164306640625,	0.09731292724609375
5635721875.0,	0.1306610107421875,	0.0941162109375
5635730000.0,	0.1302490234375,	0.09667205810546875
5635738125.0,	0.1298370361328125,	0.0932464599609375
5635746250.0,	0.1309967041015625,	0.0923614501953125
5635754375.0,	0.13184356689453125,	0.0958404541015625
5635762500.0,	0.1302947998046875,	0.0958251953125
5635770625.0,	0.1300506591796875,	0.094268798828125
5635778750.0,	0.13457489013671875,	0.0937347412109375
5635786875.0,	0.13299560546875,	0.0944976806640625
5635795000.0,	0.13144683837890625,	0.0924530029296875
5635803125.0,	0.13202667236328125,	0.09453582763671875
5635811250.0,	0.13140869140625,	0.0938262939453125
5635819375.0,	0.13068389892578125,	0.09386444091796875
5635827500.0,	0.1341400146484375,	0.09548187255859375
5635835625.0,	0.13176727294921875,	0.09383392333984375
5635843750.0,	0.130767822265625,	0.09442901611328125
5635851875.0,	0.134765625,	0.093780517578125
5635860000.0,	0.13382720947265625,	0.09459686279296875
5635868125.0,	0.1331939697265625,	0.094879150390625
5635876250.0,	0.132232666015625,	0.09354400634765625
5635884375.0,	0.1325836181640625,	0.09427642822265625
5635892500.0,	0.1323699951171875,	0.09412384033203125
5635900625.0,	0.13245391845703125,	0.09174346923828125
5635908750.0,	0.13233184814453125,	0.0939483642578125
5635916875.0,	0.13039398193359375,	0.0921783447265625
5635925000.0,	0.13287353515625,	0.09317779541015625
5635933125.0,	0.13332366943359375,	0.09125518798828125
5635941250.0,	0.13355255126953125,	0.093353271484375
5635949375.0,	0.1330108642578125,	0.0941619873046875
5635957500.0,	0.13269805908203125,	0.093292236328125
5635965625.0,	0.13494873046875,	0.0925140380859375
5635973750.0,	0.13523101806640625,	0.095855712890625
5635981875.0,	0.13391876220703125,	0.091827392578125
5635990000.0,	0.135101318359375,	0.0919342041015625
5635998125.0,	0.1358489990234375,	0.09165191650390625
5636006250.0,	0.13318634033203125,	0.0916900634765625
5636014375.0,	0.1327667236328125,	0.09358978271484375
5636022500.0,	0.1351470947265625,	0.09339141845703125
5636030625.0,	0.13542938232421875,	0.09259796142578125
5636038750.0,	0.13608551025390625,	0.09130096435546875
5636046875.0,	0.1341400146484375,	0.0935821533203125
5636055000.0,	0.13516998291015625,	0.09198760986328125
5636063125.0,	0.13530731201171875,	0.0935821533203125
5636071250.0,	0.1368865966796875,	0.09230804443359375
5636079375.0,	0.13463592529296875,	0.092620849609375
5636087500.0,	0.1367034912109375,	0.0912933349609375
5636095625.0,	0.13681793212890625,	0.09175872802734375
5636103750.0,	0.1367950439453125,	0.09003448486328125
5636111875.0,	0.13800811767578125,	0.0908966064453125
5636120000.0,	0.13812255859375,	0.0909576416015625
5636128125.0,	0.13848876953125,	0.08843994140625
5636136250.0,	0.1378631591796875,	0.09206390380859375
5636144375.0,	0.13736724853515625,	0.090179443359375
5636152500.0,	0.1376190185546875,	0.0911102294921875
5636160625.0,	0.1378936767578125,	0.0898895263671875
5636168750.0,	0.13767242431640625,	0.09160614013671875
5636176875.0,	0.13946533203125,	0.09058380126953125
5636185000.0,	0.1380157470703125,	0.09217071533203125
5636193125.0,	0.1380157470703125,	0.0906982421875
5636201250.0,	0.1394500732421875,	0.090911865234375
5636209375.0,	0.13570404052734375,	0.0906829833984375
5636217500.0,	0.1380767822265625,	0.0908203125
5636225625.0,	0.1395416259765625,	0.08968353271484375
5636233750.0,	0.13840484619140625,	0.08997344970703125
5636241875.0,	0.1376953125,	0.08807373046875
5636250000.0,	0.13922882080078125,	0.0880126953125
5636258125.0,	0.13933563232421875,	0.09058380126953125
5636266250.0,	0.13899993896484375,	0.09081268310546875
5636274375.0,	0.139129638671875,	0.08917999267578125
5636282500.0,	0.13836669921875,	0.08747100830078125
5636290625.0,	0.1414642333984375,	0.0864410400390625
5636298750.0,	0.14012908935546875,	0.089111328125
5636306875.0,	0.139495849609375,	0.08933258056640625
5636315000.0,	0.14200592041015625,	0.09040069580078125
5636323125.0,	0.14238739013671875,	0.08873748779296875
5636331250.0,	0.1407928466796875,	0.0866851806640625
5636339375.0,	0.14012908935546875,	0.08861541748046875
5636347500.0,	0.1416778564453125,	0.08702850341796875
5636355625.0,	0.1410980224609375,	0.0888519287109375
5636363750.0,	0.13863372802734375,	0.08823394775390625
5636371875.0,	0.140777587890625,	0.08812713623046875
5636380000.0,	0.1412353515625,	0.0900421142578125
5636388125.0,	0.143096923828125,	0.08642578125
5636396250.0,	0.14281463623046875,	0.0845184326171875
5636404375.0,	0.14246368408203125,	0.0870513916015625
5636412500.0,	0.1407623291015625,	0.0852813720703125
5636420625.0,	0.14382171630859375,	0.087982177734375
5636428750.0,	0.140777587890625,	0.0864410400390625
5636436875.0,	0.140960693359375,	0.08644866943359375
5636445000.0,	0.14288330078125,	0.08614349365234375
5636453125.0,	0.1427001953125,	0.086456298828125
5636461250.0,	0.1425323486328125,	0.08440399169921875
5636469375.0,	0.14418792724609375,	0.08420562744140625
5636477500.0,	0.14157867431640625,	0.08704376220703125
5636485625.0,	0.14415740966796875,	0.08197021484375
5636493750.0,	0.1442108154296875,	0.08583831787109375
5636501875.0,	0.1445159912109375,	0.0846405029296875
5636510000.0,	0.1453857421875,	0.0869903564453125
5636518125.0,	0.1423187255859375,	0.08426666259765625
5636526250.0,	0.1437835693359375,	0.08465576171875
5636534375.0,	0.14422607421875,	0.08486175537109375
5636542500.0,	0.14554595947265625,	0.08222198486328125
5636550625.0,	0.14670562744140625,	0.0844879150390625
5636558750.0,	0.14603424072265625,	0.08283233642578125
5636566875.0,	0.1437530517578125,	0.08234405517578125
5636575000.0,	0.146270751953125,	0.08338165283203125
5636583125.0,	0.1454010009765625,	0.08281707763671875
5636591250.0,	0.1438751220703125,	0.08432769775390625
5636599375.0,	0.145904541015625,	0.08382415771484375
5636607500.0,	0.14519500732421875,	0.0831756591796875
5636615625.0,	0.14817047119140625,	0.085662841796875
5636623750.0,	0.1477203369140625,	0.080902099609375
5636631875.0,	0.1468048095703125,	0.0821380615234375
5636640000.0,	0.14678192138671875,	0.08355712890625
5636648125.0,	0.14781951904296875,	0.081573486328125
5636656250.0,	0.14907073974609375,	0.0844573974609375
5636664375.0,	0.14864349365234375,	0.0807952880859375
5636672500.0,	0.1468658447265625,	0.08200836181640625
5636680625.0,	0.148101806640625,	0.082733154296875
5636688750.0,	0.148590087890625,	0.08104705810546875
5636696875.0,	0.1461944580078125,	0.0792388916015625
5636705000.0,	0.148681640625,	0.080047607421875
5636713125.0,	0.1488189697265625,	0.08092498779296875
5636721250.0,	0.148193359375,	0.08101654052734375
5636729375.0,	0.150543212890625,	0.07921600341796875
5636737500.0,	0.15032196044921875,	0.0797576904296875
5636745625.0,	0.15007781982421875,	0.0777435302734375
5636753750.0,	0.15129852294921875,	0.08168792724609375
5636761875.0,	0.14959716796875,	0.07891082763671875
5636770000.0,	0.1519012451171875,	0.0789794921875
5636778125.0,	0.1503753662109375,	0.08066558837890625
5636786250.0,	0.15160369873046875,	0.07843780517578125
5636794375.0,	0.1524810791015625,	0.07984161376953125
5636802500.0,	0.1515045166015625,	0.07843780517578125
5636810625.0,	0.15087890625,	0.07866668701171875
5636818750.0,	0.152252197265625,	0.07828521728515625
5636826875.0,	0.15241241455078125,	0.075897216796875
5636835000.0,	0.15081024169921875,	0.07817840576171875
5636843125.0,	0.1503753662109375,	0.07700347900390625
5636851250.0,	0.15193939208984375,	0.0742950439453125
5636859375.0,	0.15081787109375,	0.07613372802734375
5636867500.0,	0.153472900390625,	0.07672119140625
5636875625.0,	0.155364990234375,	0.07636260986328125
5636883750.0,	0.15451812744140625,	0.07572174072265625
5636891875.0,	0.1533050537109375,	0.0747833251953125
5636900000.0,	0.153411865234375,	0.07483673095703125
5636908125.0,	0.15259552001953125,	0.078399658203125
5636916250.0,	0.1563568115234375,	0.0758209228515625
5636924375.0,	0.15238189697265625,	0.07802581787109375
5636932500.0,	0.1546630859375,	0.0742645263671875
5636940625.0,	0.153045654296875,	0.0751495361328125
5636948750.0,	0.15431976318359375,	0.0733184814453125
5636956875.0,	0.1552276611328125,	0.07352447509765625
5636965000.0,	0.15366363525390625,	0.0736541748046875
5636973125.0,	0.155242919921875,	0.0692138671875
5636981250.0,	0.155303955078125,	0.07248687744140625
5636989375.0,	0.1549835205078125,	0.07176971435546875
5636997500.0,	0.155975341796875,	0.07349395751953125
5637005625.0,	0.15711212158203125,	0.07169342041015625
5637013750.0,	0.1564178466796875,	0.0705413818359375
5637021875.0,	0.15644073486328125,	0.071502685546875
5637030000.0,	0.1552886962890625,	0.07047271728515625
5637038125.0,	0.15821075439453125,	0.07220458984375
5637046250.0,	0.15705108642578125,	0.06899261474609375
5637054375.0,	0.15863800048828125,	0.06885528564453125
5637062500.0,	0.158416748046875,	0.06842041015625
5637070625.0,	0.157501220703125,	0.06948089599609375
5637078750.0,	0.15773773193359375,	0.0677490234375
5637086875.0,	0.1575927734375,	0.06861114501953125
5637095000.0,	0.157989501953125,	0.06821441650390625
5637103125.0,	0.15918731689453125,	0.0681915283203125
5637111250.0,	0.1581878662109375,	0.06804656982421875
5637119375.0,	0.16001129150390625,	0.06768798828125
5637127500.0,	0.15876007080078125,	0.0681610107421875
5637135625.0,	0.15749359130859375,	0.06441497802734375
5637143750.0,	0.15995025634765625,	0.0650634765625
5637151875.0,	0.16058349609375,	0.064666748046875
5637160000.0,	0.16017913818359375,	0.065399169921875
5637168125.0,	0.16103363037109375,	0.06378173828125
5637176250.0,	0.161651611328125,	0.06417083740234375
5637184375.0,	0.1614990234375,	0.06424713134765625
5637192500.0,	0.16132354736328125,	0.06351470947265625
5637200625.0,	0.16123199462890625,	0.0633087158203125
5637208750.0,	0.1639862060546875,	0.06154632568359375
5637216875.0,	0.16229248046875,	0.06256866455078125
5637225000.0,	0.16259765625,	0.06273651123046875
5637233125.0,	0.16187286376953125,	0.0606842041015625
5637241250.0,	0.163848876953125,	0.06168365478515625
5637249375.0,	0.1635894775390625,	0.06206512451171875
5637257500.0,	0.16316986083984375,	0.06154632568359375
5637265625.0,	0.16220855712890625,	0.05941009521484375
5637273750.0,	0.16487884521484375,	0.061614990234375
5637281875.0,	0.1666107177734375,	0.05951690673828125
5637290000.0,	0.16445159912109375,	0.05930328369140625
5637298125.0,	0.1630096435546875,	0.0593414306640625
5637306250.0,	0.1633758544921875,	0.05804443359375
5637314375.0,	0.16489410400390625,	0.05799102783203125
5637322500.0,	0.16550445556640625,	0.05532073974609375
5637330625.0,	0.163726806640625,	0.057342529296875
5637338750.0,	0.16530609130859375,	0.0565643310546875
5637346875.0,	0.1641998291015625,	0.05799102783203125
5637355000.0,	0.1656494140625,	0.05631256103515625
5637363125.0,	0.1646575927734375,	0.0543365478515625
5637371250.0,	0.16558837890625,	0.0532379150390625
5637379375.0,	0.16693115234375,	0.0531768798828125
5637387500.0,	0.1652984619140625,	0.05236053466796875
5637395625.0,	0.16503143310546875,	0.05207061767578125
5637403750.0,	0.16788482666015625,	0.050933837890625
5637411875.0,	0.1678619384765625,	0.0502471923828125
5637420000.0,	0.16657257080078125,	0.0498504638671875
5637428125.0,	0.1651153564453125,	0.04912567138671875
5637436250.0,	0.17050933837890625,	0.0496826171875
5637444375.0,	0.16619873046875,	0.050323486328125
5637452500.0,	0.16660308837890625,	0.04871368408203125
5637460625.0,	0.16748809814453125,	0.04837799072265625
5637468750.0,	0.16851806640625,	0.04837799072265625
5637476875.0,	0.16849517822265625,	0.0472259521484375
5637485000.0,	0.167694091796875,	0.04666900634765625
5637493125.0,	0.16913604736328125,	0.04564666748046875
5637501250.0,	0.16812896728515625,	0.04605865478515625
5637509375.0,	0.1666107177734375,	0.04514312744140625
5637517500.0,	0.1684417724609375,	0.0430908203125
5637525625.0,	0.1689453125,	0.04505157470703125
5637533750.0,	0.1682281494140625,	0.0434112548828125
5637541875.0,	0.1699981689453125,	0.0405426025390625
5637550000.0,	0.16844940185546875,	0.04129791259765625
5637558125.0,	0.1698760986328125,	0.04156494140625
5637566250.0,	0.16927337646484375,	0.041748046875
5637574375.0,	0.16939544677734375,	0.04160308837890625
5637582500.0,	0.1715545654296875,	0.038360595703125
5637590625.0,	0.17063140869140625,	0.0373382568359375
5637598750.0,	0.16986846923828125,	0.03765106201171875
5637606875.0,	0.17105865478515625,	0.03961944580078125
5637615000.0,	0.170867919921875,	0.03478240966796875
5637623125.0,	0.1711883544921875,	0.034942626953125
5637631250.0,	0.16925811767578125,	0.03427886962890625
5637639375.0,	0.16960906982421875,	0.03491973876953125
5637647500.0,	0.17192840576171875,	0.035308837890625
5637655625.0,	0.17095947265625,	0.03382110595703125
5637663750.0,	0.17217254638671875,	0.03035736083984375
5637671875.0,	0.17115020751953125,	0.03061676025390625
5637680000.0,	0.17010498046875,	0.030792236328125
5637688125.0,	0.17038726806640625,	0.02685546875
5637696250.0,	0.1712493896484375,	0.02838134765625
5637704375.0,	0.17253875732421875,	0.0294342041015625
5637712500.0,	0.1702728271484375,	0.0244140625
5637720625.0,	0.17101287841796875,	0.02782440185546875
5637728750.0,	0.17159271240234375,	0.02243804931640625
5637736875.0,	0.1725311279296875,	0.0257720947265625
5637745000.0,	0.1710968017578125,	0.02568817138671875
5637753125.0,	0.171295166015625,	0.0229949951171875
5637761250.0,	0.172210693359375,	0.023406982421875
5637769375.0,	0.1708526611328125,	0.01894378662109375
5637777500.0,	0.170623779296875,	0.02108001708984375
5637785625.0,	0.17111968994140625,	0.01865386962890625
5637793750.0,	0.170928955078125,	0.01786041259765625
5637801875.0,	0.17084503173828125,	0.01857757568359375
5637810000.0,	0.1705169677734375,	0.01686859130859375
5637818125.0,	0.17009735107421875,	0.0161285400390625
5637826250.0,	0.1699371337890625,	0.0125885009765625
5637834375.0,	0.17322540283203125,	0.01349639892578125
5637842500.0,	0.171630859375,	0.01265716552734375
5637850625.0,	0.17090606689453125,	0.01207733154296875
5637858750.0,	0.1702880859375,	0.0102691650390625
5637866875.0,	0.17002105712890625,	0.01058197021484375
5637875000.0,	0.16976165771484375,	0.00792694091796875
5637883125.0,	0.169189453125,	0.0072479248046875
5637891250.0,	0.17099761962890625,	0.0068511962890625
5637899375.0,	0.166656494140625,	0.0066070556640625
5637907500.0,	0.1668701171875,	0.00481414794921875
5637915625.0,	0.16855621337890625,	0.00260162353515625
5637923750.0,	0.16794586181640625,	0.0025787353515625
5637931875.0,	0.16888427734375,	0.00335693359375
5637940000.0,	0.16707611083984375,	3.814697265625e-05
5637948125.0,	0.16649627685546875,	0.0012054443359375
5637956250.0,	0.16619873046875,	-0.00160980224609375
5637964375.0,	0.1691741943359375,	-0.0023193359375
5637972500.0,	0.16641998291015625,	-0.003082275390625
5637980625.0,	0.164794921875,	-0.002532958984375
5637988750.0,	0.1645355224609375,	-0.0039520263671875
5637996875.0,	0.16410064697265625,	-0.00620269775390625
5638005000.0,	0.163360595703125,	-0.00567626953125
5638013125.0,	0.1625823974609375,	-0.00734710693359375
5638021250.0,	0.1635284423828125,	-0.0076446533203125
5638029375.0,	0.16265869140625,	-0.0106964111328125
5638037500.0,	0.16223907470703125,	-0.0135498046875
5638045625.0,	0.16107940673828125,	-0.0128936767578125
5638053750.0,	0.16115570068359375,	-0.0132293701171875
5638061875.0,	0.15894317626953125,	-0.01384735107421875
5638070000.0,	0.16100311279296875,	-0.015289306640625
5638078125.0,	0.1586151123046875,	-0.017333984375
5638086250.0,	0.15627288818359375,	-0.01601409912109375
5638094375.0,	0.15869903564453125,	-0.01944732666015625
5638102500.0,	0.1571807861328125,	-0.01983642578125
5638110625.0,	0.154754638671875,	-0.02057647705078125
5638118750.0,	0.1543731689453125,	-0.02301788330078125
5638126875.0,	0.15534210205078125,	-0.02126312255859375
5638135000.0,	0.1546630859375,	-0.02286529541015625
5638143125.0,	0.1519622802734375,	-0.02413177490234375
5638151250.0,	0.15172576904296875,	-0.02532196044921875
5638159375.0,	0.15187835693359375,	-0.02776336669921875
5638167500.0,	0.1506805419921875,	-0.027862548828125
5638175625.0,	0.14981842041015625,	-0.02841949462890625
5638183750.0,	0.14888763427734375,	-0.02864837646484375
5638191875.0,	0.147674560546875,	-0.0315093994140625
5638200000.0,	0.1463775634765625,	-0.03022003173828125
5638208125.0,	0.14420318603515625,	-0.0323333740234375
5638216250.0,	0.1440887451171875,	-0.0342559814453125
5638224375.0,	0.14129638671875,	-0.0337982177734375
5638232500.0,	0.14293670654296875,	-0.03278350830078125
5638240625.0,	0.1417083740234375,	-0.039215087890625
5638248750.0,	0.1378173828125,	-0.0373992919921875
5638256875.0,	0.1383514404296875,	-0.0388336181640625
5638265000.0,	0.13758087158203125,	-0.0371856689453125
5638273125.0,	0.13439178466796875,	-0.039520263671875
5638281250.0,	0.1381988525390625,	-0.03896331787109375
5638289375.0,	0.13408660888671875,	-0.04119873046875
5638297500.0,	0.13277435302734375,	-0.04247283935546875
5638305625.0,	0.13085174560546875,	-0.0410003662109375
5638313750.0,	0.1307220458984375,	-0.04259490966796875
5638321875.0,	0.1295166015625,	-0.04338836669921875
5638330000.0,	0.1271209716796875,	-0.044097900390625
5638338125.0,	0.12738800048828125,	-0.04421234130859375
5638346250.0,	0.12380218505859375,	-0.045345306396484375
5638354375.0,	0.12373733520507812,	-0.04703521728515625
5638362500.0,	0.12079238891601562,	-0.046901702880859375
5638370625.0,	0.11906051635742188,	-0.0482940673828125
5638378750.0,	0.11885833740234375,	-0.0447998046875
5638386875.0,	0.11783218383789062,	-0.04791259765625
5638395000.0,	0.11645126342773438,	-0.0498809814453125
5638403125.0,	0.11722183227539062,	-0.048030853271484375
5638411250.0,	0.11373519897460938,	-0.049304962158203125
5638419375.0,	0.11026382446289062,	-0.048320770263671875
5638427500.0,	0.11008834838867188,	-0.0504302978515625
5638435625.0,	0.11144256591796875,	-0.05049896240234375
5638443750.0,	0.10666275024414062,	-0.050792694091796875
5638451875.0,	0.10675811767578125,	-0.05034637451171875
5638460000.0,	0.10504531860351562,	-0.0515594482421875
5638468125.0,	0.1045684814453125,	-0.050861358642578125
5638476250.0,	0.10294723510742188,	-0.04999542236328125
5638484375.0,	0.10145950317382812,	-0.051334381103515625
5638492500.0,	0.0984039306640625,	-0.0504302978515625
5638500625.0,	0.09682464599609375,	-0.050640106201171875
5638508750.0,	0.09630966186523438,	-0.0519561767578125
5638516875.0,	0.0941162109375,	-0.050922393798828125
5638525000.0,	0.0953216552734375,	-0.05239105224609375
5638533125.0,	0.09020614624023438,	-0.051097869873046875
5638541250.0,	0.09044647216796875,	-0.05237579345703125
5638549375.0,	0.09085464477539062,	-0.0491790771484375
5638557500.0,	0.0863037109375,	-0.0533599853515625
5638565625.0,	0.08771896362304688,	-0.050556182861328125
5638573750.0,	0.08330535888671875,	-0.048892974853515625
5638581875.0,	0.0839385986328125,	-0.04895782470703125
5638590000.0,	0.08026123046875,	-0.05104827880859375
5638598125.0,	0.0822296142578125,	-0.05022430419921875
5638606250.0,	0.07819747924804688,	-0.047271728515625
5638614375.0,	0.07968521118164062,	-0.048248291015625
5638622500.0,	0.07716751098632812,	-0.04815673828125
5638630625.0,	0.0753021240234375,	-0.0494537353515625
5638638750.0,	0.07574462890625,	-0.04698944091796875
5638646875.0,	0.0728607177734375,	-0.04895782470703125
5638655000.0,	0.07144546508789062,	-0.04754638671875
5638663125.0,	0.07061004638671875,	-0.04935455322265625
5638671250.0,	0.06926727294921875,	-0.047359466552734375
5638679375.0,	0.06637954711914062,	-0.046039581298828125
5638687500.0,	0.0672607421875,	-0.04651641845703125
5638695625.0,	0.06656646728515625,	-0.0464935302734375
5638703750.0,	0.0625152587890625,	-0.043048858642578125
5638711875.0,	0.06282806396484375,	-0.044368743896484375
5638720000.0,	0.06166267395019531,	-0.04370880126953125
5638728125.0,	0.06055259704589844,	-0.04378318786621094
5638736250.0,	0.05591773986816406,	-0.04419708251953125
5638744375.0,	0.05669212341308594,	-0.0426025390625
5638752500.0,	0.05674552917480469,	-0.040924072265625
5638760625.0,	0.05508232116699219,	-0.041774749755859375
5638768750.0,	0.05505943298339844,	-0.04206275939941406
5638776875.0,	0.0526275634765625,	-0.038494110107421875
5638785000.0,	0.05138397216796875,	-0.03898429870605469
5638793125.0,	0.04976081848144531,	-0.03887939453125
5638801250.0,	0.05069541931152344,	-0.03680610656738281
5638809375.0,	0.04909706115722656,	-0.03682136535644531
5638817500.0,	0.048221588134765625,	-0.03595924377441406
5638825625.0,	0.047760009765625,	-0.035320281982421875
5638833750.0,	0.04574394226074219,	-0.03467750549316406
5638841875.0,	0.044376373291015625,	-0.03298759460449219
5638850000.0,	0.04476356506347656,	-0.03218841552734375
5638858125.0,	0.045001983642578125,	-0.0312042236328125
5638866250.0,	0.043170928955078125,	-0.03138923645019531
5638874375.0,	0.042720794677734375,	-0.0300140380859375
5638882500.0,	0.043365478515625,	-0.03146553039550781
5638890625.0,	0.040802001953125,	-0.0304412841796875
5638898750.0,	0.04043769836425781,	-0.03205108642578125
5638906875.0,	0.0380706787109375,	-0.026681900024414062
5638915000.0,	0.03665351867675781,	-0.026853561401367188
5638923125.0,	0.03565025329589844,	-0.026144027709960938
5638931250.0,	0.03714942932128906,	-0.023403167724609375
5638939375.0,	0.0337066650390625,	-0.024808883666992188
5638947500.0,	0.034908294677734375,	-0.023008346557617188
5638955625.0,	0.03537750244140625,	-0.022623062133789062
5638963750.0,	0.033721923828125,	-0.022640228271484375
5638971875.0,	0.03499603271484375,	-0.020807266235351562
5638980000.0,	0.03192138671875,	-0.019754409790039062
5638988125.0,	0.032733917236328125,	-0.020059585571289062
5638996250.0,	0.03009510040283203,	-0.019066810607910156
5639004375.0,	0.030508041381835938,	-0.016610145568847656
5639012500.0,	0.02727508544921875,	-0.015891075134277344
5639020625.0,	0.029013633728027344,	-0.015018463134765625
5639028750.0,	0.027802467346191406,	-0.014723777770996094
5639036875.0,	0.02854156494140625,	-0.013967514038085938
5639045000.0,	0.027817726135253906,	-0.009650230407714844
5639053125.0,	0.026864051818847656,	-0.013330459594726562
5639061250.0,	0.025938987731933594,	-0.011908531188964844
5639069375.0,	0.02366161346435547,	-0.010311126708984375
5639077500.0,	0.025374412536621094,	-0.008815765380859375
5639085625.0,	0.025224685668945312,	-0.008196830749511719
5639093750.0,	0.025422096252441406,	-0.008617401123046875
5639101875.0,	0.02454853057861328,	-0.005316734313964844
5639110000.0,	0.024535179138183594,	-0.00400543212890625
5639118125.0,	0.02282238006591797,	-0.0036296844482421875
5639126250.0,	0.024695396423339844,	-0.006127357482910156
5639134375.0,	0.02373504638671875,	-0.00258636474609375
5639142500.0,	0.022874832153320312,	-0.002685546875
5639150625.0,	0.022081375122070312,	-0.0031385421752929688
5639158750.0,	0.020931243896484375,	-0.001247406005859375
5639166875.0,	0.021593093872070312,	0.00021266937255859375
5639175000.0,	0.02265167236328125,	0.0015707015991210938
5639183125.0,	0.02199840545654297,	0.0016803741455078125
5639191250.0,	0.02003765106201172,	0.0036468505859375
5639199375.0,	0.021728515625,	0.0031347274780273438
5639207500.0,	0.02011585235595703,	0.0072193145751953125
5639215625.0,	0.020990371704101562,	0.005535125732421875
5639223750.0,	0.021238327026367188,	0.007557868957519531
5639231875.0,	0.019178390502929688,	0.005269050598144531
5639240000.0,	0.019969940185546875,	0.010447502136230469
5639248125.0,	0.016997337341308594,	0.008424758911132812
5639256250.0,	0.019148826599121094,	0.009100914001464844
5639264375.0,	0.018999099731445312,	0.009871482849121094
5639272500.0,	0.017026901245117188,	0.01024627685546875
5639280625.0,	0.020456314086914062,	0.012670516967773438
5639288750.0,	0.020203590393066406,	0.011439323425292969
5639296875.0,	0.019521713256835938,	0.011889457702636719
5639305000.0,	0.016999244689941406,	0.012917518615722656
5639313125.0,	0.020444869995117188,	0.013461112976074219
5639321250.0,	0.017545700073242188,	0.015188217163085938
5639329375.0,	0.01761627197265625,	0.017107009887695312
5639337500.0,	0.016937255859375,	0.015604019165039062
5639345625.0,	0.01801586151123047,	0.018036842346191406
5639353750.0,	0.018593788146972656,	0.018197059631347656
5639361875.0,	0.017653465270996094,	0.019163131713867188
5639370000.0,	0.017948150634765625,	0.019519805908203125
5639378125.0,	0.017136573791503906,	0.022283554077148438
5639386250.0,	0.017754554748535156,	0.019256591796875
5639394375.0,	0.01783466339111328,	0.022650718688964844
5639402500.0,	0.0186767578125,	0.021142005920410156
5639410625.0,	0.018329620361328125,	0.023267745971679688
5639418750.0,	0.019144058227539062,	0.02286815643310547
5639426875.0,	0.017754554748535156,	0.024843215942382812
5639435000.0,	0.019310951232910156,	0.023134231567382812
5639443125.0,	0.015326499938964844,	0.02571392059326172
5639451250.0,	0.020147323608398438,	0.026885986328125
5639459375.0,	0.01845264434814453,	0.02719879150390625
5639467500.0,	0.017719268798828125,	0.03017425537109375
5639475625.0,	0.019211769104003906,	0.027896881103515625
5639483750.0,	0.01758098602294922,	0.02997875213623047
5639491875.0,	0.01797199249267578,	0.02887725830078125
5639500000.0,	0.018238067626953125,	0.030878067016601562
5639508125.0,	0.018125534057617188,	0.03082752227783203
5639516250.0,	0.016747474670410156,	0.02937793731689453
5639524375.0,	0.016675949096679688,	0.03258705139160156
5639532500.0,	0.018505096435546875,	0.034404754638671875
5639540625.0,	0.019605636596679688,	0.03415107727050781
5639548750.0,	0.017793655395507812,	0.03351783752441406
5639556875.0,	0.0181732177734375,	0.03543663024902344
5639565000.0,	0.01888275146484375,	0.03424644470214844
5639573125.0,	0.019845962524414062,	0.03480339050292969
5639581250.0,	0.019292831420898438,	0.0365142822265625
5639589375.0,	0.019041061401367188,	0.03781318664550781
5639597500.0,	0.019109725952148438,	0.03638267517089844
5639605625.0,	0.017904281616210938,	0.03676795959472656
5639613750.0,	0.0167236328125,	0.03896141052246094
5639621875.0,	0.017271041870117188,	0.04022789001464844
5639630000.0,	0.020359039306640625,	0.040813446044921875
5639638125.0,	0.018781661987304688,	0.040248870849609375
5639646250.0,	0.018682479858398438,	0.04131889343261719
5639654375.0,	0.019468307495117188,	0.04082489013671875
5639662500.0,	0.02001190185546875,	0.04218101501464844
5639670625.0,	0.0194244384765625,	0.043224334716796875
5639678750.0,	0.019161224365234375,	0.040996551513671875
5639686875.0,	0.020925521850585938,	0.040927886962890625
5639695000.0,	0.020351409912109375,	0.04352378845214844
5639703125.0,	0.021183013916015625,	0.045360565185546875
5639711250.0,	0.019176483154296875,	0.04558563232421875
5639719375.0,	0.01943206787109375,	0.046142578125
5639727500.0,	0.022096633911132812,	0.04668998718261719
5639735625.0,	0.020174026489257812,	0.044536590576171875
5639743750.0,	0.020965576171875,	0.045398712158203125
5639751875.0,	0.022470474243164062,	0.04656410217285156
5639760000.0,	0.021776199340820312,	0.04590606689453125
5639768125.0,	0.023014068603515625,	0.04683494567871094
5639776250.0,	0.022729873657226562,	0.04975700378417969
5639784375.0,	0.0215911865234375,	0.04987525939941406
5639792500.0,	0.021795272827148438,	0.04986000061035156
5639800625.0,	0.021039962768554688,	0.04988670349121094
5639808750.0,	0.021390914916992188,	0.050617218017578125
5639816875.0,	0.021883010864257812,	0.05243110656738281
5639825000.0,	0.02289581298828125,	0.0498046875
5639833125.0,	0.021518707275390625,	0.05197906494140625
5639841250.0,	0.023992538452148438,	0.050868988037109375
5639849375.0,	0.023267745971679688,	0.05154609680175781
5639857500.0,	0.022314071655273438,	0.051563262939453125
5639865625.0,	0.023736953735351562,	0.0538330078125
5639873750.0,	0.024656295776367188,	0.052104949951171875
5639881875.0,	0.024219512939453125,	0.05442237854003906
5639890000.0,	0.024639129638671875,	0.0539703369140625
5639898125.0,	0.023107528686523438,	0.054515838623046875
5639906250.0,	0.0271453857421875,	0.05328941345214844
5639914375.0,	0.0241546630859375,	0.05565071105957031
5639922500.0,	0.025968551635742188,	0.05489349365234375
5639930625.0,	0.024990081787109375,	0.056522369384765625
5639938750.0,	0.023609161376953125,	0.057262420654296875
5639946875.0,	0.025377273559570312,	0.05540657043457031
5639955000.0,	0.0233001708984375,	0.05764579772949219
5639963125.0,	0.024658203125,	0.05772972106933594
5639971250.0,	0.024339675903320312,	0.05809783935546875
5639979375.0,	0.0260009765625,	0.05854606628417969
5639987500.0,	0.025804519653320312,	0.05965995788574219
5639995625.0,	0.0250091552734375,	0.058422088623046875
5640003750.0,	0.025728225708007812,	0.0582733154296875
5640011875.0,	0.025690078735351562,	0.06143760681152344
5640020000.0,	0.026777267456054688,	0.06075286865234375
5640028125.0,	0.026174545288085938,	0.06085777282714844
5640036250.0,	0.02801513671875,	0.0621490478515625
5640044375.0,	0.027853012084960938,	0.06006431579589844
5640052500.0,	0.026876449584960938,	0.06000518798828125
5640060625.0,	0.02591705322265625,	0.0627899169921875
5640068750.0,	0.026338577270507812,	0.06070518493652344
5640076875.0,	0.026866912841796875,	0.062160491943359375
5640085000.0,	0.027475357055664062,	0.060821533203125
5640093125.0,	0.0264892578125,	0.06110572814941406
5640101250.0,	0.027923583984375,	0.062774658203125
5640109375.0,	0.027713775634765625,	0.06417083740234375
5640117500.0,	0.028095245361328125,	0.064117431640625
5640125625.0,	0.029415130615234375,	0.06439590454101562
5640133750.0,	0.0276336669921875,	0.0658416748046875
5640141875.0,	0.030437469482421875,	0.06283950805664062
5640150000.0,	0.029449462890625,	0.06439971923828125
5640158125.0,	0.0299530029296875,	0.06407546997070312
5640166250.0,	0.02923583984375,	0.0645751953125
5640174375.0,	0.027370452880859375,	0.06427383422851562
5640182500.0,	0.028217315673828125,	0.06463623046875
5640190625.0,	0.027828216552734375,	0.06721115112304688
5640198750.0,	0.029567718505859375,	0.06606674194335938
5640206875.0,	0.029445648193359375,	0.0656280517578125
5640215000.0,	0.030529022216796875,	0.0679779052734375
5640223125.0,	0.03021240234375,	0.06658554077148438
5640231250.0,	0.029888153076171875,	0.06789016723632812
5640239375.0,	0.033145904541015625,	0.06624603271484375
5640247500.0,	0.0293731689453125,	0.06855010986328125
5640255625.0,	0.034168243408203125,	0.06755828857421875
5640263750.0,	0.03264617919921875,	0.06893157958984375
5640271875.0,	0.031482696533203125,	0.0704803466796875
5640280000.0,	0.033206939697265625,	0.06922149658203125
5640288125.0,	0.030780792236328125,	0.069305419921875
5640296250.0,	0.030857086181640625,	0.06718826293945312
5640304375.0,	0.032215118408203125,	0.06978988647460938
5640312500.0,	0.03266143798828125,	0.0667266845703125
5640320625.0,	0.0321807861328125,	0.07033920288085938
5640328750.0,	0.0319366455078125,	0.07140731811523438
5640336875.0,	0.033351898193359375,	0.06806564331054688
5640345000.0,	0.033702850341796875,	0.07089614868164062
5640353125.0,	0.032146453857421875,	0.0685272216796875
5640361250.0,	0.031524658203125,	0.069488525390625
5640369375.0,	0.033992767333984375,	0.07033920288085938
5640377500.0,	0.032978057861328125,	0.06998443603515625
5640385625.0,	0.032939910888671875,	0.0733489990234375
5640393750.0,	0.03401947021484375,	0.07294082641601562
5640401875.0,	0.03508758544921875,	0.0684051513671875
5640410000.0,	0.03495025634765625,	0.06972503662109375
5640418125.0,	0.035289764404296875,	0.07212448120117188
5640426250.0,	0.0327301025390625,	0.07352828979492188
5640434375.0,	0.03430938720703125,	0.0721588134765625
5640442500.0,	0.037647247314453125,	0.07189559936523438
5640450625.0,	0.03479766845703125,	0.07404327392578125
5640458750.0,	0.03359222412109375,	0.07130813598632812
5640466875.0,	0.037014007568359375,	0.07474517822265625
5640475000.0,	0.03524017333984375,	0.0741729736328125
5640483125.0,	0.03501129150390625,	0.073577880859375
5640491250.0,	0.03566741943359375,	0.07231521606445312
5640499375.0,	0.03509521484375,	0.07452011108398438
5640507500.0,	0.037960052490234375,	0.074676513671875
5640515625.0,	0.038249969482421875,	0.07239913940429688
5640523750.0,	0.0374755859375,	0.07360458374023438
5640531875.0,	0.03755950927734375,	0.07447052001953125
5640540000.0,	0.037189483642578125,	0.07485580444335938
5640548125.0,	0.038623809814453125,	0.07561874389648438
5640556250.0,	0.03647613525390625,	0.07325363159179688
5640564375.0,	0.039012908935546875,	0.07490158081054688
5640572500.0,	0.038013458251953125,	0.07618331909179688
5640580625.0,	0.037689208984375,	0.0753326416015625
5640588750.0,	0.03806304931640625,	0.07519149780273438
5640596875.0,	0.03807830810546875,	0.07642364501953125
5640605000.0,	0.038700103759765625,	0.07466506958007812
5640613125.0,	0.039783477783203125,	0.07570266723632812
5640621250.0,	0.03853607177734375,	0.07694244384765625
5640629375.0,	0.039093017578125,	0.077911376953125
5640637500.0,	0.039142608642578125,	0.07584381103515625
5640645625.0,	0.039234161376953125,	0.07804489135742188
5640653750.0,	0.039093017578125,	0.076080322265625
5640661875.0,	0.043094635009765625,	0.07801437377929688
5640670000.0,	0.0387115478515625,	0.07854843139648438
5640678125.0,	0.0404205322265625,	0.07782745361328125
5640686250.0,	0.041767120361328125,	0.07778167724609375
5640694375.0,	0.04102325439453125,	0.07929229736328125
5640702500.0,	0.039775848388671875,	0.07817840576171875
5640710625.0,	0.039539337158203125,	0.07926177978515625
5640718750.0,	0.040454864501953125,	0.07936859130859375
5640726875.0,	0.04117584228515625,	0.07682418823242188
5640735000.0,	0.03961944580078125,	0.07736587524414062
5640743125.0,	0.03993988037109375,	0.07744216918945312
5640751250.0,	0.040126800537109375,	0.07830047607421875
5640759375.0,	0.04065704345703125,	0.07965850830078125
5640767500.0,	0.04213714599609375,	0.07811737060546875
5640775625.0,	0.040924072265625,	0.0771636962890625
5640783750.0,	0.041286468505859375,	0.07901382446289062
5640791875.0,	0.04189300537109375,	0.080474853515625
5640800000.0,	0.0407867431640625,	0.07846450805664062
5640808125.0,	0.042133331298828125,	0.07916641235351562
5640816250.0,	0.040699005126953125,	0.0799102783203125
5640824375.0,	0.042591094970703125,	0.08118057250976562
5640832500.0,	0.042629241943359375,	0.07987213134765625
5640840625.0,	0.04095458984375,	0.08314132690429688
5640848750.0,	0.0433197021484375,	0.08041000366210938
5640856875.0,	0.041316986083984375,	0.07956314086914062
5640865000.0,	0.043323516845703125,	0.08054733276367188
5640873125.0,	0.04254150390625,	0.08188629150390625
5640881250.0,	0.043148040771484375,	0.08110427856445312
5640889375.0,	0.043056488037109375,	0.08154678344726562
5640897500.0,	0.041751861572265625,	0.081756591796875
5640905625.0,	0.044017791748046875,	0.08087158203125
5640913750.0,	0.042758941650390625,	0.08111572265625
5640921875.0,	0.044551849365234375,	0.08277130126953125
5640930000.0,	0.043056488037109375,	0.08013916015625
5640938125.0,	0.042606353759765625,	0.08092498779296875
5640946250.0,	0.04347991943359375,	0.08239364624023438
5640954375.0,	0.045475006103515625,	0.08216094970703125
5640962500.0,	0.043567657470703125,	0.08252334594726562
5640970625.0,	0.045169830322265625,	0.08311843872070312
5640978750.0,	0.04363250732421875,	0.07944107055664062
5640986875.0,	0.04349517822265625,	0.0831756591796875
5640995000.0,	0.0457611083984375,	0.0809783935546875
5641003125.0,	0.044963836669921875,	0.08123779296875
5641011250.0,	0.04550933837890625,	0.0827789306640625
5641019375.0,	0.045215606689453125,	0.08275222778320312
5641027500.0,	0.0435333251953125,	0.08451080322265625
5641035625.0,	0.04541778564453125,	0.082366943359375
5641043750.0,	0.045719146728515625,	0.08361434936523438
5641051875.0,	0.0456390380859375,	0.08374404907226562
5641060000.0,	0.0462646484375,	0.081512451171875
5641068125.0,	0.047092437744140625,	0.08385848999023438
5641076250.0,	0.04650115966796875,	0.08152008056640625
5641084375.0,	0.04401397705078125,	0.08622360229492188
5641092500.0,	0.04601287841796875,	0.08368301391601562
5641100625.0,	0.04616546630859375,	0.08198928833007812
5641108750.0,	0.046962738037109375,	0.08500289916992188
5641116875.0,	0.0477142333984375,	0.08502960205078125
5641125000.0,	0.046878814697265625,	0.08446502685546875
5641133125.0,	0.048023223876953125,	0.08349609375
5641141250.0,	0.046382904052734375,	0.08356857299804688
5641149375.0,	0.0469512939453125,	0.08489990234375
5641157500.0,	0.04683685302734375,	0.08621597290039062
5641165625.0,	0.04781341552734375,	0.08376312255859375
5641173750.0,	0.046321868896484375,	0.0849456787109375
5641181875.0,	0.047794342041015625,	0.08559799194335938
5641190000.0,	0.0477294921875,	0.08654403686523438
5641198125.0,	0.0481109619140625,	0.08501434326171875
5641206250.0,	0.045444488525390625,	0.08545303344726562
5641214375.0,	0.04859161376953125,	0.08663177490234375
5641222500.0,	0.046924591064453125,	0.08673858642578125
5641230625.0,	0.048480987548828125,	0.08578872680664062
5641238750.0,	0.048625946044921875,	0.08319091796875
5641246875.0,	0.0491790771484375,	0.08607101440429688
5641255000.0,	0.050861358642578125,	0.08511734008789062
5641263125.0,	0.049083709716796875,	0.0865478515625
5641271250.0,	0.051166534423828125,	0.08625411987304688
5641279375.0,	0.04814910888671875,	0.0852203369140625
5641287500.0,	0.047992706298828125,	0.08489227294921875
5641295625.0,	0.047428131103515625,	0.08364105224609375
5641303750.0,	0.05043792724609375,	0.08580780029296875
5641311875.0,	0.04949951171875,	0.084381103515625
5641320000.0,	0.05019378662109375,	0.0880889892578125
5641328125.0,	0.050380706787109375,	0.08518218994140625
5641336250.0,	0.04717254638671875,	0.08675384521484375
5641344375.0,	0.0500946044921875,	0.08575439453125
5641352500.0,	0.0494232177734375,	0.08641815185546875
5641360625.0,	0.05173492431640625,	0.08586883544921875
5641368750.0,	0.050251007080078125,	0.08404922485351562
5641376875.0,	0.05084991455078125,	0.08562850952148438
5641385000.0,	0.050144195556640625,	0.08689117431640625
5641393125.0,	0.05091094970703125,	0.08425140380859375
5641401250.0,	0.051837921142578125,	0.08649444580078125
5641409375.0,	0.050537109375,	0.084625244140625
5641417500.0,	0.0511932373046875,	0.08765411376953125
5641425625.0,	0.051265716552734375,	0.08693695068359375
5641433750.0,	0.05222320556640625,	0.08568191528320312
5641441875.0,	0.051605224609375,	0.08749771118164062
5641450000.0,	0.052112579345703125,	0.08574295043945312
5641458125.0,	0.050174713134765625,	0.08597946166992188
5641466250.0,	0.05157470703125,	0.08791732788085938
5641474375.0,	0.05086517333984375,	0.0885772705078125
5641482500.0,	0.05008697509765625,	0.08494186401367188
5641490625.0,	0.05020904541015625,	0.087249755859375
5641498750.0,	0.05233001708984375,	0.08669281005859375
5641506875.0,	0.05283355712890625,	0.08555221557617188
5641515000.0,	0.05106353759765625,	0.08832168579101562
5641523125.0,	0.05194091796875,	0.08934402465820312
5641531250.0,	0.051235198974609375,	0.08765029907226562
5641539375.0,	0.05522918701171875,	0.0885162353515625
5641547500.0,	0.0523223876953125,	0.08730316162109375
5641555625.0,	0.0529327392578125,	0.08729171752929688
5641563750.0,	0.051799774169921875,	0.08975982666015625
5641571875.0,	0.05197906494140625,	0.0891876220703125
5641580000.0,	0.051731109619140625,	0.08765411376953125
5641588125.0,	0.05352783203125,	0.08825302124023438
5641596250.0,	0.05402374267578125,	0.0907135009765625
5641604375.0,	0.05347442626953125,	0.08745193481445312
5641612500.0,	0.0540924072265625,	0.08911895751953125
5641620625.0,	0.054225921630859375,	0.08893585205078125
5641628750.0,	0.052577972412109375,	0.08856582641601562
5641636875.0,	0.052837371826171875,	0.08626174926757812
5641645000.0,	0.054973602294921875,	0.08775711059570312
5641653125.0,	0.05419158935546875,	0.089599609375
5641661250.0,	0.05545806884765625,	0.08763504028320312
5641669375.0,	0.05423736572265625,	0.089691162109375
5641677500.0,	0.054828643798828125,	0.08684921264648438
5641685625.0,	0.05277252197265625,	0.08974838256835938
5641693750.0,	0.054676055908203125,	0.0876617431640625
5641701875.0,	0.054340362548828125,	0.0885009765625
5641710000.0,	0.05523681640625,	0.08984375
5641718125.0,	0.055477142333984375,	0.0890045166015625
5641726250.0,	0.053485870361328125,	0.08896636962890625
5641734375.0,	0.053218841552734375,	0.08835601806640625
5641742500.0,	0.05467987060546875,	0.08749771118164062
5641750625.0,	0.05413055419921875,	0.09005355834960938
5641758750.0,	0.054958343505859375,	0.08882904052734375
5641766875.0,	0.0548858642578125,	0.09028244018554688
5641775000.0,	0.057376861572265625,	0.088836669921875
5641783125.0,	0.0537109375,	0.08724594116210938
5641791250.0,	0.05837249755859375,	0.0890655517578125
5641799375.0,	0.055706024169921875,	0.08920669555664062
5641807500.0,	0.055004119873046875,	0.0894012451171875
5641815625.0,	0.055576324462890625,	0.08895111083984375
5641823750.0,	0.056125640869140625,	0.0893707275390625
5641831875.0,	0.05808258056640625,	0.08977508544921875
5641840000.0,	0.055606842041015625,	0.08892059326171875
5641848125.0,	0.055454254150390625,	0.09069442749023438
5641856250.0,	0.05817413330078125,	0.08982467651367188
5641864375.0,	0.056278228759765625,	0.09156417846679688
5641872500.0,	0.056529998779296875,	0.08834075927734375
5641880625.0,	0.05584716796875,	0.09061050415039062
5641888750.0,	0.057590484619140625,	0.08892822265625
5641896875.0,	0.056789398193359375,	0.08840179443359375
5641905000.0,	0.058063507080078125,	0.08904266357421875
5641913125.0,	0.05565643310546875,	0.088714599609375
5641921250.0,	0.05725860595703125,	0.08904266357421875
5641929375.0,	0.058349609375,	0.09027099609375
5641937500.0,	0.05910491943359375,	0.088348388671875
5641945625.0,	0.05733489990234375,	0.09132766723632812
5641953750.0,	0.056575775146484375,	0.08767318725585938
5641961875.0,	0.057003021240234375,	0.08988189697265625
5641970000.0,	0.05710601806640625,	0.09091949462890625
5641978125.0,	0.057453155517578125,	0.09216690063476562
5641986250.0,	0.057880401611328125,	0.08813095092773438
5641994375.0,	0.058399200439453125,	0.09027481079101562
5642002500.0,	0.05869293212890625,	0.0877838134765625
5642010625.0,	0.05751800537109375,	0.0910797119140625
5642018750.0,	0.058055877685546875,	0.09037017822265625
5642026875.0,	0.0586090087890625,	0.09137725830078125
5642035000.0,	0.058063507080078125,	0.08879852294921875
5642043125.0,	0.058078765869140625,	0.0903472900390625
5642051250.0,	0.059291839599609375,	0.0914459228515625
5642059375.0,	0.0587615966796875,	0.0898284912109375
5642067500.0,	0.0592193603515625,	0.09312820434570312
5642075625.0,	0.05826568603515625,	0.09148025512695312
5642083750.0,	0.060108184814453125,	0.09032821655273438
5642091875.0,	0.058872222900390625,	0.09200286865234375
5642100000.0,	0.057636260986328125,	0.09189605712890625
5642108125.0,	0.059841156005859375,	0.09143829345703125
5642116250.0,	0.058536529541015625,	0.0897674560546875
5642124375.0,	0.057239532470703125,	0.088470458984375
5642132500.0,	0.05562591552734375,	0.0921783447265625
5642140625.0,	0.057994842529296875,	0.09051513671875
5642148750.0,	0.057880401611328125,	0.09061050415039062
5642156875.0,	0.0574951171875,	0.09100341796875
5642165000.0,	0.05886077880859375,	0.0906982421875
5642173125.0,	0.059619903564453125,	0.09224319458007812
5642181250.0,	0.0583343505859375,	0.090362548828125
5642189375.0,	0.060638427734375,	0.09026718139648438
5642197500.0,	0.0590972900390625,	0.08960342407226562
5642205625.0,	0.05982208251953125,	0.09054946899414062
5642213750.0,	0.0585479736328125,	0.09257125854492188
5642221875.0,	0.0584259033203125,	0.08974456787109375
5642230000.0,	0.059864044189453125,	0.08966064453125
5642238125.0,	0.060009002685546875,	0.09217071533203125
5642246250.0,	0.058673858642578125,	0.09052276611328125
5642254375.0,	0.058353424072265625,	0.08991622924804688
5642262500.0,	0.0614166259765625,	0.08948898315429688
5642270625.0,	0.061496734619140625,	0.09128189086914062
5642278750.0,	0.060245513916015625,	0.08936309814453125
5642286875.0,	0.0593414306640625,	0.09120941162109375
5642295000.0,	0.061004638671875,	0.0932769775390625
5642303125.0,	0.0606536865234375,	0.0919952392578125
5642311250.0,	0.0595703125,	0.09192657470703125
5642319375.0,	0.061046600341796875,	0.09185791015625
5642327500.0,	0.059307098388671875,	0.09119033813476562
5642335625.0,	0.06288528442382812,	0.090606689453125
5642343750.0,	0.06139373779296875,	0.09069061279296875
5642351875.0,	0.06110382080078125,	0.09094619750976562
5642360000.0,	0.06229400634765625,	0.09229278564453125
5642368125.0,	0.06201171875,	0.090118408203125
5642376250.0,	0.06233978271484375,	0.09120559692382812
5642384375.0,	0.0604248046875,	0.09193801879882812
5642392500.0,	0.062259674072265625,	0.091552734375
5642400625.0,	0.060947418212890625,	0.09033203125
5642408750.0,	0.059619903564453125,	0.09224319458007812
5642416875.0,	0.060516357421875,	0.09239959716796875
5642425000.0,	0.061397552490234375,	0.09055328369140625
5642433125.0,	0.06323623657226562,	0.09337997436523438
5642441250.0,	0.06304931640625,	0.09076309204101562
5642449375.0,	0.06177520751953125,	0.0930633544921875
5642457500.0,	0.062206268310546875,	0.09134292602539062
5642465625.0,	0.061130523681640625,	0.09341812133789062
5642473750.0,	0.06238555908203125,	0.0928497314453125
5642481875.0,	0.06223297119140625,	0.090118408203125
5642490000.0,	0.061550140380859375,	0.09055709838867188
5642498125.0,	0.06307601928710938,	0.08987045288085938
5642506250.0,	0.06087493896484375,	0.09253692626953125
5642514375.0,	0.0615997314453125,	0.0912322998046875
5642522500.0,	0.06329727172851562,	0.0923919677734375
5642530625.0,	0.06221771240234375,	0.09277725219726562
5642538750.0,	0.06315994262695312,	0.09277725219726562
5642546875.0,	0.0639495849609375,	0.09315109252929688
5642555000.0,	0.06328964233398438,	0.08957672119140625
5642563125.0,	0.060153961181640625,	0.09336090087890625
5642571250.0,	0.06256103515625,	0.09181594848632812
5642579375.0,	0.06215667724609375,	0.08950042724609375
5642587500.0,	0.062343597412109375,	0.09283447265625
5642595625.0,	0.061206817626953125,	0.09169769287109375
5642603750.0,	0.06549072265625,	0.09256362915039062
5642611875.0,	0.06364059448242188,	0.093017578125
5642620000.0,	0.062389373779296875,	0.09294891357421875
5642628125.0,	0.06365585327148438,	0.09290695190429688
5642636250.0,	0.06401443481445312,	0.09200668334960938
5642644375.0,	0.061290740966796875,	0.09138870239257812
5642652500.0,	0.06183624267578125,	0.09561538696289062
5642660625.0,	0.06453704833984375,	0.0914459228515625
5642668750.0,	0.06443405151367188,	0.092987060546875
5642676875.0,	0.06301498413085938,	0.09171676635742188
5642685000.0,	0.06437301635742188,	0.09299850463867188
5642693125.0,	0.061763763427734375,	0.0924835205078125
5642701250.0,	0.0638275146484375,	0.09280776977539062
5642709375.0,	0.061885833740234375,	0.09320449829101562
5642717500.0,	0.06261062622070312,	0.09319686889648438
5642725625.0,	0.0629119873046875,	0.093475341796875
5642733750.0,	0.06361770629882812,	0.0928955078125
5642741875.0,	0.06315994262695312,	0.0921783447265625
5642750000.0,	0.06607437133789062,	0.09203720092773438
5642758125.0,	0.065277099609375,	0.09053421020507812
5642766250.0,	0.06371688842773438,	0.09114456176757812
5642774375.0,	0.06390380859375,	0.09392166137695312
5642782500.0,	0.064117431640625,	0.0922698974609375
5642790625.0,	0.06374359130859375,	0.09354019165039062
5642798750.0,	0.065643310546875,	0.092010498046875
5642806875.0,	0.06624221801757812,	0.09295654296875
5642815000.0,	0.062274932861328125,	0.09331893920898438
5642823125.0,	0.0635986328125,	0.0908050537109375
5642831250.0,	0.06494140625,	0.09368896484375
5642839375.0,	0.06540679931640625,	0.0943145751953125
5642847500.0,	0.06557846069335938,	0.09204864501953125
5642855625.0,	0.063751220703125,	0.09206008911132812
5642863750.0,	0.06492996215820312,	0.09255599975585938
5642871875.0,	0.06593704223632812,	0.0933685302734375
5642880000.0,	0.06386947631835938,	0.0897674560546875
5642888125.0,	0.065338134765625,	0.09320068359375
5642896250.0,	0.06447601318359375,	0.09299850463867188
5642904375.0,	0.0670013427734375,	0.093414306640625
5642912500.0,	0.065399169921875,	0.09470367431640625
5642920625.0,	0.0650634765625,	0.094329833984375
5642928750.0,	0.06710052490234375,	0.09174728393554688
5642936875.0,	0.066131591796875,	0.09516525268554688
5642945000.0,	0.0647735595703125,	0.0927886962890625
5642953125.0,	0.06474685668945312,	0.09286880493164062
5642961250.0,	0.06447219848632812,	0.09276962280273438
5642969375.0,	0.0655670166015625,	0.09286117553710938
5642977500.0,	0.0656280517578125,	0.09271240234375
5642985625.0,	0.065643310546875,	0.09400177001953125
5642993750.0,	0.06663894653320312,	0.09281539916992188
5643001875.0,	0.06757354736328125,	0.09222030639648438
5643010000.0,	0.06550979614257812,	0.09283447265625
5643018125.0,	0.06766510009765625,	0.09297561645507812
5643026250.0,	0.0669097900390625,	0.0945892333984375
5643034375.0,	0.06729507446289062,	0.09367752075195312
5643042500.0,	0.06692123413085938,	0.09344863891601562
5643050625.0,	0.0668792724609375,	0.09292984008789062
5643058750.0,	0.06414413452148438,	0.09426498413085938
5643066875.0,	0.06587600708007812,	0.09524917602539062
5643075000.0,	0.06795883178710938,	0.09319686889648438
5643083125.0,	0.06708908081054688,	0.09414291381835938
5643091250.0,	0.0656585693359375,	0.09353256225585938
5643099375.0,	0.0667877197265625,	0.092315673828125
5643107500.0,	0.06672286987304688,	0.09262466430664062
5643115625.0,	0.0670013427734375,	0.09298324584960938
5643123750.0,	0.06627655029296875,	0.09391403198242188
5643131875.0,	0.0677337646484375,	0.09420013427734375
5643140000.0,	0.0688934326171875,	0.09423828125
5643148125.0,	0.06737136840820312,	0.09302902221679688
5643156250.0,	0.0677490234375,	0.09154129028320312
5643164375.0,	0.0683135986328125,	0.09293746948242188
5643172500.0,	0.06600189208984375,	0.09198760986328125
5643180625.0,	0.06585311889648438,	0.09299468994140625
5643188750.0,	0.06772232055664062,	0.09212493896484375
5643196875.0,	0.06619644165039062,	0.0941925048828125
5643205000.0,	0.06817245483398438,	0.09321212768554688
5643213125.0,	0.06706619262695312,	0.0953216552734375
5643221250.0,	0.06929397583007812,	0.09365463256835938
5643229375.0,	0.06686019897460938,	0.09133148193359375
5643237500.0,	0.06775283813476562,	0.093963623046875
5643245625.0,	0.06662368774414062,	0.0926513671875
5643253750.0,	0.06872940063476562,	0.09503555297851562
5643261875.0,	0.06874465942382812,	0.09131240844726562
5643270000.0,	0.06842422485351562,	0.09259033203125
5643278125.0,	0.06827545166015625,	0.0935516357421875
5643286250.0,	0.06854629516601562,	0.09312057495117188
5643294375.0,	0.06827926635742188,	0.0940399169921875
5643302500.0,	0.06864166259765625,	0.09437942504882812
5643310625.0,	0.0681304931640625,	0.0932769775390625
5643318750.0,	0.06653976440429688,	0.09280776977539062
5643326875.0,	0.06900405883789062,	0.09546661376953125
5643335000.0,	0.06828689575195312,	0.09457778930664062
5643343125.0,	0.067840576171875,	0.09467697143554688
5643351250.0,	0.06982040405273438,	0.09362411499023438
5643359375.0,	0.07048797607421875,	0.09430313110351562
5643367500.0,	0.06861495971679688,	0.0931854248046875
5643375625.0,	0.06944656372070312,	0.09279632568359375
5643383750.0,	0.06923294067382812,	0.09361648559570312
5643391875.0,	0.06992721557617188,	0.09425735473632812
5643400000.0,	0.06963729858398438,	0.093719482421875
5643408125.0,	0.0696563720703125,	0.09368896484375
5643416250.0,	0.0699615478515625,	0.09404373168945312
5643424375.0,	0.06955337524414062,	0.09203720092773438
5643432500.0,	0.06689453125,	0.0924224853515625
5643440625.0,	0.06876754760742188,	0.09376144409179688
5643448750.0,	0.07075119018554688,	0.09276962280273438
5643456875.0,	0.07104873657226562,	0.09261703491210938
5643465000.0,	0.06848907470703125,	0.09292221069335938
5643473125.0,	0.06903076171875,	0.09566879272460938
5643481250.0,	0.0696563720703125,	0.09331130981445312
5643489375.0,	0.06842803955078125,	0.09322357177734375
5643497500.0,	0.0687713623046875,	0.09444046020507812
5643505625.0,	0.06960678100585938,	0.09378433227539062
5643513750.0,	0.06877517700195312,	0.09464645385742188
5643521875.0,	0.0681304931640625,	0.09162139892578125
5643530000.0,	0.07048797607421875,	0.0936737060546875
5643538125.0,	0.06850814819335938,	0.09332656860351562
5643546250.0,	0.07141494750976562,	0.09178543090820312
5643554375.0,	0.0696563720703125,	0.09312820434570312
5643562500.0,	0.070037841796875,	0.09212875366210938
5643570625.0,	0.07001876831054688,	0.09537506103515625
5643578750.0,	0.0705108642578125,	0.09577178955078125
5643586875.0,	0.06973648071289062,	0.09510040283203125
5643595000.0,	0.06929397583007812,	0.09534835815429688
5643603125.0,	0.0705718994140625,	0.09463882446289062
5643611250.0,	0.06768417358398438,	0.09512710571289062
5643619375.0,	0.06924057006835938,	0.09297943115234375
5643627500.0,	0.06946182250976562,	0.09613418579101562
5643635625.0,	0.06667709350585938,	0.0943756103515625
5643643750.0,	0.06845855712890625,	0.0925140380859375
5643651875.0,	0.07132720947265625,	0.0947265625
5643660000.0,	0.07145309448242188,	0.09485244750976562
5643668125.0,	0.0711822509765625,	0.09334564208984375
5643676250.0,	0.07081222534179688,	0.0960540771484375
5643684375.0,	0.06910324096679688,	0.09481048583984375
5643692500.0,	0.06903076171875,	0.09528350830078125
5643700625.0,	0.06891632080078125,	0.09429168701171875
5643708750.0,	0.06941986083984375,	0.09193038940429688
5643716875.0,	0.0692291259765625,	0.09317779541015625
5643725000.0,	0.06946182250976562,	0.09270477294921875
5643733125.0,	0.06786727905273438,	0.09391021728515625
5643741250.0,	0.0700225830078125,	0.09469985961914062
5643749375.0,	0.07030487060546875,	0.09360122680664062
5643757500.0,	0.06995773315429688,	0.09492874145507812
5643765625.0,	0.07257461547851562,	0.09363174438476562
5643773750.0,	0.0731964111328125,	0.0946044921875
5643781875.0,	0.07069015502929688,	0.09503936767578125
5643790000.0,	0.07130050659179688,	0.09429550170898438
5643798125.0,	0.06956863403320312,	0.09421920776367188
5643806250.0,	0.07261276245117188,	0.09362030029296875
5643814375.0,	0.06900405883789062,	0.09538650512695312
5643822500.0,	0.06844711303710938,	0.09563064575195312
5643830625.0,	0.06930160522460938,	0.094451904296875
5643838750.0,	0.07158279418945312,	0.09459686279296875
5643846875.0,	0.06856155395507812,	0.09454345703125
5643855000.0,	0.0702972412109375,	0.09356307983398438
5643863125.0,	0.06930923461914062,	0.09185791015625
5643871250.0,	0.07143783569335938,	0.09478759765625
5643879375.0,	0.07101821899414062,	0.09516143798828125
5643887500.0,	0.071136474609375,	0.09421157836914062
5643895625.0,	0.0709228515625,	0.09313583374023438
5643903750.0,	0.07071304321289062,	0.09441757202148438
5643911875.0,	0.07094573974609375,	0.09595870971679688
5643920000.0,	0.07209396362304688,	0.094268798828125
5643928125.0,	0.070220947265625,	0.09555435180664062
5643936250.0,	0.070556640625,	0.0957794189453125
5643944375.0,	0.07265853881835938,	0.093719482421875
5643952500.0,	0.07125091552734375,	0.09444427490234375
5643960625.0,	0.07210540771484375,	0.09446334838867188
5643968750.0,	0.073699951171875,	0.09453201293945312
5643976875.0,	0.07106781005859375,	0.0941009521484375
5643985000.0,	0.07159423828125,	0.09247589111328125
5643993125.0,	0.07033538818359375,	0.09429550170898438
5644001250.0,	0.07320785522460938,	0.09490203857421875
5644009375.0,	0.07132720947265625,	0.09446334838867188
5644017500.0,	0.0739898681640625,	0.0924072265625
5644025625.0,	0.07266998291015625,	0.09540939331054688
5644033750.0,	0.07131195068359375,	0.09346771240234375
5644041875.0,	0.07091903686523438,	0.09493255615234375
5644050000.0,	0.07136917114257812,	0.09375762939453125
5644058125.0,	0.07188034057617188,	0.0948028564453125
5644066250.0,	0.0709075927734375,	0.09599685668945312
5644074375.0,	0.07107925415039062,	0.09369277954101562
5644082500.0,	0.07148361206054688,	0.09442901611328125
5644090625.0,	0.07226181030273438,	0.09375
5644098750.0,	0.0719451904296875,	0.0950775146484375
5644106875.0,	0.07407379150390625,	0.09505081176757812
5644115000.0,	0.07269287109375,	0.09442138671875
5644123125.0,	0.07287216186523438,	0.09460830688476562
5644131250.0,	0.07225799560546875,	0.095184326171875
5644139375.0,	0.07281112670898438,	0.09503555297851562
5644147500.0,	0.07370376586914062,	0.09485626220703125
5644155625.0,	0.07248687744140625,	0.09508514404296875
5644163750.0,	0.07307052612304688,	0.09344863891601562
5644171875.0,	0.07169723510742188,	0.09405517578125
5644180000.0,	0.07387542724609375,	0.09336090087890625
5644188125.0,	0.07149505615234375,	0.09340667724609375
5644196250.0,	0.07247543334960938,	0.09453964233398438
5644204375.0,	0.07370758056640625,	0.09417343139648438
5644212500.0,	0.07340240478515625,	0.09102630615234375
5644220625.0,	0.0746307373046875,	0.09357833862304688
5644228750.0,	0.07410049438476562,	0.09421920776367188
5644236875.0,	0.07184982299804688,	0.09545135498046875
5644245000.0,	0.07461929321289062,	0.09174728393554688
5644253125.0,	0.07431793212890625,	0.09389877319335938
5644261250.0,	0.07376480102539062,	0.09222412109375
5644269375.0,	0.07328033447265625,	0.09640121459960938
5644277500.0,	0.07294082641601562,	0.09399795532226562
5644285625.0,	0.0756378173828125,	0.09560012817382812
5644293750.0,	0.07310104370117188,	0.0946044921875
5644301875.0,	0.07413482666015625,	0.09583282470703125
5644310000.0,	0.07281112670898438,	0.09344482421875
5644318125.0,	0.07257461547851562,	0.09241485595703125
5644326250.0,	0.0722808837890625,	0.09435653686523438
5644334375.0,	0.07139968872070312,	0.09480667114257812
5644342500.0,	0.07340621948242188,	0.09326171875
5644350625.0,	0.07375335693359375,	0.096282958984375
5644358750.0,	0.0732269287109375,	0.09528350830078125
5644366875.0,	0.07316207885742188,	0.094268798828125
5644375000.0,	0.07443618774414062,	0.0944061279296875
5644383125.0,	0.07391738891601562,	0.09633636474609375
5644391250.0,	0.07300949096679688,	0.09436416625976562
5644399375.0,	0.07353591918945312,	0.09485244750976562
5644407500.0,	0.07250213623046875,	0.09454345703125
5644415625.0,	0.07509994506835938,	0.09401321411132812
5644423750.0,	0.07403182983398438,	0.09371566772460938
5644431875.0,	0.07584762573242188,	0.09269332885742188
5644440000.0,	0.07382965087890625,	0.09468460083007812
5644448125.0,	0.07366561889648438,	0.09638214111328125
5644456250.0,	0.07316970825195312,	0.093780517578125
5644464375.0,	0.07407379150390625,	0.09373855590820312
5644472500.0,	0.07352066040039062,	0.09219741821289062
5644480625.0,	0.07167816162109375,	0.0961151123046875
5644488750.0,	0.07578277587890625,	0.09542083740234375
5644496875.0,	0.07601547241210938,	0.09531784057617188
5644505000.0,	0.074493408203125,	0.09325408935546875
5644513125.0,	0.07410049438476562,	0.09568023681640625
5644521250.0,	0.07577133178710938,	0.09514236450195312
5644529375.0,	0.07386016845703125,	0.09268569946289062
5644537500.0,	0.07540512084960938,	0.09399032592773438
5644545625.0,	0.07379150390625,	0.09425735473632812
5644553750.0,	0.07287979125976562,	0.09291458129882812
5644561875.0,	0.07504653930664062,	0.09465789794921875
5644570000.0,	0.07474136352539062,	0.09418869018554688
5644578125.0,	0.07282257080078125,	0.0948638916015625
5644586250.0,	0.0740966796875,	0.09583663940429688
5644594375.0,	0.07332229614257812,	0.09561920166015625
5644602500.0,	0.07605361938476562,	0.09562301635742188
5644610625.0,	0.07331085205078125,	0.09364700317382812
5644618750.0,	0.074310302734375,	0.093017578125
5644626875.0,	0.07653045654296875,	0.09449005126953125
5644635000.0,	0.07430267333984375,	0.0950469970703125
5644643125.0,	0.0735626220703125,	0.09576797485351562
5644651250.0,	0.07720184326171875,	0.09669876098632812
5644659375.0,	0.07430648803710938,	0.09362030029296875
5644667500.0,	0.07324981689453125,	0.09559249877929688
5644675625.0,	0.07298660278320312,	0.09576416015625
5644683750.0,	0.07442092895507812,	0.09527969360351562
5644691875.0,	0.074554443359375,	0.09469223022460938
5644700000.0,	0.07570266723632812,	0.09490585327148438
5644708125.0,	0.07570266723632812,	0.09508132934570312
5644716250.0,	0.0742340087890625,	0.09424972534179688
5644724375.0,	0.07598114013671875,	0.09328460693359375
5644732500.0,	0.07517242431640625,	0.09485244750976562
5644740625.0,	0.07659149169921875,	0.09422683715820312
5644748750.0,	0.07627105712890625,	0.09442901611328125
5644756875.0,	0.0747222900390625,	0.09585189819335938
5644765000.0,	0.07744979858398438,	0.09592437744140625
5644773125.0,	0.07476043701171875,	0.09484100341796875
5644781250.0,	0.07675552368164062,	0.09354019165039062
5644789375.0,	0.0732421875,	0.09254074096679688
5644797500.0,	0.07521820068359375,	0.09672927856445312
5644805625.0,	0.07382965087890625,	0.09531784057617188
5644813750.0,	0.07479095458984375,	0.09503555297851562
5644821875.0,	0.07630538940429688,	0.09556961059570312
5644830000.0,	0.07539749145507812,	0.0947723388671875
5644838125.0,	0.07651519775390625,	0.09408187866210938
5644846250.0,	0.07585906982421875,	0.09363555908203125
5644854375.0,	0.07463455200195312,	0.09473419189453125
5644862500.0,	0.0746917724609375,	0.0946197509765625
5644870625.0,	0.07573699951171875,	0.09383392333984375
5644878750.0,	0.07603073120117188,	0.09451675415039062
5644886875.0,	0.075531005859375,	0.09325408935546875
5644895000.0,	0.07444000244140625,	0.0958709716796875
5644903125.0,	0.07254409790039062,	0.09398269653320312
5644911250.0,	0.07390975952148438,	0.09407806396484375
5644919375.0,	0.07466888427734375,	0.09542083740234375
5644927500.0,	0.07507705688476562,	0.09489059448242188
5644935625.0,	0.07674789428710938,	0.0950469970703125
5644943750.0,	0.076446533203125,	0.09305953979492188
5644951875.0,	0.07582473754882812,	0.09549331665039062
5644960000.0,	0.07649993896484375,	0.0934906005859375
5644968125.0,	0.07629013061523438,	0.09558486938476562
5644976250.0,	0.07706451416015625,	0.09328460693359375
5644984375.0,	0.07495880126953125,	0.0926055908203125
5644992500.0,	0.07737350463867188,	0.0945281982421875
5645000625.0,	0.07442855834960938,	0.095001220703125
5645008750.0,	0.07621002197265625,	0.09404373168945312
5645016875.0,	0.07677459716796875,	0.094696044921875
5645025000.0,	0.07696533203125,	0.09175491333007812
5645033125.0,	0.07662582397460938,	0.094146728515625
5645041250.0,	0.07757568359375,	0.09240341186523438
5645049375.0,	0.07677459716796875,	0.09275436401367188
5645057500.0,	0.07744598388671875,	0.09458160400390625
5645065625.0,	0.07712936401367188,	0.09589385986328125
5645073750.0,	0.07641983032226562,	0.095123291015625
5645081875.0,	0.079803466796875,	0.09479141235351562
5645090000.0,	0.0764923095703125,	0.09588623046875
5645098125.0,	0.07736587524414062,	0.09521865844726562
5645106250.0,	0.07889938354492188,	0.09538650512695312
5645114375.0,	0.07628631591796875,	0.0919647216796875
5645122500.0,	0.0741729736328125,	0.09350204467773438
5645130625.0,	0.07706451416015625,	0.09583282470703125
5645138750.0,	0.0767974853515625,	0.0943756103515625
5645146875.0,	0.07798385620117188,	0.0950164794921875
5645155000.0,	0.07509994506835938,	0.09392547607421875
5645163125.0,	0.0776824951171875,	0.09537506103515625
5645171250.0,	0.07892227172851562,	0.09457778930664062
5645179375.0,	0.07764816284179688,	0.09503555297851562
5645187500.0,	0.0764923095703125,	0.09409713745117188
5645195625.0,	0.0767974853515625,	0.09275436401367188
5645203750.0,	0.07728195190429688,	0.09449386596679688
5645211875.0,	0.07757949829101562,	0.0955963134765625
5645220000.0,	0.07544708251953125,	0.09525299072265625
5645228125.0,	0.07649612426757812,	0.09462738037109375
5645236250.0,	0.07706451416015625,	0.0955352783203125
5645244375.0,	0.07772064208984375,	0.09547042846679688
5645252500.0,	0.07732391357421875,	0.09534454345703125
5645260625.0,	0.0765533447265625,	0.09255599975585938
5645268750.0,	0.0772857666015625,	0.095947265625
5645276875.0,	0.07494735717773438,	0.09402084350585938
5645285000.0,	0.07659149169921875,	0.0947723388671875
5645293125.0,	0.07720565795898438,	0.094268798828125
5645301250.0,	0.07793045043945312,	0.09573745727539062
5645309375.0,	0.075897216796875,	0.09494781494140625
5645317500.0,	0.07852935791015625,	0.09259796142578125
5645325625.0,	0.07814788818359375,	0.09549713134765625
5645333750.0,	0.07652664184570312,	0.09302520751953125
5645341875.0,	0.07789230346679688,	0.09455108642578125
5645350000.0,	0.07771682739257812,	0.09485626220703125
5645358125.0,	0.07690048217773438,	0.09404373168945312
5645366250.0,	0.076904296875,	0.09677505493164062
5645374375.0,	0.0763702392578125,	0.093597412109375
5645382500.0,	0.0763092041015625,	0.093597412109375
5645390625.0,	0.0770721435546875,	0.09402847290039062
5645398750.0,	0.07794570922851562,	0.0950927734375
5645406875.0,	0.07793807983398438,	0.09666061401367188
5645415000.0,	0.07694625854492188,	0.09410476684570312
5645423125.0,	0.07761383056640625,	0.0940704345703125
5645431250.0,	0.07902145385742188,	0.09288406372070312
5645439375.0,	0.07749176025390625,	0.09263992309570312
5645447500.0,	0.079833984375,	0.0933837890625
5645455625.0,	0.0779876708984375,	0.09290313720703125
5645463750.0,	0.07783889770507812,	0.09368133544921875
5645471875.0,	0.07738494873046875,	0.09545516967773438
5645480000.0,	0.07976913452148438,	0.09368133544921875
5645488125.0,	0.0780792236328125,	0.09583282470703125
5645496250.0,	0.076568603515625,	0.09415817260742188
5645504375.0,	0.078948974609375,	0.09462356567382812
5645512500.0,	0.07745742797851562,	0.09531021118164062
5645520625.0,	0.07756805419921875,	0.09513473510742188
5645528750.0,	0.0760650634765625,	0.09337615966796875
5645536875.0,	0.0781707763671875,	0.09482955932617188
5645545000.0,	0.07493209838867188,	0.09543228149414062
5645553125.0,	0.0794219970703125,	0.09502029418945312
5645561250.0,	0.0785980224609375,	0.09424591064453125
5645569375.0,	0.07892990112304688,	0.09550857543945312
5645577500.0,	0.07706069946289062,	0.0936431884765625
5645585625.0,	0.07618331909179688,	0.09503936767578125
5645593750.0,	0.07668304443359375,	0.0941925048828125
5645601875.0,	0.07891082763671875,	0.09661865234375
5645610000.0,	0.077362060546875,	0.0947113037109375
5645618125.0,	0.07777023315429688,	0.09319686889648438
5645626250.0,	0.07897567749023438,	0.0944671630859375
5645634375.0,	0.07796478271484375,	0.09372329711914062
5645642500.0,	0.07907867431640625,	0.09426116943359375
5645650625.0,	0.07851791381835938,	0.09542465209960938
5645658750.0,	0.077667236328125,	0.0941162109375
5645666875.0,	0.07944869995117188,	0.0949554443359375
5645675000.0,	0.08042144775390625,	0.09440231323242188
5645683125.0,	0.08058547973632812,	0.09522628784179688
5645691250.0,	0.07756805419921875,	0.09609222412109375
5645699375.0,	0.0782623291015625,	0.09269332885742188
5645707500.0,	0.07724761962890625,	0.0953521728515625
5645715625.0,	0.0782318115234375,	0.09589385986328125
5645723750.0,	0.07866287231445312,	0.09429550170898438
5645731875.0,	0.07811355590820312,	0.09540557861328125
5645740000.0,	0.081024169921875,	0.09217071533203125
5645748125.0,	0.07509994506835938,	0.0939178466796875
5645756250.0,	0.07829666137695312,	0.09272384643554688
5645764375.0,	0.0795135498046875,	0.09416580200195312
5645772500.0,	0.07865142822265625,	0.09521102905273438
5645780625.0,	0.07702255249023438,	0.09463119506835938
5645788750.0,	0.08094024658203125,	0.09151077270507812
5645796875.0,	0.0790863037109375,	0.09365463256835938
5645805000.0,	0.07905960083007812,	0.09200668334960938
5645813125.0,	0.07950592041015625,	0.09401702880859375
5645821250.0,	0.07818222045898438,	0.09612655639648438
5645829375.0,	0.079803466796875,	0.093048095703125
5645837500.0,	0.07992172241210938,	0.095001220703125
5645845625.0,	0.08060455322265625,	0.09356307983398438
5645853750.0,	0.08019638061523438,	0.09350204467773438
5645861875.0,	0.07798385620117188,	0.093505859375
5645870000.0,	0.07960891723632812,	0.09569168090820312
5645878125.0,	0.07834243774414062,	0.09537506103515625
5645886250.0,	0.08034896850585938,	0.09455490112304688
5645894375.0,	0.08135223388671875,	0.09529876708984375
5645902500.0,	0.08015823364257812,	0.09311676025390625
5645910625.0,	0.07788848876953125,	0.09331893920898438
5645918750.0,	0.07828903198242188,	0.09600448608398438
5645926875.0,	0.07904434204101562,	0.094818115234375
5645935000.0,	0.080291748046875,	0.09560775756835938
5645943125.0,	0.08118820190429688,	0.09550094604492188
5645951250.0,	0.07932662963867188,	0.09559249877929688
5645959375.0,	0.07926177978515625,	0.09549331665039062
5645967500.0,	0.07867050170898438,	0.09348297119140625
5645975625.0,	0.08001327514648438,	0.09413909912109375
5645983750.0,	0.079742431640625,	0.0943450927734375
5645991875.0,	0.07913589477539062,	0.09588623046875
5646000000.0,	0.08019638061523438,	0.09410858154296875
