5375009375.0,	0.06415176391601562,	0.05303955078125
5375018750.0,	0.062191009521484375,	0.053440093994140625
5375028125.0,	0.06470870971679688,	0.052745819091796875
5375037500.0,	0.06308364868164062,	0.0543060302734375
5375046875.0,	0.062381744384765625,	0.05389404296875
5375056250.0,	0.06348800659179688,	0.0537261962890625
5375065625.0,	0.0641937255859375,	0.054340362548828125
5375075000.0,	0.06357955932617188,	0.05483245849609375
5375084375.0,	0.06439590454101562,	0.055316925048828125
5375093750.0,	0.062473297119140625,	0.0541534423828125
5375103125.0,	0.06348037719726562,	0.0533294677734375
5375112500.0,	0.06406784057617188,	0.052646636962890625
5375121875.0,	0.06502532958984375,	0.054790496826171875
5375131250.0,	0.06348037719726562,	0.052928924560546875
5375140625.0,	0.064361572265625,	0.052875518798828125
5375150000.0,	0.06380081176757812,	0.053157806396484375
5375159375.0,	0.06483840942382812,	0.054607391357421875
5375168750.0,	0.06536102294921875,	0.055454254150390625
5375178125.0,	0.06395339965820312,	0.053531646728515625
5375187500.0,	0.06502151489257812,	0.05249786376953125
5375196875.0,	0.06421279907226562,	0.05523681640625
5375206250.0,	0.0640869140625,	0.0550384521484375
5375215625.0,	0.06664657592773438,	0.051898956298828125
5375225000.0,	0.06464385986328125,	0.053485870361328125
5375234375.0,	0.06325531005859375,	0.054840087890625
5375243750.0,	0.06359100341796875,	0.053165435791015625
5375253125.0,	0.06389236450195312,	0.0537261962890625
5375262500.0,	0.06404876708984375,	0.0546417236328125
5375271875.0,	0.06465530395507812,	0.052120208740234375
5375281250.0,	0.06342315673828125,	0.053867340087890625
5375290625.0,	0.06570816040039062,	0.055782318115234375
5375300000.0,	0.06372833251953125,	0.053112030029296875
5375309375.0,	0.06500244140625,	0.055110931396484375
5375318750.0,	0.06568145751953125,	0.05600738525390625
5375328125.0,	0.06576156616210938,	0.053863525390625
5375337500.0,	0.06624221801757812,	0.053802490234375
5375346875.0,	0.06676483154296875,	0.05513763427734375
5375356250.0,	0.06326675415039062,	0.054172515869140625
5375365625.0,	0.066131591796875,	0.054141998291015625
5375375000.0,	0.06383514404296875,	0.054828643798828125
5375384375.0,	0.064056396484375,	0.052745819091796875
5375393750.0,	0.06486892700195312,	0.05446624755859375
5375403125.0,	0.06217384338378906,	0.05374336242675781
5375412500.0,	0.06435394287109375,	0.054988861083984375
5375421875.0,	0.06536865234375,	0.053882598876953125
5375431250.0,	0.0645904541015625,	0.0530242919921875
5375440625.0,	0.0653076171875,	0.05710601806640625
5375450000.0,	0.06462860107421875,	0.052967071533203125
5375459375.0,	0.06404495239257812,	0.053470611572265625
5375468750.0,	0.06543731689453125,	0.053882598876953125
5375478125.0,	0.06543350219726562,	0.053630828857421875
5375487500.0,	0.0643157958984375,	0.0538177490234375
5375496875.0,	0.06373977661132812,	0.052082061767578125
5375506250.0,	0.06516265869140625,	0.05496978759765625
5375515625.0,	0.063934326171875,	0.0539398193359375
5375525000.0,	0.06494903564453125,	0.053821563720703125
5375534375.0,	0.06533432006835938,	0.052032470703125
5375543750.0,	0.0648193359375,	0.053081512451171875
5375553125.0,	0.06454849243164062,	0.052494049072265625
5375562500.0,	0.06237983703613281,	0.05319976806640625
5375571875.0,	0.061977386474609375,	0.05328941345214844
5375581250.0,	0.06481170654296875,	0.05432891845703125
5375590625.0,	0.06426620483398438,	0.056140899658203125
5375600000.0,	0.06420135498046875,	0.053680419921875
5375609375.0,	0.06558990478515625,	0.05445098876953125
5375618750.0,	0.064666748046875,	0.0559234619140625
5375628125.0,	0.06475830078125,	0.056060791015625
5375637500.0,	0.0660552978515625,	0.0543212890625
5375646875.0,	0.06397247314453125,	0.05242156982421875
5375656250.0,	0.06647109985351562,	0.053035736083984375
5375665625.0,	0.06595611572265625,	0.052104949951171875
5375675000.0,	0.06589889526367188,	0.05365753173828125
5375684375.0,	0.06362533569335938,	0.053104400634765625
5375693750.0,	0.06559371948242188,	0.0547027587890625
5375703125.0,	0.06593704223632812,	0.05644989013671875
5375712500.0,	0.06608963012695312,	0.055126190185546875
5375721875.0,	0.06526565551757812,	0.054302215576171875
5375731250.0,	0.06594467163085938,	0.0544586181640625
5375740625.0,	0.06561279296875,	0.052642822265625
5375750000.0,	0.06382369995117188,	0.05389404296875
5375759375.0,	0.06583023071289062,	0.054443359375
5375768750.0,	0.06228446960449219,	0.053218841552734375
5375778125.0,	0.064483642578125,	0.053279876708984375
5375787500.0,	0.066802978515625,	0.05388641357421875
5375796875.0,	0.06524276733398438,	0.05353546142578125
5375806250.0,	0.06626129150390625,	0.052486419677734375
5375815625.0,	0.06582260131835938,	0.0554962158203125
5375825000.0,	0.06449127197265625,	0.0550537109375
5375834375.0,	0.062957763671875,	0.055377960205078125
5375843750.0,	0.06592559814453125,	0.05425262451171875
5375853125.0,	0.06357955932617188,	0.053707122802734375
5375862500.0,	0.06397247314453125,	0.0523223876953125
5375871875.0,	0.06530380249023438,	0.05438995361328125
5375881250.0,	0.06690597534179688,	0.0540313720703125
5375890625.0,	0.06666183471679688,	0.054347991943359375
5375900000.0,	0.06471633911132812,	0.052944183349609375
5375909375.0,	0.06533050537109375,	0.0558929443359375
5375918750.0,	0.06522369384765625,	0.055057525634765625
5375928125.0,	0.06524276733398438,	0.05263519287109375
5375937500.0,	0.06558990478515625,	0.055744171142578125
5375946875.0,	0.06307220458984375,	0.056186676025390625
5375956250.0,	0.0638580322265625,	0.053131103515625
5375965625.0,	0.06662368774414062,	0.05300140380859375
5375975000.0,	0.06553268432617188,	0.053783416748046875
5375984375.0,	0.06435394287109375,	0.05559539794921875
5375993750.0,	0.06766891479492188,	0.052623748779296875
5376003125.0,	0.06523895263671875,	0.055187225341796875
5376012500.0,	0.06544113159179688,	0.05446624755859375
5376021875.0,	0.0635986328125,	0.05558013916015625
5376031250.0,	0.06565093994140625,	0.053913116455078125
5376040625.0,	0.06867599487304688,	0.053867340087890625
5376050000.0,	0.06610870361328125,	0.0533905029296875
5376059375.0,	0.06575393676757812,	0.05515289306640625
5376068750.0,	0.064788818359375,	0.0547637939453125
5376078125.0,	0.06438446044921875,	0.053974151611328125
5376087500.0,	0.06815719604492188,	0.0560302734375
5376096875.0,	0.06574630737304688,	0.054355621337890625
5376106250.0,	0.06692886352539062,	0.05300140380859375
5376115625.0,	0.06451797485351562,	0.05640411376953125
5376125000.0,	0.06496429443359375,	0.0519866943359375
5376134375.0,	0.066314697265625,	0.053737640380859375
5376143750.0,	0.06614303588867188,	0.05681610107421875
5376153125.0,	0.06697463989257812,	0.05355072021484375
5376162500.0,	0.06637954711914062,	0.056331634521484375
5376171875.0,	0.067413330078125,	0.054851531982421875
5376181250.0,	0.06556320190429688,	0.05393218994140625
5376190625.0,	0.06715774536132812,	0.056003570556640625
5376200000.0,	0.0665130615234375,	0.055347442626953125
5376209375.0,	0.067047119140625,	0.052494049072265625
5376218750.0,	0.06691360473632812,	0.054508209228515625
5376228125.0,	0.06644058227539062,	0.054561614990234375
5376237500.0,	0.0666046142578125,	0.05341339111328125
5376246875.0,	0.06763839721679688,	0.05457305908203125
5376256250.0,	0.06667327880859375,	0.053554534912109375
5376265625.0,	0.06838226318359375,	0.0545501708984375
5376275000.0,	0.06596755981445312,	0.055072784423828125
5376284375.0,	0.06639862060546875,	0.055095672607421875
5376293750.0,	0.06550979614257812,	0.054046630859375
5376303125.0,	0.066558837890625,	0.05452728271484375
5376312500.0,	0.0670623779296875,	0.053058624267578125
5376321875.0,	0.06743621826171875,	0.054859161376953125
5376331250.0,	0.06690597534179688,	0.054691314697265625
5376340625.0,	0.06638336181640625,	0.054107666015625
5376350000.0,	0.06562423706054688,	0.053104400634765625
5376359375.0,	0.06510162353515625,	0.053310394287109375
5376368750.0,	0.06555938720703125,	0.05393218994140625
5376378125.0,	0.06599044799804688,	0.05599212646484375
5376387500.0,	0.06571197509765625,	0.05364227294921875
5376396875.0,	0.06682586669921875,	0.052928924560546875
5376406250.0,	0.06511688232421875,	0.0556640625
5376415625.0,	0.0667572021484375,	0.053741455078125
5376425000.0,	0.06613540649414062,	0.0560760498046875
5376434375.0,	0.06565475463867188,	0.056560516357421875
5376443750.0,	0.06763076782226562,	0.053638458251953125
5376453125.0,	0.06492996215820312,	0.05496978759765625
5376462500.0,	0.0661163330078125,	0.0547027587890625
5376471875.0,	0.06582260131835938,	0.054656982421875
5376481250.0,	0.066131591796875,	0.05698394775390625
5376490625.0,	0.06582260131835938,	0.05379486083984375
5376500000.0,	0.06633758544921875,	0.053272247314453125
5376509375.0,	0.06500244140625,	0.054782867431640625
5376518750.0,	0.067291259765625,	0.05530548095703125
5376528125.0,	0.06769943237304688,	0.053531646728515625
5376537500.0,	0.06727981567382812,	0.05519866943359375
5376546875.0,	0.06783676147460938,	0.053798675537109375
5376556250.0,	0.06645965576171875,	0.054355621337890625
5376565625.0,	0.06554031372070312,	0.055118560791015625
5376575000.0,	0.0672607421875,	0.053630828857421875
5376584375.0,	0.06916046142578125,	0.0548858642578125
5376593750.0,	0.06953811645507812,	0.0531158447265625
5376603125.0,	0.06918716430664062,	0.054286956787109375
5376612500.0,	0.06814193725585938,	0.05560302734375
5376621875.0,	0.066070556640625,	0.05376434326171875
5376631250.0,	0.06788253784179688,	0.053020477294921875
5376640625.0,	0.06725692749023438,	0.0538482666015625
5376650000.0,	0.06784820556640625,	0.0543060302734375
5376659375.0,	0.06677627563476562,	0.053127288818359375
5376668750.0,	0.06880950927734375,	0.0532073974609375
5376678125.0,	0.06713104248046875,	0.054889678955078125
5376687500.0,	0.06645584106445312,	0.051525115966796875
5376696875.0,	0.0652008056640625,	0.054443359375
5376706250.0,	0.0681915283203125,	0.056049346923828125
5376715625.0,	0.06504440307617188,	0.05500030517578125
5376725000.0,	0.06583786010742188,	0.052326202392578125
5376734375.0,	0.06711578369140625,	0.05588531494140625
5376743750.0,	0.06620407104492188,	0.05322265625
5376753125.0,	0.06760025024414062,	0.05438232421875
5376762500.0,	0.0673065185546875,	0.052520751953125
5376771875.0,	0.06673431396484375,	0.055450439453125
5376781250.0,	0.06655120849609375,	0.0533905029296875
5376790625.0,	0.0662384033203125,	0.054080963134765625
5376800000.0,	0.06689834594726562,	0.055675506591796875
5376809375.0,	0.07001113891601562,	0.05584716796875
5376818750.0,	0.06819915771484375,	0.053882598876953125
5376828125.0,	0.06806564331054688,	0.055164337158203125
5376837500.0,	0.068023681640625,	0.0523834228515625
5376846875.0,	0.06966400146484375,	0.05423736572265625
5376856250.0,	0.06920242309570312,	0.053897857666015625
5376865625.0,	0.069976806640625,	0.053569793701171875
5376875000.0,	0.06653594970703125,	0.05316162109375
5376884375.0,	0.06758880615234375,	0.05333709716796875
5376893750.0,	0.0680694580078125,	0.05330657958984375
5376903125.0,	0.06689834594726562,	0.05381011962890625
5376912500.0,	0.06998443603515625,	0.054386138916015625
5376921875.0,	0.06737518310546875,	0.053653717041015625
5376931250.0,	0.0688934326171875,	0.055934906005859375
5376940625.0,	0.06673812866210938,	0.055187225341796875
5376950000.0,	0.06969070434570312,	0.052852630615234375
5376959375.0,	0.06782913208007812,	0.0529022216796875
5376968750.0,	0.06795883178710938,	0.05222320556640625
5376978125.0,	0.06879425048828125,	0.0536956787109375
5376987500.0,	0.068511962890625,	0.05440521240234375
5376996875.0,	0.067169189453125,	0.055057525634765625
5377006250.0,	0.06647491455078125,	0.056018829345703125
5377015625.0,	0.06726455688476562,	0.054515838623046875
5377025000.0,	0.0670928955078125,	0.055225372314453125
5377034375.0,	0.07078170776367188,	0.054935455322265625
5377043750.0,	0.06824493408203125,	0.05377960205078125
5377053125.0,	0.06915664672851562,	0.053066253662109375
5377062500.0,	0.06879425048828125,	0.0525054931640625
5377071875.0,	0.0688323974609375,	0.053966522216796875
5377081250.0,	0.06911087036132812,	0.05401611328125
5377090625.0,	0.071380615234375,	0.05350494384765625
5377100000.0,	0.06826400756835938,	0.05490875244140625
5377109375.0,	0.06914138793945312,	0.0554656982421875
5377118750.0,	0.07204818725585938,	0.052669525146484375
5377128125.0,	0.06623458862304688,	0.054203033447265625
5377137500.0,	0.06682968139648438,	0.053691864013671875
5377146875.0,	0.06949996948242188,	0.055377960205078125
5377156250.0,	0.06969070434570312,	0.053096771240234375
5377165625.0,	0.0686798095703125,	0.055454254150390625
5377175000.0,	0.069061279296875,	0.055049896240234375
5377184375.0,	0.06854629516601562,	0.052440643310546875
5377193750.0,	0.06932830810546875,	0.055126190185546875
5377203125.0,	0.0703277587890625,	0.053134918212890625
5377212500.0,	0.07063674926757812,	0.052852630615234375
5377221875.0,	0.06704330444335938,	0.05423736572265625
5377231250.0,	0.06928253173828125,	0.052875518798828125
5377240625.0,	0.06933212280273438,	0.05477142333984375
5377250000.0,	0.068450927734375,	0.053569793701171875
5377259375.0,	0.0686187744140625,	0.054767608642578125
5377268750.0,	0.06737518310546875,	0.054004669189453125
5377278125.0,	0.06645584106445312,	0.05268096923828125
5377287500.0,	0.0703277587890625,	0.053684234619140625
5377296875.0,	0.069000244140625,	0.0517425537109375
5377306250.0,	0.06998062133789062,	0.05495452880859375
5377315625.0,	0.07057952880859375,	0.053073883056640625
5377325000.0,	0.068634033203125,	0.055072784423828125
5377334375.0,	0.07126998901367188,	0.05254364013671875
5377343750.0,	0.07076644897460938,	0.05290985107421875
5377353125.0,	0.06821823120117188,	0.05486297607421875
5377362500.0,	0.0687408447265625,	0.053493499755859375
5377371875.0,	0.068756103515625,	0.05306243896484375
5377381250.0,	0.07062530517578125,	0.05405426025390625
5377390625.0,	0.07181167602539062,	0.053455352783203125
5377400000.0,	0.06700897216796875,	0.052837371826171875
5377409375.0,	0.06897735595703125,	0.053562164306640625
5377418750.0,	0.06895065307617188,	0.053905487060546875
5377428125.0,	0.06919097900390625,	0.052875518798828125
5377437500.0,	0.07162857055664062,	0.05321502685546875
5377446875.0,	0.06948471069335938,	0.05327606201171875
5377456250.0,	0.07205963134765625,	0.053150177001953125
5377465625.0,	0.06921005249023438,	0.054752349853515625
5377475000.0,	0.07180023193359375,	0.054950714111328125
5377484375.0,	0.07041168212890625,	0.05406951904296875
5377493750.0,	0.06906890869140625,	0.053745269775390625
5377503125.0,	0.07071304321289062,	0.052539825439453125
5377512500.0,	0.06859970092773438,	0.05084991455078125
5377521875.0,	0.07008743286132812,	0.055294036865234375
5377531250.0,	0.0695953369140625,	0.05431365966796875
5377540625.0,	0.06885528564453125,	0.052646636962890625
5377550000.0,	0.071502685546875,	0.054325103759765625
5377559375.0,	0.068511962890625,	0.054691314697265625
5377568750.0,	0.0720062255859375,	0.05267333984375
5377578125.0,	0.0708465576171875,	0.0531768798828125
5377587500.0,	0.07164764404296875,	0.0534210205078125
5377596875.0,	0.07337188720703125,	0.053150177001953125
5377606250.0,	0.0691986083984375,	0.0534515380859375
5377615625.0,	0.06953811645507812,	0.052364349365234375
5377625000.0,	0.07041549682617188,	0.052433013916015625
5377634375.0,	0.07295989990234375,	0.052738189697265625
5377643750.0,	0.07117462158203125,	0.053211212158203125
5377653125.0,	0.07143402099609375,	0.05103302001953125
5377662500.0,	0.0724639892578125,	0.051548004150390625
5377671875.0,	0.07105636596679688,	0.053386688232421875
5377681250.0,	0.071685791015625,	0.0530548095703125
5377690625.0,	0.07273101806640625,	0.050952911376953125
5377700000.0,	0.06865310668945312,	0.0538177490234375
5377709375.0,	0.0720062255859375,	0.051815032958984375
5377718750.0,	0.07138824462890625,	0.052623748779296875
5377728125.0,	0.07108306884765625,	0.05281829833984375
5377737500.0,	0.07188034057617188,	0.052120208740234375
5377746875.0,	0.07244110107421875,	0.05330657958984375
5377756250.0,	0.0716400146484375,	0.05400848388671875
5377765625.0,	0.07343673706054688,	0.05309295654296875
5377775000.0,	0.0717315673828125,	0.05426788330078125
5377784375.0,	0.07097244262695312,	0.05338287353515625
5377793750.0,	0.0734405517578125,	0.053668975830078125
5377803125.0,	0.07264328002929688,	0.05471038818359375
5377812500.0,	0.07137680053710938,	0.051609039306640625
5377821875.0,	0.0718231201171875,	0.052104949951171875
5377831250.0,	0.07361221313476562,	0.051738739013671875
5377840625.0,	0.07431793212890625,	0.05097198486328125
5377850000.0,	0.071685791015625,	0.052585601806640625
5377859375.0,	0.07304763793945312,	0.053829193115234375
5377868750.0,	0.07342910766601562,	0.053958892822265625
5377878125.0,	0.07403564453125,	0.054225921630859375
5377887500.0,	0.07277679443359375,	0.05088043212890625
5377896875.0,	0.07348251342773438,	0.057224273681640625
5377906250.0,	0.075103759765625,	0.05217742919921875
5377915625.0,	0.07423019409179688,	0.0504150390625
5377925000.0,	0.07263946533203125,	0.052978515625
5377934375.0,	0.07332229614257812,	0.0526885986328125
5377943750.0,	0.07329559326171875,	0.052703857421875
5377953125.0,	0.07488632202148438,	0.053714752197265625
5377962500.0,	0.07365036010742188,	0.053195953369140625
5377971875.0,	0.07307052612304688,	0.0504302978515625
5377981250.0,	0.073150634765625,	0.052173614501953125
5377990625.0,	0.0756683349609375,	0.052276611328125
5378000000.0,	0.07280349731445312,	0.052310943603515625
5378009375.0,	0.07440948486328125,	0.049896240234375
5378018750.0,	0.07183456420898438,	0.05341339111328125
5378028125.0,	0.07378768920898438,	0.054676055908203125
5378037500.0,	0.07392120361328125,	0.05205535888671875
5378046875.0,	0.07679367065429688,	0.050838470458984375
5378056250.0,	0.0757293701171875,	0.05316925048828125
5378065625.0,	0.07438278198242188,	0.051532745361328125
5378075000.0,	0.0742645263671875,	0.0502166748046875
5378084375.0,	0.07530975341796875,	0.053768157958984375
5378093750.0,	0.075531005859375,	0.0516357421875
5378103125.0,	0.07584762573242188,	0.05138397216796875
5378112500.0,	0.07510757446289062,	0.050548553466796875
5378121875.0,	0.07613754272460938,	0.0519256591796875
5378131250.0,	0.07567214965820312,	0.05133819580078125
5378140625.0,	0.07564544677734375,	0.05178070068359375
5378150000.0,	0.07473373413085938,	0.052028656005859375
5378159375.0,	0.07617950439453125,	0.053813934326171875
5378168750.0,	0.076934814453125,	0.0535888671875
5378178125.0,	0.07720947265625,	0.051250457763671875
5378187500.0,	0.07365036010742188,	0.05028533935546875
5378196875.0,	0.07523345947265625,	0.051555633544921875
5378206250.0,	0.07662200927734375,	0.05255126953125
5378215625.0,	0.07609176635742188,	0.05123138427734375
5378225000.0,	0.0755157470703125,	0.052303314208984375
5378234375.0,	0.07522964477539062,	0.052490234375
5378243750.0,	0.07712554931640625,	0.0525970458984375
5378253125.0,	0.07572174072265625,	0.0509033203125
5378262500.0,	0.07387542724609375,	0.05207061767578125
5378271875.0,	0.07757568359375,	0.050388336181640625
5378281250.0,	0.07808303833007812,	0.051422119140625
5378290625.0,	0.07646942138671875,	0.0491943359375
5378300000.0,	0.07690811157226562,	0.050464630126953125
5378309375.0,	0.07551193237304688,	0.051513671875
5378318750.0,	0.07693099975585938,	0.049587249755859375
5378328125.0,	0.077239990234375,	0.050689697265625
5378337500.0,	0.07677841186523438,	0.050106048583984375
5378346875.0,	0.07764434814453125,	0.051181793212890625
5378356250.0,	0.07828140258789062,	0.050823211669921875
5378365625.0,	0.07716751098632812,	0.050258636474609375
5378375000.0,	0.07754898071289062,	0.0504608154296875
5378384375.0,	0.0760345458984375,	0.05159759521484375
5378393750.0,	0.0793304443359375,	0.050373077392578125
5378403125.0,	0.07952880859375,	0.050018310546875
5378412500.0,	0.07635879516601562,	0.050319671630859375
5378421875.0,	0.07881927490234375,	0.051364898681640625
5378431250.0,	0.07916641235351562,	0.050510406494140625
5378440625.0,	0.08005142211914062,	0.049449920654296875
5378450000.0,	0.078094482421875,	0.04845428466796875
5378459375.0,	0.08156967163085938,	0.04799652099609375
5378468750.0,	0.07946014404296875,	0.047672271728515625
5378478125.0,	0.07863616943359375,	0.048572540283203125
5378487500.0,	0.07818603515625,	0.0501556396484375
5378496875.0,	0.07918930053710938,	0.048492431640625
5378506250.0,	0.08074951171875,	0.049060821533203125
5378515625.0,	0.07907485961914062,	0.049045562744140625
5378525000.0,	0.07744598388671875,	0.049045562744140625
5378534375.0,	0.07975387573242188,	0.04953765869140625
5378543750.0,	0.07983779907226562,	0.04912567138671875
5378553125.0,	0.07935333251953125,	0.04949188232421875
5378562500.0,	0.07610321044921875,	0.0499267578125
5378571875.0,	0.07809829711914062,	0.047046661376953125
5378581250.0,	0.080780029296875,	0.04863739013671875
5378590625.0,	0.08124923706054688,	0.047637939453125
5378600000.0,	0.0811920166015625,	0.049663543701171875
5378609375.0,	0.08056640625,	0.0483245849609375
5378618750.0,	0.08129501342773438,	0.04856109619140625
5378628125.0,	0.08047103881835938,	0.048336029052734375
5378637500.0,	0.08049392700195312,	0.050342559814453125
5378646875.0,	0.0805816650390625,	0.049709320068359375
5378656250.0,	0.08094024658203125,	0.047672271728515625
5378665625.0,	0.08325958251953125,	0.048870086669921875
5378675000.0,	0.081634521484375,	0.045925140380859375
5378684375.0,	0.08188629150390625,	0.0498199462890625
5378693750.0,	0.08053207397460938,	0.04863739013671875
5378703125.0,	0.08205032348632812,	0.045124053955078125
5378712500.0,	0.08214569091796875,	0.048664093017578125
5378721875.0,	0.08129119873046875,	0.0496978759765625
5378731250.0,	0.0820159912109375,	0.048961639404296875
5378740625.0,	0.0831298828125,	0.0493316650390625
5378750000.0,	0.08172607421875,	0.04715728759765625
5378759375.0,	0.08286285400390625,	0.04630279541015625
5378768750.0,	0.0859375,	0.04592132568359375
5378778125.0,	0.08417129516601562,	0.045986175537109375
5378787500.0,	0.08495330810546875,	0.04662322998046875
5378796875.0,	0.08486557006835938,	0.04620361328125
5378806250.0,	0.08327102661132812,	0.046047210693359375
5378815625.0,	0.08366775512695312,	0.04788970947265625
5378825000.0,	0.08488845825195312,	0.045383453369140625
5378834375.0,	0.08489990234375,	0.047351837158203125
5378843750.0,	0.08353042602539062,	0.04396820068359375
5378853125.0,	0.08642578125,	0.046947479248046875
5378862500.0,	0.08440399169921875,	0.045444488525390625
5378871875.0,	0.08596038818359375,	0.045436859130859375
5378881250.0,	0.087066650390625,	0.046627044677734375
5378890625.0,	0.08557510375976562,	0.045116424560546875
5378900000.0,	0.0865936279296875,	0.04599761962890625
5378909375.0,	0.0853271484375,	0.0432281494140625
5378918750.0,	0.08511734008789062,	0.044292449951171875
5378928125.0,	0.08551406860351562,	0.044582366943359375
5378937500.0,	0.08687210083007812,	0.04486083984375
5378946875.0,	0.08571243286132812,	0.043361663818359375
5378956250.0,	0.08472061157226562,	0.044010162353515625
5378965625.0,	0.087005615234375,	0.04268646240234375
5378975000.0,	0.08574295043945312,	0.04219818115234375
5378984375.0,	0.0875396728515625,	0.0419464111328125
5378993750.0,	0.0880889892578125,	0.042644500732421875
5379003125.0,	0.08663558959960938,	0.0420074462890625
5379012500.0,	0.08435821533203125,	0.040485382080078125
5379021875.0,	0.08733749389648438,	0.041721343994140625
5379031250.0,	0.08786392211914062,	0.043163299560546875
5379040625.0,	0.08916854858398438,	0.042125701904296875
5379050000.0,	0.0879364013671875,	0.04058837890625
5379059375.0,	0.08881759643554688,	0.040252685546875
5379068750.0,	0.08890151977539062,	0.040935516357421875
5379078125.0,	0.08771133422851562,	0.039478302001953125
5379087500.0,	0.08851242065429688,	0.037990570068359375
5379096875.0,	0.08914566040039062,	0.040714263916015625
5379106250.0,	0.08813095092773438,	0.039642333984375
5379115625.0,	0.0886688232421875,	0.039215087890625
5379125000.0,	0.089202880859375,	0.03804779052734375
5379134375.0,	0.08885955810546875,	0.039821624755859375
5379143750.0,	0.08827590942382812,	0.038295745849609375
5379153125.0,	0.0910186767578125,	0.03752899169921875
5379162500.0,	0.089324951171875,	0.039875030517578125
5379171875.0,	0.09046173095703125,	0.038421630859375
5379181250.0,	0.09113311767578125,	0.034854888916015625
5379190625.0,	0.09220123291015625,	0.037815093994140625
5379200000.0,	0.09129714965820312,	0.03577423095703125
5379209375.0,	0.0900115966796875,	0.03594207763671875
5379218750.0,	0.091217041015625,	0.03714752197265625
5379228125.0,	0.09040451049804688,	0.035373687744140625
5379237500.0,	0.09300613403320312,	0.03375244140625
5379246875.0,	0.09241485595703125,	0.034412384033203125
5379256250.0,	0.09116744995117188,	0.034030914306640625
5379265625.0,	0.09112167358398438,	0.03462982177734375
5379275000.0,	0.09245681762695312,	0.032863616943359375
5379284375.0,	0.09058380126953125,	0.035144805908203125
5379293750.0,	0.09194183349609375,	0.032623291015625
5379303125.0,	0.09311294555664062,	0.0338287353515625
5379312500.0,	0.09230804443359375,	0.032459259033203125
5379321875.0,	0.09248733520507812,	0.03183746337890625
5379331250.0,	0.09290695190429688,	0.031452178955078125
5379340625.0,	0.0943450927734375,	0.029972076416015625
5379350000.0,	0.09273147583007812,	0.028125762939453125
5379359375.0,	0.092987060546875,	0.029560089111328125
5379368750.0,	0.09319686889648438,	0.030914306640625
5379378125.0,	0.09246444702148438,	0.02985382080078125
5379387500.0,	0.09329605102539062,	0.0277862548828125
5379396875.0,	0.0908203125,	0.02771759033203125
5379406250.0,	0.09539031982421875,	0.0278778076171875
5379415625.0,	0.09370803833007812,	0.0279083251953125
5379425000.0,	0.09334945678710938,	0.025104522705078125
5379434375.0,	0.091766357421875,	0.025531768798828125
5379443750.0,	0.09453964233398438,	0.024379730224609375
5379453125.0,	0.09275436401367188,	0.026172637939453125
5379462500.0,	0.09545135498046875,	0.023357391357421875
5379471875.0,	0.0941619873046875,	0.02396392822265625
5379481250.0,	0.0936737060546875,	0.024570465087890625
5379490625.0,	0.09505844116210938,	0.022594451904296875
5379500000.0,	0.09380340576171875,	0.021610260009765625
5379509375.0,	0.0924835205078125,	0.0215911865234375
5379518750.0,	0.09476852416992188,	0.0205230712890625
5379528125.0,	0.09519577026367188,	0.020626068115234375
5379537500.0,	0.09591293334960938,	0.0210723876953125
5379546875.0,	0.09368133544921875,	0.0192413330078125
5379556250.0,	0.09513092041015625,	0.020092010498046875
5379565625.0,	0.094268798828125,	0.01572418212890625
5379575000.0,	0.09408187866210938,	0.017269134521484375
5379584375.0,	0.09538650512695312,	0.015682220458984375
5379593750.0,	0.09231948852539062,	0.016483306884765625
5379603125.0,	0.09250259399414062,	0.0148468017578125
5379612500.0,	0.0941009521484375,	0.016345977783203125
5379621875.0,	0.092742919921875,	0.01290130615234375
5379631250.0,	0.09236907958984375,	0.011516571044921875
5379640625.0,	0.09374237060546875,	0.012699127197265625
5379650000.0,	0.0927581787109375,	0.009143829345703125
5379659375.0,	0.09224700927734375,	0.010761260986328125
5379668750.0,	0.09272003173828125,	0.009578704833984375
5379678125.0,	0.09320831298828125,	0.008396148681640625
5379687500.0,	0.09148025512695312,	0.008747100830078125
5379696875.0,	0.09128189086914062,	0.0051422119140625
5379706250.0,	0.09094619750976562,	0.007709503173828125
5379715625.0,	0.09172439575195312,	0.005207061767578125
5379725000.0,	0.09313583374023438,	0.00585174560546875
5379734375.0,	0.09097671508789062,	0.005237579345703125
5379743750.0,	0.0920257568359375,	0.003543853759765625
5379753125.0,	0.08899307250976562,	0.0038604736328125
5379762500.0,	0.08806228637695312,	0.0016937255859375
5379771875.0,	0.08692169189453125,	0.00125885009765625
5379781250.0,	0.08876419067382812,	0.00214385986328125
5379790625.0,	0.0866851806640625,	0.000446319580078125
5379800000.0,	0.08491897583007812,	-0.001186370849609375
5379809375.0,	0.08683395385742188,	-0.000316619873046875
5379818750.0,	0.086334228515625,	-0.000873565673828125
5379828125.0,	0.0843963623046875,	-0.00202178955078125
5379837500.0,	0.083709716796875,	-0.00429534912109375
5379846875.0,	0.08267593383789062,	-0.00643157958984375
5379856250.0,	0.08546829223632812,	-0.005584716796875
5379865625.0,	0.08258819580078125,	-0.0059356689453125
5379875000.0,	0.08055496215820312,	-0.00681304931640625
5379884375.0,	0.08109283447265625,	-0.006946563720703125
5379893750.0,	0.0811614990234375,	-0.00725555419921875
5379903125.0,	0.07789230346679688,	-0.008304595947265625
5379912500.0,	0.07848739624023438,	-0.006992340087890625
5379921875.0,	0.07586669921875,	-0.010051727294921875
5379931250.0,	0.07513046264648438,	-0.010128021240234375
5379940625.0,	0.075775146484375,	-0.0107879638671875
5379950000.0,	0.07498931884765625,	-0.009197235107421875
5379959375.0,	0.07244491577148438,	-0.011325836181640625
5379968750.0,	0.07352066040039062,	-0.010284423828125
5379978125.0,	0.07098770141601562,	-0.013111114501953125
5379987500.0,	0.0709075927734375,	-0.013797760009765625
5379996875.0,	0.06877899169921875,	-0.012302398681640625
5380006250.0,	0.06900787353515625,	-0.011554718017578125
5380015625.0,	0.06890487670898438,	-0.0119171142578125
5380025000.0,	0.06755447387695312,	-0.012241363525390625
5380034375.0,	0.06470489501953125,	-0.013744354248046875
5380043750.0,	0.06607437133789062,	-0.012271881103515625
5380053125.0,	0.06414031982421875,	-0.01287841796875
5380062500.0,	0.062347412109375,	-0.013677597045898438
5380071875.0,	0.061588287353515625,	-0.0147705078125
5380081250.0,	0.06044960021972656,	-0.013452529907226562
5380090625.0,	0.05724525451660156,	-0.01372528076171875
5380100000.0,	0.05832481384277344,	-0.01551055908203125
5380109375.0,	0.05701446533203125,	-0.016168594360351562
5380118750.0,	0.05645751953125,	-0.015356063842773438
5380128125.0,	0.05547904968261719,	-0.016481399536132812
5380137500.0,	0.056262969970703125,	-0.013776779174804688
5380146875.0,	0.053646087646484375,	-0.014432907104492188
5380156250.0,	0.05322265625,	-0.015073776245117188
5380165625.0,	0.05184364318847656,	-0.013517379760742188
5380175000.0,	0.050937652587890625,	-0.013011932373046875
5380184375.0,	0.05093193054199219,	-0.01184844970703125
5380193750.0,	0.04995155334472656,	-0.011617660522460938
5380203125.0,	0.04854393005371094,	-0.01378631591796875
5380212500.0,	0.04794502258300781,	-0.013010025024414062
5380221875.0,	0.04678916931152344,	-0.0103912353515625
5380231250.0,	0.04634284973144531,	-0.012044906616210938
5380240625.0,	0.04458808898925781,	-0.010679244995117188
5380250000.0,	0.04465675354003906,	-0.011209487915039062
5380259375.0,	0.04444122314453125,	-0.0087738037109375
5380268750.0,	0.04244422912597656,	-0.01027679443359375
5380278125.0,	0.04244804382324219,	-0.009723663330078125
5380287500.0,	0.04167366027832031,	-0.0071239471435546875
5380296875.0,	0.03957176208496094,	-0.008579254150390625
5380306250.0,	0.03969001770019531,	-0.008230209350585938
5380315625.0,	0.041378021240234375,	-0.007762908935546875
5380325000.0,	0.03936958312988281,	-0.00600433349609375
5380334375.0,	0.03833770751953125,	-0.0058994293212890625
5380343750.0,	0.03481483459472656,	-0.008016586303710938
5380353125.0,	0.03682518005371094,	-0.0054225921630859375
5380362500.0,	0.03804588317871094,	-0.006259918212890625
5380371875.0,	0.03404045104980469,	-0.0052642822265625
5380381250.0,	0.03359413146972656,	-0.006000518798828125
5380390625.0,	0.03390312194824219,	-0.004459381103515625
5380400000.0,	0.035190582275390625,	-0.0040264129638671875
5380409375.0,	0.033634185791015625,	-0.003231048583984375
5380418750.0,	0.03308296203613281,	-0.001537322998046875
5380428125.0,	0.03279304504394531,	-0.0028362274169921875
5380437500.0,	0.03272819519042969,	-0.0012226104736328125
5380446875.0,	0.03142547607421875,	0.000934600830078125
5380456250.0,	0.03202629089355469,	0.0018482208251953125
5380465625.0,	0.028955459594726562,	-0.0017652511596679688
5380475000.0,	0.03059673309326172,	0.0014171600341796875
5380484375.0,	0.030905723571777344,	0.0002422332763671875
5380493750.0,	0.03121471405029297,	-0.0006237030029296875
5380503125.0,	0.03012561798095703,	0.00267791748046875
5380512500.0,	0.029659271240234375,	0.0036191940307617188
5380521875.0,	0.026925086975097656,	0.0032663345336914062
5380531250.0,	0.0288238525390625,	0.004998207092285156
5380540625.0,	0.02875232696533203,	0.007580757141113281
5380550000.0,	0.027991294860839844,	0.004985809326171875
5380559375.0,	0.0261993408203125,	0.005078315734863281
5380568750.0,	0.027280807495117188,	0.008161544799804688
5380578125.0,	0.029865264892578125,	0.006237030029296875
5380587500.0,	0.025671958923339844,	0.0062656402587890625
5380596875.0,	0.02744293212890625,	0.006157875061035156
5380606250.0,	0.02582263946533203,	0.006573677062988281
5380615625.0,	0.026244163513183594,	0.009015083312988281
5380625000.0,	0.028623580932617188,	0.009929656982421875
5380634375.0,	0.026421546936035156,	0.00847625732421875
5380643750.0,	0.02609539031982422,	0.012087821960449219
5380653125.0,	0.027009963989257812,	0.010736465454101562
5380662500.0,	0.02467060089111328,	0.012106895446777344
5380671875.0,	0.02444934844970703,	0.011374473571777344
5380681250.0,	0.02576160430908203,	0.013357162475585938
5380690625.0,	0.024457931518554688,	0.012746810913085938
5380700000.0,	0.0260772705078125,	0.012851715087890625
5380709375.0,	0.02526092529296875,	0.012558937072753906
5380718750.0,	0.023962974548339844,	0.014624595642089844
5380728125.0,	0.0260009765625,	0.01617431640625
5380737500.0,	0.02477741241455078,	0.015157699584960938
5380746875.0,	0.02496337890625,	0.0174713134765625
5380756250.0,	0.023400306701660156,	0.0143585205078125
5380765625.0,	0.024046897888183594,	0.016999244689941406
5380775000.0,	0.024781227111816406,	0.017923355102539062
5380784375.0,	0.02348804473876953,	0.01806354522705078
5380793750.0,	0.02266979217529297,	0.017154693603515625
5380803125.0,	0.023772239685058594,	0.017335891723632812
5380812500.0,	0.025362014770507812,	0.021108627319335938
5380821875.0,	0.022248268127441406,	0.022218704223632812
5380831250.0,	0.024196624755859375,	0.021015167236328125
5380840625.0,	0.02504253387451172,	0.018645286560058594
5380850000.0,	0.024585723876953125,	0.021399497985839844
5380859375.0,	0.024544715881347656,	0.021338462829589844
5380868750.0,	0.024030685424804688,	0.020730018615722656
5380878125.0,	0.02464771270751953,	0.021805763244628906
5380887500.0,	0.022739410400390625,	0.021343231201171875
5380896875.0,	0.02300262451171875,	0.02427959442138672
5380906250.0,	0.023995399475097656,	0.022342681884765625
5380915625.0,	0.022559165954589844,	0.023965835571289062
5380925000.0,	0.022953033447265625,	0.02272796630859375
5380934375.0,	0.024364471435546875,	0.02279186248779297
5380943750.0,	0.024045944213867188,	0.024431228637695312
5380953125.0,	0.02311420440673828,	0.027215957641601562
5380962500.0,	0.023958206176757812,	0.024097442626953125
5380971875.0,	0.02463054656982422,	0.02618408203125
5380981250.0,	0.024283409118652344,	0.023914337158203125
5380990625.0,	0.025287628173828125,	0.026697158813476562
5381000000.0,	0.02538013458251953,	0.027425765991210938
5381009375.0,	0.024585723876953125,	0.02719879150390625
5381018750.0,	0.024748802185058594,	0.028075218200683594
5381028125.0,	0.023920059204101562,	0.026708602905273438
5381037500.0,	0.026775360107421875,	0.028299331665039062
5381046875.0,	0.026001930236816406,	0.02891063690185547
5381056250.0,	0.023337364196777344,	0.028390884399414062
5381065625.0,	0.024651527404785156,	0.027887344360351562
5381075000.0,	0.0258331298828125,	0.02927112579345703
5381084375.0,	0.026795387268066406,	0.02975940704345703
5381093750.0,	0.023649215698242188,	0.029503822326660156
5381103125.0,	0.02485370635986328,	0.029494285583496094
5381112500.0,	0.0236968994140625,	0.029921531677246094
5381121875.0,	0.025363922119140625,	0.030595779418945312
5381131250.0,	0.022779464721679688,	0.029839515686035156
5381140625.0,	0.027467727661132812,	0.03178215026855469
5381150000.0,	0.025592803955078125,	0.03067493438720703
5381159375.0,	0.02443981170654297,	0.02906322479248047
5381168750.0,	0.02435302734375,	0.03098583221435547
5381178125.0,	0.023209571838378906,	0.030241012573242188
5381187500.0,	0.024019241333007812,	0.03301239013671875
5381196875.0,	0.024122238159179688,	0.03255462646484375
5381206250.0,	0.02721881866455078,	0.031202316284179688
5381215625.0,	0.0264892578125,	0.03336906433105469
5381225000.0,	0.022975921630859375,	0.032039642333984375
5381234375.0,	0.026624679565429688,	0.03164100646972656
5381243750.0,	0.02531147003173828,	0.03007030487060547
5381253125.0,	0.025892257690429688,	0.03411102294921875
5381262500.0,	0.026605606079101562,	0.031940460205078125
5381271875.0,	0.024324417114257812,	0.03552055358886719
5381281250.0,	0.026262283325195312,	0.03441429138183594
5381290625.0,	0.023900985717773438,	0.033863067626953125
5381300000.0,	0.025117874145507812,	0.03227424621582031
5381309375.0,	0.026348114013671875,	0.03437614440917969
5381318750.0,	0.026784896850585938,	0.036754608154296875
5381328125.0,	0.026346206665039062,	0.03627967834472656
5381337500.0,	0.025299072265625,	0.03371238708496094
5381346875.0,	0.0247039794921875,	0.03561210632324219
5381356250.0,	0.026561737060546875,	0.0359649658203125
5381365625.0,	0.028453826904296875,	0.03454017639160156
5381375000.0,	0.025798797607421875,	0.03717231750488281
5381384375.0,	0.026630401611328125,	0.03517341613769531
5381393750.0,	0.027318954467773438,	0.036281585693359375
5381403125.0,	0.028104782104492188,	0.03789329528808594
5381412500.0,	0.024908065795898438,	0.039035797119140625
5381421875.0,	0.025699615478515625,	0.03680610656738281
5381431250.0,	0.026363372802734375,	0.0389556884765625
5381440625.0,	0.028125762939453125,	0.037296295166015625
5381450000.0,	0.025953292846679688,	0.03922462463378906
5381459375.0,	0.02646636962890625,	0.03701210021972656
5381468750.0,	0.026767730712890625,	0.03718376159667969
5381478125.0,	0.024663925170898438,	0.037868499755859375
5381487500.0,	0.026502609252929688,	0.03809165954589844
5381496875.0,	0.026323318481445312,	0.03672027587890625
5381506250.0,	0.028669357299804688,	0.03828620910644531
5381515625.0,	0.029123306274414062,	0.03814888000488281
5381525000.0,	0.0264892578125,	0.03917694091796875
5381534375.0,	0.0274658203125,	0.0379638671875
5381543750.0,	0.0268402099609375,	0.03704071044921875
5381553125.0,	0.027559280395507812,	0.038631439208984375
5381562500.0,	0.028219223022460938,	0.037891387939453125
5381571875.0,	0.028146743774414062,	0.04099464416503906
5381581250.0,	0.0305328369140625,	0.03885841369628906
5381590625.0,	0.02733612060546875,	0.040424346923828125
5381600000.0,	0.025449752807617188,	0.039459228515625
5381609375.0,	0.028003692626953125,	0.04053688049316406
5381618750.0,	0.027685165405273438,	0.04064750671386719
5381628125.0,	0.029048919677734375,	0.041263580322265625
5381637500.0,	0.028985977172851562,	0.04325103759765625
5381646875.0,	0.028253555297851562,	0.04109764099121094
5381656250.0,	0.0300750732421875,	0.04078865051269531
5381665625.0,	0.029932022094726562,	0.04040336608886719
5381675000.0,	0.027614593505859375,	0.03985404968261719
5381684375.0,	0.03157615661621094,	0.03974723815917969
5381693750.0,	0.02923583984375,	0.0411376953125
5381703125.0,	0.029651641845703125,	0.041717529296875
5381712500.0,	0.028757095336914062,	0.04039573669433594
5381721875.0,	0.028417587280273438,	0.04048919677734375
5381731250.0,	0.027423858642578125,	0.04040336608886719
5381740625.0,	0.030330657958984375,	0.040355682373046875
5381750000.0,	0.029048919677734375,	0.04203605651855469
5381759375.0,	0.0271148681640625,	0.04199409484863281
5381768750.0,	0.028600692749023438,	0.04048728942871094
5381778125.0,	0.027864456176757812,	0.04138946533203125
5381787500.0,	0.030366897583007812,	0.0424957275390625
5381796875.0,	0.0287322998046875,	0.042499542236328125
5381806250.0,	0.0289306640625,	0.04267120361328125
5381815625.0,	0.029994964599609375,	0.043521881103515625
5381825000.0,	0.029066085815429688,	0.04169464111328125
5381834375.0,	0.03046417236328125,	0.04288673400878906
5381843750.0,	0.028593063354492188,	0.04143714904785156
5381853125.0,	0.028299331665039062,	0.04337882995605469
5381862500.0,	0.029634475708007812,	0.04301261901855469
5381871875.0,	0.02962493896484375,	0.04242134094238281
5381881250.0,	0.031604766845703125,	0.04409027099609375
5381890625.0,	0.03158378601074219,	0.04171943664550781
5381900000.0,	0.030303955078125,	0.04255485534667969
5381909375.0,	0.029356002807617188,	0.0442047119140625
5381918750.0,	0.032192230224609375,	0.04283714294433594
5381928125.0,	0.03179740905761719,	0.044300079345703125
5381937500.0,	0.0309295654296875,	0.04520416259765625
5381946875.0,	0.030183792114257812,	0.04311370849609375
5381956250.0,	0.030590057373046875,	0.04542732238769531
5381965625.0,	0.029964447021484375,	0.04414176940917969
5381975000.0,	0.0308380126953125,	0.04497337341308594
5381984375.0,	0.0312042236328125,	0.04474067687988281
5381993750.0,	0.029628753662109375,	0.043888092041015625
5382003125.0,	0.030580520629882812,	0.04367828369140625
5382012500.0,	0.0299224853515625,	0.04393768310546875
5382021875.0,	0.029779434204101562,	0.045856475830078125
5382031250.0,	0.031198501586914062,	0.04363822937011719
5382040625.0,	0.0329132080078125,	0.044902801513671875
5382050000.0,	0.02984619140625,	0.046604156494140625
5382059375.0,	0.0306549072265625,	0.04475975036621094
5382068750.0,	0.030548095703125,	0.044078826904296875
5382078125.0,	0.028705596923828125,	0.04612159729003906
5382087500.0,	0.03119659423828125,	0.04479026794433594
5382096875.0,	0.03274726867675781,	0.04544258117675781
5382106250.0,	0.03029632568359375,	0.04605293273925781
5382115625.0,	0.030481338500976562,	0.04694557189941406
5382125000.0,	0.0324554443359375,	0.04454803466796875
5382134375.0,	0.032176971435546875,	0.04719734191894531
5382143750.0,	0.032558441162109375,	0.0452728271484375
5382153125.0,	0.03246116638183594,	0.04703521728515625
5382162500.0,	0.032703399658203125,	0.04506683349609375
5382171875.0,	0.031894683837890625,	0.04325294494628906
5382181250.0,	0.030195236206054688,	0.046123504638671875
5382190625.0,	0.032138824462890625,	0.04604530334472656
5382200000.0,	0.03157997131347656,	0.048252105712890625
5382209375.0,	0.03185081481933594,	0.044109344482421875
5382218750.0,	0.02980804443359375,	0.04586982727050781
5382228125.0,	0.03269767761230469,	0.04482078552246094
5382237500.0,	0.0335540771484375,	0.04701042175292969
5382246875.0,	0.03268241882324219,	0.04726982116699219
5382256250.0,	0.032970428466796875,	0.046222686767578125
5382265625.0,	0.031932830810546875,	0.04871559143066406
5382275000.0,	0.031665802001953125,	0.04929542541503906
5382284375.0,	0.034175872802734375,	0.04607963562011719
5382293750.0,	0.03137397766113281,	0.045398712158203125
5382303125.0,	0.03290367126464844,	0.04784965515136719
5382312500.0,	0.03187751770019531,	0.04578971862792969
5382321875.0,	0.0337066650390625,	0.04594230651855469
5382331250.0,	0.03344154357910156,	0.047740936279296875
5382340625.0,	0.03167915344238281,	0.04625129699707031
5382350000.0,	0.03192901611328125,	0.046680450439453125
5382359375.0,	0.034923553466796875,	0.04601287841796875
5382368750.0,	0.033466339111328125,	0.0478515625
5382378125.0,	0.03400611877441406,	0.04684257507324219
5382387500.0,	0.034023284912109375,	0.04656791687011719
5382396875.0,	0.033710479736328125,	0.044620513916015625
5382406250.0,	0.03318023681640625,	0.04728507995605469
5382415625.0,	0.03276824951171875,	0.046142578125
5382425000.0,	0.03396034240722656,	0.04715156555175781
5382434375.0,	0.035892486572265625,	0.04623603820800781
5382443750.0,	0.035861968994140625,	0.05072784423828125
5382453125.0,	0.03420066833496094,	0.04763031005859375
5382462500.0,	0.03261566162109375,	0.04660797119140625
5382471875.0,	0.0350189208984375,	0.04792976379394531
5382481250.0,	0.034137725830078125,	0.04731941223144531
5382490625.0,	0.03210639953613281,	0.047519683837890625
5382500000.0,	0.03562164306640625,	0.04680061340332031
5382509375.0,	0.03526115417480469,	0.047119140625
5382518750.0,	0.033344268798828125,	0.0500335693359375
5382528125.0,	0.031948089599609375,	0.04868888854980469
5382537500.0,	0.03302192687988281,	0.04840278625488281
5382546875.0,	0.03446006774902344,	0.04832649230957031
5382556250.0,	0.03415679931640625,	0.04850196838378906
5382565625.0,	0.03403282165527344,	0.046932220458984375
5382575000.0,	0.03471183776855469,	0.04807853698730469
5382584375.0,	0.032161712646484375,	0.04763221740722656
5382593750.0,	0.03287315368652344,	0.049785614013671875
5382603125.0,	0.034069061279296875,	0.04820060729980469
5382612500.0,	0.03446388244628906,	0.04644775390625
5382621875.0,	0.03408241271972656,	0.04646110534667969
5382631250.0,	0.033809661865234375,	0.048229217529296875
5382640625.0,	0.03474998474121094,	0.049465179443359375
5382650000.0,	0.03307914733886719,	0.04945564270019531
5382659375.0,	0.03525733947753906,	0.0497283935546875
5382668750.0,	0.035991668701171875,	0.048328399658203125
5382678125.0,	0.03484535217285156,	0.04990386962890625
5382687500.0,	0.03510093688964844,	0.048145294189453125
5382696875.0,	0.033817291259765625,	0.04859352111816406
5382706250.0,	0.034694671630859375,	0.04998588562011719
5382715625.0,	0.03328514099121094,	0.04851722717285156
5382725000.0,	0.03870201110839844,	0.0491790771484375
5382734375.0,	0.03466796875,	0.048786163330078125
5382743750.0,	0.036037445068359375,	0.05089759826660156
5382753125.0,	0.0349884033203125,	0.049129486083984375
5382762500.0,	0.03525352478027344,	0.04881858825683594
5382771875.0,	0.034191131591796875,	0.049663543701171875
5382781250.0,	0.03512763977050781,	0.04794120788574219
5382790625.0,	0.034427642822265625,	0.05030632019042969
5382800000.0,	0.036090850830078125,	0.05099296569824219
5382809375.0,	0.03559303283691406,	0.0494842529296875
5382818750.0,	0.034694671630859375,	0.0511627197265625
5382828125.0,	0.03419303894042969,	0.05242347717285156
5382837500.0,	0.032978057861328125,	0.049053192138671875
5382846875.0,	0.036235809326171875,	0.049221038818359375
5382856250.0,	0.0348358154296875,	0.04993629455566406
5382865625.0,	0.03440093994140625,	0.04847908020019531
5382875000.0,	0.034687042236328125,	0.05023002624511719
5382884375.0,	0.034343719482421875,	0.050579071044921875
5382893750.0,	0.03398704528808594,	0.047336578369140625
5382903125.0,	0.035350799560546875,	0.04998016357421875
5382912500.0,	0.03631782531738281,	0.050006866455078125
5382921875.0,	0.03555488586425781,	0.05022239685058594
5382931250.0,	0.037052154541015625,	0.04910469055175781
5382940625.0,	0.03629875183105469,	0.04952812194824219
5382950000.0,	0.03609275817871094,	0.050067901611328125
5382959375.0,	0.03697967529296875,	0.04937934875488281
5382968750.0,	0.035945892333984375,	0.04757118225097656
5382978125.0,	0.0343475341796875,	0.05012702941894531
5382987500.0,	0.0349884033203125,	0.0503387451171875
5382996875.0,	0.03477287292480469,	0.050807952880859375
5383006250.0,	0.035182952880859375,	0.05038261413574219
5383015625.0,	0.03542327880859375,	0.0511932373046875
5383025000.0,	0.03516960144042969,	0.05002403259277344
5383034375.0,	0.0354766845703125,	0.04764747619628906
5383043750.0,	0.03432464599609375,	0.05080223083496094
5383053125.0,	0.03618049621582031,	0.04987525939941406
5383062500.0,	0.03615760803222656,	0.05150604248046875
5383071875.0,	0.036014556884765625,	0.05391883850097656
5383081250.0,	0.03510856628417969,	0.051647186279296875
5383090625.0,	0.03471565246582031,	0.04984283447265625
5383100000.0,	0.037506103515625,	0.05138397216796875
5383109375.0,	0.03710365295410156,	0.050479888916015625
5383118750.0,	0.036037445068359375,	0.050754547119140625
5383128125.0,	0.036090850830078125,	0.051666259765625
5383137500.0,	0.03724479675292969,	0.052089691162109375
5383146875.0,	0.03667259216308594,	0.05188560485839844
5383156250.0,	0.03517913818359375,	0.050922393798828125
5383165625.0,	0.03763008117675781,	0.050189971923828125
5383175000.0,	0.03725624084472656,	0.0495147705078125
5383184375.0,	0.03584098815917969,	0.05074501037597656
5383193750.0,	0.03643989562988281,	0.05080223083496094
5383203125.0,	0.038604736328125,	0.04894447326660156
5383212500.0,	0.037708282470703125,	0.04897117614746094
5383221875.0,	0.037036895751953125,	0.04995536804199219
5383231250.0,	0.03600311279296875,	0.052028656005859375
5383240625.0,	0.03434181213378906,	0.051910400390625
5383250000.0,	0.038074493408203125,	0.05056953430175781
5383259375.0,	0.03748512268066406,	0.05127525329589844
5383268750.0,	0.035694122314453125,	0.05149078369140625
5383278125.0,	0.03712654113769531,	0.05162620544433594
5383287500.0,	0.036708831787109375,	0.05051422119140625
5383296875.0,	0.03749847412109375,	0.050891876220703125
5383306250.0,	0.035430908203125,	0.05123710632324219
5383315625.0,	0.03737831115722656,	0.05158042907714844
5383325000.0,	0.03522682189941406,	0.0520172119140625
5383334375.0,	0.03690528869628906,	0.05061531066894531
5383343750.0,	0.03758049011230469,	0.05187797546386719
5383353125.0,	0.03636741638183594,	0.048641204833984375
5383362500.0,	0.03813362121582031,	0.0545501708984375
5383371875.0,	0.036945343017578125,	0.05028533935546875
5383381250.0,	0.03763580322265625,	0.05046272277832031
5383390625.0,	0.036617279052734375,	0.05282402038574219
5383400000.0,	0.0373382568359375,	0.05087471008300781
5383409375.0,	0.03521537780761719,	0.05200386047363281
5383418750.0,	0.0366363525390625,	0.05280303955078125
5383428125.0,	0.036029815673828125,	0.05413055419921875
5383437500.0,	0.03706169128417969,	0.05225372314453125
5383446875.0,	0.03685569763183594,	0.051456451416015625
5383456250.0,	0.03779411315917969,	0.05063056945800781
5383465625.0,	0.03760528564453125,	0.054637908935546875
5383475000.0,	0.03533744812011719,	0.050563812255859375
5383484375.0,	0.03719329833984375,	0.05143547058105469
5383493750.0,	0.03504753112792969,	0.05221366882324219
5383503125.0,	0.037139892578125,	0.05182647705078125
5383512500.0,	0.03649330139160156,	0.05153846740722656
5383521875.0,	0.03762245178222656,	0.05072975158691406
5383531250.0,	0.0370635986328125,	0.05438995361328125
5383540625.0,	0.03554725646972656,	0.05263328552246094
5383550000.0,	0.03598213195800781,	0.05183601379394531
5383559375.0,	0.03693580627441406,	0.05171966552734375
5383568750.0,	0.040660858154296875,	0.053218841552734375
5383578125.0,	0.03625679016113281,	0.05243682861328125
5383587500.0,	0.03905296325683594,	0.05134391784667969
5383596875.0,	0.037502288818359375,	0.052520751953125
5383606250.0,	0.038272857666015625,	0.05044746398925781
5383615625.0,	0.03708648681640625,	0.0511932373046875
5383625000.0,	0.03576087951660156,	0.052677154541015625
5383634375.0,	0.038372039794921875,	0.05105781555175781
5383643750.0,	0.03754234313964844,	0.05252265930175781
5383653125.0,	0.03723716735839844,	0.05052375793457031
5383662500.0,	0.03638267517089844,	0.05139732360839844
5383671875.0,	0.037258148193359375,	0.05224418640136719
5383681250.0,	0.038631439208984375,	0.05322265625
5383690625.0,	0.03861427307128906,	0.05186653137207031
5383700000.0,	0.03853797912597656,	0.05035591125488281
5383709375.0,	0.03790473937988281,	0.05290412902832031
5383718750.0,	0.037281036376953125,	0.05217742919921875
5383728125.0,	0.03907966613769531,	0.051082611083984375
5383737500.0,	0.03701591491699219,	0.05336570739746094
5383746875.0,	0.03643798828125,	0.05185699462890625
5383756250.0,	0.03544044494628906,	0.05113792419433594
5383765625.0,	0.03897666931152344,	0.05428886413574219
5383775000.0,	0.03866386413574219,	0.05069160461425781
5383784375.0,	0.03792572021484375,	0.050830841064453125
5383793750.0,	0.0373077392578125,	0.051769256591796875
5383803125.0,	0.039287567138671875,	0.052371978759765625
5383812500.0,	0.03818702697753906,	0.05227851867675781
5383821875.0,	0.03591156005859375,	0.0526275634765625
5383831250.0,	0.03779029846191406,	0.053379058837890625
5383840625.0,	0.03978729248046875,	0.050823211669921875
5383850000.0,	0.03731346130371094,	0.053592681884765625
5383859375.0,	0.037654876708984375,	0.054218292236328125
5383868750.0,	0.038204193115234375,	0.05256080627441406
5383878125.0,	0.039020538330078125,	0.05142784118652344
5383887500.0,	0.03803825378417969,	0.05248832702636719
5383896875.0,	0.03909873962402344,	0.05187225341796875
5383906250.0,	0.04018592834472656,	0.052967071533203125
5383915625.0,	0.03815460205078125,	0.05010795593261719
5383925000.0,	0.03845405578613281,	0.05287361145019531
5383934375.0,	0.03856468200683594,	0.051105499267578125
5383943750.0,	0.03829765319824219,	0.05349540710449219
5383953125.0,	0.03794670104980469,	0.052158355712890625
5383962500.0,	0.03794670104980469,	0.05289268493652344
5383971875.0,	0.039974212646484375,	0.05463600158691406
5383981250.0,	0.037540435791015625,	0.05088043212890625
5383990625.0,	0.03766059875488281,	0.05351829528808594
5384000000.0,	0.03940773010253906,	0.053600311279296875
5384009375.0,	0.03989601135253906,	0.05326080322265625
5384018750.0,	0.037807464599609375,	0.0527801513671875
5384028125.0,	0.03798484802246094,	0.052509307861328125
5384037500.0,	0.03861427307128906,	0.05297279357910156
5384046875.0,	0.03858184814453125,	0.05313873291015625
5384056250.0,	0.03936576843261719,	0.05292701721191406
5384065625.0,	0.0386505126953125,	0.05371856689453125
5384075000.0,	0.03765869140625,	0.05306434631347656
5384084375.0,	0.04045295715332031,	0.05237770080566406
5384093750.0,	0.038249969482421875,	0.05387115478515625
5384103125.0,	0.03736686706542969,	0.05251884460449219
5384112500.0,	0.03711509704589844,	0.05401802062988281
5384121875.0,	0.037464141845703125,	0.0553436279296875
5384131250.0,	0.03841590881347656,	0.05270957946777344
5384140625.0,	0.04036521911621094,	0.05182456970214844
5384150000.0,	0.03862762451171875,	0.05428886413574219
5384159375.0,	0.03799247741699219,	0.054744720458984375
5384168750.0,	0.03909873962402344,	0.052371978759765625
5384178125.0,	0.039180755615234375,	0.051372528076171875
5384187500.0,	0.03824424743652344,	0.051570892333984375
5384196875.0,	0.039318084716796875,	0.052581787109375
5384206250.0,	0.038555145263671875,	0.05344390869140625
5384215625.0,	0.03791618347167969,	0.05442619323730469
5384225000.0,	0.03706550598144531,	0.0518035888671875
5384234375.0,	0.039119720458984375,	0.05306816101074219
5384243750.0,	0.038829803466796875,	0.052867889404296875
5384253125.0,	0.03894233703613281,	0.05246734619140625
5384262500.0,	0.038482666015625,	0.0552215576171875
5384271875.0,	0.03939247131347656,	0.052490234375
5384281250.0,	0.03795814514160156,	0.05448150634765625
5384290625.0,	0.03798675537109375,	0.051929473876953125
5384300000.0,	0.03883552551269531,	0.053985595703125
5384309375.0,	0.0376739501953125,	0.05449676513671875
5384318750.0,	0.03875732421875,	0.05242156982421875
5384328125.0,	0.03966331481933594,	0.05397987365722656
5384337500.0,	0.037998199462890625,	0.05550193786621094
5384346875.0,	0.0380706787109375,	0.05562782287597656
5384356250.0,	0.038661956787109375,	0.054035186767578125
5384365625.0,	0.03656005859375,	0.05415534973144531
5384375000.0,	0.03926849365234375,	0.05473518371582031
5384384375.0,	0.037357330322265625,	0.05297660827636719
5384393750.0,	0.04050254821777344,	0.053966522216796875
5384403125.0,	0.0391998291015625,	0.0524139404296875
5384412500.0,	0.038326263427734375,	0.05370521545410156
5384421875.0,	0.04130363464355469,	0.05320549011230469
5384431250.0,	0.03884696960449219,	0.05246925354003906
5384440625.0,	0.03844451904296875,	0.05441093444824219
5384450000.0,	0.03880882263183594,	0.054447174072265625
5384459375.0,	0.03609466552734375,	0.0543060302734375
5384468750.0,	0.03835487365722656,	0.054210662841796875
5384478125.0,	0.03937721252441406,	0.05246734619140625
5384487500.0,	0.040554046630859375,	0.054233551025390625
5384496875.0,	0.03771209716796875,	0.0539093017578125
5384506250.0,	0.0417022705078125,	0.052211761474609375
5384515625.0,	0.03837776184082031,	0.0539398193359375
5384525000.0,	0.03864860534667969,	0.05423164367675781
5384534375.0,	0.0409393310546875,	0.05420112609863281
5384543750.0,	0.03946685791015625,	0.054340362548828125
5384553125.0,	0.039211273193359375,	0.05266761779785156
5384562500.0,	0.03974151611328125,	0.053005218505859375
5384571875.0,	0.038726806640625,	0.05233573913574219
5384581250.0,	0.04128074645996094,	0.05404472351074219
5384590625.0,	0.040027618408203125,	0.05424308776855469
5384600000.0,	0.038360595703125,	0.053928375244140625
5384609375.0,	0.038516998291015625,	0.053554534912109375
5384618750.0,	0.04023551940917969,	0.053432464599609375
5384628125.0,	0.03949737548828125,	0.05417633056640625
5384637500.0,	0.04062843322753906,	0.05372047424316406
5384646875.0,	0.038387298583984375,	0.054737091064453125
5384656250.0,	0.0386199951171875,	0.05389404296875
5384665625.0,	0.03949546813964844,	0.052265167236328125
5384675000.0,	0.03958702087402344,	0.05369758605957031
5384684375.0,	0.039669036865234375,	0.05468940734863281
5384693750.0,	0.039211273193359375,	0.05605506896972656
5384703125.0,	0.041736602783203125,	0.05349922180175781
5384712500.0,	0.03916740417480469,	0.054962158203125
5384721875.0,	0.03842926025390625,	0.05411338806152344
5384731250.0,	0.038726806640625,	0.05153083801269531
5384740625.0,	0.04168510437011719,	0.05100059509277344
5384750000.0,	0.04100227355957031,	0.051578521728515625
5384759375.0,	0.040119171142578125,	0.05494880676269531
5384768750.0,	0.04101371765136719,	0.05233955383300781
5384778125.0,	0.039630889892578125,	0.05543708801269531
5384787500.0,	0.04035758972167969,	0.05617523193359375
5384796875.0,	0.0384368896484375,	0.0546417236328125
5384806250.0,	0.04112815856933594,	0.051910400390625
5384815625.0,	0.0404052734375,	0.05399513244628906
5384825000.0,	0.03899574279785156,	0.053150177001953125
5384834375.0,	0.04022979736328125,	0.05225563049316406
5384843750.0,	0.04118919372558594,	0.05372428894042969
5384853125.0,	0.038776397705078125,	0.055530548095703125
5384862500.0,	0.03977203369140625,	0.05287361145019531
5384871875.0,	0.03954887390136719,	0.05418586730957031
5384881250.0,	0.04046440124511719,	0.05429840087890625
5384890625.0,	0.042247772216796875,	0.05384254455566406
5384900000.0,	0.03917884826660156,	0.05525016784667969
5384909375.0,	0.04169273376464844,	0.05445098876953125
5384918750.0,	0.0398406982421875,	0.054439544677734375
5384928125.0,	0.03940773010253906,	0.05333137512207031
5384937500.0,	0.04057502746582031,	0.05452919006347656
5384946875.0,	0.0385284423828125,	0.055328369140625
5384956250.0,	0.03928184509277344,	0.055706024169921875
5384965625.0,	0.03782081604003906,	0.055599212646484375
5384975000.0,	0.039470672607421875,	0.05358695983886719
5384984375.0,	0.040191650390625,	0.05257415771484375
5384993750.0,	0.040950775146484375,	0.054637908935546875
5385003125.0,	0.03928947448730469,	0.05347251892089844
5385012500.0,	0.0399627685546875,	0.05306243896484375
5385021875.0,	0.04051780700683594,	0.05578804016113281
5385031250.0,	0.03985595703125,	0.055248260498046875
5385040625.0,	0.04099845886230469,	0.05360984802246094
5385050000.0,	0.038806915283203125,	0.05434226989746094
5385059375.0,	0.040920257568359375,	0.05522918701171875
5385068750.0,	0.03875541687011719,	0.05446052551269531
5385078125.0,	0.04046440124511719,	0.053119659423828125
5385087500.0,	0.04132270812988281,	0.05551338195800781
5385096875.0,	0.04000663757324219,	0.05515098571777344
5385106250.0,	0.03856849670410156,	0.05376625061035156
5385115625.0,	0.037387847900390625,	0.05461311340332031
5385125000.0,	0.040863037109375,	0.05583000183105469
5385134375.0,	0.04062461853027344,	0.055332183837890625
5385143750.0,	0.03977394104003906,	0.05532264709472656
5385153125.0,	0.0400543212890625,	0.05565834045410156
5385162500.0,	0.040912628173828125,	0.053924560546875
5385171875.0,	0.040546417236328125,	0.05426597595214844
5385181250.0,	0.039703369140625,	0.05699729919433594
5385190625.0,	0.03955268859863281,	0.055324554443359375
5385200000.0,	0.038906097412109375,	0.05616950988769531
5385209375.0,	0.039890289306640625,	0.05481719970703125
5385218750.0,	0.04156684875488281,	0.052837371826171875
5385228125.0,	0.04080390930175781,	0.05573081970214844
5385237500.0,	0.040798187255859375,	0.05388641357421875
5385246875.0,	0.038970947265625,	0.05410003662109375
5385256250.0,	0.040191650390625,	0.053951263427734375
5385265625.0,	0.037139892578125,	0.05346107482910156
5385275000.0,	0.03782081604003906,	0.05485725402832031
5385284375.0,	0.04212760925292969,	0.0531768798828125
5385293750.0,	0.03937530517578125,	0.05380439758300781
5385303125.0,	0.040416717529296875,	0.05328559875488281
5385312500.0,	0.04076194763183594,	0.05483818054199219
5385321875.0,	0.03944587707519531,	0.05529212951660156
5385331250.0,	0.03947639465332031,	0.054447174072265625
5385340625.0,	0.04099845886230469,	0.05438804626464844
5385350000.0,	0.03912353515625,	0.05352783203125
5385359375.0,	0.039592742919921875,	0.055202484130859375
5385368750.0,	0.03944206237792969,	0.05357170104980469
5385378125.0,	0.03762054443359375,	0.05561637878417969
5385387500.0,	0.04154396057128906,	0.055500030517578125
5385396875.0,	0.042728424072265625,	0.05417823791503906
5385406250.0,	0.04099464416503906,	0.056732177734375
5385415625.0,	0.04029273986816406,	0.05472564697265625
5385425000.0,	0.04036140441894531,	0.05655860900878906
5385434375.0,	0.040164947509765625,	0.05489921569824219
5385443750.0,	0.04207420349121094,	0.05494880676269531
5385453125.0,	0.041473388671875,	0.055828094482421875
5385462500.0,	0.040287017822265625,	0.05676841735839844
5385471875.0,	0.04002189636230469,	0.05580329895019531
5385481250.0,	0.04061126708984375,	0.053638458251953125
5385490625.0,	0.04102134704589844,	0.05500602722167969
5385500000.0,	0.04038047790527344,	0.05477142333984375
5385509375.0,	0.04125404357910156,	0.05480194091796875
5385518750.0,	0.04033660888671875,	0.05443763732910156
5385528125.0,	0.03948783874511719,	0.054149627685546875
5385537500.0,	0.03808403015136719,	0.053035736083984375
5385546875.0,	0.04181861877441406,	0.05442047119140625
5385556250.0,	0.04035186767578125,	0.05570411682128906
5385565625.0,	0.04015350341796875,	0.0567169189453125
5385575000.0,	0.03957366943359375,	0.05476951599121094
5385584375.0,	0.04229927062988281,	0.0549163818359375
5385593750.0,	0.04240989685058594,	0.05506134033203125
5385603125.0,	0.04043388366699219,	0.054141998291015625
5385612500.0,	0.039501190185546875,	0.05737876892089844
5385621875.0,	0.040126800537109375,	0.05548667907714844
5385631250.0,	0.04170799255371094,	0.055919647216796875
5385640625.0,	0.04053497314453125,	0.05486869812011719
5385650000.0,	0.039886474609375,	0.055385589599609375
5385659375.0,	0.04015541076660156,	0.05532264709472656
5385668750.0,	0.04056739807128906,	0.05466651916503906
5385678125.0,	0.03919792175292969,	0.05405235290527344
5385687500.0,	0.03900718688964844,	0.0565643310546875
5385696875.0,	0.040897369384765625,	0.05487632751464844
5385706250.0,	0.04110145568847656,	0.0553741455078125
5385715625.0,	0.04073333740234375,	0.053127288818359375
5385725000.0,	0.04050636291503906,	0.05434417724609375
5385734375.0,	0.0404052734375,	0.05486297607421875
5385743750.0,	0.03989219665527344,	0.055210113525390625
5385753125.0,	0.04263114929199219,	0.054050445556640625
5385762500.0,	0.04076957702636719,	0.0541229248046875
5385771875.0,	0.03903961181640625,	0.05501556396484375
5385781250.0,	0.04042243957519531,	0.05867958068847656
5385790625.0,	0.04061317443847656,	0.055572509765625
5385800000.0,	0.04179954528808594,	0.05475425720214844
5385809375.0,	0.042049407958984375,	0.056640625
5385818750.0,	0.04099845886230469,	0.05548095703125
5385828125.0,	0.041469573974609375,	0.054595947265625
5385837500.0,	0.04232978820800781,	0.05664825439453125
5385846875.0,	0.040531158447265625,	0.05596351623535156
5385856250.0,	0.04030036926269531,	0.05706024169921875
5385865625.0,	0.04151344299316406,	0.05621528625488281
5385875000.0,	0.041942596435546875,	0.055816650390625
5385884375.0,	0.04057502746582031,	0.057025909423828125
5385893750.0,	0.041019439697265625,	0.056003570556640625
5385903125.0,	0.039516448974609375,	0.05593299865722656
5385912500.0,	0.042491912841796875,	0.05474090576171875
5385921875.0,	0.04014396667480469,	0.05468940734863281
5385931250.0,	0.041431427001953125,	0.05579185485839844
5385940625.0,	0.04126167297363281,	0.055454254150390625
5385950000.0,	0.04063224792480469,	0.05576324462890625
5385959375.0,	0.038974761962890625,	0.05384063720703125
5385968750.0,	0.04071044921875,	0.05301666259765625
5385978125.0,	0.041217803955078125,	0.05560111999511719
5385987500.0,	0.042453765869140625,	0.056919097900390625
5385996875.0,	0.04097747802734375,	0.05461311340332031
5386006250.0,	0.04095649719238281,	0.05540275573730469
5386015625.0,	0.04123115539550781,	0.055988311767578125
5386025000.0,	0.040355682373046875,	0.05375862121582031
5386034375.0,	0.040431976318359375,	0.05450248718261719
5386043750.0,	0.042697906494140625,	0.056873321533203125
5386053125.0,	0.0419464111328125,	0.05503654479980469
5386062500.0,	0.041736602783203125,	0.05560111999511719
5386071875.0,	0.040927886962890625,	0.05667304992675781
5386081250.0,	0.04266166687011719,	0.0559844970703125
5386090625.0,	0.04035758972167969,	0.05488777160644531
5386100000.0,	0.04184532165527344,	0.05544471740722656
5386109375.0,	0.04155921936035156,	0.056179046630859375
5386118750.0,	0.04232215881347656,	0.054454803466796875
5386128125.0,	0.04008674621582031,	0.05671119689941406
5386137500.0,	0.03951072692871094,	0.053783416748046875
5386146875.0,	0.04149627685546875,	0.05710792541503906
5386156250.0,	0.039264678955078125,	0.05553627014160156
5386165625.0,	0.03967094421386719,	0.05728721618652344
5386175000.0,	0.04134368896484375,	0.055027008056640625
5386184375.0,	0.04423332214355469,	0.05562591552734375
5386193750.0,	0.03922462463378906,	0.05412101745605469
5386203125.0,	0.04225730895996094,	0.05669593811035156
5386212500.0,	0.04270362854003906,	0.05411338806152344
5386221875.0,	0.04111671447753906,	0.054897308349609375
5386231250.0,	0.041900634765625,	0.05730247497558594
5386240625.0,	0.04249763488769531,	0.05677986145019531
5386250000.0,	0.04062461853027344,	0.057216644287109375
5386259375.0,	0.03936195373535156,	0.05545997619628906
5386268750.0,	0.03957366943359375,	0.0557403564453125
5386278125.0,	0.04022789001464844,	0.057743072509765625
5386287500.0,	0.03841590881347656,	0.05731964111328125
5386296875.0,	0.039981842041015625,	0.054294586181640625
5386306250.0,	0.04123497009277344,	0.055316925048828125
5386315625.0,	0.03995323181152344,	0.056148529052734375
5386325000.0,	0.04280281066894531,	0.056743621826171875
5386334375.0,	0.04107666015625,	0.05517768859863281
5386343750.0,	0.039211273193359375,	0.055751800537109375
5386353125.0,	0.04178810119628906,	0.057453155517578125
5386362500.0,	0.042583465576171875,	0.05377388000488281
5386371875.0,	0.04151725769042969,	0.054897308349609375
5386381250.0,	0.04077339172363281,	0.05541229248046875
5386390625.0,	0.03978538513183594,	0.056121826171875
5386400000.0,	0.04067802429199219,	0.055797576904296875
5386409375.0,	0.03965950012207031,	0.05612373352050781
5386418750.0,	0.04057884216308594,	0.056453704833984375
5386428125.0,	0.040660858154296875,	0.055805206298828125
5386437500.0,	0.042804718017578125,	0.056560516357421875
5386446875.0,	0.041660308837890625,	0.05712890625
5386456250.0,	0.040554046630859375,	0.058399200439453125
5386465625.0,	0.043590545654296875,	0.055629730224609375
5386475000.0,	0.04097747802734375,	0.05755615234375
5386484375.0,	0.04065132141113281,	0.05619049072265625
5386493750.0,	0.040523529052734375,	0.05531120300292969
5386503125.0,	0.04192161560058594,	0.05557060241699219
5386512500.0,	0.03981971740722656,	0.056354522705078125
5386521875.0,	0.04224205017089844,	0.05683708190917969
5386531250.0,	0.04034614562988281,	0.05623435974121094
5386540625.0,	0.04288291931152344,	0.0551910400390625
5386550000.0,	0.04107093811035156,	0.05648994445800781
5386559375.0,	0.043212890625,	0.05701637268066406
5386568750.0,	0.041278839111328125,	0.056407928466796875
5386578125.0,	0.04070472717285156,	0.05425262451171875
5386587500.0,	0.04033851623535156,	0.057895660400390625
5386596875.0,	0.04183387756347656,	0.05401039123535156
5386606250.0,	0.041095733642578125,	0.05592536926269531
5386615625.0,	0.04060554504394531,	0.05621337890625
5386625000.0,	0.041118621826171875,	0.05725669860839844
5386634375.0,	0.04239654541015625,	0.056568145751953125
5386643750.0,	0.04150581359863281,	0.05811500549316406
5386653125.0,	0.04052734375,	0.058010101318359375
5386662500.0,	0.041568756103515625,	0.054187774658203125
5386671875.0,	0.041839599609375,	0.054370880126953125
5386681250.0,	0.039459228515625,	0.05534553527832031
5386690625.0,	0.04175567626953125,	0.057849884033203125
5386700000.0,	0.03953361511230469,	0.05743598937988281
5386709375.0,	0.04208564758300781,	0.05567359924316406
5386718750.0,	0.04225730895996094,	0.054607391357421875
5386728125.0,	0.04067039489746094,	0.05584526062011719
5386737500.0,	0.04284858703613281,	0.05640220642089844
5386746875.0,	0.04263877868652344,	0.05670166015625
5386756250.0,	0.040576934814453125,	0.055187225341796875
5386765625.0,	0.04265022277832031,	0.055675506591796875
5386775000.0,	0.04017066955566406,	0.057159423828125
5386784375.0,	0.04051017761230469,	0.05432891845703125
5386793750.0,	0.03911018371582031,	0.05535888671875
5386803125.0,	0.04204368591308594,	0.05511665344238281
5386812500.0,	0.04045295715332031,	0.055988311767578125
5386821875.0,	0.04150581359863281,	0.05649566650390625
5386831250.0,	0.041748046875,	0.055755615234375
5386840625.0,	0.041595458984375,	0.05684661865234375
5386850000.0,	0.03878974914550781,	0.05566596984863281
5386859375.0,	0.04160499572753906,	0.056732177734375
5386868750.0,	0.03982734680175781,	0.058750152587890625
5386878125.0,	0.04197120666503906,	0.05641937255859375
5386887500.0,	0.040515899658203125,	0.056331634521484375
5386896875.0,	0.04150199890136719,	0.056766510009765625
5386906250.0,	0.03946495056152344,	0.05584144592285156
5386915625.0,	0.03966331481933594,	0.05481147766113281
5386925000.0,	0.0421600341796875,	0.05615997314453125
5386934375.0,	0.04194831848144531,	0.05787086486816406
5386943750.0,	0.04227638244628906,	0.05705070495605469
5386953125.0,	0.04141998291015625,	0.05478477478027344
5386962500.0,	0.042606353759765625,	0.05780220031738281
5386971875.0,	0.04366302490234375,	0.05608558654785156
5386981250.0,	0.04103851318359375,	0.05533599853515625
5386990625.0,	0.04265022277832031,	0.05687713623046875
5387000000.0,	0.04113197326660156,	0.05598258972167969
5387009375.0,	0.04277229309082031,	0.05699920654296875
5387018750.0,	0.042125701904296875,	0.05916786193847656
5387028125.0,	0.03907012939453125,	0.057994842529296875
5387037500.0,	0.040653228759765625,	0.05535888671875
5387046875.0,	0.04300117492675781,	0.05402183532714844
5387056250.0,	0.04361534118652344,	0.05669403076171875
5387065625.0,	0.04193305969238281,	0.05620574951171875
5387075000.0,	0.042255401611328125,	0.05688285827636719
5387084375.0,	0.039447784423828125,	0.05623054504394531
5387093750.0,	0.04306793212890625,	0.056293487548828125
5387103125.0,	0.041290283203125,	0.05721855163574219
5387112500.0,	0.04216194152832031,	0.05717277526855469
5387121875.0,	0.04088592529296875,	0.05788230895996094
5387131250.0,	0.04149055480957031,	0.056552886962890625
5387140625.0,	0.04342842102050781,	0.05468177795410156
5387150000.0,	0.041545867919921875,	0.05791664123535156
5387159375.0,	0.04167747497558594,	0.059932708740234375
5387168750.0,	0.042705535888671875,	0.05576324462890625
5387178125.0,	0.04187583923339844,	0.056087493896484375
5387187500.0,	0.04092597961425781,	0.05773353576660156
5387196875.0,	0.04067802429199219,	0.057743072509765625
5387206250.0,	0.04294013977050781,	0.05548286437988281
5387215625.0,	0.043212890625,	0.05688285827636719
5387225000.0,	0.041759490966796875,	0.057041168212890625
5387234375.0,	0.040210723876953125,	0.05634117126464844
5387243750.0,	0.04086494445800781,	0.05870628356933594
5387253125.0,	0.04367828369140625,	0.05798149108886719
5387262500.0,	0.042560577392578125,	0.05499267578125
5387271875.0,	0.0429840087890625,	0.0583648681640625
5387281250.0,	0.04423713684082031,	0.05711936950683594
5387290625.0,	0.04257965087890625,	0.05410957336425781
5387300000.0,	0.04147529602050781,	0.058467864990234375
5387309375.0,	0.04224205017089844,	0.05508995056152344
5387318750.0,	0.0410308837890625,	0.05717658996582031
5387328125.0,	0.042514801025390625,	0.057598114013671875
5387337500.0,	0.0417327880859375,	0.05806159973144531
5387346875.0,	0.04011344909667969,	0.058013916015625
5387356250.0,	0.04330253601074219,	0.05730628967285156
5387365625.0,	0.04271507263183594,	0.05597877502441406
5387375000.0,	0.04119682312011719,	0.05702972412109375
5387384375.0,	0.04105377197265625,	0.056575775146484375
5387393750.0,	0.041202545166015625,	0.057498931884765625
5387403125.0,	0.042133331298828125,	0.057796478271484375
5387412500.0,	0.04189491271972656,	0.05668449401855469
5387421875.0,	0.0412139892578125,	0.05612945556640625
5387431250.0,	0.041515350341796875,	0.056896209716796875
5387440625.0,	0.04247474670410156,	0.05547142028808594
5387450000.0,	0.04373359680175781,	0.05784034729003906
5387459375.0,	0.0410308837890625,	0.05598258972167969
5387468750.0,	0.04056739807128906,	0.05634498596191406
5387478125.0,	0.042644500732421875,	0.058254241943359375
5387487500.0,	0.04187583923339844,	0.0573883056640625
5387496875.0,	0.041988372802734375,	0.057178497314453125
5387506250.0,	0.04062843322753906,	0.05736541748046875
5387515625.0,	0.04217338562011719,	0.056446075439453125
5387525000.0,	0.042938232421875,	0.056423187255859375
5387534375.0,	0.044094085693359375,	0.05834197998046875
5387543750.0,	0.04192543029785156,	0.05834388732910156
5387553125.0,	0.04176521301269531,	0.06030845642089844
5387562500.0,	0.04098701477050781,	0.05790519714355469
5387571875.0,	0.042972564697265625,	0.057437896728515625
5387581250.0,	0.0413665771484375,	0.056591033935546875
5387590625.0,	0.04032135009765625,	0.05757904052734375
5387600000.0,	0.04045295715332031,	0.05657958984375
5387609375.0,	0.04213905334472656,	0.05635833740234375
5387618750.0,	0.04292869567871094,	0.05666542053222656
5387628125.0,	0.04403877258300781,	0.05779457092285156
5387637500.0,	0.04501152038574219,	0.056610107421875
5387646875.0,	0.04426765441894531,	0.057537078857421875
5387656250.0,	0.04366111755371094,	0.05477142333984375
5387665625.0,	0.04149818420410156,	0.05782127380371094
5387675000.0,	0.04197502136230469,	0.05599212646484375
5387684375.0,	0.04232215881347656,	0.05780601501464844
5387693750.0,	0.04064750671386719,	0.057331085205078125
5387703125.0,	0.04107093811035156,	0.055805206298828125
5387712500.0,	0.04472160339355469,	0.058025360107421875
5387721875.0,	0.04164886474609375,	0.055938720703125
5387731250.0,	0.04124259948730469,	0.05838203430175781
5387740625.0,	0.041706085205078125,	0.057712554931640625
5387750000.0,	0.041179656982421875,	0.05646324157714844
5387759375.0,	0.041996002197265625,	0.05828094482421875
5387768750.0,	0.04093742370605469,	0.057666778564453125
5387778125.0,	0.04223060607910156,	0.05597877502441406
5387787500.0,	0.04035758972167969,	0.05794525146484375
5387796875.0,	0.0417327880859375,	0.05864715576171875
5387806250.0,	0.04157066345214844,	0.05444908142089844
5387815625.0,	0.04206657409667969,	0.056644439697265625
5387825000.0,	0.039730072021484375,	0.05665016174316406
5387834375.0,	0.044109344482421875,	0.05728912353515625
5387843750.0,	0.042728424072265625,	0.05570411682128906
5387853125.0,	0.04346275329589844,	0.05579566955566406
5387862500.0,	0.04000282287597656,	0.057636260986328125
5387871875.0,	0.04229736328125,	0.05566215515136719
5387881250.0,	0.04187202453613281,	0.05642509460449219
5387890625.0,	0.04334259033203125,	0.057888031005859375
5387900000.0,	0.039981842041015625,	0.05714225769042969
5387909375.0,	0.04219818115234375,	0.05712127685546875
5387918750.0,	0.04136085510253906,	0.05797004699707031
5387928125.0,	0.04296684265136719,	0.05889892578125
5387937500.0,	0.04299354553222656,	0.05768394470214844
5387946875.0,	0.03944206237792969,	0.05817222595214844
5387956250.0,	0.04286003112792969,	0.05682563781738281
5387965625.0,	0.042301177978515625,	0.05682945251464844
5387975000.0,	0.04274559020996094,	0.058441162109375
5387984375.0,	0.04179191589355469,	0.0569305419921875
5387993750.0,	0.042400360107421875,	0.05623054504394531
5388003125.0,	0.04143524169921875,	0.0597381591796875
5388012500.0,	0.0418548583984375,	0.056995391845703125
5388021875.0,	0.041759490966796875,	0.05638694763183594
5388031250.0,	0.04216957092285156,	0.056674957275390625
5388040625.0,	0.042049407958984375,	0.05597686767578125
5388050000.0,	0.04253196716308594,	0.05677223205566406
5388059375.0,	0.04172515869140625,	0.055446624755859375
5388068750.0,	0.04211616516113281,	0.05779075622558594
5388078125.0,	0.04268836975097656,	0.05976295471191406
5388087500.0,	0.0424957275390625,	0.05813789367675781
5388096875.0,	0.04216575622558594,	0.05864524841308594
5388106250.0,	0.042064666748046875,	0.05883979797363281
5388115625.0,	0.04142570495605469,	0.056884765625
5388125000.0,	0.041446685791015625,	0.05750274658203125
5388134375.0,	0.0419158935546875,	0.05994987487792969
5388143750.0,	0.043849945068359375,	0.05881309509277344
5388153125.0,	0.040721893310546875,	0.05660247802734375
5388162500.0,	0.04051017761230469,	0.05683708190917969
5388171875.0,	0.04221343994140625,	0.0579833984375
5388181250.0,	0.04187774658203125,	0.05632972717285156
5388190625.0,	0.04373741149902344,	0.0564422607421875
5388200000.0,	0.0428619384765625,	0.058048248291015625
5388209375.0,	0.042041778564453125,	0.05585289001464844
5388218750.0,	0.04117774963378906,	0.058109283447265625
5388228125.0,	0.04141426086425781,	0.0584564208984375
5388237500.0,	0.04208183288574219,	0.05698204040527344
5388246875.0,	0.041934967041015625,	0.05776786804199219
5388256250.0,	0.04255485534667969,	0.05691337585449219
5388265625.0,	0.04191017150878906,	0.059055328369140625
5388275000.0,	0.03968238830566406,	0.05510139465332031
5388284375.0,	0.0427093505859375,	0.05620002746582031
5388293750.0,	0.04384803771972656,	0.05869865417480469
5388303125.0,	0.042842864990234375,	0.05713462829589844
5388312500.0,	0.042675018310546875,	0.057155609130859375
5388321875.0,	0.040058135986328125,	0.0583343505859375
5388331250.0,	0.042362213134765625,	0.05705070495605469
5388340625.0,	0.04012107849121094,	0.05852317810058594
5388350000.0,	0.04009246826171875,	0.05756378173828125
5388359375.0,	0.04227447509765625,	0.059909820556640625
5388368750.0,	0.0430908203125,	0.056102752685546875
5388378125.0,	0.04125022888183594,	0.05791473388671875
5388387500.0,	0.04180145263671875,	0.0586395263671875
5388396875.0,	0.04254913330078125,	0.0564727783203125
5388406250.0,	0.04389190673828125,	0.058559417724609375
5388415625.0,	0.043460845947265625,	0.058734893798828125
5388425000.0,	0.04227638244628906,	0.056819915771484375
5388434375.0,	0.04215431213378906,	0.05686378479003906
5388443750.0,	0.043224334716796875,	0.05700492858886719
5388453125.0,	0.04218482971191406,	0.05777549743652344
5388462500.0,	0.04433441162109375,	0.05964088439941406
5388471875.0,	0.04214668273925781,	0.05763816833496094
5388481250.0,	0.04212188720703125,	0.05879020690917969
5388490625.0,	0.0418853759765625,	0.06052207946777344
5388500000.0,	0.042232513427734375,	0.05835151672363281
5388509375.0,	0.04234886169433594,	0.056121826171875
5388518750.0,	0.04413795471191406,	0.057201385498046875
5388528125.0,	0.04314613342285156,	0.058399200439453125
5388537500.0,	0.042400360107421875,	0.05736732482910156
5388546875.0,	0.04096031188964844,	0.05801200866699219
5388556250.0,	0.04027366638183594,	0.05832672119140625
5388565625.0,	0.0411376953125,	0.058063507080078125
5388575000.0,	0.040283203125,	0.05908203125
5388584375.0,	0.04113578796386719,	0.058536529541015625
5388593750.0,	0.04342842102050781,	0.057514190673828125
5388603125.0,	0.04429054260253906,	0.059047698974609375
5388612500.0,	0.042179107666015625,	0.05741691589355469
5388621875.0,	0.04357337951660156,	0.05886650085449219
5388631250.0,	0.04124641418457031,	0.06070709228515625
5388640625.0,	0.04325294494628906,	0.059600830078125
5388650000.0,	0.04253578186035156,	0.05732536315917969
5388659375.0,	0.040771484375,	0.05882835388183594
5388668750.0,	0.04413414001464844,	0.05847740173339844
5388678125.0,	0.042949676513671875,	0.0575103759765625
5388687500.0,	0.042144775390625,	0.05716896057128906
5388696875.0,	0.04470634460449219,	0.05618476867675781
5388706250.0,	0.041004180908203125,	0.05806159973144531
5388715625.0,	0.041065216064453125,	0.05886077880859375
5388725000.0,	0.040538787841796875,	0.058017730712890625
5388734375.0,	0.04110145568847656,	0.05694580078125
5388743750.0,	0.04423332214355469,	0.056423187255859375
5388753125.0,	0.04390907287597656,	0.05750083923339844
5388762500.0,	0.04131889343261719,	0.05861091613769531
5388771875.0,	0.0426483154296875,	0.05756950378417969
5388781250.0,	0.04440879821777344,	0.05545616149902344
5388790625.0,	0.042934417724609375,	0.058734893798828125
5388800000.0,	0.043872833251953125,	0.05776214599609375
5388809375.0,	0.04245758056640625,	0.05792808532714844
5388818750.0,	0.04314613342285156,	0.05696678161621094
5388828125.0,	0.04318428039550781,	0.05971527099609375
5388837500.0,	0.04205894470214844,	0.05795478820800781
5388846875.0,	0.04223060607910156,	0.05698585510253906
5388856250.0,	0.043354034423828125,	0.05812835693359375
5388865625.0,	0.04254913330078125,	0.056842803955078125
5388875000.0,	0.042514801025390625,	0.058719635009765625
5388884375.0,	0.04344749450683594,	0.06035041809082031
5388893750.0,	0.0431671142578125,	0.05753898620605469
5388903125.0,	0.042888641357421875,	0.05868339538574219
5388912500.0,	0.044635772705078125,	0.0588836669921875
5388921875.0,	0.041046142578125,	0.05966758728027344
5388931250.0,	0.04272651672363281,	0.05797576904296875
5388940625.0,	0.04127693176269531,	0.058628082275390625
5388950000.0,	0.04301643371582031,	0.05817222595214844
5388959375.0,	0.04331207275390625,	0.05656242370605469
5388968750.0,	0.04286766052246094,	0.05691719055175781
5388978125.0,	0.040683746337890625,	0.057464599609375
5388987500.0,	0.04143714904785156,	0.05704498291015625
5388996875.0,	0.042446136474609375,	0.05691337585449219
5389006250.0,	0.04313087463378906,	0.05721855163574219
5389015625.0,	0.04120826721191406,	0.05933952331542969
5389025000.0,	0.04251670837402344,	0.05713653564453125
5389034375.0,	0.04161834716796875,	0.05576324462890625
5389043750.0,	0.043712615966796875,	0.059299468994140625
5389053125.0,	0.04056739807128906,	0.05693626403808594
5389062500.0,	0.04146385192871094,	0.0575408935546875
5389071875.0,	0.04111289978027344,	0.05698204040527344
5389081250.0,	0.043010711669921875,	0.06008338928222656
5389090625.0,	0.043270111083984375,	0.05944633483886719
5389100000.0,	0.0411834716796875,	0.0568084716796875
5389109375.0,	0.04326820373535156,	0.05897712707519531
5389118750.0,	0.04192352294921875,	0.05651664733886719
5389128125.0,	0.041904449462890625,	0.05801963806152344
5389137500.0,	0.04330253601074219,	0.060092926025390625
5389146875.0,	0.043117523193359375,	0.058277130126953125
5389156250.0,	0.04205513000488281,	0.05781364440917969
5389165625.0,	0.042400360107421875,	0.05772209167480469
5389175000.0,	0.04181480407714844,	0.05969810485839844
5389184375.0,	0.041553497314453125,	0.057262420654296875
5389193750.0,	0.04186248779296875,	0.05747795104980469
5389203125.0,	0.04285430908203125,	0.05873870849609375
5389212500.0,	0.04397773742675781,	0.059307098388671875
5389221875.0,	0.041393280029296875,	0.05686759948730469
5389231250.0,	0.043224334716796875,	0.061397552490234375
5389240625.0,	0.043155670166015625,	0.05808258056640625
5389250000.0,	0.041492462158203125,	0.05903053283691406
5389259375.0,	0.04355812072753906,	0.05704498291015625
5389268750.0,	0.04077911376953125,	0.05685234069824219
5389278125.0,	0.043308258056640625,	0.05823516845703125
5389287500.0,	0.04248619079589844,	0.0595550537109375
5389296875.0,	0.043025970458984375,	0.06067466735839844
5389306250.0,	0.043338775634765625,	0.05615043640136719
5389315625.0,	0.04202461242675781,	0.05875205993652344
5389325000.0,	0.043426513671875,	0.05640602111816406
5389334375.0,	0.0427093505859375,	0.06009864807128906
5389343750.0,	0.044834136962890625,	0.05928993225097656
5389353125.0,	0.043460845947265625,	0.05941200256347656
5389362500.0,	0.04183769226074219,	0.060214996337890625
5389371875.0,	0.042110443115234375,	0.057964324951171875
5389381250.0,	0.043609619140625,	0.06082725524902344
5389390625.0,	0.04260826110839844,	0.05718803405761719
5389400000.0,	0.04073524475097656,	0.057506561279296875
5389409375.0,	0.04035758972167969,	0.06065559387207031
5389418750.0,	0.04164886474609375,	0.057643890380859375
5389428125.0,	0.04425621032714844,	0.058712005615234375
5389437500.0,	0.04342460632324219,	0.05965995788574219
5389446875.0,	0.042926788330078125,	0.05959320068359375
5389456250.0,	0.03960990905761719,	0.05712127685546875
5389465625.0,	0.04257965087890625,	0.05908203125
5389475000.0,	0.044586181640625,	0.0584564208984375
5389484375.0,	0.04200553894042969,	0.05858802795410156
5389493750.0,	0.04298973083496094,	0.059116363525390625
5389503125.0,	0.044170379638671875,	0.05740547180175781
5389512500.0,	0.042247772216796875,	0.05924797058105469
5389521875.0,	0.04288291931152344,	0.05764579772949219
5389531250.0,	0.040863037109375,	0.05953216552734375
5389540625.0,	0.04249382019042969,	0.05910682678222656
5389550000.0,	0.043239593505859375,	0.05731201171875
5389559375.0,	0.04228782653808594,	0.059116363525390625
5389568750.0,	0.04281806945800781,	0.05804634094238281
5389578125.0,	0.04306602478027344,	0.06112861633300781
5389587500.0,	0.04342460632324219,	0.05726051330566406
5389596875.0,	0.04267311096191406,	0.05760955810546875
5389606250.0,	0.0423126220703125,	0.05844688415527344
5389615625.0,	0.04368400573730469,	0.06070518493652344
5389625000.0,	0.043224334716796875,	0.05816650390625
5389634375.0,	0.04292869567871094,	0.06120872497558594
5389643750.0,	0.04225730895996094,	0.05932044982910156
5389653125.0,	0.04175567626953125,	0.05823326110839844
5389662500.0,	0.04305267333984375,	0.05723762512207031
5389671875.0,	0.04291343688964844,	0.060695648193359375
5389681250.0,	0.04410552978515625,	0.058380126953125
5389690625.0,	0.04370880126953125,	0.05914878845214844
5389700000.0,	0.04047966003417969,	0.05809783935546875
5389709375.0,	0.04471015930175781,	0.06033515930175781
5389718750.0,	0.041004180908203125,	0.05846214294433594
5389728125.0,	0.04202461242675781,	0.05940818786621094
5389737500.0,	0.04115867614746094,	0.05753898620605469
5389746875.0,	0.04266357421875,	0.058147430419921875
5389756250.0,	0.04343605041503906,	0.06038856506347656
5389765625.0,	0.04425811767578125,	0.05702400207519531
5389775000.0,	0.042247772216796875,	0.05939483642578125
5389784375.0,	0.04440116882324219,	0.060588836669921875
5389793750.0,	0.042629241943359375,	0.059368133544921875
5389803125.0,	0.04371452331542969,	0.05766868591308594
5389812500.0,	0.043796539306640625,	0.06012725830078125
5389821875.0,	0.04202079772949219,	0.0600128173828125
5389831250.0,	0.04256439208984375,	0.05924034118652344
5389840625.0,	0.04286956787109375,	0.05896759033203125
5389850000.0,	0.03976249694824219,	0.05859375
5389859375.0,	0.042484283447265625,	0.058917999267578125
5389868750.0,	0.04256629943847656,	0.06118011474609375
5389878125.0,	0.0444183349609375,	0.05859184265136719
5389887500.0,	0.0424346923828125,	0.05872535705566406
5389896875.0,	0.041980743408203125,	0.06038856506347656
5389906250.0,	0.041118621826171875,	0.059600830078125
5389915625.0,	0.043140411376953125,	0.05898475646972656
5389925000.0,	0.04462242126464844,	0.06030082702636719
5389934375.0,	0.043186187744140625,	0.0565338134765625
5389943750.0,	0.04200172424316406,	0.058277130126953125
5389953125.0,	0.040767669677734375,	0.05985069274902344
5389962500.0,	0.042293548583984375,	0.05822563171386719
5389971875.0,	0.0428314208984375,	0.05722236633300781
5389981250.0,	0.04237556457519531,	0.0596466064453125
5389990625.0,	0.04169273376464844,	0.06067085266113281
5390000000.0,	0.04265022277832031,	0.05642509460449219
