5375009375.0,	0.0613555908203125,	0.05253410339355469
5375018750.0,	0.06316757202148438,	0.05478668212890625
5375028125.0,	0.06291580200195312,	0.055324554443359375
5375037500.0,	0.06165885925292969,	0.05375480651855469
5375046875.0,	0.06259536743164062,	0.052764892578125
5375056250.0,	0.061450958251953125,	0.05558204650878906
5375065625.0,	0.0608062744140625,	0.05356407165527344
5375075000.0,	0.0633697509765625,	0.05498504638671875
5375084375.0,	0.062473297119140625,	0.05617523193359375
5375093750.0,	0.062191009521484375,	0.055843353271484375
5375103125.0,	0.0632171630859375,	0.05379486083984375
5375112500.0,	0.06438064575195312,	0.05438232421875
5375121875.0,	0.06435012817382812,	0.0517425537109375
5375131250.0,	0.06538772583007812,	0.05393218994140625
5375140625.0,	0.062191009521484375,	0.05410957336425781
5375150000.0,	0.06176185607910156,	0.05434608459472656
5375159375.0,	0.06169891357421875,	0.0542755126953125
5375168750.0,	0.061443328857421875,	0.05187797546386719
5375178125.0,	0.06422042846679688,	0.05536651611328125
5375187500.0,	0.06356048583984375,	0.0558929443359375
5375196875.0,	0.06317138671875,	0.05426788330078125
5375206250.0,	0.06376266479492188,	0.054828643798828125
5375215625.0,	0.061321258544921875,	0.05433082580566406
5375225000.0,	0.06140327453613281,	0.054569244384765625
5375234375.0,	0.06409835815429688,	0.053707122802734375
5375243750.0,	0.06368255615234375,	0.052032470703125
5375253125.0,	0.06271743774414062,	0.055751800537109375
5375262500.0,	0.06431198120117188,	0.055049896240234375
5375271875.0,	0.06435012817382812,	0.055133819580078125
5375281250.0,	0.06273651123046875,	0.0534820556640625
5375290625.0,	0.060146331787109375,	0.05468940734863281
5375300000.0,	0.06261444091796875,	0.053829193115234375
5375309375.0,	0.06395339965820312,	0.05374908447265625
5375318750.0,	0.06360626220703125,	0.05377960205078125
5375328125.0,	0.06329727172851562,	0.053462982177734375
5375337500.0,	0.064422607421875,	0.0540008544921875
5375346875.0,	0.06317901611328125,	0.054325103759765625
5375356250.0,	0.06048583984375,	0.05266571044921875
5375365625.0,	0.06255340576171875,	0.05328369140625
5375375000.0,	0.060993194580078125,	0.0551605224609375
5375384375.0,	0.06452560424804688,	0.056110382080078125
5375393750.0,	0.0628814697265625,	0.054157257080078125
5375403125.0,	0.06348800659179688,	0.054492950439453125
5375412500.0,	0.062591552734375,	0.05498504638671875
5375421875.0,	0.0640716552734375,	0.055568695068359375
5375431250.0,	0.06279373168945312,	0.05390167236328125
5375440625.0,	0.06168556213378906,	0.055023193359375
5375450000.0,	0.06409072875976562,	0.053195953369140625
5375459375.0,	0.06244659423828125,	0.053516387939453125
5375468750.0,	0.06063652038574219,	0.053012847900390625
5375478125.0,	0.06341552734375,	0.0549163818359375
5375487500.0,	0.0633392333984375,	0.0541534423828125
5375496875.0,	0.06202888488769531,	0.05395698547363281
5375506250.0,	0.06331253051757812,	0.054851531982421875
5375515625.0,	0.06237602233886719,	0.053558349609375
5375525000.0,	0.06247520446777344,	0.05560493469238281
5375534375.0,	0.06376266479492188,	0.053562164306640625
5375543750.0,	0.06417083740234375,	0.054775238037109375
5375553125.0,	0.06620025634765625,	0.053150177001953125
5375562500.0,	0.06476974487304688,	0.0540313720703125
5375571875.0,	0.06410980224609375,	0.05390167236328125
5375581250.0,	0.06516647338867188,	0.054088592529296875
5375590625.0,	0.06353759765625,	0.0536651611328125
5375600000.0,	0.06569290161132812,	0.054889678955078125
5375609375.0,	0.06060600280761719,	0.055194854736328125
5375618750.0,	0.06453704833984375,	0.05457305908203125
5375628125.0,	0.0664520263671875,	0.055797576904296875
5375637500.0,	0.06359100341796875,	0.0553741455078125
5375646875.0,	0.06410980224609375,	0.055644989013671875
5375656250.0,	0.06195831298828125,	0.055377960205078125
5375665625.0,	0.06306838989257812,	0.054958343505859375
5375675000.0,	0.0640106201171875,	0.053508758544921875
5375684375.0,	0.06426239013671875,	0.05425262451171875
5375693750.0,	0.06374359130859375,	0.054943084716796875
5375703125.0,	0.06237220764160156,	0.056140899658203125
5375712500.0,	0.06373977661132812,	0.054874420166015625
5375721875.0,	0.06185340881347656,	0.05418205261230469
5375731250.0,	0.06395339965820312,	0.054759979248046875
5375740625.0,	0.06201934814453125,	0.05575370788574219
5375750000.0,	0.06380081176757812,	0.054286956787109375
5375759375.0,	0.06267929077148438,	0.055316925048828125
5375768750.0,	0.0634613037109375,	0.0540618896484375
5375778125.0,	0.06495285034179688,	0.054714202880859375
5375787500.0,	0.06446456909179688,	0.053394317626953125
5375796875.0,	0.0655517578125,	0.055179595947265625
5375806250.0,	0.06396102905273438,	0.05364990234375
5375815625.0,	0.06550979614257812,	0.054443359375
5375825000.0,	0.06376266479492188,	0.054134368896484375
5375834375.0,	0.0627593994140625,	0.0540618896484375
5375843750.0,	0.06472396850585938,	0.054325103759765625
5375853125.0,	0.06470870971679688,	0.05559539794921875
5375862500.0,	0.06551742553710938,	0.05269622802734375
5375871875.0,	0.0615692138671875,	0.053955078125
5375881250.0,	0.0655364990234375,	0.053264617919921875
5375890625.0,	0.06327438354492188,	0.05524444580078125
5375900000.0,	0.06468963623046875,	0.05572509765625
5375909375.0,	0.06215476989746094,	0.05249214172363281
5375918750.0,	0.06453323364257812,	0.05466461181640625
5375928125.0,	0.063629150390625,	0.052883148193359375
5375937500.0,	0.06151771545410156,	0.05252647399902344
5375946875.0,	0.06395721435546875,	0.054050445556640625
5375956250.0,	0.0634002685546875,	0.053955078125
5375965625.0,	0.06453323364257812,	0.05333709716796875
5375975000.0,	0.06462860107421875,	0.052951812744140625
5375984375.0,	0.06459426879882812,	0.055156707763671875
5375993750.0,	0.06489944458007812,	0.05258941650390625
5376003125.0,	0.06367874145507812,	0.053943634033203125
5376012500.0,	0.06317901611328125,	0.05260467529296875
5376021875.0,	0.064208984375,	0.055084228515625
5376031250.0,	0.064361572265625,	0.05313873291015625
5376040625.0,	0.06441879272460938,	0.054027557373046875
5376050000.0,	0.0643768310546875,	0.05529022216796875
5376059375.0,	0.06488418579101562,	0.054302215576171875
5376068750.0,	0.06344223022460938,	0.054523468017578125
5376078125.0,	0.06458282470703125,	0.0540771484375
5376087500.0,	0.06386566162109375,	0.054935455322265625
5376096875.0,	0.06396102905273438,	0.053928375244140625
5376106250.0,	0.06364822387695312,	0.054836273193359375
5376115625.0,	0.0621185302734375,	0.05402946472167969
5376125000.0,	0.0656890869140625,	0.05448150634765625
5376134375.0,	0.06275558471679688,	0.055027008056640625
5376143750.0,	0.0636138916015625,	0.053836822509765625
5376153125.0,	0.0630950927734375,	0.05403900146484375
5376162500.0,	0.06494522094726562,	0.05645751953125
5376171875.0,	0.06595611572265625,	0.053363800048828125
5376181250.0,	0.06389617919921875,	0.053859710693359375
5376190625.0,	0.06551361083984375,	0.053920745849609375
5376200000.0,	0.06563186645507812,	0.054653167724609375
5376209375.0,	0.06546783447265625,	0.051570892333984375
5376218750.0,	0.06351089477539062,	0.05516815185546875
5376228125.0,	0.062015533447265625,	0.05284881591796875
5376237500.0,	0.06589508056640625,	0.05577850341796875
5376246875.0,	0.06612777709960938,	0.055721282958984375
5376256250.0,	0.0612945556640625,	0.05574798583984375
5376265625.0,	0.06537246704101562,	0.053859710693359375
5376275000.0,	0.06402587890625,	0.05620574951171875
5376284375.0,	0.06351852416992188,	0.054363250732421875
5376293750.0,	0.06349945068359375,	0.055034637451171875
5376303125.0,	0.06553268432617188,	0.0535736083984375
5376312500.0,	0.0650482177734375,	0.054866790771484375
5376321875.0,	0.06574249267578125,	0.052661895751953125
5376331250.0,	0.06422805786132812,	0.052791595458984375
5376340625.0,	0.0652923583984375,	0.055210113525390625
5376350000.0,	0.0649566650390625,	0.055866241455078125
5376359375.0,	0.06573486328125,	0.054080963134765625
5376368750.0,	0.06569671630859375,	0.054347991943359375
5376378125.0,	0.06628036499023438,	0.0542449951171875
5376387500.0,	0.0650787353515625,	0.0553131103515625
5376396875.0,	0.06519317626953125,	0.05474090576171875
5376406250.0,	0.06573104858398438,	0.053890228271484375
5376415625.0,	0.06481170654296875,	0.055294036865234375
5376425000.0,	0.06484603881835938,	0.0538787841796875
5376434375.0,	0.064117431640625,	0.052639007568359375
5376443750.0,	0.0654449462890625,	0.05622100830078125
5376453125.0,	0.06501388549804688,	0.05342864990234375
5376462500.0,	0.06331634521484375,	0.053119659423828125
5376471875.0,	0.06536865234375,	0.055889129638671875
5376481250.0,	0.06492233276367188,	0.0536041259765625
5376490625.0,	0.06380844116210938,	0.054302215576171875
5376500000.0,	0.06341171264648438,	0.05274200439453125
5376509375.0,	0.064300537109375,	0.054233551025390625
5376518750.0,	0.06682205200195312,	0.053180694580078125
5376528125.0,	0.0652008056640625,	0.0562744140625
5376537500.0,	0.06492996215820312,	0.053264617919921875
5376546875.0,	0.06365203857421875,	0.053882598876953125
5376556250.0,	0.06492233276367188,	0.052104949951171875
5376565625.0,	0.06538772583007812,	0.054637908935546875
5376575000.0,	0.06717681884765625,	0.055675506591796875
5376584375.0,	0.06531906127929688,	0.05438995361328125
5376593750.0,	0.06559371948242188,	0.058349609375
5376603125.0,	0.06545639038085938,	0.05452728271484375
5376612500.0,	0.06682968139648438,	0.053585052490234375
5376621875.0,	0.06500625610351562,	0.053314208984375
5376631250.0,	0.06550216674804688,	0.052219390869140625
5376640625.0,	0.06631851196289062,	0.05295562744140625
5376650000.0,	0.0661163330078125,	0.05315399169921875
5376659375.0,	0.06573104858398438,	0.055438995361328125
5376668750.0,	0.06573867797851562,	0.05637359619140625
5376678125.0,	0.06631851196289062,	0.056488037109375
5376687500.0,	0.06486892700195312,	0.0545196533203125
5376696875.0,	0.065765380859375,	0.0533905029296875
5376706250.0,	0.06406402587890625,	0.054553985595703125
5376715625.0,	0.064361572265625,	0.054073333740234375
5376725000.0,	0.06480789184570312,	0.05327606201171875
5376734375.0,	0.06690597534179688,	0.055820465087890625
5376743750.0,	0.065704345703125,	0.054290771484375
5376753125.0,	0.06620407104492188,	0.054317474365234375
5376762500.0,	0.06456756591796875,	0.05342864990234375
5376771875.0,	0.06746673583984375,	0.051578521728515625
5376781250.0,	0.06561660766601562,	0.054958343505859375
5376790625.0,	0.06686782836914062,	0.053379058837890625
5376800000.0,	0.066558837890625,	0.052463531494140625
5376809375.0,	0.06534194946289062,	0.053813934326171875
5376818750.0,	0.06682586669921875,	0.051975250244140625
5376828125.0,	0.06638717651367188,	0.055644989013671875
5376837500.0,	0.06649398803710938,	0.052639007568359375
5376846875.0,	0.0670928955078125,	0.05413818359375
5376856250.0,	0.06355667114257812,	0.055023193359375
5376865625.0,	0.06438446044921875,	0.054569244384765625
5376875000.0,	0.06534194946289062,	0.05394744873046875
5376884375.0,	0.06404495239257812,	0.055942535400390625
5376893750.0,	0.06704330444335938,	0.0552520751953125
5376903125.0,	0.06575393676757812,	0.054401397705078125
5376912500.0,	0.0672760009765625,	0.05298614501953125
5376921875.0,	0.068878173828125,	0.05379486083984375
5376931250.0,	0.06640625,	0.0524444580078125
5376940625.0,	0.06576156616210938,	0.05432891845703125
5376950000.0,	0.06585311889648438,	0.055042266845703125
5376959375.0,	0.06591033935546875,	0.05510711669921875
5376968750.0,	0.0652923583984375,	0.05304718017578125
5376978125.0,	0.06708145141601562,	0.054698944091796875
5376987500.0,	0.06618499755859375,	0.05593109130859375
5376996875.0,	0.06567764282226562,	0.054164886474609375
5377006250.0,	0.06644821166992188,	0.052364349365234375
5377015625.0,	0.06669998168945312,	0.0534210205078125
5377025000.0,	0.0673370361328125,	0.0536956787109375
5377034375.0,	0.06624603271484375,	0.052227020263671875
5377043750.0,	0.06694412231445312,	0.05474853515625
5377053125.0,	0.06780624389648438,	0.053211212158203125
5377062500.0,	0.06686782836914062,	0.0565338134765625
5377071875.0,	0.06830596923828125,	0.051853179931640625
5377081250.0,	0.06528854370117188,	0.053577423095703125
5377090625.0,	0.06730270385742188,	0.05670166015625
5377100000.0,	0.06685256958007812,	0.053424835205078125
5377109375.0,	0.06866073608398438,	0.054943084716796875
5377118750.0,	0.06503677368164062,	0.0532073974609375
5377128125.0,	0.06505966186523438,	0.053924560546875
5377137500.0,	0.06848526000976562,	0.05330657958984375
5377146875.0,	0.0672454833984375,	0.053897857666015625
5377156250.0,	0.06821441650390625,	0.05329132080078125
5377165625.0,	0.06727981567382812,	0.05289459228515625
5377175000.0,	0.06741714477539062,	0.053287506103515625
5377184375.0,	0.06793594360351562,	0.05507659912109375
5377193750.0,	0.06504440307617188,	0.053478240966796875
5377203125.0,	0.06676101684570312,	0.057193756103515625
5377212500.0,	0.06651687622070312,	0.05406951904296875
5377221875.0,	0.06815338134765625,	0.053462982177734375
5377231250.0,	0.0677337646484375,	0.05417633056640625
5377240625.0,	0.06678390502929688,	0.05289459228515625
5377250000.0,	0.06695938110351562,	0.054515838623046875
5377259375.0,	0.06653213500976562,	0.054553985595703125
5377268750.0,	0.0686492919921875,	0.0546722412109375
5377278125.0,	0.066131591796875,	0.05454254150390625
5377287500.0,	0.0670166015625,	0.05377960205078125
5377296875.0,	0.06759262084960938,	0.05432891845703125
5377306250.0,	0.06830596923828125,	0.05689239501953125
5377315625.0,	0.06832504272460938,	0.053325653076171875
5377325000.0,	0.06695175170898438,	0.052005767822265625
5377334375.0,	0.06782913208007812,	0.053829193115234375
5377343750.0,	0.06740951538085938,	0.053508758544921875
5377353125.0,	0.06853485107421875,	0.05388641357421875
5377362500.0,	0.07039642333984375,	0.0529327392578125
5377371875.0,	0.06771469116210938,	0.053585052490234375
5377381250.0,	0.067779541015625,	0.053508758544921875
5377390625.0,	0.06834793090820312,	0.053985595703125
5377400000.0,	0.06920623779296875,	0.054553985595703125
5377409375.0,	0.06935882568359375,	0.052150726318359375
5377418750.0,	0.06702423095703125,	0.0544281005859375
5377428125.0,	0.07031631469726562,	0.053401947021484375
5377437500.0,	0.06789398193359375,	0.052883148193359375
5377446875.0,	0.06934738159179688,	0.055698394775390625
5377456250.0,	0.0682220458984375,	0.0524139404296875
5377465625.0,	0.06860733032226562,	0.0537567138671875
5377475000.0,	0.07059097290039062,	0.054706573486328125
5377484375.0,	0.07143783569335938,	0.05450439453125
5377493750.0,	0.06742477416992188,	0.054805755615234375
5377503125.0,	0.0693511962890625,	0.053844451904296875
5377512500.0,	0.06839752197265625,	0.0532989501953125
5377521875.0,	0.06903839111328125,	0.054355621337890625
5377531250.0,	0.0691070556640625,	0.0537109375
5377540625.0,	0.07003402709960938,	0.053783416748046875
5377550000.0,	0.06845474243164062,	0.056064605712890625
5377559375.0,	0.0698089599609375,	0.053424835205078125
5377568750.0,	0.068389892578125,	0.05571746826171875
5377578125.0,	0.071319580078125,	0.05144500732421875
5377587500.0,	0.06899642944335938,	0.051372528076171875
5377596875.0,	0.06877517700195312,	0.05401611328125
5377606250.0,	0.06752777099609375,	0.05377197265625
5377615625.0,	0.07028579711914062,	0.052211761474609375
5377625000.0,	0.07009506225585938,	0.05451202392578125
5377634375.0,	0.06867599487304688,	0.052730560302734375
5377643750.0,	0.06873321533203125,	0.054019927978515625
5377653125.0,	0.07050323486328125,	0.053440093994140625
5377662500.0,	0.07143020629882812,	0.054767608642578125
5377671875.0,	0.068267822265625,	0.052455902099609375
5377681250.0,	0.07072830200195312,	0.0533905029296875
5377690625.0,	0.069549560546875,	0.05358123779296875
5377700000.0,	0.07067489624023438,	0.055278778076171875
5377709375.0,	0.06976699829101562,	0.05438232421875
5377718750.0,	0.07043075561523438,	0.051052093505859375
5377728125.0,	0.07072830200195312,	0.050792694091796875
5377737500.0,	0.07207489013671875,	0.054752349853515625
5377746875.0,	0.0707855224609375,	0.052974700927734375
5377756250.0,	0.0700225830078125,	0.0514373779296875
5377765625.0,	0.070220947265625,	0.0539703369140625
5377775000.0,	0.06930923461914062,	0.052886962890625
5377784375.0,	0.07016754150390625,	0.05374908447265625
5377793750.0,	0.0703125,	0.054370880126953125
5377803125.0,	0.07004928588867188,	0.054019927978515625
5377812500.0,	0.070068359375,	0.052227020263671875
5377821875.0,	0.0717926025390625,	0.052303314208984375
5377831250.0,	0.07252120971679688,	0.053318023681640625
5377840625.0,	0.07169723510742188,	0.053928375244140625
5377850000.0,	0.0711822509765625,	0.052974700927734375
5377859375.0,	0.07238006591796875,	0.052684783935546875
5377868750.0,	0.07228469848632812,	0.05175018310546875
5377878125.0,	0.07300949096679688,	0.048828125
5377887500.0,	0.0693206787109375,	0.051944732666015625
5377896875.0,	0.07147216796875,	0.053386688232421875
5377906250.0,	0.07229995727539062,	0.05333709716796875
5377915625.0,	0.07315826416015625,	0.05389404296875
5377925000.0,	0.06965255737304688,	0.052013397216796875
5377934375.0,	0.0731964111328125,	0.051578521728515625
5377943750.0,	0.07112884521484375,	0.053470611572265625
5377953125.0,	0.07327651977539062,	0.053951263427734375
5377962500.0,	0.07230377197265625,	0.052215576171875
5377971875.0,	0.07061004638671875,	0.053150177001953125
5377981250.0,	0.0728912353515625,	0.05286407470703125
5377990625.0,	0.07316207885742188,	0.050151824951171875
5378000000.0,	0.072723388671875,	0.0514678955078125
5378009375.0,	0.07268142700195312,	0.052959442138671875
5378018750.0,	0.07301712036132812,	0.05419921875
5378028125.0,	0.07323837280273438,	0.054698944091796875
5378037500.0,	0.0711212158203125,	0.053264617919921875
5378046875.0,	0.07111358642578125,	0.05339813232421875
5378056250.0,	0.07379913330078125,	0.051403045654296875
5378065625.0,	0.0738067626953125,	0.053615570068359375
5378075000.0,	0.0722808837890625,	0.052875518798828125
5378084375.0,	0.07386016845703125,	0.050060272216796875
5378093750.0,	0.07188796997070312,	0.052581787109375
5378103125.0,	0.07296371459960938,	0.05179595947265625
5378112500.0,	0.0760650634765625,	0.052478790283203125
5378121875.0,	0.07311630249023438,	0.05138397216796875
5378131250.0,	0.07393646240234375,	0.050617218017578125
5378140625.0,	0.0713043212890625,	0.05284881591796875
5378150000.0,	0.07205581665039062,	0.05301666259765625
5378159375.0,	0.075042724609375,	0.05173492431640625
5378168750.0,	0.07320785522460938,	0.049213409423828125
5378178125.0,	0.07547760009765625,	0.049663543701171875
5378187500.0,	0.0749969482421875,	0.05029296875
5378196875.0,	0.0740966796875,	0.051792144775390625
5378206250.0,	0.07386016845703125,	0.050029754638671875
5378215625.0,	0.07395553588867188,	0.05040740966796875
5378225000.0,	0.072174072265625,	0.051197052001953125
5378234375.0,	0.0740814208984375,	0.0508575439453125
5378243750.0,	0.07624435424804688,	0.050060272216796875
5378253125.0,	0.07387161254882812,	0.05043792724609375
5378262500.0,	0.07447433471679688,	0.050731658935546875
5378271875.0,	0.07511520385742188,	0.050334930419921875
5378281250.0,	0.0745697021484375,	0.05277252197265625
5378290625.0,	0.07509231567382812,	0.0519866943359375
5378300000.0,	0.07304000854492188,	0.050201416015625
5378309375.0,	0.07602691650390625,	0.05071258544921875
5378318750.0,	0.07592010498046875,	0.0518341064453125
5378328125.0,	0.07613372802734375,	0.05219268798828125
5378337500.0,	0.07834625244140625,	0.0513916015625
5378346875.0,	0.0772705078125,	0.05022430419921875
5378356250.0,	0.07563018798828125,	0.050296783447265625
5378365625.0,	0.07647705078125,	0.05077362060546875
5378375000.0,	0.07587432861328125,	0.049747467041015625
5378384375.0,	0.07480621337890625,	0.051570892333984375
5378393750.0,	0.07563018798828125,	0.050258636474609375
5378403125.0,	0.07817459106445312,	0.05179595947265625
5378412500.0,	0.07603073120117188,	0.051006317138671875
5378421875.0,	0.0728607177734375,	0.04877471923828125
5378431250.0,	0.0764923095703125,	0.048824310302734375
5378440625.0,	0.07719039916992188,	0.05078125
5378450000.0,	0.07571792602539062,	0.0502471923828125
5378459375.0,	0.0778350830078125,	0.048732757568359375
5378468750.0,	0.07797622680664062,	0.05135345458984375
5378478125.0,	0.07837677001953125,	0.050876617431640625
5378487500.0,	0.07557296752929688,	0.0499267578125
5378496875.0,	0.07901763916015625,	0.04770660400390625
5378506250.0,	0.07702255249023438,	0.048168182373046875
5378515625.0,	0.07867431640625,	0.050502777099609375
5378525000.0,	0.07877349853515625,	0.051296234130859375
5378534375.0,	0.07540130615234375,	0.049915313720703125
5378543750.0,	0.08042526245117188,	0.04917144775390625
5378553125.0,	0.07859420776367188,	0.048419952392578125
5378562500.0,	0.07872772216796875,	0.048694610595703125
5378571875.0,	0.07698822021484375,	0.0475921630859375
5378581250.0,	0.07929229736328125,	0.0497894287109375
5378590625.0,	0.07941818237304688,	0.049465179443359375
5378600000.0,	0.08039093017578125,	0.050220489501953125
5378609375.0,	0.07932281494140625,	0.048130035400390625
5378618750.0,	0.07992935180664062,	0.04846954345703125
5378628125.0,	0.07938385009765625,	0.0486907958984375
5378637500.0,	0.08068084716796875,	0.048892974853515625
5378646875.0,	0.0797882080078125,	0.049713134765625
5378656250.0,	0.07868576049804688,	0.0469970703125
5378665625.0,	0.07944488525390625,	0.047039031982421875
5378675000.0,	0.08319473266601562,	0.04746246337890625
5378684375.0,	0.080718994140625,	0.04747772216796875
5378693750.0,	0.07970809936523438,	0.049701690673828125
5378703125.0,	0.08172988891601562,	0.046459197998046875
5378712500.0,	0.0797271728515625,	0.04837799072265625
5378721875.0,	0.081695556640625,	0.047000885009765625
5378731250.0,	0.08092498779296875,	0.048297882080078125
5378740625.0,	0.08162307739257812,	0.04876708984375
5378750000.0,	0.0825347900390625,	0.046100616455078125
5378759375.0,	0.08079910278320312,	0.04747772216796875
5378768750.0,	0.08273696899414062,	0.046955108642578125
5378778125.0,	0.07900238037109375,	0.0463104248046875
5378787500.0,	0.08233261108398438,	0.0464935302734375
5378796875.0,	0.08337783813476562,	0.0469818115234375
5378806250.0,	0.08222198486328125,	0.044464111328125
5378815625.0,	0.08419418334960938,	0.04749298095703125
5378825000.0,	0.0822296142578125,	0.042850494384765625
5378834375.0,	0.0847930908203125,	0.04631805419921875
5378843750.0,	0.08377838134765625,	0.044910430908203125
5378853125.0,	0.08129119873046875,	0.046512603759765625
5378862500.0,	0.0818634033203125,	0.045146942138671875
5378871875.0,	0.08377456665039062,	0.043426513671875
5378881250.0,	0.08144378662109375,	0.044658660888671875
5378890625.0,	0.0829620361328125,	0.0433807373046875
5378900000.0,	0.08272552490234375,	0.0431976318359375
5378909375.0,	0.08275604248046875,	0.043361663818359375
5378918750.0,	0.08431625366210938,	0.045017242431640625
5378928125.0,	0.08329010009765625,	0.043292999267578125
5378937500.0,	0.08404922485351562,	0.04401397705078125
5378946875.0,	0.0852203369140625,	0.044300079345703125
5378956250.0,	0.08333587646484375,	0.043209075927734375
5378965625.0,	0.08545303344726562,	0.043582916259765625
5378975000.0,	0.08513641357421875,	0.044200897216796875
5378984375.0,	0.0836334228515625,	0.041164398193359375
5378993750.0,	0.0840911865234375,	0.04082489013671875
5379003125.0,	0.085113525390625,	0.044620513916015625
5379012500.0,	0.0854644775390625,	0.04113006591796875
5379021875.0,	0.0866851806640625,	0.04106903076171875
5379031250.0,	0.08596038818359375,	0.042285919189453125
5379040625.0,	0.08565902709960938,	0.042327880859375
5379050000.0,	0.08668899536132812,	0.04071044921875
5379059375.0,	0.0867462158203125,	0.040088653564453125
5379068750.0,	0.08800506591796875,	0.040313720703125
5379078125.0,	0.08669662475585938,	0.0412139892578125
5379087500.0,	0.08691024780273438,	0.03972625732421875
5379096875.0,	0.088348388671875,	0.04155731201171875
5379106250.0,	0.08718490600585938,	0.0412445068359375
5379115625.0,	0.09134292602539062,	0.038448333740234375
5379125000.0,	0.08791732788085938,	0.03910064697265625
5379134375.0,	0.09033203125,	0.04051971435546875
5379143750.0,	0.08942413330078125,	0.0389251708984375
5379153125.0,	0.08807373046875,	0.036590576171875
5379162500.0,	0.09008026123046875,	0.03954315185546875
5379171875.0,	0.08998870849609375,	0.03990936279296875
5379181250.0,	0.08593368530273438,	0.0379180908203125
5379190625.0,	0.08897781372070312,	0.037876129150390625
5379200000.0,	0.08806991577148438,	0.039089202880859375
5379209375.0,	0.09052658081054688,	0.038242340087890625
5379218750.0,	0.08843612670898438,	0.03490447998046875
5379228125.0,	0.09033966064453125,	0.038639068603515625
5379237500.0,	0.0902557373046875,	0.0374908447265625
5379246875.0,	0.091949462890625,	0.03545379638671875
5379256250.0,	0.09344482421875,	0.03310394287109375
5379265625.0,	0.09186172485351562,	0.03368377685546875
5379275000.0,	0.08926773071289062,	0.031970977783203125
5379284375.0,	0.09041976928710938,	0.032299041748046875
5379293750.0,	0.08859634399414062,	0.03228759765625
5379303125.0,	0.08991622924804688,	0.033473968505859375
5379312500.0,	0.08867263793945312,	0.031589508056640625
5379321875.0,	0.08963775634765625,	0.031383514404296875
5379331250.0,	0.0914459228515625,	0.032558441162109375
5379340625.0,	0.09179306030273438,	0.031673431396484375
5379350000.0,	0.09206390380859375,	0.0316162109375
5379359375.0,	0.09098052978515625,	0.029033660888671875
5379368750.0,	0.09252166748046875,	0.02870941162109375
5379378125.0,	0.09149551391601562,	0.030120849609375
5379387500.0,	0.09216690063476562,	0.031093597412109375
5379396875.0,	0.09117889404296875,	0.028339385986328125
5379406250.0,	0.09390640258789062,	0.02832794189453125
5379415625.0,	0.09275436401367188,	0.026180267333984375
5379425000.0,	0.09299850463867188,	0.026123046875
5379434375.0,	0.09199142456054688,	0.0266265869140625
5379443750.0,	0.09313201904296875,	0.0258941650390625
5379453125.0,	0.0927581787109375,	0.026599884033203125
5379462500.0,	0.0928192138671875,	0.024326324462890625
5379471875.0,	0.09276962280273438,	0.023029327392578125
5379481250.0,	0.09553909301757812,	0.024394989013671875
5379490625.0,	0.0951080322265625,	0.022548675537109375
5379500000.0,	0.09294509887695312,	0.0190887451171875
5379509375.0,	0.09484100341796875,	0.024166107177734375
5379518750.0,	0.09258270263671875,	0.0218353271484375
5379528125.0,	0.09130477905273438,	0.0204315185546875
5379537500.0,	0.09255218505859375,	0.01862335205078125
5379546875.0,	0.092193603515625,	0.02014923095703125
5379556250.0,	0.0905914306640625,	0.0172119140625
5379565625.0,	0.09331893920898438,	0.018581390380859375
5379575000.0,	0.09401321411132812,	0.018100738525390625
5379584375.0,	0.09277725219726562,	0.0154266357421875
5379593750.0,	0.09120559692382812,	0.014888763427734375
5379603125.0,	0.09197235107421875,	0.014614105224609375
5379612500.0,	0.09227752685546875,	0.0146942138671875
5379621875.0,	0.09069442749023438,	0.012439727783203125
5379631250.0,	0.09043502807617188,	0.013275146484375
5379640625.0,	0.09109878540039062,	0.009670257568359375
5379650000.0,	0.09246063232421875,	0.011859893798828125
5379659375.0,	0.091033935546875,	0.01244354248046875
5379668750.0,	0.09141921997070312,	0.01116943359375
5379678125.0,	0.09285736083984375,	0.007717132568359375
5379687500.0,	0.0909576416015625,	0.008365631103515625
5379696875.0,	0.0901031494140625,	0.00786590576171875
5379706250.0,	0.08855819702148438,	0.006694793701171875
5379715625.0,	0.09002685546875,	0.0055084228515625
5379725000.0,	0.08927536010742188,	0.002193450927734375
5379734375.0,	0.08887481689453125,	0.00292205810546875
5379743750.0,	0.08805084228515625,	0.0026092529296875
5379753125.0,	0.08612442016601562,	0.00260162353515625
5379762500.0,	0.08758544921875,	0.000152587890625
5379771875.0,	0.08554840087890625,	0.001316070556640625
5379781250.0,	0.0838623046875,	0.000621795654296875
5379790625.0,	0.0836944580078125,	8.7738037109375e-05
5379800000.0,	0.08380126953125,	0.000530242919921875
5379809375.0,	0.08416366577148438,	-0.004749298095703125
5379818750.0,	0.08220672607421875,	-0.0018310546875
5379828125.0,	0.08318328857421875,	-0.003383636474609375
5379837500.0,	0.0793304443359375,	-0.004428863525390625
5379846875.0,	0.08234405517578125,	-0.003574371337890625
5379856250.0,	0.08166885375976562,	-0.004993438720703125
5379865625.0,	0.08009719848632812,	-0.005306243896484375
5379875000.0,	0.07924270629882812,	-0.009441375732421875
5379884375.0,	0.07973098754882812,	-0.007259368896484375
5379893750.0,	0.07881546020507812,	-0.008060455322265625
5379903125.0,	0.078216552734375,	-0.00809478759765625
5379912500.0,	0.0774993896484375,	-0.007946014404296875
5379921875.0,	0.0774078369140625,	-0.008541107177734375
5379931250.0,	0.07368850708007812,	-0.008052825927734375
5379940625.0,	0.07099151611328125,	-0.009113311767578125
5379950000.0,	0.07258987426757812,	-0.009098052978515625
5379959375.0,	0.07056427001953125,	-0.010711669921875
5379968750.0,	0.07133102416992188,	-0.01276397705078125
5379978125.0,	0.07105636596679688,	-0.0110015869140625
5379987500.0,	0.06956863403320312,	-0.01236724853515625
5379996875.0,	0.06589508056640625,	-0.0135650634765625
5380006250.0,	0.06749343872070312,	-0.01061248779296875
5380015625.0,	0.06492996215820312,	-0.011310577392578125
5380025000.0,	0.06709671020507812,	-0.0130462646484375
5380034375.0,	0.0648651123046875,	-0.013698577880859375
5380043750.0,	0.063262939453125,	-0.0132293701171875
5380053125.0,	0.06185150146484375,	-0.013120651245117188
5380062500.0,	0.06044769287109375,	-0.010881423950195312
5380071875.0,	0.06011199951171875,	-0.013216018676757812
5380081250.0,	0.060367584228515625,	-0.010799407958984375
5380090625.0,	0.05736351013183594,	-0.014545440673828125
5380100000.0,	0.056640625,	-0.012189865112304688
5380109375.0,	0.05552101135253906,	-0.012174606323242188
5380118750.0,	0.05309867858886719,	-0.014966964721679688
5380128125.0,	0.0554351806640625,	-0.011301040649414062
5380137500.0,	0.05384635925292969,	-0.012121200561523438
5380146875.0,	0.05201911926269531,	-0.0123291015625
5380156250.0,	0.0524749755859375,	-0.011444091796875
5380165625.0,	0.05033302307128906,	-0.0131378173828125
5380175000.0,	0.05109405517578125,	-0.012727737426757812
5380184375.0,	0.050640106201171875,	-0.01210784912109375
5380193750.0,	0.048496246337890625,	-0.013090133666992188
5380203125.0,	0.04766654968261719,	-0.011617660522460938
5380212500.0,	0.0462646484375,	-0.012935638427734375
5380221875.0,	0.046443939208984375,	-0.012495040893554688
5380231250.0,	0.04366302490234375,	-0.01001739501953125
5380240625.0,	0.044185638427734375,	-0.010030746459960938
5380250000.0,	0.04398536682128906,	-0.009634017944335938
5380259375.0,	0.041778564453125,	-0.008020401000976562
5380268750.0,	0.03920555114746094,	-0.008113861083984375
5380278125.0,	0.04200553894042969,	-0.0072174072265625
5380287500.0,	0.04223442077636719,	-0.009847640991210938
5380296875.0,	0.040924072265625,	-0.0071697235107421875
5380306250.0,	0.038089752197265625,	-0.0074634552001953125
5380315625.0,	0.037662506103515625,	-0.007404327392578125
5380325000.0,	0.0361480712890625,	-0.006511688232421875
5380334375.0,	0.03592109680175781,	-0.005687713623046875
5380343750.0,	0.03566551208496094,	-0.0043811798095703125
5380353125.0,	0.03696632385253906,	-0.0033931732177734375
5380362500.0,	0.03499603271484375,	-0.0029296875
5380371875.0,	0.03327751159667969,	-0.00595855712890625
5380381250.0,	0.034381866455078125,	-0.0035495758056640625
5380390625.0,	0.03261566162109375,	-0.0028591156005859375
5380400000.0,	0.03241539001464844,	-0.0026187896728515625
5380409375.0,	0.03203010559082031,	-0.00347900390625
5380418750.0,	0.030679702758789062,	-0.0017499923706054688
5380428125.0,	0.03128623962402344,	-0.0036163330078125
5380437500.0,	0.030638694763183594,	-2.6702880859375e-05
5380446875.0,	0.030025482177734375,	-0.00012493133544921875
5380456250.0,	0.03092670440673828,	0.0001468658447265625
5380465625.0,	0.029378890991210938,	0.0003032684326171875
5380475000.0,	0.030175209045410156,	0.0016336441040039062
5380484375.0,	0.02722930908203125,	0.0030803680419921875
5380493750.0,	0.028169631958007812,	0.0008716583251953125
5380503125.0,	0.029722213745117188,	0.0021228790283203125
5380512500.0,	0.0281829833984375,	0.0039501190185546875
5380521875.0,	0.026384353637695312,	0.005259513854980469
5380531250.0,	0.027174949645996094,	0.005934715270996094
5380540625.0,	0.027431488037109375,	0.008176803588867188
5380550000.0,	0.02676677703857422,	0.0064697265625
5380559375.0,	0.028243064880371094,	0.0048809051513671875
5380568750.0,	0.0247344970703125,	0.008142471313476562
5380578125.0,	0.0267181396484375,	0.008681297302246094
5380587500.0,	0.02597332000732422,	0.007256507873535156
5380596875.0,	0.02589893341064453,	0.009440422058105469
5380606250.0,	0.022884368896484375,	0.008861541748046875
5380615625.0,	0.024367332458496094,	0.010890960693359375
5380625000.0,	0.022691726684570312,	0.008877754211425781
5380634375.0,	0.024999618530273438,	0.010921478271484375
5380643750.0,	0.02453136444091797,	0.01050567626953125
5380653125.0,	0.02602672576904297,	0.01168060302734375
5380662500.0,	0.024437904357910156,	0.014257431030273438
5380671875.0,	0.025351524353027344,	0.012584686279296875
5380681250.0,	0.022027969360351562,	0.01428985595703125
5380690625.0,	0.024408340454101562,	0.01584625244140625
5380700000.0,	0.024288177490234375,	0.011806488037109375
5380709375.0,	0.023690223693847656,	0.013950347900390625
5380718750.0,	0.023878097534179688,	0.016805648803710938
5380728125.0,	0.023047447204589844,	0.016076087951660156
5380737500.0,	0.022306442260742188,	0.015048980712890625
5380746875.0,	0.024950027465820312,	0.018636703491210938
5380756250.0,	0.021646499633789062,	0.01702117919921875
5380765625.0,	0.021981239318847656,	0.0175628662109375
5380775000.0,	0.020891189575195312,	0.016794204711914062
5380784375.0,	0.023822784423828125,	0.018767356872558594
5380793750.0,	0.021387100219726562,	0.01947784423828125
5380803125.0,	0.0257568359375,	0.0205535888671875
5380812500.0,	0.022149085998535156,	0.01893901824951172
5380821875.0,	0.02292919158935547,	0.02113628387451172
5380831250.0,	0.023827552795410156,	0.021398544311523438
5380840625.0,	0.02392578125,	0.021851539611816406
5380850000.0,	0.021925926208496094,	0.02171611785888672
5380859375.0,	0.021925926208496094,	0.01954174041748047
5380868750.0,	0.022248268127441406,	0.020387649536132812
5380878125.0,	0.023153305053710938,	0.02341175079345703
5380887500.0,	0.023807525634765625,	0.02020549774169922
5380896875.0,	0.02226543426513672,	0.02085590362548828
5380906250.0,	0.02265453338623047,	0.02338123321533203
5380915625.0,	0.021026611328125,	0.022812843322753906
5380925000.0,	0.023822784423828125,	0.02513885498046875
5380934375.0,	0.023034095764160156,	0.02487659454345703
5380943750.0,	0.023781776428222656,	0.02570819854736328
5380953125.0,	0.022083282470703125,	0.025239944458007812
5380962500.0,	0.02451801300048828,	0.024949073791503906
5380971875.0,	0.023572921752929688,	0.025682449340820312
5380981250.0,	0.0224151611328125,	0.024984359741210938
5380990625.0,	0.02093791961669922,	0.027179718017578125
5381000000.0,	0.02371978759765625,	0.02458477020263672
5381009375.0,	0.023553848266601562,	0.02631092071533203
5381018750.0,	0.02314281463623047,	0.029435157775878906
5381028125.0,	0.02386760711669922,	0.02631092071533203
5381037500.0,	0.023285865783691406,	0.02835369110107422
5381046875.0,	0.022584915161132812,	0.028789520263671875
5381056250.0,	0.023572921752929688,	0.02919292449951172
5381065625.0,	0.022541046142578125,	0.030033111572265625
5381075000.0,	0.025376319885253906,	0.029224395751953125
5381084375.0,	0.023807525634765625,	0.028970718383789062
5381093750.0,	0.023845672607421875,	0.031841278076171875
5381103125.0,	0.02438831329345703,	0.02884387969970703
5381112500.0,	0.02426433563232422,	0.02984142303466797
5381121875.0,	0.023183822631835938,	0.030269622802734375
5381131250.0,	0.024103164672851562,	0.03149986267089844
5381140625.0,	0.024263381958007812,	0.029969215393066406
5381150000.0,	0.024936676025390625,	0.028685569763183594
5381159375.0,	0.025730133056640625,	0.03163909912109375
5381168750.0,	0.022741317749023438,	0.032688140869140625
5381178125.0,	0.023563385009765625,	0.03371620178222656
5381187500.0,	0.023622512817382812,	0.03325843811035156
5381196875.0,	0.024860382080078125,	0.03383827209472656
5381206250.0,	0.025197982788085938,	0.03379249572753906
5381215625.0,	0.025552749633789062,	0.03388786315917969
5381225000.0,	0.0247039794921875,	0.03460121154785156
5381234375.0,	0.025115966796875,	0.033695220947265625
5381243750.0,	0.023815155029296875,	0.03321075439453125
5381253125.0,	0.02386474609375,	0.03295326232910156
5381262500.0,	0.027744293212890625,	0.03484535217285156
5381271875.0,	0.02396392822265625,	0.034900665283203125
5381281250.0,	0.02558135986328125,	0.033672332763671875
5381290625.0,	0.025634765625,	0.03213691711425781
5381300000.0,	0.024799346923828125,	0.034572601318359375
5381309375.0,	0.024614334106445312,	0.035060882568359375
5381318750.0,	0.026485443115234375,	0.03404045104980469
5381328125.0,	0.023851394653320312,	0.03381919860839844
5381337500.0,	0.023523330688476562,	0.03540992736816406
5381346875.0,	0.026517868041992188,	0.03645896911621094
5381356250.0,	0.024812698364257812,	0.036907196044921875
5381365625.0,	0.026172637939453125,	0.03667259216308594
5381375000.0,	0.0268402099609375,	0.03693580627441406
5381384375.0,	0.026716232299804688,	0.03655815124511719
5381393750.0,	0.02527618408203125,	0.03626441955566406
5381403125.0,	0.027376174926757812,	0.036956787109375
5381412500.0,	0.02761077880859375,	0.03786277770996094
5381421875.0,	0.025775909423828125,	0.036304473876953125
5381431250.0,	0.02600860595703125,	0.0381622314453125
5381440625.0,	0.02730560302734375,	0.036548614501953125
5381450000.0,	0.026521682739257812,	0.03814125061035156
5381459375.0,	0.025899887084960938,	0.0376129150390625
5381468750.0,	0.026742935180664062,	0.03892707824707031
5381478125.0,	0.026391983032226562,	0.037750244140625
5381487500.0,	0.026159286499023438,	0.037418365478515625
5381496875.0,	0.025928497314453125,	0.04096031188964844
5381506250.0,	0.027959823608398438,	0.03646087646484375
5381515625.0,	0.024366378784179688,	0.039703369140625
5381525000.0,	0.02838897705078125,	0.03950309753417969
5381534375.0,	0.027296066284179688,	0.03782081604003906
5381543750.0,	0.027103424072265625,	0.038318634033203125
5381553125.0,	0.027200698852539062,	0.040416717529296875
5381562500.0,	0.025533676147460938,	0.043384552001953125
5381571875.0,	0.028234481811523438,	0.03830528259277344
5381581250.0,	0.02928924560546875,	0.04041481018066406
5381590625.0,	0.02655029296875,	0.03834342956542969
5381600000.0,	0.027616500854492188,	0.03949546813964844
5381609375.0,	0.025852203369140625,	0.04081535339355469
5381618750.0,	0.030008316040039062,	0.038486480712890625
5381628125.0,	0.027706146240234375,	0.03916358947753906
5381637500.0,	0.028940200805664062,	0.04156684875488281
5381646875.0,	0.029127120971679688,	0.042003631591796875
5381656250.0,	0.025579452514648438,	0.041412353515625
5381665625.0,	0.028738021850585938,	0.04069709777832031
5381675000.0,	0.029033660888671875,	0.039821624755859375
5381684375.0,	0.026788711547851562,	0.040714263916015625
5381693750.0,	0.028362274169921875,	0.038547515869140625
5381703125.0,	0.028982162475585938,	0.04152488708496094
5381712500.0,	0.029066085815429688,	0.04055023193359375
5381721875.0,	0.02721405029296875,	0.041065216064453125
5381731250.0,	0.02724456787109375,	0.04220771789550781
5381740625.0,	0.027738571166992188,	0.04311943054199219
5381750000.0,	0.027599334716796875,	0.04242897033691406
5381759375.0,	0.028261184692382812,	0.04277801513671875
5381768750.0,	0.02931976318359375,	0.04253578186035156
5381778125.0,	0.02819061279296875,	0.04159736633300781
5381787500.0,	0.027711868286132812,	0.043209075927734375
5381796875.0,	0.027643203735351562,	0.0443115234375
5381806250.0,	0.029356002807617188,	0.03990936279296875
5381815625.0,	0.028833389282226562,	0.042881011962890625
5381825000.0,	0.03200721740722656,	0.04292488098144531
5381834375.0,	0.030076980590820312,	0.042308807373046875
5381843750.0,	0.028881072998046875,	0.04367828369140625
5381853125.0,	0.028652191162109375,	0.042636871337890625
5381862500.0,	0.0280303955078125,	0.04383659362792969
5381871875.0,	0.03183937072753906,	0.042331695556640625
5381881250.0,	0.029874801635742188,	0.041912078857421875
5381890625.0,	0.0303192138671875,	0.044132232666015625
5381900000.0,	0.0295867919921875,	0.043315887451171875
5381909375.0,	0.03037261962890625,	0.043262481689453125
5381918750.0,	0.030588150024414062,	0.045379638671875
5381928125.0,	0.02982330322265625,	0.042407989501953125
5381937500.0,	0.02874755859375,	0.04451942443847656
5381946875.0,	0.030101776123046875,	0.042766571044921875
5381956250.0,	0.027956008911132812,	0.045207977294921875
5381965625.0,	0.03158378601074219,	0.04493904113769531
5381975000.0,	0.030109405517578125,	0.04369926452636719
5381984375.0,	0.03241920471191406,	0.04435539245605469
5381993750.0,	0.0287017822265625,	0.04347419738769531
5382003125.0,	0.031551361083984375,	0.0460662841796875
5382012500.0,	0.027681350708007812,	0.04404258728027344
5382021875.0,	0.030344009399414062,	0.0443267822265625
5382031250.0,	0.03060150146484375,	0.04643821716308594
5382040625.0,	0.029422760009765625,	0.04469871520996094
5382050000.0,	0.0314483642578125,	0.04413032531738281
5382059375.0,	0.030796051025390625,	0.04538536071777344
5382068750.0,	0.030530929565429688,	0.045108795166015625
5382078125.0,	0.030237197875976562,	0.04450798034667969
5382087500.0,	0.029659271240234375,	0.04384613037109375
5382096875.0,	0.028764724731445312,	0.045413970947265625
5382106250.0,	0.028789520263671875,	0.044612884521484375
5382115625.0,	0.03211021423339844,	0.04797172546386719
5382125000.0,	0.030796051025390625,	0.048404693603515625
5382134375.0,	0.03025054931640625,	0.04659843444824219
5382143750.0,	0.029392242431640625,	0.044979095458984375
5382153125.0,	0.02933502197265625,	0.046672821044921875
5382162500.0,	0.03208732604980469,	0.04524803161621094
5382171875.0,	0.031232833862304688,	0.04414939880371094
5382181250.0,	0.03163909912109375,	0.04494285583496094
5382190625.0,	0.03277587890625,	0.044681549072265625
5382200000.0,	0.03222846984863281,	0.04473304748535156
5382209375.0,	0.031856536865234375,	0.04648590087890625
5382218750.0,	0.03235816955566406,	0.044864654541015625
5382228125.0,	0.031009674072265625,	0.04644203186035156
5382237500.0,	0.031795501708984375,	0.047515869140625
5382246875.0,	0.032257080078125,	0.0474853515625
5382256250.0,	0.030559539794921875,	0.04718971252441406
5382265625.0,	0.03275871276855469,	0.047351837158203125
5382275000.0,	0.031011581420898438,	0.04797554016113281
5382284375.0,	0.03362464904785156,	0.04689598083496094
5382293750.0,	0.030488967895507812,	0.04515838623046875
5382303125.0,	0.03222465515136719,	0.0481719970703125
5382312500.0,	0.03212547302246094,	0.047882080078125
5382321875.0,	0.03318023681640625,	0.04726600646972656
5382331250.0,	0.03288078308105469,	0.0456695556640625
5382340625.0,	0.03126335144042969,	0.04607391357421875
5382350000.0,	0.031703948974609375,	0.04689216613769531
5382359375.0,	0.03082275390625,	0.04710197448730469
5382368750.0,	0.03232574462890625,	0.046661376953125
5382378125.0,	0.03225898742675781,	0.048248291015625
5382387500.0,	0.03212738037109375,	0.047077178955078125
5382396875.0,	0.03249931335449219,	0.046947479248046875
5382406250.0,	0.0317535400390625,	0.04724884033203125
5382415625.0,	0.03228187561035156,	0.047245025634765625
5382425000.0,	0.032604217529296875,	0.0472412109375
5382434375.0,	0.03307533264160156,	0.04636573791503906
5382443750.0,	0.03260040283203125,	0.04958915710449219
5382453125.0,	0.03214073181152344,	0.04831123352050781
5382462500.0,	0.03310203552246094,	0.04590034484863281
5382471875.0,	0.03537940979003906,	0.049274444580078125
5382481250.0,	0.0310821533203125,	0.047382354736328125
5382490625.0,	0.03248405456542969,	0.046710968017578125
5382500000.0,	0.03244590759277344,	0.04974174499511719
5382509375.0,	0.031015396118164062,	0.04514312744140625
5382518750.0,	0.03160667419433594,	0.04833412170410156
5382528125.0,	0.03324699401855469,	0.04734230041503906
5382537500.0,	0.03271484375,	0.04860496520996094
5382546875.0,	0.03293418884277344,	0.048816680908203125
5382556250.0,	0.03386688232421875,	0.04779624938964844
5382565625.0,	0.033939361572265625,	0.04940223693847656
5382575000.0,	0.03226470947265625,	0.04953575134277344
5382584375.0,	0.03276634216308594,	0.04913902282714844
5382593750.0,	0.03406333923339844,	0.04944801330566406
5382603125.0,	0.03316307067871094,	0.04939842224121094
5382612500.0,	0.03255462646484375,	0.04953765869140625
5382621875.0,	0.03517723083496094,	0.04974174499511719
5382631250.0,	0.032726287841796875,	0.04938697814941406
5382640625.0,	0.03418731689453125,	0.04832649230957031
5382650000.0,	0.03377342224121094,	0.048648834228515625
5382659375.0,	0.03315162658691406,	0.04926490783691406
5382668750.0,	0.03369712829589844,	0.04921722412109375
5382678125.0,	0.03183937072753906,	0.0490570068359375
5382687500.0,	0.03347587585449219,	0.048725128173828125
5382696875.0,	0.03444480895996094,	0.049915313720703125
5382706250.0,	0.03289604187011719,	0.0483245849609375
5382715625.0,	0.0336456298828125,	0.05115699768066406
5382725000.0,	0.03456687927246094,	0.04769134521484375
5382734375.0,	0.0335693359375,	0.04918479919433594
5382743750.0,	0.035366058349609375,	0.05115509033203125
5382753125.0,	0.03448677062988281,	0.048919677734375
5382762500.0,	0.034236907958984375,	0.04974555969238281
5382771875.0,	0.034038543701171875,	0.05127906799316406
5382781250.0,	0.03300666809082031,	0.049114227294921875
5382790625.0,	0.03350257873535156,	0.05019187927246094
5382800000.0,	0.035221099853515625,	0.04945564270019531
5382809375.0,	0.033336639404296875,	0.05051231384277344
5382818750.0,	0.034870147705078125,	0.0490875244140625
5382828125.0,	0.03418922424316406,	0.048801422119140625
5382837500.0,	0.03402519226074219,	0.04813385009765625
5382846875.0,	0.03404045104980469,	0.04961204528808594
5382856250.0,	0.033458709716796875,	0.05076026916503906
5382865625.0,	0.032878875732421875,	0.047454833984375
5382875000.0,	0.03659820556640625,	0.04915428161621094
5382884375.0,	0.03453254699707031,	0.05132102966308594
5382893750.0,	0.03545951843261719,	0.04753303527832031
5382903125.0,	0.035694122314453125,	0.04988861083984375
5382912500.0,	0.034320831298828125,	0.05061531066894531
5382921875.0,	0.03515052795410156,	0.05083656311035156
5382931250.0,	0.033962249755859375,	0.04981231689453125
5382940625.0,	0.03350257873535156,	0.049762725830078125
5382950000.0,	0.034557342529296875,	0.04873847961425781
5382959375.0,	0.03307533264160156,	0.05062675476074219
5382968750.0,	0.036991119384765625,	0.04867362976074219
5382978125.0,	0.0340576171875,	0.04969024658203125
5382987500.0,	0.03424072265625,	0.04862403869628906
5382996875.0,	0.035778045654296875,	0.05057716369628906
5383006250.0,	0.034175872802734375,	0.048786163330078125
5383015625.0,	0.03317832946777344,	0.05075263977050781
5383025000.0,	0.03530693054199219,	0.050945281982421875
5383034375.0,	0.0350799560546875,	0.049488067626953125
5383043750.0,	0.0360870361328125,	0.05015754699707031
5383053125.0,	0.03221702575683594,	0.04950141906738281
5383062500.0,	0.035694122314453125,	0.0498809814453125
5383071875.0,	0.034942626953125,	0.05086708068847656
5383081250.0,	0.03402519226074219,	0.05135917663574219
5383090625.0,	0.03376007080078125,	0.05114936828613281
5383100000.0,	0.034038543701171875,	0.05031394958496094
5383109375.0,	0.033588409423828125,	0.0512847900390625
5383118750.0,	0.03632354736328125,	0.050182342529296875
5383128125.0,	0.03470039367675781,	0.04836463928222656
5383137500.0,	0.036273956298828125,	0.04996681213378906
5383146875.0,	0.03318214416503906,	0.05018806457519531
5383156250.0,	0.03319740295410156,	0.0532684326171875
5383165625.0,	0.03432273864746094,	0.05101203918457031
5383175000.0,	0.035465240478515625,	0.05043792724609375
5383184375.0,	0.035381317138671875,	0.05085945129394531
5383193750.0,	0.03566169738769531,	0.05090904235839844
5383203125.0,	0.03457069396972656,	0.05184173583984375
5383212500.0,	0.03632545471191406,	0.04877471923828125
5383221875.0,	0.036975860595703125,	0.05113029479980469
5383231250.0,	0.03672027587890625,	0.05261802673339844
5383240625.0,	0.036136627197265625,	0.0489349365234375
5383250000.0,	0.034198760986328125,	0.050373077392578125
5383259375.0,	0.036502838134765625,	0.048892974853515625
5383268750.0,	0.035247802734375,	0.050586700439453125
5383278125.0,	0.037525177001953125,	0.050251007080078125
5383287500.0,	0.03774070739746094,	0.051364898681640625
5383296875.0,	0.03684425354003906,	0.052173614501953125
5383306250.0,	0.03562355041503906,	0.05218315124511719
5383315625.0,	0.03418540954589844,	0.05123138427734375
5383325000.0,	0.034847259521484375,	0.05257415771484375
5383334375.0,	0.0337066650390625,	0.05197334289550781
5383343750.0,	0.03556251525878906,	0.04997062683105469
5383353125.0,	0.0360107421875,	0.05138587951660156
5383362500.0,	0.03404426574707031,	0.05113410949707031
5383371875.0,	0.03717231750488281,	0.051914215087890625
5383381250.0,	0.03573036193847656,	0.0498504638671875
5383390625.0,	0.03630638122558594,	0.05026435852050781
5383400000.0,	0.03544044494628906,	0.050319671630859375
5383409375.0,	0.03614234924316406,	0.05009651184082031
5383418750.0,	0.035663604736328125,	0.05154609680175781
5383428125.0,	0.03546333312988281,	0.049808502197265625
5383437500.0,	0.03505516052246094,	0.05238151550292969
5383446875.0,	0.03478240966796875,	0.05293846130371094
5383456250.0,	0.03535652160644531,	0.052852630615234375
5383465625.0,	0.03477668762207031,	0.051136016845703125
5383475000.0,	0.03480339050292969,	0.05069541931152344
5383484375.0,	0.03398704528808594,	0.05183982849121094
5383493750.0,	0.03639793395996094,	0.05132102966308594
5383503125.0,	0.035350799560546875,	0.05164909362792969
5383512500.0,	0.03640174865722656,	0.05165290832519531
5383521875.0,	0.036407470703125,	0.053524017333984375
5383531250.0,	0.03554344177246094,	0.05230140686035156
5383540625.0,	0.0370330810546875,	0.05049324035644531
5383550000.0,	0.035770416259765625,	0.050724029541015625
5383559375.0,	0.03568458557128906,	0.05171775817871094
5383568750.0,	0.03571128845214844,	0.051914215087890625
5383578125.0,	0.038036346435546875,	0.05171012878417969
5383587500.0,	0.03594207763671875,	0.050678253173828125
5383596875.0,	0.03777885437011719,	0.05193328857421875
5383606250.0,	0.036632537841796875,	0.054149627685546875
5383615625.0,	0.03635597229003906,	0.04883575439453125
5383625000.0,	0.03649711608886719,	0.051998138427734375
5383634375.0,	0.0377655029296875,	0.05361366271972656
5383643750.0,	0.036678314208984375,	0.050998687744140625
5383653125.0,	0.03754425048828125,	0.052387237548828125
5383662500.0,	0.03606605529785156,	0.05291557312011719
5383671875.0,	0.036571502685546875,	0.051418304443359375
5383681250.0,	0.03628349304199219,	0.04938316345214844
5383690625.0,	0.036083221435546875,	0.05025291442871094
5383700000.0,	0.03747367858886719,	0.053989410400390625
5383709375.0,	0.0354156494140625,	0.05109596252441406
5383718750.0,	0.03641700744628906,	0.05195426940917969
5383728125.0,	0.03526496887207031,	0.050395965576171875
5383737500.0,	0.035919189453125,	0.05122184753417969
5383746875.0,	0.03737068176269531,	0.05264854431152344
5383756250.0,	0.03829765319824219,	0.0535125732421875
5383765625.0,	0.037731170654296875,	0.051425933837890625
5383775000.0,	0.03723716735839844,	0.05152320861816406
5383784375.0,	0.03501319885253906,	0.05196952819824219
5383793750.0,	0.03768348693847656,	0.05145072937011719
5383803125.0,	0.03804779052734375,	0.053134918212890625
5383812500.0,	0.03587913513183594,	0.0511627197265625
5383821875.0,	0.03783607482910156,	0.053516387939453125
5383831250.0,	0.037555694580078125,	0.0491180419921875
5383840625.0,	0.0355072021484375,	0.05161285400390625
5383850000.0,	0.035800933837890625,	0.05232048034667969
5383859375.0,	0.037220001220703125,	0.05284690856933594
5383868750.0,	0.03731346130371094,	0.053516387939453125
5383878125.0,	0.03720664978027344,	0.04994773864746094
5383887500.0,	0.03668403625488281,	0.052906036376953125
5383896875.0,	0.03624534606933594,	0.05370140075683594
5383906250.0,	0.036098480224609375,	0.051189422607421875
5383915625.0,	0.03941917419433594,	0.05249595642089844
5383925000.0,	0.03828620910644531,	0.05303192138671875
5383934375.0,	0.03837394714355469,	0.05277442932128906
5383943750.0,	0.03636360168457031,	0.05142974853515625
5383953125.0,	0.03646087646484375,	0.05413627624511719
5383962500.0,	0.03667449951171875,	0.05216789245605469
5383971875.0,	0.03723716735839844,	0.052982330322265625
5383981250.0,	0.04021644592285156,	0.05228614807128906
5383990625.0,	0.036041259765625,	0.05149269104003906
5384000000.0,	0.03806877136230469,	0.0517425537109375
5384009375.0,	0.03803825378417969,	0.05628204345703125
5384018750.0,	0.03602027893066406,	0.05225181579589844
5384028125.0,	0.03788185119628906,	0.05348014831542969
5384037500.0,	0.03595733642578125,	0.05241203308105469
5384046875.0,	0.038173675537109375,	0.052936553955078125
5384056250.0,	0.03724098205566406,	0.053192138671875
5384065625.0,	0.03785133361816406,	0.05229759216308594
5384075000.0,	0.038486480712890625,	0.0532379150390625
5384084375.0,	0.03888702392578125,	0.05264472961425781
5384093750.0,	0.03946876525878906,	0.053195953369140625
5384103125.0,	0.037128448486328125,	0.05333518981933594
5384112500.0,	0.03672599792480469,	0.05353736877441406
5384121875.0,	0.03847694396972656,	0.053436279296875
5384131250.0,	0.038585662841796875,	0.052860260009765625
5384140625.0,	0.03887748718261719,	0.05005073547363281
5384150000.0,	0.037899017333984375,	0.05246543884277344
5384159375.0,	0.03756141662597656,	0.053577423095703125
5384168750.0,	0.039707183837890625,	0.052173614501953125
5384178125.0,	0.03838539123535156,	0.05419349670410156
5384187500.0,	0.03818511962890625,	0.054279327392578125
5384196875.0,	0.03597259521484375,	0.055675506591796875
5384206250.0,	0.03833961486816406,	0.05511283874511719
5384215625.0,	0.03690528869628906,	0.05365943908691406
5384225000.0,	0.036785125732421875,	0.05434417724609375
5384234375.0,	0.03774833679199219,	0.051746368408203125
5384243750.0,	0.037593841552734375,	0.053466796875
5384253125.0,	0.0375518798828125,	0.05285835266113281
5384262500.0,	0.03564262390136719,	0.05293464660644531
5384271875.0,	0.038043975830078125,	0.054462432861328125
5384281250.0,	0.03777503967285156,	0.05458259582519531
5384290625.0,	0.037868499755859375,	0.052982330322265625
5384300000.0,	0.03801727294921875,	0.05327796936035156
5384309375.0,	0.035358428955078125,	0.0529632568359375
5384318750.0,	0.0374298095703125,	0.05422019958496094
5384328125.0,	0.037750244140625,	0.05193138122558594
5384337500.0,	0.037158966064453125,	0.05203056335449219
5384346875.0,	0.03973388671875,	0.05217552185058594
5384356250.0,	0.03872871398925781,	0.05370140075683594
5384365625.0,	0.037677764892578125,	0.05501556396484375
5384375000.0,	0.0389404296875,	0.05548858642578125
5384384375.0,	0.03784370422363281,	0.05393028259277344
5384393750.0,	0.03775978088378906,	0.053524017333984375
5384403125.0,	0.03730010986328125,	0.05401039123535156
5384412500.0,	0.03575325012207031,	0.05334281921386719
5384421875.0,	0.038818359375,	0.054290771484375
5384431250.0,	0.03906440734863281,	0.05150032043457031
5384440625.0,	0.03681182861328125,	0.053066253662109375
5384450000.0,	0.0391387939453125,	0.05326271057128906
5384459375.0,	0.03678703308105469,	0.05341911315917969
5384468750.0,	0.039211273193359375,	0.0517578125
5384478125.0,	0.03636741638183594,	0.053623199462890625
5384487500.0,	0.03926849365234375,	0.052753448486328125
5384496875.0,	0.039215087890625,	0.05237770080566406
5384506250.0,	0.03819847106933594,	0.052349090576171875
5384515625.0,	0.03826713562011719,	0.0541839599609375
5384525000.0,	0.03861045837402344,	0.05539703369140625
5384534375.0,	0.0363311767578125,	0.05430412292480469
5384543750.0,	0.03665733337402344,	0.054107666015625
5384553125.0,	0.0379486083984375,	0.05457305908203125
5384562500.0,	0.038665771484375,	0.05402565002441406
5384571875.0,	0.038234710693359375,	0.05511474609375
5384581250.0,	0.039714813232421875,	0.05167961120605469
5384590625.0,	0.037624359130859375,	0.055332183837890625
5384600000.0,	0.03821372985839844,	0.05391883850097656
5384609375.0,	0.04028129577636719,	0.05613899230957031
5384618750.0,	0.0369415283203125,	0.052951812744140625
5384628125.0,	0.03710174560546875,	0.05225944519042969
5384637500.0,	0.037311553955078125,	0.05528068542480469
5384646875.0,	0.038410186767578125,	0.05404853820800781
5384656250.0,	0.03743553161621094,	0.05194282531738281
5384665625.0,	0.038112640380859375,	0.05470466613769531
5384675000.0,	0.03706550598144531,	0.05318260192871094
5384684375.0,	0.03732109069824219,	0.052165985107421875
5384693750.0,	0.03880119323730469,	0.05370140075683594
5384703125.0,	0.03871726989746094,	0.05465507507324219
5384712500.0,	0.039791107177734375,	0.053680419921875
5384721875.0,	0.03860282897949219,	0.05533790588378906
5384731250.0,	0.03922843933105469,	0.0535736083984375
5384740625.0,	0.0373687744140625,	0.053920745849609375
5384750000.0,	0.0380859375,	0.05242347717285156
5384759375.0,	0.03841972351074219,	0.051731109619140625
5384768750.0,	0.03878211975097656,	0.051380157470703125
5384778125.0,	0.0391387939453125,	0.05409812927246094
5384787500.0,	0.0398406982421875,	0.053699493408203125
5384796875.0,	0.040264129638671875,	0.05401420593261719
5384806250.0,	0.04038047790527344,	0.054569244384765625
5384815625.0,	0.03846931457519531,	0.053928375244140625
5384825000.0,	0.037517547607421875,	0.053043365478515625
5384834375.0,	0.03655242919921875,	0.0550384521484375
5384843750.0,	0.039127349853515625,	0.05508613586425781
5384853125.0,	0.03718376159667969,	0.05450248718261719
5384862500.0,	0.03936767578125,	0.05214691162109375
5384871875.0,	0.03985404968261719,	0.05530548095703125
5384881250.0,	0.03912162780761719,	0.05269050598144531
5384890625.0,	0.037570953369140625,	0.053394317626953125
5384900000.0,	0.03794288635253906,	0.054656982421875
5384909375.0,	0.038974761962890625,	0.054241180419921875
5384918750.0,	0.04001808166503906,	0.054779052734375
5384928125.0,	0.0399932861328125,	0.05336189270019531
5384937500.0,	0.036739349365234375,	0.054325103759765625
5384946875.0,	0.03917503356933594,	0.05370330810546875
5384956250.0,	0.03897285461425781,	0.055942535400390625
5384965625.0,	0.03945159912109375,	0.05507469177246094
5384975000.0,	0.0388946533203125,	0.05505943298339844
5384984375.0,	0.03875160217285156,	0.05484771728515625
5384993750.0,	0.04013633728027344,	0.05496788024902344
5385003125.0,	0.03920173645019531,	0.05335044860839844
5385012500.0,	0.03877449035644531,	0.0537109375
5385021875.0,	0.03766441345214844,	0.05548667907714844
5385031250.0,	0.03866386413574219,	0.054996490478515625
5385040625.0,	0.04070472717285156,	0.054229736328125
5385050000.0,	0.03791046142578125,	0.05339622497558594
5385059375.0,	0.0408935546875,	0.05575370788574219
5385068750.0,	0.038898468017578125,	0.05476570129394531
5385078125.0,	0.03811836242675781,	0.05430793762207031
5385087500.0,	0.03984832763671875,	0.05371665954589844
5385096875.0,	0.03877830505371094,	0.05406379699707031
5385106250.0,	0.03901481628417969,	0.05288124084472656
5385115625.0,	0.03726005554199219,	0.05560493469238281
5385125000.0,	0.03857612609863281,	0.05411720275878906
5385134375.0,	0.04120063781738281,	0.055377960205078125
5385143750.0,	0.040050506591796875,	0.054744720458984375
5385153125.0,	0.037731170654296875,	0.055370330810546875
5385162500.0,	0.03986358642578125,	0.05563545227050781
5385171875.0,	0.03920936584472656,	0.0557861328125
5385181250.0,	0.038974761962890625,	0.05240631103515625
5385190625.0,	0.04084014892578125,	0.0545654296875
5385200000.0,	0.03665733337402344,	0.05423545837402344
5385209375.0,	0.03729057312011719,	0.05756568908691406
5385218750.0,	0.04070091247558594,	0.05413055419921875
5385228125.0,	0.04035377502441406,	0.05379676818847656
5385237500.0,	0.04117584228515625,	0.05376625061035156
5385246875.0,	0.03839874267578125,	0.053379058837890625
5385256250.0,	0.03982734680175781,	0.05645751953125
5385265625.0,	0.039966583251953125,	0.056430816650390625
5385275000.0,	0.039943695068359375,	0.05599212646484375
5385284375.0,	0.039928436279296875,	0.056087493896484375
5385293750.0,	0.03854560852050781,	0.0546875
5385303125.0,	0.0380096435546875,	0.052303314208984375
5385312500.0,	0.03885459899902344,	0.05418205261230469
5385321875.0,	0.03834724426269531,	0.055938720703125
5385331250.0,	0.038478851318359375,	0.05470466613769531
5385340625.0,	0.04003143310546875,	0.056118011474609375
5385350000.0,	0.03846168518066406,	0.054042816162109375
5385359375.0,	0.04044342041015625,	0.05663490295410156
5385368750.0,	0.0407562255859375,	0.05507469177246094
5385378125.0,	0.043003082275390625,	0.05757904052734375
5385387500.0,	0.03929328918457031,	0.053714752197265625
5385396875.0,	0.040630340576171875,	0.0546722412109375
5385406250.0,	0.038639068603515625,	0.05546379089355469
5385415625.0,	0.04148674011230469,	0.05459785461425781
5385425000.0,	0.040569305419921875,	0.055995941162109375
5385434375.0,	0.03660774230957031,	0.05619049072265625
5385443750.0,	0.03905677795410156,	0.05696678161621094
5385453125.0,	0.03713226318359375,	0.05613899230957031
5385462500.0,	0.038665771484375,	0.054538726806640625
5385471875.0,	0.04041099548339844,	0.0555572509765625
5385481250.0,	0.038257598876953125,	0.05344581604003906
5385490625.0,	0.03979682922363281,	0.05499458312988281
5385500000.0,	0.03899383544921875,	0.05430793762207031
5385509375.0,	0.039348602294921875,	0.05421638488769531
5385518750.0,	0.03966331481933594,	0.05443572998046875
5385528125.0,	0.03933143615722656,	0.05420684814453125
5385537500.0,	0.03829765319824219,	0.05687713623046875
5385546875.0,	0.03726959228515625,	0.05573081970214844
5385556250.0,	0.03816413879394531,	0.055568695068359375
5385565625.0,	0.03896522521972656,	0.05407142639160156
5385575000.0,	0.038482666015625,	0.05511474609375
5385584375.0,	0.0404510498046875,	0.05479240417480469
5385593750.0,	0.03751564025878906,	0.05428123474121094
5385603125.0,	0.039031982421875,	0.05504798889160156
5385612500.0,	0.037601470947265625,	0.0547027587890625
5385621875.0,	0.04131889343261719,	0.05478858947753906
5385631250.0,	0.039154052734375,	0.055088043212890625
5385640625.0,	0.03907012939453125,	0.05604743957519531
5385650000.0,	0.03991508483886719,	0.05362510681152344
5385659375.0,	0.04095458984375,	0.05333900451660156
5385668750.0,	0.04076576232910156,	0.05478096008300781
5385678125.0,	0.037860870361328125,	0.0557403564453125
5385687500.0,	0.03966331481933594,	0.05684852600097656
5385696875.0,	0.04245758056640625,	0.054798126220703125
5385706250.0,	0.03802490234375,	0.05682182312011719
5385715625.0,	0.039165496826171875,	0.05460548400878906
5385725000.0,	0.04032707214355469,	0.055698394775390625
5385734375.0,	0.04025840759277344,	0.052608489990234375
5385743750.0,	0.039096832275390625,	0.05615425109863281
5385753125.0,	0.04086112976074219,	0.0548858642578125
5385762500.0,	0.040897369384765625,	0.054248809814453125
5385771875.0,	0.0418853759765625,	0.054515838623046875
5385781250.0,	0.03894996643066406,	0.05401420593261719
5385790625.0,	0.03994560241699219,	0.05659675598144531
5385800000.0,	0.04136466979980469,	0.05574226379394531
5385809375.0,	0.038967132568359375,	0.0556488037109375
5385818750.0,	0.040012359619140625,	0.054759979248046875
5385828125.0,	0.035999298095703125,	0.055816650390625
5385837500.0,	0.0383148193359375,	0.054676055908203125
5385846875.0,	0.03669929504394531,	0.05621528625488281
5385856250.0,	0.0396575927734375,	0.05669593811035156
5385865625.0,	0.03993415832519531,	0.05454063415527344
5385875000.0,	0.03981971740722656,	0.0548858642578125
5385884375.0,	0.04026222229003906,	0.05657958984375
5385893750.0,	0.038906097412109375,	0.05541801452636719
5385903125.0,	0.04071044921875,	0.055370330810546875
5385912500.0,	0.04088020324707031,	0.05591011047363281
5385921875.0,	0.03881645202636719,	0.055690765380859375
5385931250.0,	0.0383453369140625,	0.054901123046875
5385940625.0,	0.04112434387207031,	0.05584526062011719
5385950000.0,	0.03868865966796875,	0.05489158630371094
5385959375.0,	0.04059028625488281,	0.056941986083984375
5385968750.0,	0.0409393310546875,	0.05572509765625
5385978125.0,	0.039333343505859375,	0.05503082275390625
5385987500.0,	0.04193115234375,	0.05498695373535156
5385996875.0,	0.03949928283691406,	0.05453681945800781
5386006250.0,	0.03958892822265625,	0.05713653564453125
5386015625.0,	0.040943145751953125,	0.05429840087890625
5386025000.0,	0.040958404541015625,	0.05565071105957031
5386034375.0,	0.0385589599609375,	0.053493499755859375
5386043750.0,	0.04010581970214844,	0.05641746520996094
5386053125.0,	0.03866004943847656,	0.05601692199707031
5386062500.0,	0.03986167907714844,	0.05359840393066406
5386071875.0,	0.04030418395996094,	0.05504608154296875
5386081250.0,	0.039142608642578125,	0.056217193603515625
5386090625.0,	0.03856849670410156,	0.05704689025878906
5386100000.0,	0.041839599609375,	0.05570793151855469
5386109375.0,	0.04007911682128906,	0.054668426513671875
5386118750.0,	0.040374755859375,	0.05522727966308594
5386128125.0,	0.041263580322265625,	0.05735015869140625
5386137500.0,	0.04001045227050781,	0.05369758605957031
5386146875.0,	0.03954887390136719,	0.05414390563964844
5386156250.0,	0.03786468505859375,	0.05329704284667969
5386165625.0,	0.04073524475097656,	0.05429267883300781
5386175000.0,	0.03957176208496094,	0.055004119873046875
5386184375.0,	0.041118621826171875,	0.05494117736816406
5386193750.0,	0.03957176208496094,	0.057132720947265625
5386203125.0,	0.03954315185546875,	0.05733489990234375
5386212500.0,	0.03961944580078125,	0.05434608459472656
5386221875.0,	0.03928375244140625,	0.05623435974121094
5386231250.0,	0.03997802734375,	0.05534934997558594
5386240625.0,	0.04111480712890625,	0.05706977844238281
5386250000.0,	0.041423797607421875,	0.05592155456542969
5386259375.0,	0.039226531982421875,	0.05589866638183594
5386268750.0,	0.040851593017578125,	0.05682182312011719
5386278125.0,	0.03863334655761719,	0.05514717102050781
5386287500.0,	0.04146385192871094,	0.058055877685546875
5386296875.0,	0.039752960205078125,	0.05513954162597656
5386306250.0,	0.038669586181640625,	0.05396080017089844
5386315625.0,	0.04031181335449219,	0.05550193786621094
5386325000.0,	0.0397796630859375,	0.05706024169921875
5386334375.0,	0.03915214538574219,	0.05537223815917969
5386343750.0,	0.03923797607421875,	0.05673980712890625
5386353125.0,	0.04057884216308594,	0.05513191223144531
5386362500.0,	0.03952217102050781,	0.055049896240234375
5386371875.0,	0.038726806640625,	0.05439567565917969
5386381250.0,	0.04199028015136719,	0.05701446533203125
5386390625.0,	0.038990020751953125,	0.05459022521972656
5386400000.0,	0.039745330810546875,	0.056529998779296875
5386409375.0,	0.04025840759277344,	0.05500221252441406
5386418750.0,	0.03989982604980469,	0.05533599853515625
5386428125.0,	0.03969383239746094,	0.05678749084472656
5386437500.0,	0.039295196533203125,	0.05354881286621094
5386446875.0,	0.03962135314941406,	0.05423736572265625
5386456250.0,	0.04027557373046875,	0.05550384521484375
5386465625.0,	0.04155540466308594,	0.056369781494140625
5386475000.0,	0.040069580078125,	0.055751800537109375
5386484375.0,	0.039752960205078125,	0.056095123291015625
5386493750.0,	0.03958702087402344,	0.05605316162109375
5386503125.0,	0.04174995422363281,	0.05510902404785156
5386512500.0,	0.04196357727050781,	0.05454444885253906
5386521875.0,	0.039493560791015625,	0.05640411376953125
5386531250.0,	0.03791236877441406,	0.05672454833984375
5386540625.0,	0.039295196533203125,	0.05526161193847656
5386550000.0,	0.04114723205566406,	0.054412841796875
5386559375.0,	0.0423431396484375,	0.0567169189453125
5386568750.0,	0.03984832763671875,	0.05560493469238281
5386578125.0,	0.03915214538574219,	0.056217193603515625
5386587500.0,	0.04123115539550781,	0.054798126220703125
5386596875.0,	0.03979682922363281,	0.05603790283203125
5386606250.0,	0.03932952880859375,	0.05438995361328125
5386615625.0,	0.04213142395019531,	0.056491851806640625
5386625000.0,	0.038120269775390625,	0.055683135986328125
5386634375.0,	0.03934478759765625,	0.05555152893066406
5386643750.0,	0.039546966552734375,	0.05595588684082031
5386653125.0,	0.04146003723144531,	0.057903289794921875
5386662500.0,	0.0399932861328125,	0.05411529541015625
5386671875.0,	0.0395660400390625,	0.056102752685546875
5386681250.0,	0.040187835693359375,	0.0540008544921875
5386690625.0,	0.0391082763671875,	0.054363250732421875
5386700000.0,	0.03934478759765625,	0.054759979248046875
5386709375.0,	0.041141510009765625,	0.05512428283691406
5386718750.0,	0.03990936279296875,	0.056499481201171875
5386728125.0,	0.04153633117675781,	0.05540275573730469
5386737500.0,	0.04121208190917969,	0.05576324462890625
5386746875.0,	0.038776397705078125,	0.05577278137207031
5386756250.0,	0.04230690002441406,	0.05588531494140625
5386765625.0,	0.03912162780761719,	0.055988311767578125
5386775000.0,	0.040897369384765625,	0.05360603332519531
5386784375.0,	0.03931999206542969,	0.05770111083984375
5386793750.0,	0.04155731201171875,	0.055316925048828125
5386803125.0,	0.041107177734375,	0.055484771728515625
5386812500.0,	0.0408935546875,	0.05819129943847656
5386821875.0,	0.03984642028808594,	0.05545234680175781
5386831250.0,	0.03955841064453125,	0.05599212646484375
5386840625.0,	0.04045677185058594,	0.05619621276855469
5386850000.0,	0.04132270812988281,	0.05785179138183594
5386859375.0,	0.03853416442871094,	0.05600929260253906
5386868750.0,	0.042301177978515625,	0.05610466003417969
5386878125.0,	0.039142608642578125,	0.05618476867675781
5386887500.0,	0.038593292236328125,	0.05721282958984375
5386896875.0,	0.0398712158203125,	0.05566215515136719
5386906250.0,	0.04063224792480469,	0.057033538818359375
5386915625.0,	0.04153633117675781,	0.0536956787109375
5386925000.0,	0.03920555114746094,	0.05651283264160156
5386934375.0,	0.040081024169921875,	0.05481529235839844
5386943750.0,	0.04104423522949219,	0.056369781494140625
5386953125.0,	0.0418243408203125,	0.05672264099121094
5386962500.0,	0.04123878479003906,	0.05625343322753906
5386971875.0,	0.03790283203125,	0.05549430847167969
5386981250.0,	0.03835868835449219,	0.054412841796875
5386990625.0,	0.04104804992675781,	0.05594444274902344
5387000000.0,	0.041446685791015625,	0.05657196044921875
5387009375.0,	0.0422821044921875,	0.05336570739746094
5387018750.0,	0.03935432434082031,	0.054439544677734375
5387028125.0,	0.03920173645019531,	0.055896759033203125
5387037500.0,	0.04014396667480469,	0.05786705017089844
5387046875.0,	0.04182243347167969,	0.05734443664550781
5387056250.0,	0.03990936279296875,	0.05566596984863281
5387065625.0,	0.04105377197265625,	0.0554962158203125
5387075000.0,	0.03935813903808594,	0.057071685791015625
5387084375.0,	0.04104042053222656,	0.05788421630859375
5387093750.0,	0.04052543640136719,	0.057064056396484375
5387103125.0,	0.0399322509765625,	0.05840301513671875
5387112500.0,	0.041194915771484375,	0.0575103759765625
5387121875.0,	0.03971672058105469,	0.05626678466796875
5387131250.0,	0.03977012634277344,	0.05354118347167969
5387140625.0,	0.040210723876953125,	0.05550956726074219
5387150000.0,	0.04019737243652344,	0.05664634704589844
5387159375.0,	0.04102516174316406,	0.05478477478027344
5387168750.0,	0.04069709777832031,	0.05745697021484375
5387178125.0,	0.03859901428222656,	0.057971954345703125
5387187500.0,	0.04172325134277344,	0.0565643310546875
5387196875.0,	0.04151153564453125,	0.05585289001464844
5387206250.0,	0.04174995422363281,	0.05623817443847656
5387215625.0,	0.04060935974121094,	0.0551910400390625
5387225000.0,	0.039737701416015625,	0.05728721618652344
5387234375.0,	0.039310455322265625,	0.05563163757324219
5387243750.0,	0.040439605712890625,	0.05733489990234375
5387253125.0,	0.04232597351074219,	0.0574188232421875
5387262500.0,	0.04065513610839844,	0.05581855773925781
5387271875.0,	0.041423797607421875,	0.05682373046875
5387281250.0,	0.0423583984375,	0.0557861328125
5387290625.0,	0.040130615234375,	0.05685234069824219
5387300000.0,	0.04009437561035156,	0.057796478271484375
5387309375.0,	0.04059600830078125,	0.0560302734375
5387318750.0,	0.0395050048828125,	0.057491302490234375
5387328125.0,	0.039356231689453125,	0.054595947265625
5387337500.0,	0.04162025451660156,	0.05768394470214844
5387346875.0,	0.03980445861816406,	0.05834770202636719
5387356250.0,	0.040523529052734375,	0.056438446044921875
5387365625.0,	0.03948402404785156,	0.05682373046875
5387375000.0,	0.0404205322265625,	0.057666778564453125
5387384375.0,	0.04036903381347656,	0.05584526062011719
5387393750.0,	0.039524078369140625,	0.057277679443359375
5387403125.0,	0.0413818359375,	0.05895805358886719
5387412500.0,	0.0393218994140625,	0.058948516845703125
5387421875.0,	0.03878211975097656,	0.05552482604980469
5387431250.0,	0.039920806884765625,	0.05647087097167969
5387440625.0,	0.041378021240234375,	0.05808830261230469
5387450000.0,	0.04206085205078125,	0.05719947814941406
5387459375.0,	0.04110908508300781,	0.055797576904296875
5387468750.0,	0.039791107177734375,	0.055797576904296875
5387478125.0,	0.03984832763671875,	0.055789947509765625
5387487500.0,	0.04272651672363281,	0.0574188232421875
5387496875.0,	0.04232215881347656,	0.056915283203125
5387506250.0,	0.04260826110839844,	0.058513641357421875
5387515625.0,	0.041595458984375,	0.05625724792480469
5387525000.0,	0.04126739501953125,	0.057201385498046875
5387534375.0,	0.04277229309082031,	0.058086395263671875
5387543750.0,	0.042499542236328125,	0.055637359619140625
5387553125.0,	0.04050254821777344,	0.055416107177734375
5387562500.0,	0.039585113525390625,	0.055980682373046875
5387571875.0,	0.04118919372558594,	0.057605743408203125
5387581250.0,	0.0406646728515625,	0.056446075439453125
5387590625.0,	0.04279327392578125,	0.05742645263671875
5387600000.0,	0.04123497009277344,	0.05862617492675781
5387609375.0,	0.04102516174316406,	0.05683326721191406
5387618750.0,	0.0392303466796875,	0.05983734130859375
5387628125.0,	0.04128456115722656,	0.05762481689453125
5387637500.0,	0.040195465087890625,	0.05721092224121094
5387646875.0,	0.04171180725097656,	0.05732917785644531
5387656250.0,	0.04195404052734375,	0.057636260986328125
5387665625.0,	0.04253578186035156,	0.054759979248046875
5387675000.0,	0.0419769287109375,	0.0565185546875
5387684375.0,	0.03987693786621094,	0.056255340576171875
5387693750.0,	0.03955268859863281,	0.05768394470214844
5387703125.0,	0.03959846496582031,	0.05652046203613281
5387712500.0,	0.04133796691894531,	0.05640411376953125
5387721875.0,	0.04048347473144531,	0.05636024475097656
5387731250.0,	0.04058647155761719,	0.056423187255859375
5387740625.0,	0.0422210693359375,	0.05888175964355469
5387750000.0,	0.04154777526855469,	0.05766868591308594
5387759375.0,	0.03978157043457031,	0.05587959289550781
5387768750.0,	0.03987312316894531,	0.05681610107421875
5387778125.0,	0.041141510009765625,	0.057788848876953125
5387787500.0,	0.040363311767578125,	0.05800056457519531
5387796875.0,	0.03928375244140625,	0.05807685852050781
5387806250.0,	0.04253387451171875,	0.05874061584472656
5387815625.0,	0.040691375732421875,	0.05695533752441406
5387825000.0,	0.03818321228027344,	0.058612823486328125
5387834375.0,	0.0424041748046875,	0.05814361572265625
5387843750.0,	0.039661407470703125,	0.05637931823730469
5387853125.0,	0.041812896728515625,	0.059009552001953125
5387862500.0,	0.0411376953125,	0.0576019287109375
5387871875.0,	0.0407867431640625,	0.05448341369628906
5387881250.0,	0.03965568542480469,	0.056324005126953125
5387890625.0,	0.041255950927734375,	0.05523681640625
5387900000.0,	0.040332794189453125,	0.05701446533203125
5387909375.0,	0.040904998779296875,	0.05869293212890625
5387918750.0,	0.04177093505859375,	0.05454826354980469
5387928125.0,	0.0417938232421875,	0.05756187438964844
5387937500.0,	0.038669586181640625,	0.058536529541015625
5387946875.0,	0.04197883605957031,	0.05728912353515625
5387956250.0,	0.040264129638671875,	0.05717658996582031
5387965625.0,	0.039798736572265625,	0.05641746520996094
5387975000.0,	0.040782928466796875,	0.05681419372558594
5387984375.0,	0.04147148132324219,	0.05763435363769531
5387993750.0,	0.0413970947265625,	0.0573272705078125
5388003125.0,	0.0417022705078125,	0.057430267333984375
5388012500.0,	0.039447784423828125,	0.05582618713378906
5388021875.0,	0.04239845275878906,	0.057514190673828125
5388031250.0,	0.03986167907714844,	0.05742073059082031
5388040625.0,	0.040950775146484375,	0.05698966979980469
5388050000.0,	0.04060173034667969,	0.05431556701660156
5388059375.0,	0.040477752685546875,	0.05725860595703125
5388068750.0,	0.04224395751953125,	0.05695343017578125
5388078125.0,	0.04117774963378906,	0.05659294128417969
5388087500.0,	0.04030418395996094,	0.05680084228515625
5388096875.0,	0.03983879089355469,	0.05846214294433594
5388106250.0,	0.04065513610839844,	0.057613372802734375
5388115625.0,	0.040874481201171875,	0.05883026123046875
5388125000.0,	0.04126930236816406,	0.05674552917480469
5388134375.0,	0.04413604736328125,	0.05688667297363281
5388143750.0,	0.04114341735839844,	0.055454254150390625
5388153125.0,	0.040111541748046875,	0.05712127685546875
5388162500.0,	0.04029655456542969,	0.0570068359375
5388171875.0,	0.04205322265625,	0.05549812316894531
5388181250.0,	0.03969383239746094,	0.05783271789550781
5388190625.0,	0.04120826721191406,	0.05774497985839844
5388200000.0,	0.042285919189453125,	0.05734825134277344
5388209375.0,	0.03988456726074219,	0.056461334228515625
5388218750.0,	0.04241943359375,	0.059024810791015625
5388228125.0,	0.04162788391113281,	0.05703163146972656
5388237500.0,	0.04069328308105469,	0.057376861572265625
5388246875.0,	0.04349517822265625,	0.056488037109375
5388256250.0,	0.040866851806640625,	0.05554389953613281
5388265625.0,	0.04132270812988281,	0.05790519714355469
5388275000.0,	0.04262542724609375,	0.05567741394042969
5388284375.0,	0.04019737243652344,	0.0570831298828125
5388293750.0,	0.04106903076171875,	0.05680084228515625
5388303125.0,	0.040088653564453125,	0.0566253662109375
5388312500.0,	0.0399932861328125,	0.05753326416015625
5388321875.0,	0.04124641418457031,	0.0573272705078125
5388331250.0,	0.042499542236328125,	0.05546760559082031
5388340625.0,	0.04108619689941406,	0.05595588684082031
5388350000.0,	0.040973663330078125,	0.05834770202636719
5388359375.0,	0.03946495056152344,	0.058727264404296875
5388368750.0,	0.04180145263671875,	0.0548553466796875
5388378125.0,	0.04215431213378906,	0.056613922119140625
5388387500.0,	0.04259300231933594,	0.05702781677246094
5388396875.0,	0.04268836975097656,	0.05918312072753906
5388406250.0,	0.04125785827636719,	0.05780792236328125
5388415625.0,	0.041919708251953125,	0.055820465087890625
5388425000.0,	0.043033599853515625,	0.05814361572265625
5388434375.0,	0.04236602783203125,	0.05765342712402344
5388443750.0,	0.04090309143066406,	0.05706977844238281
5388453125.0,	0.04180335998535156,	0.05873298645019531
5388462500.0,	0.043567657470703125,	0.058818817138671875
5388471875.0,	0.04280281066894531,	0.05727958679199219
5388481250.0,	0.040950775146484375,	0.05726051330566406
5388490625.0,	0.04061698913574219,	0.05888557434082031
5388500000.0,	0.041561126708984375,	0.05606842041015625
5388509375.0,	0.0419464111328125,	0.05741310119628906
5388518750.0,	0.04120826721191406,	0.05930137634277344
5388528125.0,	0.040744781494140625,	0.05778312683105469
5388537500.0,	0.04035377502441406,	0.0574798583984375
5388546875.0,	0.03952598571777344,	0.0583648681640625
5388556250.0,	0.04235076904296875,	0.05728340148925781
5388565625.0,	0.040172576904296875,	0.056732177734375
5388575000.0,	0.041133880615234375,	0.05951118469238281
5388584375.0,	0.04120063781738281,	0.05713653564453125
5388593750.0,	0.040348052978515625,	0.05757331848144531
5388603125.0,	0.04170417785644531,	0.05858421325683594
5388612500.0,	0.04257392883300781,	0.05758857727050781
5388621875.0,	0.04267692565917969,	0.057987213134765625
5388631250.0,	0.04167366027832031,	0.05760383605957031
5388640625.0,	0.040821075439453125,	0.05659675598144531
5388650000.0,	0.03974723815917969,	0.0568695068359375
5388659375.0,	0.04158592224121094,	0.05672264099121094
5388668750.0,	0.04191780090332031,	0.05888557434082031
5388678125.0,	0.04144287109375,	0.05875396728515625
5388687500.0,	0.043651580810546875,	0.056079864501953125
5388696875.0,	0.041484832763671875,	0.05899238586425781
5388706250.0,	0.04092597961425781,	0.05509757995605469
5388715625.0,	0.0413055419921875,	0.06015205383300781
5388725000.0,	0.04094886779785156,	0.05738639831542969
5388734375.0,	0.04024505615234375,	0.05502510070800781
5388743750.0,	0.041568756103515625,	0.05608940124511719
5388753125.0,	0.04113197326660156,	0.058269500732421875
5388762500.0,	0.039813995361328125,	0.05599784851074219
5388771875.0,	0.04124641418457031,	0.05871772766113281
5388781250.0,	0.043361663818359375,	0.05621528625488281
5388790625.0,	0.04158782958984375,	0.058929443359375
5388800000.0,	0.0406951904296875,	0.05845069885253906
5388809375.0,	0.039806365966796875,	0.05768585205078125
5388818750.0,	0.04069328308105469,	0.05711174011230469
5388828125.0,	0.04254722595214844,	0.05791664123535156
5388837500.0,	0.04146385192871094,	0.05782508850097656
5388846875.0,	0.040584564208984375,	0.05792808532714844
5388856250.0,	0.041412353515625,	0.058002471923828125
5388865625.0,	0.03960609436035156,	0.05721092224121094
5388875000.0,	0.04042816162109375,	0.057872772216796875
5388884375.0,	0.0419158935546875,	0.05652046203613281
5388893750.0,	0.040706634521484375,	0.05632781982421875
5388903125.0,	0.04117393493652344,	0.05719947814941406
5388912500.0,	0.04201507568359375,	0.057636260986328125
5388921875.0,	0.041675567626953125,	0.05884361267089844
5388931250.0,	0.040966033935546875,	0.05648612976074219
5388940625.0,	0.04200935363769531,	0.058429718017578125
5388950000.0,	0.038921356201171875,	0.058460235595703125
5388959375.0,	0.040126800537109375,	0.05715179443359375
5388968750.0,	0.04145240783691406,	0.05755043029785156
5388978125.0,	0.04004859924316406,	0.05568504333496094
5388987500.0,	0.04101371765136719,	0.056854248046875
5388996875.0,	0.041728973388671875,	0.05808830261230469
5389006250.0,	0.039760589599609375,	0.05816078186035156
5389015625.0,	0.04217720031738281,	0.05704307556152344
5389025000.0,	0.041271209716796875,	0.05739784240722656
5389034375.0,	0.040618896484375,	0.05872917175292969
5389043750.0,	0.0433502197265625,	0.05986976623535156
5389053125.0,	0.04099273681640625,	0.05951881408691406
5389062500.0,	0.039791107177734375,	0.05928802490234375
5389071875.0,	0.04053688049316406,	0.058010101318359375
5389081250.0,	0.042743682861328125,	0.05677604675292969
5389090625.0,	0.039409637451171875,	0.05771636962890625
5389100000.0,	0.04121971130371094,	0.05618858337402344
5389109375.0,	0.04265785217285156,	0.059299468994140625
5389118750.0,	0.03984832763671875,	0.0597686767578125
5389128125.0,	0.04027748107910156,	0.058513641357421875
5389137500.0,	0.041561126708984375,	0.05838203430175781
5389146875.0,	0.04031944274902344,	0.0592498779296875
5389156250.0,	0.04086112976074219,	0.05794334411621094
5389165625.0,	0.042755126953125,	0.05696296691894531
5389175000.0,	0.04209709167480469,	0.05920982360839844
5389184375.0,	0.042705535888671875,	0.05522918701171875
5389193750.0,	0.04258155822753906,	0.0590667724609375
5389203125.0,	0.040248870849609375,	0.05811119079589844
5389212500.0,	0.04163360595703125,	0.05873680114746094
5389221875.0,	0.04053497314453125,	0.0581512451171875
5389231250.0,	0.04196739196777344,	0.05912017822265625
5389240625.0,	0.04178810119628906,	0.05753898620605469
5389250000.0,	0.04330635070800781,	0.0574798583984375
5389259375.0,	0.04093360900878906,	0.058277130126953125
5389268750.0,	0.04243278503417969,	0.05895423889160156
5389278125.0,	0.04029083251953125,	0.05875396728515625
5389287500.0,	0.042522430419921875,	0.059764862060546875
5389296875.0,	0.04196357727050781,	0.05735969543457031
5389306250.0,	0.04005241394042969,	0.059139251708984375
5389315625.0,	0.04244232177734375,	0.06060791015625
5389325000.0,	0.04207420349121094,	0.05695343017578125
5389334375.0,	0.04152488708496094,	0.05810737609863281
5389343750.0,	0.042087554931640625,	0.057987213134765625
5389353125.0,	0.04209327697753906,	0.05887031555175781
5389362500.0,	0.03978157043457031,	0.05735015869140625
5389371875.0,	0.0425262451171875,	0.057117462158203125
5389381250.0,	0.04253387451171875,	0.05884552001953125
5389390625.0,	0.0406494140625,	0.058109283447265625
5389400000.0,	0.042163848876953125,	0.05594825744628906
5389409375.0,	0.04123115539550781,	0.05825614929199219
5389418750.0,	0.0418853759765625,	0.055515289306640625
5389428125.0,	0.04084587097167969,	0.05633354187011719
5389437500.0,	0.03994560241699219,	0.05547523498535156
5389446875.0,	0.03995513916015625,	0.05727195739746094
5389456250.0,	0.041866302490234375,	0.05823516845703125
5389465625.0,	0.04105377197265625,	0.057697296142578125
5389475000.0,	0.04183006286621094,	0.05659675598144531
5389484375.0,	0.04088020324707031,	0.05906867980957031
5389493750.0,	0.041351318359375,	0.05714988708496094
5389503125.0,	0.0425567626953125,	0.05880546569824219
5389512500.0,	0.04075431823730469,	0.05756950378417969
5389521875.0,	0.04147148132324219,	0.05616950988769531
5389531250.0,	0.040203094482421875,	0.060131072998046875
5389540625.0,	0.042499542236328125,	0.05838775634765625
5389550000.0,	0.04243659973144531,	0.058513641357421875
5389559375.0,	0.04227256774902344,	0.059345245361328125
5389568750.0,	0.0424346923828125,	0.05724143981933594
5389578125.0,	0.0397796630859375,	0.058032989501953125
5389587500.0,	0.04133796691894531,	0.05971336364746094
5389596875.0,	0.04259490966796875,	0.0589752197265625
5389606250.0,	0.04389190673828125,	0.0606536865234375
5389615625.0,	0.04117774963378906,	0.05446624755859375
5389625000.0,	0.04274177551269531,	0.05767059326171875
5389634375.0,	0.04211235046386719,	0.05969047546386719
5389643750.0,	0.0420379638671875,	0.058864593505859375
5389653125.0,	0.04256629943847656,	0.059062957763671875
5389662500.0,	0.04109764099121094,	0.05626869201660156
5389671875.0,	0.04190254211425781,	0.058330535888671875
5389681250.0,	0.04006767272949219,	0.0580902099609375
5389690625.0,	0.0407867431640625,	0.05818939208984375
5389700000.0,	0.04117012023925781,	0.05661773681640625
5389709375.0,	0.03925514221191406,	0.05634307861328125
5389718750.0,	0.04249382019042969,	0.057537078857421875
5389728125.0,	0.042327880859375,	0.05862617492675781
5389737500.0,	0.040813446044921875,	0.05585479736328125
5389746875.0,	0.04171943664550781,	0.05887031555175781
5389756250.0,	0.0406951904296875,	0.05814552307128906
5389765625.0,	0.041706085205078125,	0.058109283447265625
5389775000.0,	0.04046821594238281,	0.060115814208984375
5389784375.0,	0.03995323181152344,	0.060455322265625
5389793750.0,	0.03989410400390625,	0.057147979736328125
5389803125.0,	0.039608001708984375,	0.05888175964355469
5389812500.0,	0.044811248779296875,	0.05740928649902344
5389821875.0,	0.04205513000488281,	0.059604644775390625
5389831250.0,	0.0413360595703125,	0.05773353576660156
5389840625.0,	0.04123115539550781,	0.05856895446777344
5389850000.0,	0.04162788391113281,	0.05800056457519531
5389859375.0,	0.041957855224609375,	0.05764007568359375
5389868750.0,	0.04207801818847656,	0.05932807922363281
5389878125.0,	0.0430908203125,	0.06043243408203125
5389887500.0,	0.04146385192871094,	0.058971405029296875
5389896875.0,	0.042293548583984375,	0.056529998779296875
5389906250.0,	0.04033088684082031,	0.0587615966796875
5389915625.0,	0.042087554931640625,	0.057651519775390625
5389925000.0,	0.04239082336425781,	0.060024261474609375
5389934375.0,	0.041606903076171875,	0.06070709228515625
5389943750.0,	0.043880462646484375,	0.0594482421875
5389953125.0,	0.0421142578125,	0.06035804748535156
5389962500.0,	0.041553497314453125,	0.05825233459472656
5389971875.0,	0.03970909118652344,	0.0585479736328125
5389981250.0,	0.04302406311035156,	0.057769775390625
5389990625.0,	0.041927337646484375,	0.05904388427734375
5390000000.0,	0.04389381408691406,	0.058834075927734375
