5333014375.0,	0.06118965148925781,	0.0595855712890625
5333028750.0,	0.06043434143066406,	0.05743980407714844
5333043125.0,	0.0607147216796875,	0.0581207275390625
5333057500.0,	0.05991363525390625,	0.055950164794921875
5333071875.0,	0.06201744079589844,	0.056438446044921875
5333086250.0,	0.06159782409667969,	0.05804634094238281
5333100625.0,	0.06223106384277344,	0.0594329833984375
5333115000.0,	0.06163978576660156,	0.05663108825683594
5333129375.0,	0.06103515625,	0.05666923522949219
5333143750.0,	0.061374664306640625,	0.05992698669433594
5333158125.0,	0.06206321716308594,	0.0576019287109375
5333172500.0,	0.06139564514160156,	0.05591392517089844
5333186875.0,	0.06295394897460938,	0.057796478271484375
5333201250.0,	0.0593109130859375,	0.057193756103515625
5333215625.0,	0.06256103515625,	0.060024261474609375
5333230000.0,	0.05875587463378906,	0.05731201171875
5333244375.0,	0.06213188171386719,	0.0572357177734375
5333258750.0,	0.06145668029785156,	0.05757331848144531
5333273125.0,	0.060863494873046875,	0.05666160583496094
5333287500.0,	0.06087303161621094,	0.056720733642578125
5333301875.0,	0.06151008605957031,	0.059299468994140625
5333316250.0,	0.0623626708984375,	0.05659675598144531
5333330625.0,	0.061305999755859375,	0.05922698974609375
5333345000.0,	0.06157493591308594,	0.05720329284667969
5333359375.0,	0.06070137023925781,	0.057384490966796875
5333373750.0,	0.06162452697753906,	0.05768585205078125
5333388125.0,	0.06047821044921875,	0.056476593017578125
5333402500.0,	0.061614990234375,	0.05922889709472656
5333416875.0,	0.05980491638183594,	0.05794525146484375
5333431250.0,	0.06122589111328125,	0.05706214904785156
5333445625.0,	0.06166648864746094,	0.057468414306640625
5333460000.0,	0.060089111328125,	0.05713462829589844
5333474375.0,	0.05994224548339844,	0.05715751647949219
5333488750.0,	0.06298065185546875,	0.059429168701171875
5333503125.0,	0.06305694580078125,	0.057422637939453125
5333517500.0,	0.061206817626953125,	0.05979156494140625
5333531875.0,	0.06219482421875,	0.05683135986328125
5333546250.0,	0.0624237060546875,	0.05813026428222656
5333560625.0,	0.05993843078613281,	0.0563507080078125
5333575000.0,	0.0625762939453125,	0.058559417724609375
5333589375.0,	0.060543060302734375,	0.05684852600097656
5333603750.0,	0.061183929443359375,	0.05716705322265625
5333618125.0,	0.060962677001953125,	0.05643653869628906
5333632500.0,	0.061275482177734375,	0.05659675598144531
5333646875.0,	0.0618743896484375,	0.057659149169921875
5333661250.0,	0.05951881408691406,	0.05749702453613281
5333675625.0,	0.0610198974609375,	0.05825042724609375
5333690000.0,	0.06224822998046875,	0.056491851806640625
5333704375.0,	0.061862945556640625,	0.056987762451171875
5333718750.0,	0.06402969360351562,	0.057971954345703125
5333733125.0,	0.060329437255859375,	0.05811309814453125
5333747500.0,	0.060802459716796875,	0.05661964416503906
5333761875.0,	0.06212806701660156,	0.05829620361328125
5333776250.0,	0.06192588806152344,	0.055145263671875
5333790625.0,	0.062896728515625,	0.05612945556640625
5333805000.0,	0.06086540222167969,	0.05648040771484375
5333819375.0,	0.0609130859375,	0.05528068542480469
5333833750.0,	0.06066703796386719,	0.057804107666015625
5333848125.0,	0.0621185302734375,	0.05767631530761719
5333862500.0,	0.061885833740234375,	0.05715179443359375
5333876875.0,	0.061481475830078125,	0.05621528625488281
5333891250.0,	0.06082725524902344,	0.05657958984375
5333905625.0,	0.06309890747070312,	0.05739593505859375
5333920000.0,	0.0612335205078125,	0.05811882019042969
5333934375.0,	0.0626983642578125,	0.056671142578125
5333948750.0,	0.060394287109375,	0.05653572082519531
5333963125.0,	0.06058502197265625,	0.05854606628417969
5333977500.0,	0.05981636047363281,	0.05683135986328125
5333991875.0,	0.06349945068359375,	0.05760955810546875
5334006250.0,	0.06137847900390625,	0.057216644287109375
5334020625.0,	0.06339263916015625,	0.05635833740234375
5334035000.0,	0.061000823974609375,	0.05815887451171875
5334049375.0,	0.0615692138671875,	0.055629730224609375
5334063750.0,	0.06079864501953125,	0.05476188659667969
5334078125.0,	0.06268310546875,	0.05571746826171875
5334092500.0,	0.06177330017089844,	0.05543327331542969
5334106875.0,	0.062030792236328125,	0.05635643005371094
5334121250.0,	0.06040382385253906,	0.057598114013671875
5334135625.0,	0.06278610229492188,	0.056308746337890625
5334150000.0,	0.060543060302734375,	0.057811737060546875
5334164375.0,	0.06212425231933594,	0.05810356140136719
5334178750.0,	0.059604644775390625,	0.05678558349609375
5334193125.0,	0.061084747314453125,	0.057338714599609375
5334207500.0,	0.0616302490234375,	0.056209564208984375
5334221875.0,	0.06249237060546875,	0.056896209716796875
5334236250.0,	0.06069755554199219,	0.05709266662597656
5334250625.0,	0.06063079833984375,	0.057300567626953125
5334265000.0,	0.06371688842773438,	0.055416107177734375
5334279375.0,	0.06138420104980469,	0.05938529968261719
5334293750.0,	0.06326675415039062,	0.056301116943359375
5334308125.0,	0.06089973449707031,	0.05655860900878906
5334322500.0,	0.06208610534667969,	0.05727386474609375
5334336875.0,	0.05962944030761719,	0.05507087707519531
5334351250.0,	0.06257247924804688,	0.055652618408203125
5334365625.0,	0.061676025390625,	0.055419921875
5334380000.0,	0.060199737548828125,	0.055889129638671875
5334394375.0,	0.05761146545410156,	0.056652069091796875
5334408750.0,	0.061382293701171875,	0.057430267333984375
5334423125.0,	0.06192779541015625,	0.0559844970703125
5334437500.0,	0.061603546142578125,	0.05801582336425781
5334451875.0,	0.05981254577636719,	0.05666351318359375
5334466250.0,	0.06205940246582031,	0.05662345886230469
5334480625.0,	0.06114006042480469,	0.058200836181640625
5334495000.0,	0.062347412109375,	0.05558586120605469
5334509375.0,	0.06073188781738281,	0.05444145202636719
5334523750.0,	0.0628509521484375,	0.0559234619140625
5334538125.0,	0.061748504638671875,	0.05608558654785156
5334552500.0,	0.06242561340332031,	0.05701446533203125
5334566875.0,	0.062358856201171875,	0.05771827697753906
5334581250.0,	0.06174278259277344,	0.05599403381347656
5334595625.0,	0.06270599365234375,	0.05521392822265625
5334610000.0,	0.06241416931152344,	0.056671142578125
5334624375.0,	0.06003379821777344,	0.0569610595703125
5334638750.0,	0.06372451782226562,	0.056884765625
5334653125.0,	0.06249427795410156,	0.05512809753417969
5334667500.0,	0.0624847412109375,	0.05693626403808594
5334681875.0,	0.06378936767578125,	0.054107666015625
5334696250.0,	0.06194496154785156,	0.055507659912109375
5334710625.0,	0.06154441833496094,	0.05513191223144531
5334725000.0,	0.06187248229980469,	0.056121826171875
5334739375.0,	0.061008453369140625,	0.05750274658203125
5334753750.0,	0.06328582763671875,	0.05619049072265625
5334768125.0,	0.06124305725097656,	0.057895660400390625
5334782500.0,	0.060699462890625,	0.05636024475097656
5334796875.0,	0.06252288818359375,	0.05760955810546875
5334811250.0,	0.06266403198242188,	0.05695343017578125
5334825625.0,	0.06229209899902344,	0.055049896240234375
5334840000.0,	0.06204986572265625,	0.05507850646972656
5334854375.0,	0.06145477294921875,	0.05264091491699219
5334868750.0,	0.0618896484375,	0.055492401123046875
5334883125.0,	0.06167793273925781,	0.05518913269042969
5334897500.0,	0.06327438354492188,	0.05629730224609375
5334911875.0,	0.06081390380859375,	0.05462455749511719
5334926250.0,	0.06216621398925781,	0.05483818054199219
5334940625.0,	0.06268692016601562,	0.055805206298828125
5334955000.0,	0.06159019470214844,	0.05451774597167969
5334969375.0,	0.06367111206054688,	0.05376434326171875
5334983750.0,	0.06265640258789062,	0.055980682373046875
5334998125.0,	0.061969757080078125,	0.054534912109375
5335012500.0,	0.060680389404296875,	0.05603981018066406
5335026875.0,	0.06333541870117188,	0.05290985107421875
5335041250.0,	0.06276702880859375,	0.0550537109375
5335055625.0,	0.06426620483398438,	0.055835723876953125
5335070000.0,	0.06405258178710938,	0.05689239501953125
5335084375.0,	0.06301498413085938,	0.05364990234375
5335098750.0,	0.0640106201171875,	0.05420684814453125
5335113125.0,	0.063446044921875,	0.05536651611328125
5335127500.0,	0.06186103820800781,	0.055347442626953125
5335141875.0,	0.06380844116210938,	0.05511474609375
5335156250.0,	0.062213897705078125,	0.05507659912109375
5335170625.0,	0.06319808959960938,	0.05455780029296875
5335185000.0,	0.06420516967773438,	0.055103302001953125
5335199375.0,	0.061428070068359375,	0.05496025085449219
5335213750.0,	0.06348037719726562,	0.056217193603515625
5335228125.0,	0.06457901000976562,	0.05216217041015625
5335242500.0,	0.0634613037109375,	0.054401397705078125
5335256875.0,	0.06396484375,	0.055450439453125
5335271250.0,	0.06240272521972656,	0.05497932434082031
5335285625.0,	0.06409454345703125,	0.053863525390625
5335300000.0,	0.061992645263671875,	0.05507087707519531
5335314375.0,	0.06288909912109375,	0.055927276611328125
5335328750.0,	0.06389999389648438,	0.053401947021484375
5335343125.0,	0.06279373168945312,	0.05391693115234375
5335357500.0,	0.06105232238769531,	0.05341911315917969
5335371875.0,	0.0620269775390625,	0.05270576477050781
5335386250.0,	0.060882568359375,	0.054821014404296875
5335400625.0,	0.06124305725097656,	0.05527687072753906
5335415000.0,	0.06385040283203125,	0.05615234375
5335429375.0,	0.06218910217285156,	0.056064605712890625
5335443750.0,	0.06408309936523438,	0.054531097412109375
5335458125.0,	0.06277084350585938,	0.055088043212890625
5335472500.0,	0.06334686279296875,	0.05373382568359375
5335486875.0,	0.062038421630859375,	0.05417060852050781
5335501250.0,	0.06439971923828125,	0.053401947021484375
5335515625.0,	0.06153678894042969,	0.05552864074707031
5335530000.0,	0.06337738037109375,	0.055561065673828125
5335544375.0,	0.06257247924804688,	0.05425262451171875
5335558750.0,	0.06192779541015625,	0.053813934326171875
5335573125.0,	0.0619049072265625,	0.05334663391113281
5335587500.0,	0.06325531005859375,	0.05352020263671875
5335601875.0,	0.06388473510742188,	0.05480194091796875
5335616250.0,	0.06030082702636719,	0.052837371826171875
5335630625.0,	0.0617828369140625,	0.05466651916503906
5335645000.0,	0.0649566650390625,	0.053180694580078125
5335659375.0,	0.06114006042480469,	0.054630279541015625
5335673750.0,	0.062419891357421875,	0.053192138671875
5335688125.0,	0.06153297424316406,	0.0547637939453125
5335702500.0,	0.061130523681640625,	0.05460166931152344
5335716875.0,	0.06317901611328125,	0.05181121826171875
5335731250.0,	0.06378173828125,	0.054203033447265625
5335745625.0,	0.06208038330078125,	0.05378532409667969
5335760000.0,	0.06256866455078125,	0.055782318115234375
5335774375.0,	0.06270217895507812,	0.054599761962890625
5335788750.0,	0.06225395202636719,	0.05274391174316406
5335803125.0,	0.0626678466796875,	0.05481719970703125
5335817500.0,	0.06107330322265625,	0.05334281921386719
5335831875.0,	0.06142425537109375,	0.054431915283203125
5335846250.0,	0.062046051025390625,	0.05452919006347656
5335860625.0,	0.060146331787109375,	0.05247688293457031
5335875000.0,	0.06414794921875,	0.055965423583984375
5335889375.0,	0.06204414367675781,	0.052181243896484375
5335903750.0,	0.06276702880859375,	0.05092620849609375
5335918125.0,	0.061969757080078125,	0.05224800109863281
5335932500.0,	0.06241416931152344,	0.05468940734863281
5335946875.0,	0.06353759765625,	0.0538787841796875
5335961250.0,	0.06320953369140625,	0.05401611328125
5335975625.0,	0.06254196166992188,	0.05161285400390625
5335990000.0,	0.06211090087890625,	0.05224800109863281
5336004375.0,	0.06389999389648438,	0.05307769775390625
5336018750.0,	0.0634765625,	0.05254364013671875
5336033125.0,	0.06285858154296875,	0.054363250732421875
5336047500.0,	0.06201362609863281,	0.05411720275878906
5336061875.0,	0.063262939453125,	0.05307769775390625
5336076250.0,	0.06219291687011719,	0.054592132568359375
5336090625.0,	0.06279373168945312,	0.05156707763671875
5336105000.0,	0.06353378295898438,	0.052764892578125
5336119375.0,	0.06166267395019531,	0.05271339416503906
5336133750.0,	0.061981201171875,	0.05321502685546875
5336148125.0,	0.06506729125976562,	0.053859710693359375
5336162500.0,	0.06459808349609375,	0.0528106689453125
5336176875.0,	0.06535720825195312,	0.052959442138671875
5336191250.0,	0.061809539794921875,	0.05495452880859375
5336205625.0,	0.062442779541015625,	0.05311775207519531
5336220000.0,	0.0615081787109375,	0.05323982238769531
5336234375.0,	0.06255340576171875,	0.05164337158203125
5336248750.0,	0.06356430053710938,	0.05194854736328125
5336263125.0,	0.06314849853515625,	0.053897857666015625
5336277500.0,	0.0621490478515625,	0.05469703674316406
5336291875.0,	0.06163597106933594,	0.05442619323730469
5336306250.0,	0.06351470947265625,	0.051357269287109375
5336320625.0,	0.06148529052734375,	0.051128387451171875
5336335000.0,	0.06208610534667969,	0.05357933044433594
5336349375.0,	0.0625762939453125,	0.054607391357421875
5336363750.0,	0.06324005126953125,	0.0523223876953125
5336378125.0,	0.06107330322265625,	0.05255699157714844
5336392500.0,	0.06410980224609375,	0.05440521240234375
5336406875.0,	0.06308364868164062,	0.052700042724609375
5336421250.0,	0.06298446655273438,	0.05042266845703125
5336435625.0,	0.06278610229492188,	0.052501678466796875
5336450000.0,	0.06167411804199219,	0.05348396301269531
5336464375.0,	0.061641693115234375,	0.05227470397949219
5336478750.0,	0.06325912475585938,	0.052700042724609375
5336493125.0,	0.06387710571289062,	0.053615570068359375
5336507500.0,	0.06293106079101562,	0.053913116455078125
5336521875.0,	0.06287384033203125,	0.053478240966796875
5336536250.0,	0.06299591064453125,	0.05202484130859375
5336550625.0,	0.06294631958007812,	0.048583984375
5336565000.0,	0.06198883056640625,	0.052425384521484375
5336579375.0,	0.06378173828125,	0.05419921875
5336593750.0,	0.06287765502929688,	0.0542755126953125
5336608125.0,	0.0621490478515625,	0.05304145812988281
5336622500.0,	0.06315994262695312,	0.049312591552734375
5336636875.0,	0.06485366821289062,	0.0514984130859375
5336651250.0,	0.06357574462890625,	0.0519561767578125
5336665625.0,	0.0636444091796875,	0.0531158447265625
5336680000.0,	0.06288909912109375,	0.051464080810546875
5336694375.0,	0.06362152099609375,	0.051654815673828125
5336708750.0,	0.06243896484375,	0.053012847900390625
5336723125.0,	0.06262588500976562,	0.052684783935546875
5336737500.0,	0.06298065185546875,	0.0532073974609375
5336751875.0,	0.060825347900390625,	0.052318572998046875
5336766250.0,	0.06432342529296875,	0.050815582275390625
5336780625.0,	0.06156730651855469,	0.05222129821777344
5336795000.0,	0.06378936767578125,	0.05022430419921875
5336809375.0,	0.06229400634765625,	0.05187416076660156
5336823750.0,	0.06210517883300781,	0.05193328857421875
5336838125.0,	0.06183815002441406,	0.05248260498046875
5336852500.0,	0.06182670593261719,	0.053615570068359375
5336866875.0,	0.06236076354980469,	0.051311492919921875
5336881250.0,	0.06389617919921875,	0.0507965087890625
5336895625.0,	0.06295394897460938,	0.050327301025390625
5336910000.0,	0.06236839294433594,	0.05198478698730469
5336924375.0,	0.06241798400878906,	0.050994873046875
5336938750.0,	0.06145477294921875,	0.05407905578613281
5336953125.0,	0.06335067749023438,	0.050403594970703125
5336967500.0,	0.06589508056640625,	0.053668975830078125
5336981875.0,	0.061878204345703125,	0.0507659912109375
5336996250.0,	0.0630950927734375,	0.051971435546875
5337010625.0,	0.06273651123046875,	0.05147552490234375
5337025000.0,	0.06322479248046875,	0.051570892333984375
5337039375.0,	0.06073951721191406,	0.05037879943847656
5337053750.0,	0.06223487854003906,	0.05242919921875
5337068125.0,	0.06315231323242188,	0.05092620849609375
5337082500.0,	0.05999565124511719,	0.05381011962890625
5337096875.0,	0.0635833740234375,	0.05187225341796875
5337111250.0,	0.063323974609375,	0.052555084228515625
5337125625.0,	0.06463623046875,	0.053028106689453125
5337140000.0,	0.06151580810546875,	0.05105018615722656
5337154375.0,	0.06292343139648438,	0.049823760986328125
5337168750.0,	0.06287765502929688,	0.0509033203125
5337183125.0,	0.06270217895507812,	0.051113128662109375
5337197500.0,	0.06317901611328125,	0.050685882568359375
5337211875.0,	0.06240653991699219,	0.05314064025878906
5337226250.0,	0.06137275695800781,	0.04949188232421875
5337240625.0,	0.06310653686523438,	0.05051422119140625
5337255000.0,	0.062129974365234375,	0.05067253112792969
5337269375.0,	0.0634002685546875,	0.050395965576171875
5337283750.0,	0.061977386474609375,	0.05006599426269531
5337298125.0,	0.06253433227539062,	0.053989410400390625
5337312500.0,	0.061382293701171875,	0.048583984375
5337326875.0,	0.06151008605957031,	0.0497589111328125
5337341250.0,	0.0633544921875,	0.05039215087890625
5337355625.0,	0.06240272521972656,	0.05035591125488281
5337370000.0,	0.06242942810058594,	0.04971122741699219
5337384375.0,	0.060760498046875,	0.05240440368652344
5337398750.0,	0.06365203857421875,	0.05016326904296875
5337413125.0,	0.062107086181640625,	0.04823493957519531
5337427500.0,	0.06439208984375,	0.0496673583984375
5337441875.0,	0.0625762939453125,	0.050136566162109375
5337456250.0,	0.06554412841796875,	0.049533843994140625
5337470625.0,	0.06085395812988281,	0.05036354064941406
5337485000.0,	0.06389236450195312,	0.05216217041015625
5337499375.0,	0.06214714050292969,	0.049808502197265625
5337513750.0,	0.06380844116210938,	0.05007171630859375
5337528125.0,	0.06401824951171875,	0.05069732666015625
5337542500.0,	0.06345367431640625,	0.049297332763671875
5337556875.0,	0.06293869018554688,	0.04807281494140625
5337571250.0,	0.062652587890625,	0.05025482177734375
5337585625.0,	0.06354141235351562,	0.051361083984375
5337600000.0,	0.06498336791992188,	0.04964447021484375
5337614375.0,	0.06161689758300781,	0.05017852783203125
5337628750.0,	0.062313079833984375,	0.04865837097167969
5337643125.0,	0.06337738037109375,	0.050884246826171875
5337657500.0,	0.06246757507324219,	0.05151939392089844
5337671875.0,	0.063568115234375,	0.048999786376953125
5337686250.0,	0.06219291687011719,	0.04712677001953125
5337700625.0,	0.06312179565429688,	0.0513458251953125
5337715000.0,	0.06335067749023438,	0.048786163330078125
5337729375.0,	0.06378555297851562,	0.048915863037109375
5337743750.0,	0.06131935119628906,	0.04819488525390625
5337758125.0,	0.06070709228515625,	0.049896240234375
5337772500.0,	0.0622711181640625,	0.04887580871582031
5337786875.0,	0.06377792358398438,	0.050685882568359375
5337801250.0,	0.06140899658203125,	0.0506134033203125
5337815625.0,	0.06136894226074219,	0.050571441650390625
5337830000.0,	0.061367034912109375,	0.049560546875
5337844375.0,	0.06371307373046875,	0.049884796142578125
5337858750.0,	0.06258392333984375,	0.048900604248046875
5337873125.0,	0.06473922729492188,	0.04967498779296875
5337887500.0,	0.06422805786132812,	0.04795074462890625
5337901875.0,	0.06227684020996094,	0.05062103271484375
5337916250.0,	0.061275482177734375,	0.04802894592285156
5337930625.0,	0.06288528442382812,	0.048252105712890625
5337945000.0,	0.06313323974609375,	0.049098968505859375
5337959375.0,	0.0639495849609375,	0.050182342529296875
5337973750.0,	0.06070899963378906,	0.04771614074707031
5337988125.0,	0.06342315673828125,	0.04888153076171875
5338002500.0,	0.06217765808105469,	0.050838470458984375
5338016875.0,	0.061534881591796875,	0.04802703857421875
5338031250.0,	0.06312179565429688,	0.04973602294921875
5338045625.0,	0.061492919921875,	0.0484619140625
5338060000.0,	0.06158638000488281,	0.050106048583984375
5338074375.0,	0.06207275390625,	0.049053192138671875
5338088750.0,	0.06215476989746094,	0.04978370666503906
5338103125.0,	0.06123542785644531,	0.048374176025390625
5338117500.0,	0.0630340576171875,	0.049602508544921875
5338131875.0,	0.061553955078125,	0.049224853515625
5338146250.0,	0.06284332275390625,	0.048473358154296875
5338160625.0,	0.06254196166992188,	0.0492706298828125
5338175000.0,	0.06286239624023438,	0.04860687255859375
5338189375.0,	0.06116294860839844,	0.046970367431640625
5338203750.0,	0.06496429443359375,	0.047393798828125
5338218125.0,	0.06303787231445312,	0.0487060546875
5338232500.0,	0.06153297424316406,	0.04584312438964844
5338246875.0,	0.06162261962890625,	0.04890251159667969
5338261250.0,	0.06354141235351562,	0.046665191650390625
5338275625.0,	0.0632476806640625,	0.04772186279296875
5338290000.0,	0.06133842468261719,	0.046390533447265625
5338304375.0,	0.06370925903320312,	0.047672271728515625
5338318750.0,	0.062496185302734375,	0.050037384033203125
5338333125.0,	0.06034660339355469,	0.047222137451171875
5338347500.0,	0.06393814086914062,	0.0476226806640625
5338361875.0,	0.06050872802734375,	0.04797172546386719
5338376250.0,	0.06115531921386719,	0.043964385986328125
5338390625.0,	0.060977935791015625,	0.04717063903808594
5338405000.0,	0.06242561340332031,	0.0469512939453125
5338419375.0,	0.06338119506835938,	0.045986175537109375
5338433750.0,	0.061004638671875,	0.04613494873046875
5338448125.0,	0.06125068664550781,	0.04949188232421875
5338462500.0,	0.06125831604003906,	0.04808807373046875
5338476875.0,	0.06162834167480469,	0.04559326171875
5338491250.0,	0.0629119873046875,	0.046207427978515625
5338505625.0,	0.06305313110351562,	0.04836273193359375
5338520000.0,	0.06201744079589844,	0.04679107666015625
5338534375.0,	0.06345748901367188,	0.0462493896484375
5338548750.0,	0.06332015991210938,	0.04763031005859375
5338563125.0,	0.063507080078125,	0.0481109619140625
5338577500.0,	0.0631866455078125,	0.04779815673828125
5338591875.0,	0.06026649475097656,	0.04862785339355469
5338606250.0,	0.06049537658691406,	0.04803657531738281
5338620625.0,	0.0631256103515625,	0.047779083251953125
5338635000.0,	0.05956077575683594,	0.04655265808105469
5338649375.0,	0.06255340576171875,	0.048213958740234375
5338663750.0,	0.06313323974609375,	0.047515869140625
5338678125.0,	0.06421279907226562,	0.04888153076171875
5338692500.0,	0.06184196472167969,	0.04901695251464844
5338706875.0,	0.06318283081054688,	0.04666900634765625
5338721250.0,	0.0623779296875,	0.04768943786621094
5338735625.0,	0.06254196166992188,	0.048946380615234375
5338750000.0,	0.06322097778320312,	0.04534912109375
5338764375.0,	0.06157112121582031,	0.047000885009765625
5338778750.0,	0.06243705749511719,	0.04772758483886719
5338793125.0,	0.060779571533203125,	0.046234130859375
5338807500.0,	0.05961799621582031,	0.046489715576171875
5338821875.0,	0.0616912841796875,	0.046871185302734375
5338836250.0,	0.062282562255859375,	0.046207427978515625
5338850625.0,	0.06228065490722656,	0.04728507995605469
5338865000.0,	0.0619659423828125,	0.044666290283203125
5338879375.0,	0.06202888488769531,	0.046619415283203125
5338893750.0,	0.06081962585449219,	0.04559135437011719
5338908125.0,	0.06157112121582031,	0.047687530517578125
5338922500.0,	0.06241035461425781,	0.04696846008300781
5338936875.0,	0.06111907958984375,	0.045627593994140625
5338951250.0,	0.062042236328125,	0.04708671569824219
5338965625.0,	0.06134605407714844,	0.046581268310546875
5338980000.0,	0.06291580200195312,	0.047138214111328125
5338994375.0,	0.061191558837890625,	0.04605674743652344
5339008750.0,	0.06278228759765625,	0.045162200927734375
5339023125.0,	0.061504364013671875,	0.04758453369140625
5339037500.0,	0.06214332580566406,	0.04797935485839844
5339051875.0,	0.061779022216796875,	0.0449371337890625
5339066250.0,	0.06165313720703125,	0.04656219482421875
5339080625.0,	0.061717987060546875,	0.04474449157714844
5339095000.0,	0.06066703796386719,	0.045684814453125
5339109375.0,	0.06077766418457031,	0.04583549499511719
5339123750.0,	0.06107902526855469,	0.0449371337890625
5339138125.0,	0.060756683349609375,	0.045513153076171875
5339152500.0,	0.061100006103515625,	0.048526763916015625
5339166875.0,	0.059925079345703125,	0.047664642333984375
5339181250.0,	0.060657501220703125,	0.04486656188964844
5339195625.0,	0.059810638427734375,	0.04581451416015625
5339210000.0,	0.05985450744628906,	0.04435157775878906
5339224375.0,	0.060771942138671875,	0.04564094543457031
5339238750.0,	0.061367034912109375,	0.04573249816894531
5339253125.0,	0.06223297119140625,	0.04414558410644531
5339267500.0,	0.061847686767578125,	0.04293632507324219
5339281875.0,	0.06185340881347656,	0.04615592956542969
5339296250.0,	0.06214714050292969,	0.04540443420410156
5339310625.0,	0.06114387512207031,	0.0456085205078125
5339325000.0,	0.06023406982421875,	0.04378509521484375
5339339375.0,	0.06202888488769531,	0.04450416564941406
5339353750.0,	0.06098175048828125,	0.04436492919921875
5339368125.0,	0.06100654602050781,	0.043853759765625
5339382500.0,	0.06127738952636719,	0.044528961181640625
5339396875.0,	0.06118202209472656,	0.04298591613769531
5339411250.0,	0.060939788818359375,	0.04273414611816406
5339425625.0,	0.06130790710449219,	0.04546546936035156
5339440000.0,	0.06133079528808594,	0.04403114318847656
5339454375.0,	0.06137657165527344,	0.04409027099609375
5339468750.0,	0.061374664306640625,	0.043842315673828125
5339483125.0,	0.06060028076171875,	0.0443878173828125
5339497500.0,	0.06211662292480469,	0.04227447509765625
5339511875.0,	0.061397552490234375,	0.04376411437988281
5339526250.0,	0.060283660888671875,	0.0459136962890625
5339540625.0,	0.061405181884765625,	0.04387474060058594
5339555000.0,	0.06031608581542969,	0.04381561279296875
5339569375.0,	0.05959510803222656,	0.043292999267578125
5339583750.0,	0.0619659423828125,	0.04315185546875
5339598125.0,	0.0605316162109375,	0.043056488037109375
5339612500.0,	0.06081390380859375,	0.04491424560546875
5339626875.0,	0.062274932861328125,	0.04304695129394531
5339641250.0,	0.0605926513671875,	0.0439453125
5339655625.0,	0.06165504455566406,	0.04337310791015625
5339670000.0,	0.0617218017578125,	0.04072380065917969
5339684375.0,	0.06208610534667969,	0.04377937316894531
5339698750.0,	0.06128692626953125,	0.04251861572265625
5339713125.0,	0.059589385986328125,	0.04474449157714844
5339727500.0,	0.06201362609863281,	0.043426513671875
5339741875.0,	0.061809539794921875,	0.04220390319824219
5339756250.0,	0.06041526794433594,	0.04331779479980469
5339770625.0,	0.059047698974609375,	0.042999267578125
5339785000.0,	0.0619964599609375,	0.042938232421875
5339799375.0,	0.06149482727050781,	0.045116424560546875
5339813750.0,	0.06259918212890625,	0.04077911376953125
5339828125.0,	0.05993080139160156,	0.04299736022949219
5339842500.0,	0.06264877319335938,	0.041484832763671875
5339856875.0,	0.0623626708984375,	0.04232597351074219
5339871250.0,	0.05762672424316406,	0.04389190673828125
5339885625.0,	0.06073570251464844,	0.04236602783203125
5339900000.0,	0.061382293701171875,	0.04582023620605469
5339914375.0,	0.06014823913574219,	0.04322242736816406
5339928750.0,	0.0605010986328125,	0.043025970458984375
5339943125.0,	0.059688568115234375,	0.04059600830078125
5339957500.0,	0.05980110168457031,	0.04390525817871094
5339971875.0,	0.06031990051269531,	0.039463043212890625
5339986250.0,	0.06041526794433594,	0.04290580749511719
5340000625.0,	0.06070709228515625,	0.042201995849609375
5340015000.0,	0.05924034118652344,	0.04378509521484375
5340029375.0,	0.05970573425292969,	0.0427398681640625
5340043750.0,	0.05865287780761719,	0.042804718017578125
5340058125.0,	0.06019020080566406,	0.04058074951171875
5340072500.0,	0.06186103820800781,	0.04307365417480469
5340086875.0,	0.06152915954589844,	0.04135894775390625
5340101250.0,	0.059299468994140625,	0.04284095764160156
5340115625.0,	0.059085845947265625,	0.041522979736328125
5340130000.0,	0.059841156005859375,	0.04135322570800781
5340144375.0,	0.059688568115234375,	0.04093742370605469
5340158750.0,	0.05877113342285156,	0.04063224792480469
5340173125.0,	0.05968284606933594,	0.04030609130859375
5340187500.0,	0.06034278869628906,	0.03857231140136719
5340201875.0,	0.059375762939453125,	0.04096412658691406
5340216250.0,	0.05812263488769531,	0.040252685546875
5340230625.0,	0.05907630920410156,	0.04050254821777344
5340245000.0,	0.05997657775878906,	0.04092597961425781
5340259375.0,	0.05983161926269531,	0.04261016845703125
5340273750.0,	0.06052589416503906,	0.04176139831542969
5340288125.0,	0.058963775634765625,	0.03945732116699219
5340302500.0,	0.059417724609375,	0.041927337646484375
5340316875.0,	0.05949974060058594,	0.04172325134277344
5340331250.0,	0.058658599853515625,	0.04160308837890625
5340345625.0,	0.05965232849121094,	0.04035377502441406
5340360000.0,	0.05953407287597656,	0.041622161865234375
5340374375.0,	0.05940437316894531,	0.04007530212402344
5340388750.0,	0.060321807861328125,	0.04031562805175781
5340403125.0,	0.05776405334472656,	0.03978919982910156
5340417500.0,	0.05917549133300781,	0.04098701477050781
5340431875.0,	0.06034278869628906,	0.04165840148925781
5340446250.0,	0.05873298645019531,	0.040462493896484375
5340460625.0,	0.059368133544921875,	0.0380706787109375
5340475000.0,	0.05941963195800781,	0.04154396057128906
5340489375.0,	0.05819511413574219,	0.038578033447265625
5340503750.0,	0.057910919189453125,	0.03853034973144531
5340518125.0,	0.05906867980957031,	0.0419769287109375
5340532500.0,	0.05945587158203125,	0.03922462463378906
5340546875.0,	0.058624267578125,	0.041057586669921875
5340561250.0,	0.05925941467285156,	0.0404815673828125
5340575625.0,	0.05841255187988281,	0.041034698486328125
5340590000.0,	0.058864593505859375,	0.04078102111816406
5340604375.0,	0.05887031555175781,	0.039623260498046875
5340618750.0,	0.058048248291015625,	0.03949546813964844
5340633125.0,	0.05881309509277344,	0.040302276611328125
5340647500.0,	0.058452606201171875,	0.03874969482421875
5340661875.0,	0.05833625793457031,	0.03841972351074219
5340676250.0,	0.05718421936035156,	0.04076576232910156
5340690625.0,	0.060153961181640625,	0.03877449035644531
5340705000.0,	0.05970191955566406,	0.03733253479003906
5340719375.0,	0.059173583984375,	0.03690147399902344
5340733750.0,	0.0571746826171875,	0.03906822204589844
5340748125.0,	0.058990478515625,	0.04057502746582031
5340762500.0,	0.056911468505859375,	0.03853034973144531
5340776875.0,	0.05879402160644531,	0.03882789611816406
5340791250.0,	0.058010101318359375,	0.03876304626464844
5340805625.0,	0.05722618103027344,	0.03846549987792969
5340820000.0,	0.05887031555175781,	0.03735923767089844
5340834375.0,	0.059276580810546875,	0.039157867431640625
5340848750.0,	0.056396484375,	0.03849983215332031
5340863125.0,	0.05785942077636719,	0.03732490539550781
5340877500.0,	0.05718994140625,	0.03816986083984375
5340891875.0,	0.05617523193359375,	0.03717803955078125
5340906250.0,	0.06060600280761719,	0.039306640625
5340920625.0,	0.05697822570800781,	0.03830909729003906
5340935000.0,	0.057048797607421875,	0.03610420227050781
5340949375.0,	0.05712699890136719,	0.038074493408203125
5340963750.0,	0.05858039855957031,	0.038600921630859375
5340978125.0,	0.057582855224609375,	0.03841209411621094
5340992500.0,	0.05675506591796875,	0.03686714172363281
5341006875.0,	0.05835533142089844,	0.03765869140625
5341021250.0,	0.056613922119140625,	0.038349151611328125
5341035625.0,	0.05731391906738281,	0.03545188903808594
5341050000.0,	0.05657196044921875,	0.03884315490722656
5341064375.0,	0.05915641784667969,	0.03664398193359375
5341078750.0,	0.0567626953125,	0.037811279296875
5341093125.0,	0.05593681335449219,	0.03736305236816406
5341107500.0,	0.05772209167480469,	0.03578948974609375
5341121875.0,	0.05751228332519531,	0.035907745361328125
5341136250.0,	0.060382843017578125,	0.036006927490234375
5341150625.0,	0.05722999572753906,	0.03390312194824219
5341165000.0,	0.05851936340332031,	0.03754997253417969
5341179375.0,	0.0554656982421875,	0.03500938415527344
5341193750.0,	0.056354522705078125,	0.035587310791015625
5341208125.0,	0.05626106262207031,	0.03472137451171875
5341222500.0,	0.05794525146484375,	0.03586578369140625
5341236875.0,	0.0553741455078125,	0.03798103332519531
5341251250.0,	0.057483673095703125,	0.036190032958984375
5341265625.0,	0.05640411376953125,	0.03783416748046875
5341280000.0,	0.0553131103515625,	0.03617095947265625
5341294375.0,	0.05562019348144531,	0.037593841552734375
5341308750.0,	0.05680656433105469,	0.0336456298828125
5341323125.0,	0.056903839111328125,	0.03342437744140625
5341337500.0,	0.0532684326171875,	0.0336456298828125
5341351875.0,	0.057247161865234375,	0.03685569763183594
5341366250.0,	0.055084228515625,	0.035388946533203125
5341380625.0,	0.053722381591796875,	0.037639617919921875
5341395000.0,	0.05588340759277344,	0.035663604736328125
5341409375.0,	0.05558204650878906,	0.036823272705078125
5341423750.0,	0.05625152587890625,	0.03461265563964844
5341438125.0,	0.05510139465332031,	0.03213310241699219
5341452500.0,	0.05416107177734375,	0.034931182861328125
5341466875.0,	0.055057525634765625,	0.03439521789550781
5341481250.0,	0.05717658996582031,	0.03397178649902344
5341495625.0,	0.056118011474609375,	0.03409576416015625
5341510000.0,	0.05313301086425781,	0.03401756286621094
5341524375.0,	0.0556793212890625,	0.03441047668457031
5341538750.0,	0.055263519287109375,	0.03415870666503906
5341553125.0,	0.05310821533203125,	0.034633636474609375
5341567500.0,	0.05564117431640625,	0.03359413146972656
5341581875.0,	0.05277061462402344,	0.03243255615234375
5341596250.0,	0.05413818359375,	0.0337677001953125
5341610625.0,	0.05469322204589844,	0.035175323486328125
5341625000.0,	0.05489540100097656,	0.032436370849609375
5341639375.0,	0.05719757080078125,	0.03409767150878906
5341653750.0,	0.05253028869628906,	0.03457450866699219
5341668125.0,	0.055179595947265625,	0.033725738525390625
5341682500.0,	0.053363800048828125,	0.03254127502441406
5341696875.0,	0.05317497253417969,	0.03236961364746094
5341711250.0,	0.053905487060546875,	0.033618927001953125
5341725625.0,	0.05393791198730469,	0.03165245056152344
5341740000.0,	0.056110382080078125,	0.032047271728515625
5341754375.0,	0.05310821533203125,	0.03159141540527344
5341768750.0,	0.05281639099121094,	0.03209686279296875
5341783125.0,	0.052318572998046875,	0.03191566467285156
5341797500.0,	0.05314064025878906,	0.03222465515136719
5341811875.0,	0.0514984130859375,	0.03321075439453125
5341826250.0,	0.0527191162109375,	0.03264808654785156
5341840625.0,	0.05134391784667969,	0.03240013122558594
5341855000.0,	0.051792144775390625,	0.031190872192382812
5341869375.0,	0.052669525146484375,	0.03288078308105469
5341883750.0,	0.0518798828125,	0.032440185546875
5341898125.0,	0.051959991455078125,	0.03338813781738281
5341912500.0,	0.05257415771484375,	0.031101226806640625
5341926875.0,	0.05365753173828125,	0.03207588195800781
5341941250.0,	0.05286598205566406,	0.031742095947265625
5341955625.0,	0.052783966064453125,	0.030817031860351562
5341970000.0,	0.05018806457519531,	0.031114578247070312
5341984375.0,	0.05098915100097656,	0.031141281127929688
5341998750.0,	0.053730010986328125,	0.03255271911621094
5342013125.0,	0.05047798156738281,	0.031917572021484375
5342027500.0,	0.05058860778808594,	0.030042648315429688
5342041875.0,	0.051540374755859375,	0.03008270263671875
5342056250.0,	0.04958152770996094,	0.030017852783203125
5342070625.0,	0.049190521240234375,	0.03219795227050781
5342085000.0,	0.05106353759765625,	0.030553817749023438
5342099375.0,	0.04995155334472656,	0.029943466186523438
5342113750.0,	0.052032470703125,	0.030401229858398438
5342128125.0,	0.05228233337402344,	0.030664443969726562
5342142500.0,	0.05005073547363281,	0.030084609985351562
5342156875.0,	0.04651641845703125,	0.030450820922851562
5342171250.0,	0.05019950866699219,	0.028453826904296875
5342185625.0,	0.04949378967285156,	0.032573699951171875
5342200000.0,	0.04948234558105469,	0.030344009399414062
5342214375.0,	0.04850578308105469,	0.030202865600585938
5342228750.0,	0.04843902587890625,	0.029512405395507812
5342243125.0,	0.04835319519042969,	0.031757354736328125
5342257500.0,	0.049320220947265625,	0.029436111450195312
5342271875.0,	0.04850959777832031,	0.03126716613769531
5342286250.0,	0.04863739013671875,	0.0282135009765625
5342300625.0,	0.05006980895996094,	0.028684616088867188
5342315000.0,	0.048702239990234375,	0.028032302856445312
5342329375.0,	0.049488067626953125,	0.029329299926757812
5342343750.0,	0.048503875732421875,	0.030225753784179688
5342358125.0,	0.04731559753417969,	0.028821945190429688
5342372500.0,	0.05110359191894531,	0.029188156127929688
5342386875.0,	0.0456085205078125,	0.03145790100097656
5342401250.0,	0.04767608642578125,	0.029348373413085938
5342415625.0,	0.045375823974609375,	0.028591156005859375
5342430000.0,	0.04823493957519531,	0.028438568115234375
5342444375.0,	0.04865455627441406,	0.030338287353515625
5342458750.0,	0.04762077331542969,	0.02855682373046875
5342473125.0,	0.045806884765625,	0.026872634887695312
5342487500.0,	0.048168182373046875,	0.025522232055664062
5342501875.0,	0.04710578918457031,	0.028177261352539062
5342516250.0,	0.044925689697265625,	0.027851104736328125
5342530625.0,	0.045196533203125,	0.026668548583984375
5342545000.0,	0.04643058776855469,	0.028444290161132812
5342559375.0,	0.04620170593261719,	0.027576446533203125
5342573750.0,	0.04598236083984375,	0.027368545532226562
5342588125.0,	0.04578399658203125,	0.027374267578125
5342602500.0,	0.04661369323730469,	0.02802276611328125
5342616875.0,	0.04854393005371094,	0.026887893676757812
5342631250.0,	0.04602813720703125,	0.026414871215820312
5342645625.0,	0.04308128356933594,	0.0272216796875
5342660000.0,	0.04496574401855469,	0.027744293212890625
5342674375.0,	0.04594993591308594,	0.0251007080078125
5342688750.0,	0.0457763671875,	0.024822235107421875
5342703125.0,	0.0443267822265625,	0.024494171142578125
5342717500.0,	0.04636192321777344,	0.02533721923828125
5342731875.0,	0.044910430908203125,	0.025440216064453125
5342746250.0,	0.04264640808105469,	0.028558731079101562
5342760625.0,	0.04207611083984375,	0.02469635009765625
5342775000.0,	0.04266357421875,	0.026849746704101562
5342789375.0,	0.0428314208984375,	0.024837493896484375
5342803750.0,	0.04401588439941406,	0.024389266967773438
5342818125.0,	0.042484283447265625,	0.02495574951171875
5342832500.0,	0.0423736572265625,	0.024881362915039062
5342846875.0,	0.04547119140625,	0.024721145629882812
5342861250.0,	0.042633056640625,	0.023355484008789062
5342875625.0,	0.04216766357421875,	0.0262603759765625
5342890000.0,	0.04448699951171875,	0.02448272705078125
5342904375.0,	0.04278564453125,	0.025814056396484375
5342918750.0,	0.042682647705078125,	0.025989532470703125
5342933125.0,	0.042110443115234375,	0.023227691650390625
5342947500.0,	0.04113578796386719,	0.024692535400390625
5342961875.0,	0.04099273681640625,	0.023342132568359375
5342976250.0,	0.0420074462890625,	0.023342132568359375
5342990625.0,	0.04219245910644531,	0.022808074951171875
5343005000.0,	0.0406951904296875,	0.023401260375976562
5343019375.0,	0.04080772399902344,	0.023237228393554688
5343033750.0,	0.03942298889160156,	0.024637222290039062
5343048125.0,	0.039581298828125,	0.020839691162109375
5343062500.0,	0.038799285888671875,	0.023252487182617188
5343076875.0,	0.0384979248046875,	0.022190093994140625
5343091250.0,	0.038753509521484375,	0.023162841796875
5343105625.0,	0.039485931396484375,	0.023195266723632812
5343120000.0,	0.03890419006347656,	0.022851943969726562
5343134375.0,	0.03523063659667969,	0.021961212158203125
5343148750.0,	0.03730583190917969,	0.022954940795898438
5343163125.0,	0.03957366943359375,	0.021862030029296875
5343177500.0,	0.036712646484375,	0.022695541381835938
5343191875.0,	0.038608551025390625,	0.020473480224609375
5343206250.0,	0.0365753173828125,	0.020990371704101562
5343220625.0,	0.03532600402832031,	0.022064208984375
5343235000.0,	0.03650093078613281,	0.02190399169921875
5343249375.0,	0.03643226623535156,	0.024274826049804688
5343263750.0,	0.03686714172363281,	0.022983551025390625
5343278125.0,	0.0367431640625,	0.021533966064453125
5343292500.0,	0.03521156311035156,	0.022357940673828125
5343306875.0,	0.03616905212402344,	0.023065567016601562
5343321250.0,	0.03481101989746094,	0.02021026611328125
5343335625.0,	0.03389549255371094,	0.021717071533203125
5343350000.0,	0.03404998779296875,	0.024011611938476562
5343364375.0,	0.0333709716796875,	0.019659042358398438
5343378750.0,	0.03217315673828125,	0.021688461303710938
5343393125.0,	0.03298377990722656,	0.022260665893554688
5343407500.0,	0.032993316650390625,	0.020473480224609375
5343421875.0,	0.03391075134277344,	0.019823074340820312
5343436250.0,	0.03467750549316406,	0.021593093872070312
5343450625.0,	0.03129386901855469,	0.019414901733398438
5343465000.0,	0.030214309692382812,	0.020366668701171875
5343479375.0,	0.031002044677734375,	0.02047443389892578
5343493750.0,	0.03120708465576172,	0.019997596740722656
5343508125.0,	0.032131195068359375,	0.021326065063476562
5343522500.0,	0.030486106872558594,	0.021192550659179688
5343536875.0,	0.029207229614257812,	0.021093368530273438
5343551250.0,	0.0286407470703125,	0.019402503967285156
5343565625.0,	0.0279083251953125,	0.021816253662109375
5343580000.0,	0.02801036834716797,	0.01993846893310547
5343594375.0,	0.028329849243164062,	0.021839141845703125
5343608750.0,	0.02938365936279297,	0.018027305603027344
5343623125.0,	0.02851390838623047,	0.01863384246826172
5343637500.0,	0.026556015014648438,	0.020883560180664062
5343651875.0,	0.02660369873046875,	0.019872665405273438
5343666250.0,	0.024354934692382812,	0.02046680450439453
5343680625.0,	0.0275421142578125,	0.018587112426757812
5343695000.0,	0.025220870971679688,	0.02018260955810547
5343709375.0,	0.025716781616210938,	0.020354270935058594
5343723750.0,	0.02373981475830078,	0.019453048706054688
5343738125.0,	0.02337169647216797,	0.019987106323242188
5343752500.0,	0.02558135986328125,	0.01964092254638672
5343766875.0,	0.025712966918945312,	0.019125938415527344
5343781250.0,	0.023187637329101562,	0.019252777099609375
5343795625.0,	0.022829055786132812,	0.01965618133544922
5343810000.0,	0.02050304412841797,	0.018553733825683594
5343824375.0,	0.020943641662597656,	0.018571853637695312
5343838750.0,	0.019834518432617188,	0.018624305725097656
5343853125.0,	0.020821571350097656,	0.01984691619873047
5343867500.0,	0.022777557373046875,	0.019080162048339844
5343881875.0,	0.02093791961669922,	0.019240379333496094
5343896250.0,	0.02034282684326172,	0.0192718505859375
5343910625.0,	0.02087879180908203,	0.01836109161376953
5343925000.0,	0.017824172973632812,	0.0174713134765625
5343939375.0,	0.018108367919921875,	0.019903182983398438
5343953750.0,	0.018392562866210938,	0.018922805786132812
5343968125.0,	0.017482757568359375,	0.017848968505859375
5343982500.0,	0.017622947692871094,	0.01858043670654297
5343996875.0,	0.0157318115234375,	0.020830154418945312
5344011250.0,	0.016844749450683594,	0.02006244659423828
5344025625.0,	0.015234947204589844,	0.02021503448486328
5344040000.0,	0.014752388000488281,	0.01803874969482422
5344054375.0,	0.014296531677246094,	0.019872665405273438
5344068750.0,	0.011364936828613281,	0.020824432373046875
5344083125.0,	0.012246131896972656,	0.017301559448242188
5344097500.0,	0.013126373291015625,	0.018939971923828125
5344111875.0,	0.01122283935546875,	0.01955699920654297
5344126250.0,	0.011183738708496094,	0.019124984741210938
5344140625.0,	0.012353897094726562,	0.01750946044921875
5344155000.0,	0.011118888854980469,	0.0192718505859375
5344169375.0,	0.010190010070800781,	0.015938758850097656
5344183750.0,	0.009919166564941406,	0.018723487854003906
5344198125.0,	0.008291244506835938,	0.019799232482910156
5344212500.0,	0.009505271911621094,	0.018552780151367188
5344226875.0,	0.007932662963867188,	0.019410133361816406
5344241250.0,	0.006656646728515625,	0.01923847198486328
5344255625.0,	0.006237983703613281,	0.019341468811035156
5344270000.0,	0.0042133331298828125,	0.020566940307617188
5344284375.0,	0.00445556640625,	0.01956462860107422
5344298750.0,	0.004139900207519531,	0.02103424072265625
5344313125.0,	0.0033111572265625,	0.023146629333496094
5344327500.0,	0.004052162170410156,	0.021727561950683594
5344341875.0,	0.0014095306396484375,	0.017785072326660156
5344356250.0,	0.0015439987182617188,	0.019876480102539062
5344370625.0,	0.0038499832153320312,	0.020316123962402344
5344385000.0,	0.00029468536376953125,	0.020829200744628906
5344399375.0,	-0.0016422271728515625,	0.02280139923095703
5344413750.0,	-0.004589080810546875,	0.0218048095703125
5344428125.0,	-0.002605438232421875,	0.021526336669921875
5344442500.0,	-0.003981590270996094,	0.022552490234375
5344456875.0,	-0.0031003952026367188,	0.022436141967773438
5344471250.0,	-0.003627777099609375,	0.02222442626953125
5344485625.0,	-0.004215240478515625,	0.02242279052734375
5344500000.0,	-0.0060710906982421875,	0.022553443908691406
5344514375.0,	-0.0042781829833984375,	0.022263526916503906
5344528750.0,	-0.007334709167480469,	0.025399208068847656
5344543125.0,	-0.004998207092285156,	0.022971153259277344
5344557500.0,	-0.00701904296875,	0.024695396423339844
5344571875.0,	-0.009190559387207031,	0.023392677307128906
5344586250.0,	-0.010931015014648438,	0.024382591247558594
5344600625.0,	-0.009387016296386719,	0.02632904052734375
5344615000.0,	-0.009531974792480469,	0.02717113494873047
5344629375.0,	-0.009791374206542969,	0.027431488037109375
5344643750.0,	-0.013762474060058594,	0.025827407836914062
5344658125.0,	-0.011981010437011719,	0.026490211486816406
5344672500.0,	-0.012335777282714844,	0.028929710388183594
5344686875.0,	-0.016164779663085938,	0.028717041015625
5344701250.0,	-0.014760017395019531,	0.028074264526367188
5344715625.0,	-0.015900611877441406,	0.028037071228027344
5344730000.0,	-0.018375396728515625,	0.032611846923828125
5344744375.0,	-0.017513275146484375,	0.031202316284179688
5344758750.0,	-0.01735687255859375,	0.03104400634765625
5344773125.0,	-0.017374038696289062,	0.03298759460449219
5344787500.0,	-0.02021026611328125,	0.032123565673828125
5344801875.0,	-0.021455764770507812,	0.03354072570800781
5344816250.0,	-0.020204544067382812,	0.031749725341796875
5344830625.0,	-0.021747589111328125,	0.03571128845214844
5344845000.0,	-0.021219253540039062,	0.033130645751953125
5344859375.0,	-0.022876739501953125,	0.03308868408203125
5344873750.0,	-0.023952484130859375,	0.035411834716796875
5344888125.0,	-0.025262832641601562,	0.03788185119628906
5344902500.0,	-0.026597976684570312,	0.03771400451660156
5344916875.0,	-0.027795791625976562,	0.038753509521484375
5344931250.0,	-0.025814056396484375,	0.039051055908203125
5344945625.0,	-0.0273590087890625,	0.04101371765136719
5344960000.0,	-0.027082443237304688,	0.03919029235839844
5344974375.0,	-0.02832794189453125,	0.042491912841796875
5344988750.0,	-0.030160903930664062,	0.04104804992675781
5345003125.0,	-0.030536651611328125,	0.04328155517578125
5345017500.0,	-0.030681610107421875,	0.044742584228515625
5345031875.0,	-0.030569076538085938,	0.045101165771484375
5345046250.0,	-0.03000640869140625,	0.04592132568359375
5345060625.0,	-0.032436370849609375,	0.04491615295410156
5345075000.0,	-0.03139495849609375,	0.047840118408203125
5345089375.0,	-0.034656524658203125,	0.047100067138671875
5345103750.0,	-0.033847808837890625,	0.049015045166015625
5345118125.0,	-0.0342559814453125,	0.05073356628417969
5345132500.0,	-0.03394889831542969,	0.05352783203125
5345146875.0,	-0.03557014465332031,	0.05263710021972656
5345161250.0,	-0.03515625,	0.05553627014160156
5345175625.0,	-0.037769317626953125,	0.05693244934082031
5345190000.0,	-0.03724479675292969,	0.057720184326171875
5345204375.0,	-0.03573799133300781,	0.0564727783203125
5345218750.0,	-0.03836822509765625,	0.060031890869140625
5345233125.0,	-0.03905487060546875,	0.0588836669921875
5345247500.0,	-0.037933349609375,	0.06304931640625
5345261875.0,	-0.03742790222167969,	0.06088447570800781
5345276250.0,	-0.038875579833984375,	0.06250762939453125
5345290625.0,	-0.039608001708984375,	0.06357192993164062
5345305000.0,	-0.039440155029296875,	0.06738662719726562
5345319375.0,	-0.038639068603515625,	0.06779861450195312
5345333750.0,	-0.038516998291015625,	0.06968307495117188
5345348125.0,	-0.039234161376953125,	0.07100677490234375
5345362500.0,	-0.040042877197265625,	0.07172775268554688
5345376875.0,	-0.04055023193359375,	0.07082748413085938
5345391250.0,	-0.042087554931640625,	0.07456207275390625
5345405625.0,	-0.0403900146484375,	0.07495880126953125
5345420000.0,	-0.038372039794921875,	0.07672119140625
5345434375.0,	-0.042572021484375,	0.07845687866210938
5345448750.0,	-0.04029083251953125,	0.07970046997070312
5345463125.0,	-0.04058074951171875,	0.0807952880859375
5345477500.0,	-0.039703369140625,	0.0817108154296875
5345491875.0,	-0.038417816162109375,	0.0828704833984375
5345506250.0,	-0.038562774658203125,	0.0838623046875
5345520625.0,	-0.039745330810546875,	0.08602142333984375
5345535000.0,	-0.036956787109375,	0.08861923217773438
5345549375.0,	-0.038845062255859375,	0.08821487426757812
5345563750.0,	-0.038486480712890625,	0.09125518798828125
5345578125.0,	-0.039093017578125,	0.09136962890625
5345592500.0,	-0.036777496337890625,	0.09196090698242188
5345606875.0,	-0.03778839111328125,	0.09405517578125
5345621250.0,	-0.03725433349609375,	0.09397506713867188
5345635625.0,	-0.034694671630859375,	0.0960845947265625
5345650000.0,	-0.0349884033203125,	0.09820556640625
5345664375.0,	-0.03501129150390625,	0.10136795043945312
5345678750.0,	-0.03281402587890625,	0.10276412963867188
5345693125.0,	-0.03395843505859375,	0.10233306884765625
5345707500.0,	-0.034481048583984375,	0.10206222534179688
5345721875.0,	-0.032955169677734375,	0.10259628295898438
5345736250.0,	-0.032073974609375,	0.1054534912109375
5345750625.0,	-0.029430389404296875,	0.10733795166015625
5345765000.0,	-0.02874755859375,	0.10848617553710938
5345779375.0,	-0.030628204345703125,	0.10829925537109375
5345793750.0,	-0.0268402099609375,	0.109619140625
5345808125.0,	-0.027530670166015625,	0.11119842529296875
5345822500.0,	-0.027812957763671875,	0.11217498779296875
5345836875.0,	-0.025768280029296875,	0.1125946044921875
5345851250.0,	-0.02459716796875,	0.11322402954101562
5345865625.0,	-0.0252838134765625,	0.11632156372070312
5345880000.0,	-0.02504730224609375,	0.1156005859375
5345894375.0,	-0.02172088623046875,	0.11545944213867188
5345908750.0,	-0.02306365966796875,	0.118804931640625
5345923125.0,	-0.02269744873046875,	0.11775588989257812
5345937500.0,	-0.0195465087890625,	0.11884689331054688
5345951875.0,	-0.017879486083984375,	0.118804931640625
5345966250.0,	-0.018840789794921875,	0.1205902099609375
5345980625.0,	-0.0194091796875,	0.12140274047851562
5345995000.0,	-0.015869140625,	0.12129592895507812
5346009375.0,	-0.01497650146484375,	0.12331390380859375
5346023750.0,	-0.013004302978515625,	0.12449264526367188
5346038125.0,	-0.012706756591796875,	0.12370681762695312
5346052500.0,	-0.01244354248046875,	0.12407684326171875
5346066875.0,	-0.010589599609375,	0.12774658203125
5346081250.0,	-0.0101470947265625,	0.125762939453125
5346095625.0,	-0.00799560546875,	0.12808990478515625
5346110000.0,	-0.00749969482421875,	0.1279754638671875
5346124375.0,	-0.00792694091796875,	0.128875732421875
5346138750.0,	-0.00604248046875,	0.12779998779296875
5346153125.0,	-0.00469207763671875,	0.13036346435546875
5346167500.0,	-0.003326416015625,	0.12994384765625
5346181875.0,	-0.0022125244140625,	0.1301116943359375
5346196250.0,	-0.00025177001953125,	0.12926483154296875
5346210625.0,	0.00017547607421875,	0.1292266845703125
5346225000.0,	-0.00026702880859375,	0.13135528564453125
5346239375.0,	0.00109100341796875,	0.1310577392578125
5346253750.0,	0.0046539306640625,	0.13251495361328125
5346268125.0,	0.002105712890625,	0.13275909423828125
5346282500.0,	0.00345611572265625,	0.1319427490234375
5346296875.0,	0.00472259521484375,	0.13262176513671875
5346311250.0,	0.0048675537109375,	0.13359832763671875
5346325625.0,	0.00638580322265625,	0.13260650634765625
5346340000.0,	0.00830078125,	0.1340484619140625
5346354375.0,	0.010772705078125,	0.1336669921875
5346368750.0,	0.01087188720703125,	0.1324310302734375
5346383125.0,	0.009368896484375,	0.1323699951171875
5346397500.0,	0.01099395751953125,	0.13431549072265625
5346411875.0,	0.0129852294921875,	0.133026123046875
5346426250.0,	0.013763427734375,	0.1337890625
5346440625.0,	0.01647186279296875,	0.1322174072265625
5346455000.0,	0.01436614990234375,	0.13359832763671875
5346469375.0,	0.01552581787109375,	0.13531494140625
5346483750.0,	0.0177001953125,	0.1356048583984375
5346498125.0,	0.019805908203125,	0.1340179443359375
5346512500.0,	0.0183258056640625,	0.1336822509765625
5346526875.0,	0.01800537109375,	0.1331329345703125
5346541250.0,	0.02136993408203125,	0.13396453857421875
5346555625.0,	0.02091217041015625,	0.13370513916015625
5346570000.0,	0.0222320556640625,	0.132354736328125
5346584375.0,	0.023468017578125,	0.13286590576171875
5346598750.0,	0.0246429443359375,	0.135833740234375
5346613125.0,	0.02561187744140625,	0.13408660888671875
5346627500.0,	0.026519775390625,	0.1338043212890625
5346641875.0,	0.0232391357421875,	0.13388824462890625
5346656250.0,	0.0262298583984375,	0.13327789306640625
5346670625.0,	0.0284271240234375,	0.13414764404296875
5346685000.0,	0.02896881103515625,	0.130615234375
5346699375.0,	0.02884674072265625,	0.13416290283203125
5346713750.0,	0.03049468994140625,	0.1354522705078125
5346728125.0,	0.03119659423828125,	0.13187408447265625
5346742500.0,	0.03005218505859375,	0.13317108154296875
5346756875.0,	0.03171539306640625,	0.1319580078125
5346771250.0,	0.03243255615234375,	0.13149261474609375
5346785625.0,	0.033111572265625,	0.130645751953125
5346800000.0,	0.03333282470703125,	0.13152313232421875
5346814375.0,	0.0355224609375,	0.13108062744140625
5346828750.0,	0.03676605224609375,	0.13188934326171875
5346843125.0,	0.03560638427734375,	0.1325531005859375
5346857500.0,	0.03865814208984375,	0.1310577392578125
5346871875.0,	0.03832244873046875,	0.12966156005859375
5346886250.0,	0.0384979248046875,	0.1283416748046875
5346900625.0,	0.03839874267578125,	0.12895965576171875
5346915000.0,	0.04003143310546875,	0.1300201416015625
5346929375.0,	0.04102325439453125,	0.13008880615234375
5346943750.0,	0.0413970947265625,	0.1290740966796875
5346958125.0,	0.04233551025390625,	0.12979888916015625
5346972500.0,	0.04222869873046875,	0.12950897216796875
5346986875.0,	0.04541015625,	0.1291961669921875
5347001250.0,	0.0427398681640625,	0.12999725341796875
5347015625.0,	0.045318603515625,	0.12764739990234375
5347030000.0,	0.04412841796875,	0.13103485107421875
5347044375.0,	0.0432586669921875,	0.12856292724609375
5347058750.0,	0.0453643798828125,	0.12575531005859375
5347073125.0,	0.0464324951171875,	0.1283721923828125
5347087500.0,	0.04587554931640625,	0.12750244140625
5347101875.0,	0.048736572265625,	0.12657928466796875
5347116250.0,	0.04625701904296875,	0.126953125
5347130625.0,	0.0474853515625,	0.126861572265625
5347145000.0,	0.04778289794921875,	0.1259307861328125
5347159375.0,	0.050296783447265625,	0.12462234497070312
5347173750.0,	0.050537109375,	0.12606048583984375
5347188125.0,	0.050548553466796875,	0.12395858764648438
5347202500.0,	0.050197601318359375,	0.1233062744140625
5347216875.0,	0.0506439208984375,	0.1253509521484375
5347231250.0,	0.04857635498046875,	0.1240692138671875
5347245625.0,	0.052867889404296875,	0.12339019775390625
5347260000.0,	0.05396270751953125,	0.12209320068359375
5347274375.0,	0.052967071533203125,	0.12491226196289062
5347288750.0,	0.051910400390625,	0.12421035766601562
5347303125.0,	0.051204681396484375,	0.1225128173828125
5347317500.0,	0.05641937255859375,	0.122589111328125
5347331875.0,	0.052478790283203125,	0.12115859985351562
5347346250.0,	0.05370330810546875,	0.12262344360351562
5347360625.0,	0.053882598876953125,	0.123291015625
5347375000.0,	0.052654266357421875,	0.12083816528320312
5347389375.0,	0.05754852294921875,	0.12197494506835938
5347403750.0,	0.058200836181640625,	0.11975479125976562
5347418125.0,	0.05803680419921875,	0.12134170532226562
5347432500.0,	0.05742645263671875,	0.12040328979492188
5347446875.0,	0.05605316162109375,	0.12261962890625
5347461250.0,	0.057239532470703125,	0.1187744140625
5347475625.0,	0.0579833984375,	0.11778640747070312
5347490000.0,	0.05699920654296875,	0.11694717407226562
5347504375.0,	0.056209564208984375,	0.11917877197265625
5347518750.0,	0.05810546875,	0.11873626708984375
5347533125.0,	0.05933380126953125,	0.11824417114257812
5347547500.0,	0.058292388916015625,	0.11912918090820312
5347561875.0,	0.05860137939453125,	0.1173248291015625
5347576250.0,	0.0595550537109375,	0.11876678466796875
5347590625.0,	0.061359405517578125,	0.11655807495117188
5347605000.0,	0.059722900390625,	0.11660003662109375
5347619375.0,	0.0610198974609375,	0.11681747436523438
5347633750.0,	0.0586090087890625,	0.1158905029296875
5347648125.0,	0.062213897705078125,	0.11709213256835938
5347662500.0,	0.061908721923828125,	0.11501693725585938
5347676875.0,	0.06024932861328125,	0.11620330810546875
5347691250.0,	0.060817718505859375,	0.11468505859375
5347705625.0,	0.06209564208984375,	0.11621475219726562
5347720000.0,	0.06290435791015625,	0.11505508422851562
5347734375.0,	0.061977386474609375,	0.11248397827148438
5347748750.0,	0.06429672241210938,	0.11512374877929688
5347763125.0,	0.06396102905273438,	0.1116180419921875
5347777500.0,	0.0643463134765625,	0.11485671997070312
5347791875.0,	0.06293487548828125,	0.113983154296875
5347806250.0,	0.0620269775390625,	0.11444854736328125
5347820625.0,	0.06556320190429688,	0.11157608032226562
5347835000.0,	0.06273651123046875,	0.11476516723632812
5347849375.0,	0.06551361083984375,	0.11200332641601562
5347863750.0,	0.0649566650390625,	0.11327743530273438
5347878125.0,	0.06496429443359375,	0.11249923706054688
5347892500.0,	0.06513595581054688,	0.1114501953125
5347906875.0,	0.06751251220703125,	0.11088180541992188
5347921250.0,	0.0673370361328125,	0.11108779907226562
5347935625.0,	0.06437301635742188,	0.11063766479492188
5347950000.0,	0.06663894653320312,	0.11057281494140625
5347964375.0,	0.06537246704101562,	0.1110992431640625
5347978750.0,	0.06529998779296875,	0.10946273803710938
5347993125.0,	0.0654754638671875,	0.11067581176757812
5348007500.0,	0.06577682495117188,	0.10882186889648438
5348021875.0,	0.06760025024414062,	0.10903167724609375
5348036250.0,	0.06652450561523438,	0.1097412109375
5348050625.0,	0.06662368774414062,	0.10873794555664062
5348065000.0,	0.0666656494140625,	0.10744476318359375
5348079375.0,	0.06937026977539062,	0.10757064819335938
5348093750.0,	0.06571197509765625,	0.10630416870117188
5348108125.0,	0.06817626953125,	0.10867691040039062
5348122500.0,	0.06726455688476562,	0.10565948486328125
5348136875.0,	0.06669998168945312,	0.10817718505859375
5348151250.0,	0.0690460205078125,	0.10870361328125
5348165625.0,	0.06748199462890625,	0.10578155517578125
5348180000.0,	0.06780242919921875,	0.10615921020507812
5348194375.0,	0.06988906860351562,	0.1063385009765625
5348208750.0,	0.0664825439453125,	0.10500717163085938
5348223125.0,	0.069580078125,	0.10647964477539062
5348237500.0,	0.06732559204101562,	0.10446548461914062
5348251875.0,	0.06863784790039062,	0.10711669921875
5348266250.0,	0.0709228515625,	0.10394668579101562
5348280625.0,	0.0706024169921875,	0.10543441772460938
5348295000.0,	0.06914138793945312,	0.1048736572265625
5348309375.0,	0.0706329345703125,	0.10405731201171875
5348323750.0,	0.0710601806640625,	0.1043701171875
5348338125.0,	0.07055282592773438,	0.10356903076171875
5348352500.0,	0.0683441162109375,	0.10288238525390625
5348366875.0,	0.06993484497070312,	0.10388565063476562
5348381250.0,	0.07056045532226562,	0.10406875610351562
5348395625.0,	0.07131195068359375,	0.10206222534179688
5348410000.0,	0.06981658935546875,	0.10171127319335938
5348424375.0,	0.07046127319335938,	0.10109329223632812
5348438750.0,	0.06995010375976562,	0.10268402099609375
5348453125.0,	0.07317352294921875,	0.10237503051757812
5348467500.0,	0.07283401489257812,	0.10268783569335938
5348481875.0,	0.06978607177734375,	0.101104736328125
5348496250.0,	0.07162857055664062,	0.101715087890625
5348510625.0,	0.07083511352539062,	0.10147476196289062
5348525000.0,	0.07167816162109375,	0.10234832763671875
5348539375.0,	0.07207489013671875,	0.100067138671875
5348553750.0,	0.07274627685546875,	0.10042953491210938
5348568125.0,	0.07096099853515625,	0.10262298583984375
5348582500.0,	0.07259368896484375,	0.10107040405273438
5348596875.0,	0.07190322875976562,	0.10062789916992188
5348611250.0,	0.07115936279296875,	0.10027694702148438
5348625625.0,	0.07181549072265625,	0.09898757934570312
5348640000.0,	0.0726165771484375,	0.09864044189453125
5348654375.0,	0.07237625122070312,	0.09843826293945312
5348668750.0,	0.07413864135742188,	0.0994415283203125
5348683125.0,	0.07226943969726562,	0.098175048828125
5348697500.0,	0.07476806640625,	0.10015487670898438
5348711875.0,	0.07328033447265625,	0.10013580322265625
5348726250.0,	0.07205963134765625,	0.098114013671875
5348740625.0,	0.0724945068359375,	0.09916305541992188
5348755000.0,	0.07300186157226562,	0.0968170166015625
5348769375.0,	0.07056808471679688,	0.09579849243164062
5348783750.0,	0.0698394775390625,	0.09794235229492188
5348798125.0,	0.074554443359375,	0.09729385375976562
5348812500.0,	0.072906494140625,	0.09852981567382812
5348826875.0,	0.07275390625,	0.09664535522460938
5348841250.0,	0.0746002197265625,	0.09599685668945312
5348855625.0,	0.07470703125,	0.0984039306640625
5348870000.0,	0.0726318359375,	0.09780120849609375
5348884375.0,	0.07356643676757812,	0.09721755981445312
5348898750.0,	0.07259750366210938,	0.097808837890625
5348913125.0,	0.07429885864257812,	0.09637832641601562
5348927500.0,	0.0747222900390625,	0.093536376953125
5348941875.0,	0.07413864135742188,	0.0967254638671875
5348956250.0,	0.07219696044921875,	0.09687042236328125
5348970625.0,	0.07237625122070312,	0.0959930419921875
5348985000.0,	0.07354736328125,	0.095123291015625
5348999375.0,	0.07404327392578125,	0.09569168090820312
5349013750.0,	0.075897216796875,	0.09492111206054688
5349028125.0,	0.07390213012695312,	0.09420013427734375
5349042500.0,	0.07371902465820312,	0.09499740600585938
5349056875.0,	0.07666778564453125,	0.09338760375976562
5349071250.0,	0.07228851318359375,	0.09521102905273438
5349085625.0,	0.07529830932617188,	0.09319305419921875
5349100000.0,	0.075042724609375,	0.09579849243164062
5349114375.0,	0.07398605346679688,	0.095184326171875
5349128750.0,	0.07421493530273438,	0.09277725219726562
5349143125.0,	0.07451248168945312,	0.09330368041992188
5349157500.0,	0.07455825805664062,	0.09592437744140625
5349171875.0,	0.07538986206054688,	0.09297943115234375
5349186250.0,	0.07504653930664062,	0.09383773803710938
5349200625.0,	0.07284927368164062,	0.09532546997070312
5349215000.0,	0.07457733154296875,	0.09327316284179688
5349229375.0,	0.07359695434570312,	0.09424591064453125
5349243750.0,	0.0747222900390625,	0.09337615966796875
5349258125.0,	0.07444000244140625,	0.09282684326171875
5349272500.0,	0.07437515258789062,	0.09157943725585938
5349286875.0,	0.07504653930664062,	0.09458541870117188
5349301250.0,	0.07484817504882812,	0.09323883056640625
5349315625.0,	0.075775146484375,	0.09020614624023438
5349330000.0,	0.07513809204101562,	0.0908355712890625
5349344375.0,	0.07545852661132812,	0.09215927124023438
5349358750.0,	0.0740509033203125,	0.08927154541015625
5349373125.0,	0.07451248168945312,	0.0906982421875
5349387500.0,	0.07453155517578125,	0.09160614013671875
5349401875.0,	0.07599639892578125,	0.0941009521484375
5349416250.0,	0.07677078247070312,	0.09185791015625
5349430625.0,	0.07570266723632812,	0.0923004150390625
5349445000.0,	0.07576751708984375,	0.0895233154296875
5349459375.0,	0.07705307006835938,	0.09263229370117188
5349473750.0,	0.07454299926757812,	0.09041213989257812
5349488125.0,	0.07405471801757812,	0.09131240844726562
5349502500.0,	0.0757598876953125,	0.08876800537109375
5349516875.0,	0.07433319091796875,	0.08732223510742188
5349531250.0,	0.0770111083984375,	0.09029388427734375
5349545625.0,	0.07548141479492188,	0.0877532958984375
5349560000.0,	0.07357025146484375,	0.09033966064453125
5349574375.0,	0.07599258422851562,	0.09022140502929688
5349588750.0,	0.07631683349609375,	0.0901947021484375
5349603125.0,	0.076446533203125,	0.0898895263671875
5349617500.0,	0.07770538330078125,	0.08896636962890625
5349631875.0,	0.07605743408203125,	0.09048080444335938
5349646250.0,	0.0740814208984375,	0.08942413330078125
5349660625.0,	0.0762481689453125,	0.08875274658203125
5349675000.0,	0.07642745971679688,	0.0887908935546875
5349689375.0,	0.07696914672851562,	0.0877685546875
5349703750.0,	0.0757904052734375,	0.08823776245117188
5349718125.0,	0.07670211791992188,	0.088653564453125
5349732500.0,	0.07561492919921875,	0.08956146240234375
5349746875.0,	0.0761566162109375,	0.08929443359375
5349761250.0,	0.07924652099609375,	0.08736419677734375
5349775625.0,	0.07867813110351562,	0.08795547485351562
5349790000.0,	0.07579803466796875,	0.08660507202148438
5349804375.0,	0.07573318481445312,	0.08749008178710938
5349818750.0,	0.07465744018554688,	0.08644485473632812
5349833125.0,	0.07841873168945312,	0.0864105224609375
5349847500.0,	0.07461166381835938,	0.0867919921875
5349861875.0,	0.07713699340820312,	0.08580780029296875
5349876250.0,	0.07561874389648438,	0.0883331298828125
5349890625.0,	0.07651138305664062,	0.087188720703125
5349905000.0,	0.07585525512695312,	0.087646484375
5349919375.0,	0.07487869262695312,	0.08855056762695312
5349933750.0,	0.07505416870117188,	0.08505630493164062
5349948125.0,	0.076507568359375,	0.08624267578125
5349962500.0,	0.07770156860351562,	0.08658218383789062
5349976875.0,	0.07590103149414062,	0.0874481201171875
5349991250.0,	0.07653427124023438,	0.08552169799804688
5350005625.0,	0.076873779296875,	0.08580780029296875
5350020000.0,	0.07738113403320312,	0.08612060546875
5350034375.0,	0.078369140625,	0.08504486083984375
5350048750.0,	0.07766342163085938,	0.08443832397460938
5350063125.0,	0.0774688720703125,	0.08486175537109375
5350077500.0,	0.0767669677734375,	0.0866546630859375
5350091875.0,	0.07545852661132812,	0.086944580078125
5350106250.0,	0.07546615600585938,	0.082977294921875
5350120625.0,	0.07601547241210938,	0.08425140380859375
5350135000.0,	0.07574844360351562,	0.08465957641601562
5350149375.0,	0.077301025390625,	0.08267974853515625
5350163750.0,	0.07661056518554688,	0.08246231079101562
5350178125.0,	0.0766143798828125,	0.08353424072265625
5350192500.0,	0.0771942138671875,	0.0858001708984375
5350206875.0,	0.077606201171875,	0.08316421508789062
5350221250.0,	0.07610321044921875,	0.08419418334960938
5350235625.0,	0.07801437377929688,	0.08489227294921875
5350250000.0,	0.07640838623046875,	0.08417510986328125
5350264375.0,	0.07754135131835938,	0.0825653076171875
5350278750.0,	0.07610702514648438,	0.08356094360351562
5350293125.0,	0.07770156860351562,	0.08408355712890625
5350307500.0,	0.0787506103515625,	0.0841522216796875
5350321875.0,	0.0779266357421875,	0.08452987670898438
5350336250.0,	0.07519912719726562,	0.08458709716796875
5350350625.0,	0.07657623291015625,	0.08424758911132812
5350365000.0,	0.07764053344726562,	0.08209228515625
5350379375.0,	0.07778549194335938,	0.08150482177734375
5350393750.0,	0.07772445678710938,	0.08295059204101562
5350408125.0,	0.075653076171875,	0.084136962890625
5350422500.0,	0.07736968994140625,	0.0839385986328125
5350436875.0,	0.07834625244140625,	0.08229827880859375
5350451250.0,	0.077880859375,	0.08164215087890625
5350465625.0,	0.07709503173828125,	0.08378982543945312
5350480000.0,	0.07616806030273438,	0.08416748046875
5350494375.0,	0.07680130004882812,	0.0823211669921875
5350508750.0,	0.07747268676757812,	0.0811309814453125
5350523125.0,	0.07470321655273438,	0.08064651489257812
5350537500.0,	0.07913589477539062,	0.08315658569335938
5350551875.0,	0.07760238647460938,	0.0823516845703125
5350566250.0,	0.07568359375,	0.08048629760742188
5350580625.0,	0.07527923583984375,	0.08235931396484375
5350595000.0,	0.07691192626953125,	0.07984161376953125
5350609375.0,	0.076263427734375,	0.08169174194335938
5350623750.0,	0.0769195556640625,	0.08392715454101562
5350638125.0,	0.07665634155273438,	0.08032608032226562
5350652500.0,	0.07759857177734375,	0.08202362060546875
5350666875.0,	0.07743072509765625,	0.08046722412109375
5350681250.0,	0.07668685913085938,	0.08130264282226562
5350695625.0,	0.07828903198242188,	0.081146240234375
5350710000.0,	0.07685089111328125,	0.08160018920898438
5350724375.0,	0.07734298706054688,	0.0799713134765625
5350738750.0,	0.07863235473632812,	0.08479690551757812
5350753125.0,	0.07805252075195312,	0.0793304443359375
5350767500.0,	0.07720947265625,	0.08075332641601562
5350781875.0,	0.07736968994140625,	0.08080673217773438
5350796250.0,	0.07649612426757812,	0.07982254028320312
5350810625.0,	0.0780181884765625,	0.08117294311523438
5350825000.0,	0.07795333862304688,	0.0798797607421875
5350839375.0,	0.0779266357421875,	0.08137893676757812
5350853750.0,	0.07851028442382812,	0.0787506103515625
5350868125.0,	0.07881546020507812,	0.08043670654296875
5350882500.0,	0.07750701904296875,	0.07824325561523438
5350896875.0,	0.07691574096679688,	0.0825958251953125
5350911250.0,	0.07799530029296875,	0.07851791381835938
5350925625.0,	0.07879257202148438,	0.0791168212890625
5350940000.0,	0.078277587890625,	0.08095550537109375
5350954375.0,	0.07721328735351562,	0.07941436767578125
5350968750.0,	0.07625579833984375,	0.07956695556640625
5350983125.0,	0.076995849609375,	0.07842636108398438
5350997500.0,	0.07720565795898438,	0.07806777954101562
5351011875.0,	0.0763397216796875,	0.078277587890625
5351026250.0,	0.0758514404296875,	0.078399658203125
5351040625.0,	0.07696914672851562,	0.07663345336914062
5351055000.0,	0.0771331787109375,	0.0772552490234375
5351069375.0,	0.07689285278320312,	0.07886886596679688
5351083750.0,	0.07627105712890625,	0.07916259765625
5351098125.0,	0.07845306396484375,	0.0792694091796875
5351112500.0,	0.07736968994140625,	0.0774078369140625
5351126875.0,	0.07885360717773438,	0.08056640625
5351141250.0,	0.07568359375,	0.08214187622070312
5351155625.0,	0.07593536376953125,	0.07797622680664062
5351170000.0,	0.07866668701171875,	0.07907867431640625
5351184375.0,	0.07804107666015625,	0.07806777954101562
5351198750.0,	0.07785415649414062,	0.07719802856445312
5351213125.0,	0.07645416259765625,	0.07719039916992188
5351227500.0,	0.07721328735351562,	0.077972412109375
5351241875.0,	0.07796478271484375,	0.07724761962890625
5351256250.0,	0.07696914672851562,	0.07735824584960938
5351270625.0,	0.0772857666015625,	0.07636260986328125
5351285000.0,	0.07752609252929688,	0.07466506958007812
5351299375.0,	0.07919692993164062,	0.07851028442382812
5351313750.0,	0.07953262329101562,	0.07703399658203125
5351328125.0,	0.07584381103515625,	0.07712936401367188
5351342500.0,	0.07800674438476562,	0.07627105712890625
5351356875.0,	0.07915115356445312,	0.07804489135742188
5351371250.0,	0.07538986206054688,	0.07845306396484375
5351385625.0,	0.0779571533203125,	0.0771484375
5351400000.0,	0.07786941528320312,	0.0770263671875
5351414375.0,	0.07692718505859375,	0.07866287231445312
5351428750.0,	0.07858657836914062,	0.0765533447265625
5351443125.0,	0.07542037963867188,	0.07852554321289062
5351457500.0,	0.07828903198242188,	0.0786895751953125
5351471875.0,	0.0782928466796875,	0.07672119140625
5351486250.0,	0.07746124267578125,	0.07664871215820312
5351500625.0,	0.07728958129882812,	0.07675552368164062
5351515000.0,	0.07622528076171875,	0.07685089111328125
5351529375.0,	0.07754898071289062,	0.07586288452148438
5351543750.0,	0.07744598388671875,	0.07552337646484375
5351558125.0,	0.079254150390625,	0.0762481689453125
5351572500.0,	0.07940292358398438,	0.07740020751953125
5351586875.0,	0.07834625244140625,	0.07514190673828125
5351601250.0,	0.0780487060546875,	0.0751953125
5351615625.0,	0.07614898681640625,	0.0756683349609375
5351630000.0,	0.07659530639648438,	0.0794219970703125
5351644375.0,	0.07454299926757812,	0.07639312744140625
5351658750.0,	0.075592041015625,	0.076416015625
5351673125.0,	0.07710647583007812,	0.07662582397460938
5351687500.0,	0.07779693603515625,	0.07423782348632812
5351701875.0,	0.07613754272460938,	0.0765533447265625
5351716250.0,	0.07613372802734375,	0.07432174682617188
5351730625.0,	0.07806015014648438,	0.0743560791015625
5351745000.0,	0.07731246948242188,	0.0754547119140625
5351759375.0,	0.07717514038085938,	0.07691574096679688
5351773750.0,	0.07748031616210938,	0.0743865966796875
5351788125.0,	0.07635116577148438,	0.07542800903320312
5351802500.0,	0.07677841186523438,	0.07628250122070312
5351816875.0,	0.0765533447265625,	0.07571792602539062
5351831250.0,	0.0782012939453125,	0.07451248168945312
5351845625.0,	0.07992935180664062,	0.073638916015625
5351860000.0,	0.07558441162109375,	0.0750579833984375
5351874375.0,	0.07654190063476562,	0.07513046264648438
5351888750.0,	0.07532501220703125,	0.07263565063476562
5351903125.0,	0.078460693359375,	0.07442855834960938
5351917500.0,	0.0787353515625,	0.07324981689453125
5351931875.0,	0.07782745361328125,	0.0744781494140625
5351946250.0,	0.07884979248046875,	0.07505416870117188
5351960625.0,	0.0783233642578125,	0.07388687133789062
5351975000.0,	0.07734298706054688,	0.07471466064453125
5351989375.0,	0.07778167724609375,	0.07503509521484375
5352003750.0,	0.07741546630859375,	0.0740814208984375
5352018125.0,	0.077301025390625,	0.07552337646484375
5352032500.0,	0.077117919921875,	0.07448577880859375
5352046875.0,	0.07961654663085938,	0.0755157470703125
5352061250.0,	0.0785980224609375,	0.07317352294921875
5352075625.0,	0.07965469360351562,	0.0750579833984375
5352090000.0,	0.07752227783203125,	0.07268142700195312
5352104375.0,	0.07958221435546875,	0.074676513671875
5352118750.0,	0.07507705688476562,	0.07310867309570312
5352133125.0,	0.07988357543945312,	0.072723388671875
5352147500.0,	0.07650375366210938,	0.07428359985351562
5352161875.0,	0.076690673828125,	0.07497024536132812
5352176250.0,	0.079559326171875,	0.07519149780273438
5352190625.0,	0.07541275024414062,	0.07327651977539062
5352205000.0,	0.07749176025390625,	0.07421875
5352219375.0,	0.07979965209960938,	0.07593536376953125
5352233750.0,	0.07735061645507812,	0.07248306274414062
5352248125.0,	0.07707977294921875,	0.07616424560546875
5352262500.0,	0.07628250122070312,	0.07442474365234375
5352276875.0,	0.0736083984375,	0.073638916015625
5352291250.0,	0.076416015625,	0.073577880859375
5352305625.0,	0.07764434814453125,	0.07313156127929688
5352320000.0,	0.07743072509765625,	0.073150634765625
5352334375.0,	0.078765869140625,	0.072723388671875
5352348750.0,	0.07824325561523438,	0.07358169555664062
5352363125.0,	0.07549667358398438,	0.07343673706054688
5352377500.0,	0.0796051025390625,	0.07287216186523438
5352391875.0,	0.07869720458984375,	0.07396697998046875
5352406250.0,	0.07672119140625,	0.07299423217773438
5352420625.0,	0.07793045043945312,	0.07236099243164062
5352435000.0,	0.07532119750976562,	0.07305908203125
5352449375.0,	0.0782623291015625,	0.07349395751953125
5352463750.0,	0.07853317260742188,	0.07088088989257812
5352478125.0,	0.07679367065429688,	0.07343673706054688
5352492500.0,	0.07861328125,	0.07288360595703125
5352506875.0,	0.078277587890625,	0.07285690307617188
5352521250.0,	0.0780792236328125,	0.07357406616210938
5352535625.0,	0.07544326782226562,	0.072998046875
5352550000.0,	0.0779266357421875,	0.07280349731445312
5352564375.0,	0.07798385620117188,	0.0727081298828125
5352578750.0,	0.07744598388671875,	0.07263946533203125
5352593125.0,	0.07747268676757812,	0.06890487670898438
5352607500.0,	0.07553863525390625,	0.07349014282226562
5352621875.0,	0.07435226440429688,	0.071685791015625
5352636250.0,	0.07656097412109375,	0.06998062133789062
5352650625.0,	0.07892227172851562,	0.07117080688476562
5352665000.0,	0.07614898681640625,	0.06920242309570312
5352679375.0,	0.077728271484375,	0.07081222534179688
5352693750.0,	0.07684326171875,	0.0691375732421875
5352708125.0,	0.07814788818359375,	0.07114028930664062
5352722500.0,	0.07830429077148438,	0.07027053833007812
5352736875.0,	0.07752609252929688,	0.0725555419921875
5352751250.0,	0.07818984985351562,	0.07226943969726562
5352765625.0,	0.07658767700195312,	0.07143783569335938
5352780000.0,	0.07910919189453125,	0.07305526733398438
5352794375.0,	0.07881546020507812,	0.07089614868164062
5352808750.0,	0.07429122924804688,	0.07123184204101562
5352823125.0,	0.07790374755859375,	0.07085800170898438
5352837500.0,	0.0773468017578125,	0.07049179077148438
5352851875.0,	0.0760345458984375,	0.07133865356445312
5352866250.0,	0.07545089721679688,	0.07100677490234375
5352880625.0,	0.07762908935546875,	0.0697174072265625
5352895000.0,	0.07659530639648438,	0.06963729858398438
5352909375.0,	0.0780029296875,	0.06966018676757812
5352923750.0,	0.07549667358398438,	0.06990814208984375
5352938125.0,	0.07666015625,	0.06915283203125
5352952500.0,	0.07884597778320312,	0.069549560546875
5352966875.0,	0.07586288452148438,	0.07141494750976562
5352981250.0,	0.07547760009765625,	0.07082748413085938
5352995625.0,	0.07925033569335938,	0.0696868896484375
5353010000.0,	0.07662200927734375,	0.0698394775390625
5353024375.0,	0.07835006713867188,	0.07140350341796875
5353038750.0,	0.077789306640625,	0.07246780395507812
5353053125.0,	0.07767486572265625,	0.0715484619140625
5353067500.0,	0.0755767822265625,	0.07144927978515625
5353081875.0,	0.07816314697265625,	0.06990814208984375
5353096250.0,	0.07929611206054688,	0.06927108764648438
5353110625.0,	0.07541656494140625,	0.07091522216796875
5353125000.0,	0.07768630981445312,	0.06988143920898438
5353139375.0,	0.0761260986328125,	0.07002639770507812
5353153750.0,	0.07714462280273438,	0.06926345825195312
5353168125.0,	0.0760040283203125,	0.0696868896484375
5353182500.0,	0.07784271240234375,	0.07165908813476562
5353196875.0,	0.077545166015625,	0.0710906982421875
5353211250.0,	0.07661056518554688,	0.07176589965820312
5353225625.0,	0.07692337036132812,	0.06892776489257812
5353240000.0,	0.07736587524414062,	0.06961441040039062
5353254375.0,	0.076812744140625,	0.06914901733398438
5353268750.0,	0.07783126831054688,	0.06978225708007812
5353283125.0,	0.07630538940429688,	0.06752777099609375
5353297500.0,	0.07648849487304688,	0.07081222534179688
5353311875.0,	0.07905197143554688,	0.06946182250976562
5353326250.0,	0.07802581787109375,	0.06833267211914062
5353340625.0,	0.07747268676757812,	0.07040023803710938
5353355000.0,	0.07753753662109375,	0.06798553466796875
5353369375.0,	0.07767486572265625,	0.07088851928710938
5353383750.0,	0.07852935791015625,	0.07049942016601562
5353398125.0,	0.07774734497070312,	0.07018661499023438
5353412500.0,	0.07757186889648438,	0.07041168212890625
5353426875.0,	0.07612991333007812,	0.06860733032226562
5353441250.0,	0.07765579223632812,	0.06916427612304688
5353455625.0,	0.0757904052734375,	0.06777572631835938
5353470000.0,	0.07548904418945312,	0.06826019287109375
5353484375.0,	0.0770416259765625,	0.066650390625
5353498750.0,	0.07698440551757812,	0.06973648071289062
5353513125.0,	0.07966232299804688,	0.070281982421875
5353527500.0,	0.07560348510742188,	0.06823348999023438
5353541875.0,	0.07654190063476562,	0.0694122314453125
5353556250.0,	0.077972412109375,	0.06970596313476562
5353570625.0,	0.07561874389648438,	0.0707855224609375
5353585000.0,	0.07700729370117188,	0.06615829467773438
5353599375.0,	0.07708358764648438,	0.06954574584960938
5353613750.0,	0.07500076293945312,	0.06793212890625
5353628125.0,	0.07736587524414062,	0.06843185424804688
5353642500.0,	0.07765579223632812,	0.0684356689453125
5353656875.0,	0.07471084594726562,	0.069671630859375
5353671250.0,	0.07686996459960938,	0.07006454467773438
5353685625.0,	0.0767669677734375,	0.06888580322265625
5353700000.0,	0.0760955810546875,	0.0674896240234375
5353714375.0,	0.07643890380859375,	0.06859970092773438
5353728750.0,	0.07408523559570312,	0.06834793090820312
5353743125.0,	0.07593536376953125,	0.06787490844726562
5353757500.0,	0.07718276977539062,	0.06838607788085938
5353771875.0,	0.07734298706054688,	0.068023681640625
5353786250.0,	0.07818984985351562,	0.06451034545898438
5353800625.0,	0.07666397094726562,	0.06685256958007812
5353815000.0,	0.07807540893554688,	0.06875228881835938
5353829375.0,	0.07653045654296875,	0.06711959838867188
5353843750.0,	0.07598114013671875,	0.0668182373046875
5353858125.0,	0.07880020141601562,	0.06850814819335938
5353872500.0,	0.07471847534179688,	0.06888198852539062
5353886875.0,	0.07489013671875,	0.06774520874023438
5353901250.0,	0.078338623046875,	0.06586074829101562
5353915625.0,	0.07709884643554688,	0.0698394775390625
5353930000.0,	0.0765533447265625,	0.06817626953125
5353944375.0,	0.07628250122070312,	0.06792068481445312
5353958750.0,	0.07717132568359375,	0.0663909912109375
5353973125.0,	0.07791900634765625,	0.0662384033203125
5353987500.0,	0.07728195190429688,	0.067657470703125
5354001875.0,	0.07634353637695312,	0.06571578979492188
5354016250.0,	0.07587432861328125,	0.06754684448242188
5354030625.0,	0.07814407348632812,	0.06779098510742188
5354045000.0,	0.07804489135742188,	0.06839752197265625
5354059375.0,	0.0747833251953125,	0.06637191772460938
5354073750.0,	0.07643508911132812,	0.06829071044921875
5354088125.0,	0.07746124267578125,	0.06606292724609375
5354102500.0,	0.07600021362304688,	0.06791305541992188
5354116875.0,	0.07654190063476562,	0.06679153442382812
5354131250.0,	0.07685470581054688,	0.0673065185546875
5354145625.0,	0.07457351684570312,	0.0669097900390625
5354160000.0,	0.078887939453125,	0.06807327270507812
5354174375.0,	0.07606124877929688,	0.0682220458984375
5354188750.0,	0.07619094848632812,	0.06660842895507812
5354203125.0,	0.07423019409179688,	0.067779541015625
5354217500.0,	0.07604598999023438,	0.06536483764648438
5354231875.0,	0.0762786865234375,	0.06749343872070312
5354246250.0,	0.07391738891601562,	0.06717681884765625
5354260625.0,	0.07816314697265625,	0.06776809692382812
5354275000.0,	0.07427978515625,	0.06700515747070312
5354289375.0,	0.07669448852539062,	0.06606292724609375
5354303750.0,	0.07670974731445312,	0.06740951538085938
5354318125.0,	0.074859619140625,	0.06772994995117188
5354332500.0,	0.07572174072265625,	0.06784439086914062
5354346875.0,	0.07487106323242188,	0.06666183471679688
5354361250.0,	0.076446533203125,	0.06542587280273438
5354375625.0,	0.07555770874023438,	0.06585693359375
5354390000.0,	0.07583236694335938,	0.0647125244140625
5354404375.0,	0.07595062255859375,	0.06678390502929688
5354418750.0,	0.07677841186523438,	0.06792068481445312
5354433125.0,	0.0744171142578125,	0.06700515747070312
5354447500.0,	0.07656478881835938,	0.06655502319335938
5354461875.0,	0.07779693603515625,	0.0672760009765625
5354476250.0,	0.075042724609375,	0.06603240966796875
5354490625.0,	0.07425308227539062,	0.0638580322265625
5354505000.0,	0.07873916625976562,	0.06570816040039062
5354519375.0,	0.07711410522460938,	0.06640625
5354533750.0,	0.0769500732421875,	0.06761550903320312
5354548125.0,	0.075592041015625,	0.06499862670898438
5354562500.0,	0.07629013061523438,	0.06589126586914062
5354576875.0,	0.07419586181640625,	0.0652923583984375
5354591250.0,	0.0766143798828125,	0.065338134765625
5354605625.0,	0.07677841186523438,	0.06632614135742188
5354620000.0,	0.07682037353515625,	0.06411361694335938
5354634375.0,	0.0775909423828125,	0.06473922729492188
5354648750.0,	0.07593154907226562,	0.06583404541015625
5354663125.0,	0.075408935546875,	0.06598281860351562
5354677500.0,	0.07832717895507812,	0.064849853515625
5354691875.0,	0.07611846923828125,	0.06543350219726562
5354706250.0,	0.07686233520507812,	0.06304931640625
5354720625.0,	0.0747833251953125,	0.06585693359375
5354735000.0,	0.07509231567382812,	0.06545639038085938
5354749375.0,	0.07588577270507812,	0.064483642578125
5354763750.0,	0.07396697998046875,	0.06397247314453125
5354778125.0,	0.074493408203125,	0.06639480590820312
5354792500.0,	0.07406997680664062,	0.06461334228515625
5354806875.0,	0.07607650756835938,	0.06466293334960938
5354821250.0,	0.07597732543945312,	0.06517410278320312
5354835625.0,	0.07654571533203125,	0.06686782836914062
5354850000.0,	0.07571792602539062,	0.06621170043945312
5354864375.0,	0.07529449462890625,	0.06517410278320312
5354878750.0,	0.07509231567382812,	0.0664825439453125
5354893125.0,	0.07565689086914062,	0.06380081176757812
5354907500.0,	0.07366180419921875,	0.06462478637695312
5354921875.0,	0.07763290405273438,	0.06523895263671875
5354936250.0,	0.07812881469726562,	0.06482315063476562
5354950625.0,	0.076141357421875,	0.0637054443359375
5354965000.0,	0.07515335083007812,	0.0647430419921875
5354979375.0,	0.0758056640625,	0.063720703125
5354993750.0,	0.07659912109375,	0.06429672241210938
5355008125.0,	0.07439422607421875,	0.0648956298828125
5355022500.0,	0.07675933837890625,	0.06372451782226562
5355036875.0,	0.0753631591796875,	0.0647430419921875
5355051250.0,	0.07619476318359375,	0.06431961059570312
5355065625.0,	0.07559585571289062,	0.0655364990234375
5355080000.0,	0.07561111450195312,	0.06502532958984375
5355094375.0,	0.07637786865234375,	0.06612777709960938
5355108750.0,	0.07471847534179688,	0.06635665893554688
5355123125.0,	0.0746917724609375,	0.06604766845703125
5355137500.0,	0.07565689086914062,	0.06489944458007812
5355151875.0,	0.07294845581054688,	0.06294631958007812
5355166250.0,	0.07626724243164062,	0.06461334228515625
5355180625.0,	0.07693099975585938,	0.06461715698242188
5355195000.0,	0.07598495483398438,	0.06402587890625
5355209375.0,	0.0746307373046875,	0.06444931030273438
5355223750.0,	0.07965850830078125,	0.06567764282226562
5355238125.0,	0.07488250732421875,	0.0653076171875
5355252500.0,	0.07649993896484375,	0.06533050537109375
5355266875.0,	0.0740203857421875,	0.06383895874023438
5355281250.0,	0.07470703125,	0.06464385986328125
5355295625.0,	0.07445907592773438,	0.06410980224609375
5355310000.0,	0.07515335083007812,	0.06454849243164062
5355324375.0,	0.07669830322265625,	0.06522369384765625
5355338750.0,	0.07355499267578125,	0.06608963012695312
5355353125.0,	0.07532119750976562,	0.06415176391601562
5355367500.0,	0.07599258422851562,	0.06395721435546875
5355381875.0,	0.07665634155273438,	0.0645294189453125
5355396250.0,	0.07575225830078125,	0.06409454345703125
5355410625.0,	0.075531005859375,	0.0623321533203125
5355425000.0,	0.07585906982421875,	0.061664581298828125
5355439375.0,	0.07447052001953125,	0.063812255859375
5355453750.0,	0.07427215576171875,	0.061664581298828125
5355468125.0,	0.07732772827148438,	0.06307220458984375
5355482500.0,	0.07640838623046875,	0.062343597412109375
5355496875.0,	0.07616043090820312,	0.06373977661132812
5355511250.0,	0.07557296752929688,	0.06403732299804688
5355525625.0,	0.07534408569335938,	0.0628662109375
5355540000.0,	0.07419967651367188,	0.06277084350585938
5355554375.0,	0.07455062866210938,	0.06388473510742188
5355568750.0,	0.07651901245117188,	0.0641937255859375
5355583125.0,	0.07560348510742188,	0.061809539794921875
5355597500.0,	0.07598114013671875,	0.06350326538085938
5355611875.0,	0.07346725463867188,	0.06389617919921875
5355626250.0,	0.0743408203125,	0.06324386596679688
5355640625.0,	0.07567977905273438,	0.06530380249023438
5355655000.0,	0.07476806640625,	0.065216064453125
5355669375.0,	0.07692718505859375,	0.062480926513671875
5355683750.0,	0.07349395751953125,	0.06295013427734375
5355698125.0,	0.07581710815429688,	0.061992645263671875
5355712500.0,	0.07737350463867188,	0.06272506713867188
5355726875.0,	0.0754547119140625,	0.063873291015625
5355741250.0,	0.07490921020507812,	0.060657501220703125
5355755625.0,	0.0746917724609375,	0.06339263916015625
5355770000.0,	0.07661819458007812,	0.06436538696289062
5355784375.0,	0.07525253295898438,	0.06346511840820312
5355798750.0,	0.07421493530273438,	0.0623016357421875
5355813125.0,	0.07454299926757812,	0.063018798828125
5355827500.0,	0.07391738891601562,	0.06473922729492188
5355841875.0,	0.07403564453125,	0.06327438354492188
5355856250.0,	0.0757598876953125,	0.06426239013671875
5355870625.0,	0.072479248046875,	0.062469482421875
5355885000.0,	0.07372283935546875,	0.06254196166992188
5355899375.0,	0.07522964477539062,	0.06389236450195312
5355913750.0,	0.07618331909179688,	0.061527252197265625
5355928125.0,	0.07332611083984375,	0.0632171630859375
5355942500.0,	0.07289886474609375,	0.06479263305664062
5355956875.0,	0.076995849609375,	0.062252044677734375
5355971250.0,	0.07545089721679688,	0.06118011474609375
5355985625.0,	0.07279205322265625,	0.061336517333984375
5356000000.0,	0.0739898681640625,	0.0636749267578125
