5865008125.0,	0.11803436279296875,	0.084747314453125
5865016250.0,	0.119873046875,	0.08583450317382812
5865024375.0,	0.117889404296875,	0.08663558959960938
5865032500.0,	0.11914443969726562,	0.08866500854492188
5865040625.0,	0.11884307861328125,	0.08524322509765625
5865048750.0,	0.11911773681640625,	0.0860595703125
5865056875.0,	0.11874008178710938,	0.08755874633789062
5865065000.0,	0.1190032958984375,	0.08640670776367188
5865073125.0,	0.1178436279296875,	0.0854034423828125
5865081250.0,	0.1175537109375,	0.0844879150390625
5865089375.0,	0.1170501708984375,	0.08533477783203125
5865097500.0,	0.11785125732421875,	0.0858612060546875
5865105625.0,	0.12055206298828125,	0.08663558959960938
5865113750.0,	0.11907196044921875,	0.08378219604492188
5865121875.0,	0.120025634765625,	0.08586883544921875
5865130000.0,	0.11780166625976562,	0.08658599853515625
5865138125.0,	0.11743927001953125,	0.0838775634765625
5865146250.0,	0.11956024169921875,	0.0855255126953125
5865154375.0,	0.11896514892578125,	0.08537673950195312
5865162500.0,	0.11753463745117188,	0.08471298217773438
5865170625.0,	0.11967086791992188,	0.086334228515625
5865178750.0,	0.12044143676757812,	0.08307647705078125
5865186875.0,	0.11834335327148438,	0.08399200439453125
5865195000.0,	0.12030792236328125,	0.0849456787109375
5865203125.0,	0.11786651611328125,	0.08504867553710938
5865211250.0,	0.120269775390625,	0.08380126953125
5865219375.0,	0.11938858032226562,	0.08529281616210938
5865227500.0,	0.11953353881835938,	0.08490371704101562
5865235625.0,	0.1191253662109375,	0.082427978515625
5865243750.0,	0.11890411376953125,	0.08508682250976562
5865251875.0,	0.12031173706054688,	0.08406448364257812
5865260000.0,	0.1190643310546875,	0.08597564697265625
5865268125.0,	0.12116622924804688,	0.08240509033203125
5865276250.0,	0.11727523803710938,	0.08263397216796875
5865284375.0,	0.11971664428710938,	0.085296630859375
5865292500.0,	0.12039947509765625,	0.08143234252929688
5865300625.0,	0.11945724487304688,	0.0821533203125
5865308750.0,	0.12041473388671875,	0.08316802978515625
5865316875.0,	0.11851882934570312,	0.08407211303710938
5865325000.0,	0.1199188232421875,	0.08524703979492188
5865333125.0,	0.117767333984375,	0.08193206787109375
5865341250.0,	0.11976242065429688,	0.08388519287109375
5865349375.0,	0.11894607543945312,	0.08311843872070312
5865357500.0,	0.12099075317382812,	0.08220291137695312
5865365625.0,	0.12136077880859375,	0.08263397216796875
5865373750.0,	0.11764144897460938,	0.0825653076171875
5865381875.0,	0.12060546875,	0.08422088623046875
5865390000.0,	0.12043380737304688,	0.08349227905273438
5865398125.0,	0.1215667724609375,	0.08401870727539062
5865406250.0,	0.12049484252929688,	0.08235931396484375
5865414375.0,	0.12343597412109375,	0.08359146118164062
5865422500.0,	0.12154388427734375,	0.08483123779296875
5865430625.0,	0.12108230590820312,	0.081939697265625
5865438750.0,	0.1207122802734375,	0.0821990966796875
5865446875.0,	0.11995697021484375,	0.08382415771484375
5865455000.0,	0.12000274658203125,	0.08289337158203125
5865463125.0,	0.12116622924804688,	0.08107757568359375
5865471250.0,	0.12045669555664062,	0.0853271484375
5865479375.0,	0.11865997314453125,	0.08212661743164062
5865487500.0,	0.12288284301757812,	0.08267593383789062
5865495625.0,	0.12050247192382812,	0.08333587646484375
5865503750.0,	0.11981201171875,	0.08216094970703125
5865511875.0,	0.12183761596679688,	0.08151626586914062
5865520000.0,	0.11882400512695312,	0.08206558227539062
5865528125.0,	0.12199020385742188,	0.08115005493164062
5865536250.0,	0.12063980102539062,	0.08181381225585938
5865544375.0,	0.1202239990234375,	0.0805816650390625
5865552500.0,	0.12032318115234375,	0.0825042724609375
5865560625.0,	0.12151718139648438,	0.0819549560546875
5865568750.0,	0.12217330932617188,	0.08068084716796875
5865576875.0,	0.1198272705078125,	0.08124160766601562
5865585000.0,	0.12332916259765625,	0.08138275146484375
5865593125.0,	0.12087631225585938,	0.08154678344726562
5865601250.0,	0.12054061889648438,	0.08139419555664062
5865609375.0,	0.12115859985351562,	0.08197402954101562
5865617500.0,	0.12115097045898438,	0.0815887451171875
5865625625.0,	0.12234878540039062,	0.08217620849609375
5865633750.0,	0.12311553955078125,	0.07907485961914062
5865641875.0,	0.12142562866210938,	0.080780029296875
5865650000.0,	0.12355804443359375,	0.07917404174804688
5865658125.0,	0.12192916870117188,	0.08163070678710938
5865666250.0,	0.1225738525390625,	0.08131790161132812
5865674375.0,	0.12222671508789062,	0.08068084716796875
5865682500.0,	0.12213134765625,	0.08243179321289062
5865690625.0,	0.12313079833984375,	0.08110809326171875
5865698750.0,	0.12160110473632812,	0.0815582275390625
5865706875.0,	0.12085723876953125,	0.07973861694335938
5865715000.0,	0.12315750122070312,	0.07899856567382812
5865723125.0,	0.12339401245117188,	0.08217239379882812
5865731250.0,	0.12352752685546875,	0.08002853393554688
5865739375.0,	0.12311172485351562,	0.0802001953125
5865747500.0,	0.12261962890625,	0.08110809326171875
5865755625.0,	0.12273025512695312,	0.07990264892578125
5865763750.0,	0.12349700927734375,	0.07816696166992188
5865771875.0,	0.12215423583984375,	0.07990646362304688
5865780000.0,	0.1232452392578125,	0.08074188232421875
5865788125.0,	0.1234283447265625,	0.07792282104492188
5865796250.0,	0.12321853637695312,	0.0786895751953125
5865804375.0,	0.1238555908203125,	0.07886886596679688
5865812500.0,	0.12360382080078125,	0.07895278930664062
5865820625.0,	0.12438583374023438,	0.08140945434570312
5865828750.0,	0.12353134155273438,	0.07883834838867188
5865836875.0,	0.12350082397460938,	0.07887649536132812
5865845000.0,	0.12481307983398438,	0.07900238037109375
5865853125.0,	0.122833251953125,	0.07872390747070312
5865861250.0,	0.12235641479492188,	0.07961654663085938
5865869375.0,	0.12337493896484375,	0.07950592041015625
5865877500.0,	0.1227264404296875,	0.07753753662109375
5865885625.0,	0.12478256225585938,	0.07880020141601562
5865893750.0,	0.12363815307617188,	0.07825851440429688
5865901875.0,	0.12455368041992188,	0.0787353515625
5865910000.0,	0.12383651733398438,	0.07697296142578125
5865918125.0,	0.1240386962890625,	0.07696914672851562
5865926250.0,	0.12272262573242188,	0.07599639892578125
5865934375.0,	0.12403106689453125,	0.07916259765625
5865942500.0,	0.12328720092773438,	0.07691192626953125
5865950625.0,	0.12648773193359375,	0.0777130126953125
5865958750.0,	0.12514495849609375,	0.07807159423828125
5865966875.0,	0.12444686889648438,	0.0771331787109375
5865975000.0,	0.12455368041992188,	0.07537841796875
5865983125.0,	0.12250900268554688,	0.07699966430664062
5865991250.0,	0.1256561279296875,	0.0768280029296875
5865999375.0,	0.12653350830078125,	0.07671356201171875
5866007500.0,	0.1243133544921875,	0.07776641845703125
5866015625.0,	0.12532806396484375,	0.07639312744140625
5866023750.0,	0.12404632568359375,	0.07593917846679688
5866031875.0,	0.1245269775390625,	0.07678604125976562
5866040000.0,	0.12564849853515625,	0.07671356201171875
5866048125.0,	0.12668609619140625,	0.07740020751953125
5866056250.0,	0.12548065185546875,	0.07646942138671875
5866064375.0,	0.12516021728515625,	0.075531005859375
5866072500.0,	0.1274871826171875,	0.07617950439453125
5866080625.0,	0.126251220703125,	0.07535552978515625
5866088750.0,	0.1272125244140625,	0.07842254638671875
5866096875.0,	0.12650299072265625,	0.076202392578125
5866105000.0,	0.1257171630859375,	0.07749176025390625
5866113125.0,	0.1267547607421875,	0.07574462890625
5866121250.0,	0.12572479248046875,	0.07604217529296875
5866129375.0,	0.12415313720703125,	0.07581329345703125
5866137500.0,	0.1252593994140625,	0.07563018798828125
5866145625.0,	0.12622833251953125,	0.07697296142578125
5866153750.0,	0.12535858154296875,	0.07277679443359375
5866161875.0,	0.12480926513671875,	0.07628250122070312
5866170000.0,	0.12462615966796875,	0.074615478515625
5866178125.0,	0.1265411376953125,	0.075408935546875
5866186250.0,	0.1257781982421875,	0.07450103759765625
5866194375.0,	0.12549591064453125,	0.07584381103515625
5866202500.0,	0.12604522705078125,	0.07497406005859375
5866210625.0,	0.12470245361328125,	0.07476043701171875
5866218750.0,	0.1271820068359375,	0.0760650634765625
5866226875.0,	0.1265869140625,	0.07353973388671875
5866235000.0,	0.12656402587890625,	0.07396697998046875
5866243125.0,	0.1274261474609375,	0.07379150390625
5866251250.0,	0.12664794921875,	0.07349395751953125
5866259375.0,	0.124847412109375,	0.07340240478515625
5866267500.0,	0.125885009765625,	0.07375335693359375
5866275625.0,	0.1266021728515625,	0.0734405517578125
5866283750.0,	0.12987518310546875,	0.0730743408203125
5866291875.0,	0.1259307861328125,	0.07485198974609375
5866300000.0,	0.12746429443359375,	0.07413482666015625
5866308125.0,	0.12577056884765625,	0.0743255615234375
5866316250.0,	0.12689971923828125,	0.071807861328125
5866324375.0,	0.1273040771484375,	0.0733795166015625
5866332500.0,	0.12779998779296875,	0.07370758056640625
5866340625.0,	0.13002777099609375,	0.0722808837890625
5866348750.0,	0.1259765625,	0.07460784912109375
5866356875.0,	0.12873077392578125,	0.073150634765625
5866365000.0,	0.12722015380859375,	0.0731658935546875
5866373125.0,	0.12512969970703125,	0.0733184814453125
5866381250.0,	0.1288604736328125,	0.07439422607421875
5866389375.0,	0.12664794921875,	0.0700531005859375
5866397500.0,	0.12813568115234375,	0.0692901611328125
5866405625.0,	0.12630462646484375,	0.0719757080078125
5866413750.0,	0.12757110595703125,	0.0720672607421875
5866421875.0,	0.12713623046875,	0.0706939697265625
5866430000.0,	0.12749481201171875,	0.068817138671875
5866438125.0,	0.12808990478515625,	0.07176971435546875
5866446250.0,	0.127655029296875,	0.06920623779296875
5866454375.0,	0.1275787353515625,	0.07149505615234375
5866462500.0,	0.12870025634765625,	0.0702056884765625
5866470625.0,	0.12972259521484375,	0.068267822265625
5866478750.0,	0.12743377685546875,	0.07103729248046875
5866486875.0,	0.1302032470703125,	0.06966400146484375
5866495000.0,	0.12847137451171875,	0.07004547119140625
5866503125.0,	0.12833404541015625,	0.07224273681640625
5866511250.0,	0.1284332275390625,	0.0701141357421875
5866519375.0,	0.12763214111328125,	0.071044921875
5866527500.0,	0.12784576416015625,	0.0689849853515625
5866535625.0,	0.12819671630859375,	0.0703277587890625
5866543750.0,	0.1296539306640625,	0.0686798095703125
5866551875.0,	0.12796783447265625,	0.06969451904296875
5866560000.0,	0.12799835205078125,	0.06960296630859375
5866568125.0,	0.127349853515625,	0.06920623779296875
5866576250.0,	0.129547119140625,	0.07033538818359375
5866584375.0,	0.12918853759765625,	0.07091522216796875
5866592500.0,	0.12939453125,	0.06771087646484375
5866600625.0,	0.1303863525390625,	0.0687408447265625
5866608750.0,	0.12926483154296875,	0.071197509765625
5866616875.0,	0.12911224365234375,	0.06917572021484375
5866625000.0,	0.1305084228515625,	0.06681060791015625
5866633125.0,	0.12938690185546875,	0.067596435546875
5866641250.0,	0.1299591064453125,	0.0682830810546875
5866649375.0,	0.13030242919921875,	0.06807708740234375
5866657500.0,	0.1313934326171875,	0.0662384033203125
5866665625.0,	0.13091278076171875,	0.0660247802734375
5866673750.0,	0.1307373046875,	0.07057952880859375
5866681875.0,	0.13016510009765625,	0.06896209716796875
5866690000.0,	0.12884521484375,	0.0681610107421875
5866698125.0,	0.13082122802734375,	0.06797027587890625
5866706250.0,	0.12938690185546875,	0.06728363037109375
5866714375.0,	0.1308135986328125,	0.0656280517578125
5866722500.0,	0.12835693359375,	0.06775665283203125
5866730625.0,	0.13204193115234375,	0.06514739990234375
5866738750.0,	0.130889892578125,	0.06703948974609375
5866746875.0,	0.130126953125,	0.06685638427734375
5866755000.0,	0.131622314453125,	0.066314697265625
5866763125.0,	0.1290435791015625,	0.0651702880859375
5866771250.0,	0.1315460205078125,	0.06696319580078125
5866779375.0,	0.13239288330078125,	0.065643310546875
5866787500.0,	0.13254547119140625,	0.067047119140625
5866795625.0,	0.13010406494140625,	0.0655059814453125
5866803750.0,	0.130157470703125,	0.0650482177734375
5866811875.0,	0.13144683837890625,	0.06473541259765625
5866820000.0,	0.1314697265625,	0.063720703125
5866828125.0,	0.1315765380859375,	0.065673828125
5866836250.0,	0.13189697265625,	0.06443023681640625
5866844375.0,	0.131927490234375,	0.06551361083984375
5866852500.0,	0.12950897216796875,	0.06275177001953125
5866860625.0,	0.13124847412109375,	0.06240081787109375
5866868750.0,	0.13397216796875,	0.0634765625
5866876875.0,	0.1334686279296875,	0.06395721435546875
5866885000.0,	0.1290740966796875,	0.0642547607421875
5866893125.0,	0.1326141357421875,	0.0647430419921875
5866901250.0,	0.1303558349609375,	0.06427001953125
5866909375.0,	0.13341522216796875,	0.06351470947265625
5866917500.0,	0.13347625732421875,	0.06217193603515625
5866925625.0,	0.1319122314453125,	0.062591552734375
5866933750.0,	0.13190460205078125,	0.063262939453125
5866941875.0,	0.13123321533203125,	0.0635833740234375
5866950000.0,	0.132537841796875,	0.0638580322265625
5866958125.0,	0.13283538818359375,	0.0628814697265625
5866966250.0,	0.1325836181640625,	0.06189727783203125
5866974375.0,	0.13425445556640625,	0.06095123291015625
5866982500.0,	0.12989044189453125,	0.06137847900390625
5866990625.0,	0.1306304931640625,	0.05843353271484375
5866998750.0,	0.1324462890625,	0.0615692138671875
5867006875.0,	0.1331634521484375,	0.06183624267578125
5867015000.0,	0.13323211669921875,	0.05974578857421875
5867023125.0,	0.13307952880859375,	0.06029510498046875
5867031250.0,	0.13204193115234375,	0.0599212646484375
5867039375.0,	0.132476806640625,	0.0592803955078125
5867047500.0,	0.13321685791015625,	0.059173583984375
5867055625.0,	0.1346893310546875,	0.06029510498046875
5867063750.0,	0.13355255126953125,	0.05796051025390625
5867071875.0,	0.13265228271484375,	0.0583648681640625
5867080000.0,	0.13263702392578125,	0.05849456787109375
5867088125.0,	0.13341522216796875,	0.0585784912109375
5867096250.0,	0.1341400146484375,	0.05954742431640625
5867104375.0,	0.1352081298828125,	0.06058502197265625
5867112500.0,	0.134307861328125,	0.0579833984375
5867120625.0,	0.13385772705078125,	0.05721282958984375
5867128750.0,	0.13336944580078125,	0.058319091796875
5867136875.0,	0.13426971435546875,	0.0567626953125
5867145000.0,	0.1345062255859375,	0.05640411376953125
5867153125.0,	0.13274383544921875,	0.05908203125
5867161250.0,	0.13344573974609375,	0.05692291259765625
5867169375.0,	0.132232666015625,	0.056640625
5867177500.0,	0.13555145263671875,	0.0570068359375
5867185625.0,	0.13321685791015625,	0.05621337890625
5867193750.0,	0.1353912353515625,	0.05373382568359375
5867201875.0,	0.13382720947265625,	0.0564422607421875
5867210000.0,	0.1344451904296875,	0.05804443359375
5867218125.0,	0.13205718994140625,	0.05608367919921875
5867226250.0,	0.13421630859375,	0.0543365478515625
5867234375.0,	0.133880615234375,	0.05509185791015625
5867242500.0,	0.13848114013671875,	0.05510711669921875
5867250625.0,	0.1338043212890625,	0.05507659912109375
5867258750.0,	0.13452911376953125,	0.05428314208984375
5867266875.0,	0.133453369140625,	0.05515289306640625
5867275000.0,	0.13761138916015625,	0.05435943603515625
5867283125.0,	0.13602447509765625,	0.05258941650390625
5867291250.0,	0.1337890625,	0.05249786376953125
5867299375.0,	0.13346099853515625,	0.05295562744140625
5867307500.0,	0.13494110107421875,	0.05358123779296875
5867315625.0,	0.13491058349609375,	0.05240631103515625
5867323750.0,	0.135894775390625,	0.0521087646484375
5867331875.0,	0.1352081298828125,	0.05190277099609375
5867340000.0,	0.13593292236328125,	0.0520782470703125
5867348125.0,	0.13428497314453125,	0.05126190185546875
5867356250.0,	0.13558197021484375,	0.0511932373046875
5867364375.0,	0.13393402099609375,	0.0530242919921875
5867372500.0,	0.1338958740234375,	0.05047607421875
5867380625.0,	0.1351318359375,	0.05096435546875
5867388750.0,	0.1354522705078125,	0.04897308349609375
5867396875.0,	0.13547515869140625,	0.05083465576171875
5867405000.0,	0.13431549072265625,	0.04949188232421875
5867413125.0,	0.13384246826171875,	0.05194091796875
5867421250.0,	0.1344146728515625,	0.049896240234375
5867429375.0,	0.13570404052734375,	0.050048828125
5867437500.0,	0.13620758056640625,	0.04898834228515625
5867445625.0,	0.13390350341796875,	0.0498504638671875
5867453750.0,	0.13500213623046875,	0.049835205078125
5867461875.0,	0.1345672607421875,	0.050140380859375
5867470000.0,	0.1336212158203125,	0.04779815673828125
5867478125.0,	0.13379669189453125,	0.0469970703125
5867486250.0,	0.134307861328125,	0.04627227783203125
5867494375.0,	0.13613128662109375,	0.04766845703125
5867502500.0,	0.1339569091796875,	0.04819488525390625
5867510625.0,	0.1348419189453125,	0.04632568359375
5867518750.0,	0.13610076904296875,	0.04692840576171875
5867526875.0,	0.13690948486328125,	0.04671478271484375
5867535000.0,	0.13780975341796875,	0.04425048828125
5867543125.0,	0.1348419189453125,	0.04579925537109375
5867551250.0,	0.13541412353515625,	0.04461669921875
5867559375.0,	0.13669586181640625,	0.04465484619140625
5867567500.0,	0.13665771484375,	0.0451812744140625
5867575625.0,	0.1358489990234375,	0.043853759765625
5867583750.0,	0.137054443359375,	0.04553985595703125
5867591875.0,	0.13545989990234375,	0.04413604736328125
5867600000.0,	0.13552093505859375,	0.04474639892578125
5867608125.0,	0.13381195068359375,	0.04369354248046875
5867616250.0,	0.1385040283203125,	0.04352569580078125
5867624375.0,	0.13535308837890625,	0.04230499267578125
5867632500.0,	0.13680267333984375,	0.0416412353515625
5867640625.0,	0.13361358642578125,	0.0421600341796875
5867648750.0,	0.13579559326171875,	0.0421295166015625
5867656875.0,	0.136810302734375,	0.04000091552734375
5867665000.0,	0.136199951171875,	0.041290283203125
5867673125.0,	0.13512420654296875,	0.042144775390625
5867681250.0,	0.13519287109375,	0.04039764404296875
5867689375.0,	0.1361236572265625,	0.04041290283203125
5867697500.0,	0.13689422607421875,	0.0413665771484375
5867705625.0,	0.13556671142578125,	0.03948974609375
5867713750.0,	0.13698577880859375,	0.04079437255859375
5867721875.0,	0.133148193359375,	0.03815460205078125
5867730000.0,	0.13645172119140625,	0.03946685791015625
5867738125.0,	0.13732147216796875,	0.03864288330078125
5867746250.0,	0.1374969482421875,	0.03943634033203125
5867754375.0,	0.1367034912109375,	0.0374603271484375
5867762500.0,	0.13641357421875,	0.03766632080078125
5867770625.0,	0.1360321044921875,	0.03661346435546875
5867778750.0,	0.13602447509765625,	0.03827667236328125
5867786875.0,	0.13430023193359375,	0.03749847412109375
5867795000.0,	0.135833740234375,	0.036285400390625
5867803125.0,	0.1355133056640625,	0.03748321533203125
5867811250.0,	0.1370697021484375,	0.03680419921875
5867819375.0,	0.13646697998046875,	0.03658294677734375
5867827500.0,	0.13436126708984375,	0.034820556640625
5867835625.0,	0.13690185546875,	0.03704833984375
5867843750.0,	0.1370849609375,	0.034637451171875
5867851875.0,	0.13652801513671875,	0.035797119140625
5867860000.0,	0.1374359130859375,	0.033966064453125
5867868125.0,	0.135162353515625,	0.0335235595703125
5867876250.0,	0.13674163818359375,	0.03343963623046875
5867884375.0,	0.1343231201171875,	0.03272247314453125
5867892500.0,	0.1341094970703125,	0.0323333740234375
5867900625.0,	0.13480377197265625,	0.0329742431640625
5867908750.0,	0.13599395751953125,	0.03205108642578125
5867916875.0,	0.136505126953125,	0.03351593017578125
5867925000.0,	0.13506317138671875,	0.0305023193359375
5867933125.0,	0.13763427734375,	0.03192901611328125
5867941250.0,	0.13535308837890625,	0.032440185546875
5867949375.0,	0.133056640625,	0.03221893310546875
5867957500.0,	0.1386871337890625,	0.0296783447265625
5867965625.0,	0.13393402099609375,	0.0293426513671875
5867973750.0,	0.1330108642578125,	0.029571533203125
5867981875.0,	0.13730621337890625,	0.02971649169921875
5867990000.0,	0.13578033447265625,	0.02828216552734375
5867998125.0,	0.13596343994140625,	0.02796173095703125
5868006250.0,	0.13393402099609375,	0.02880096435546875
5868014375.0,	0.1352691650390625,	0.027313232421875
5868022500.0,	0.1349639892578125,	0.02758026123046875
5868030625.0,	0.1345672607421875,	0.0270233154296875
5868038750.0,	0.1318359375,	0.02779388427734375
5868046875.0,	0.13330841064453125,	0.02667999267578125
5868055000.0,	0.1353912353515625,	0.02696990966796875
5868063125.0,	0.134063720703125,	0.0241851806640625
5868071250.0,	0.135223388671875,	0.02545928955078125
5868079375.0,	0.134429931640625,	0.02435302734375
5868087500.0,	0.1326141357421875,	0.024200439453125
5868095625.0,	0.13166046142578125,	0.0222015380859375
5868103750.0,	0.13370513916015625,	0.02336883544921875
5868111875.0,	0.13364410400390625,	0.02245330810546875
5868120000.0,	0.1317138671875,	0.02263641357421875
5868128125.0,	0.132965087890625,	0.02295684814453125
5868136250.0,	0.13390350341796875,	0.022125244140625
5868144375.0,	0.1352691650390625,	0.02019500732421875
5868152500.0,	0.131744384765625,	0.02126312255859375
5868160625.0,	0.1346893310546875,	0.0198822021484375
5868168750.0,	0.13226318359375,	0.022003173828125
5868176875.0,	0.132781982421875,	0.021636962890625
5868185000.0,	0.135101318359375,	0.0177154541015625
5868193125.0,	0.13327789306640625,	0.0211181640625
5868201250.0,	0.13179779052734375,	0.02176666259765625
5868209375.0,	0.13330841064453125,	0.017852783203125
5868217500.0,	0.1329345703125,	0.017730712890625
5868225625.0,	0.13137054443359375,	0.01938629150390625
5868233750.0,	0.13373565673828125,	0.0169830322265625
5868241875.0,	0.1307830810546875,	0.01674652099609375
5868250000.0,	0.13217926025390625,	0.0186767578125
5868258125.0,	0.1341400146484375,	0.015472412109375
5868266250.0,	0.132110595703125,	0.01653289794921875
5868274375.0,	0.13129425048828125,	0.01662445068359375
5868282500.0,	0.132293701171875,	0.01622772216796875
5868290625.0,	0.13225555419921875,	0.01392364501953125
5868298750.0,	0.1314849853515625,	0.01690673828125
5868306875.0,	0.13405609130859375,	0.014190673828125
5868315000.0,	0.13153839111328125,	0.0127410888671875
5868323125.0,	0.1315460205078125,	0.01163482666015625
5868331250.0,	0.1301727294921875,	0.011993408203125
5868339375.0,	0.13013458251953125,	0.0124053955078125
5868347500.0,	0.12938690185546875,	0.01171875
5868355625.0,	0.13079833984375,	0.0111236572265625
5868363750.0,	0.12957000732421875,	0.01311492919921875
5868371875.0,	0.13111114501953125,	0.010040283203125
5868380000.0,	0.12972259521484375,	0.01206207275390625
5868388125.0,	0.129791259765625,	0.010406494140625
5868396250.0,	0.1302490234375,	0.0081939697265625
5868404375.0,	0.128997802734375,	0.00792694091796875
5868412500.0,	0.12729644775390625,	0.00930023193359375
5868420625.0,	0.1280670166015625,	0.00569915771484375
5868428750.0,	0.12834930419921875,	0.007720947265625
5868436875.0,	0.12728118896484375,	0.00688934326171875
5868445000.0,	0.1260528564453125,	0.00861358642578125
5868453125.0,	0.12943267822265625,	0.00689697265625
5868461250.0,	0.1272430419921875,	0.00637054443359375
5868469375.0,	0.1256866455078125,	0.005462646484375
5868477500.0,	0.1271209716796875,	0.005706787109375
5868485625.0,	0.12511444091796875,	0.00257110595703125
5868493750.0,	0.12639617919921875,	0.004425048828125
5868501875.0,	0.12607574462890625,	0.00318145751953125
5868510000.0,	0.1256256103515625,	0.00295257568359375
5868518125.0,	0.12499618530273438,	0.001201629638671875
5868526250.0,	0.12480926513671875,	0.002758026123046875
5868534375.0,	0.125274658203125,	0.00341796875
5868542500.0,	0.12495040893554688,	0.00141143798828125
5868550625.0,	0.12479400634765625,	0.003448486328125
5868558750.0,	0.12419891357421875,	0.000904083251953125
5868566875.0,	0.12375259399414062,	0.00247955322265625
5868575000.0,	0.1241302490234375,	-0.00091552734375
5868583125.0,	0.12314224243164062,	-0.00091552734375
5868591250.0,	0.12138748168945312,	0.000125885009765625
5868599375.0,	0.12383651733398438,	0.00112152099609375
5868607500.0,	0.12287139892578125,	0.000820159912109375
5868615625.0,	0.12222671508789062,	-0.001964569091796875
5868623750.0,	0.12165451049804688,	-0.002910614013671875
5868631875.0,	0.12248611450195312,	-0.00118255615234375
5868640000.0,	0.12276840209960938,	-0.0015869140625
5868648125.0,	0.11980056762695312,	-0.004093170166015625
5868656250.0,	0.12172317504882812,	-0.003204345703125
5868664375.0,	0.12023162841796875,	-0.0036163330078125
5868672500.0,	0.1191253662109375,	-0.00441741943359375
5868680625.0,	0.1173095703125,	-0.004425048828125
5868688750.0,	0.12092208862304688,	-0.004608154296875
5868696875.0,	0.11785888671875,	-0.007221221923828125
5868705000.0,	0.11764907836914062,	-0.006389617919921875
5868713125.0,	0.1182403564453125,	-0.005889892578125
5868721250.0,	0.11803817749023438,	-0.00681304931640625
5868729375.0,	0.11817550659179688,	-0.0069580078125
5868737500.0,	0.11542510986328125,	-0.007900238037109375
5868745625.0,	0.11717605590820312,	-0.00835418701171875
5868753750.0,	0.1161346435546875,	-0.009807586669921875
5868761875.0,	0.11627197265625,	-0.009067535400390625
5868770000.0,	0.11540603637695312,	-0.009143829345703125
5868778125.0,	0.11260986328125,	-0.009922027587890625
5868786250.0,	0.11371231079101562,	-0.008342742919921875
5868794375.0,	0.11348342895507812,	-0.009159088134765625
5868802500.0,	0.11243820190429688,	-0.009307861328125
5868810625.0,	0.1126708984375,	-0.010501861572265625
5868818750.0,	0.11423110961914062,	-0.01194000244140625
5868826875.0,	0.1128082275390625,	-0.01371002197265625
5868835000.0,	0.11220550537109375,	-0.010883331298828125
5868843125.0,	0.11016464233398438,	-0.0139617919921875
5868851250.0,	0.11058807373046875,	-0.014934539794921875
5868859375.0,	0.10942459106445312,	-0.01494598388671875
5868867500.0,	0.1108856201171875,	-0.01385498046875
5868875625.0,	0.10962677001953125,	-0.015941619873046875
5868883750.0,	0.10818862915039062,	-0.016204833984375
5868891875.0,	0.10982513427734375,	-0.01448822021484375
5868900000.0,	0.10892868041992188,	-0.014492034912109375
5868908125.0,	0.106536865234375,	-0.015499114990234375
5868916250.0,	0.10767745971679688,	-0.0160980224609375
5868924375.0,	0.10818099975585938,	-0.016063690185546875
5868932500.0,	0.10312271118164062,	-0.015369415283203125
5868940625.0,	0.10489273071289062,	-0.01787567138671875
5868948750.0,	0.10333633422851562,	-0.015094757080078125
5868956875.0,	0.10415267944335938,	-0.01959228515625
5868965000.0,	0.10291671752929688,	-0.017292022705078125
5868973125.0,	0.10347366333007812,	-0.01717376708984375
5868981250.0,	0.10385513305664062,	-0.017333984375
5868989375.0,	0.10326766967773438,	-0.017841339111328125
5868997500.0,	0.10196685791015625,	-0.021587371826171875
5869005625.0,	0.10289764404296875,	-0.020206451416015625
5869013750.0,	0.09942626953125,	-0.018070220947265625
5869021875.0,	0.10050582885742188,	-0.0204315185546875
5869030000.0,	0.100341796875,	-0.02071380615234375
5869038125.0,	0.0989227294921875,	-0.0207672119140625
5869046250.0,	0.09931182861328125,	-0.020557403564453125
5869054375.0,	0.0983734130859375,	-0.02083587646484375
5869062500.0,	0.09543991088867188,	-0.02489471435546875
5869070625.0,	0.0978851318359375,	-0.02419281005859375
5869078750.0,	0.09620285034179688,	-0.023365020751953125
5869086875.0,	0.09510421752929688,	-0.02370452880859375
5869095000.0,	0.095001220703125,	-0.02236175537109375
5869103125.0,	0.0967254638671875,	-0.023433685302734375
5869111250.0,	0.09241485595703125,	-0.02504730224609375
5869119375.0,	0.09460830688476562,	-0.0231781005859375
5869127500.0,	0.09177017211914062,	-0.023956298828125
5869135625.0,	0.09155654907226562,	-0.0240020751953125
5869143750.0,	0.09111785888671875,	-0.022045135498046875
5869151875.0,	0.0911102294921875,	-0.02333831787109375
5869160000.0,	0.09010696411132812,	-0.02304840087890625
5869168125.0,	0.09106826782226562,	-0.0247344970703125
5869176250.0,	0.08861923217773438,	-0.02606201171875
5869184375.0,	0.0890655517578125,	-0.02480316162109375
5869192500.0,	0.08635330200195312,	-0.027446746826171875
5869200625.0,	0.08599853515625,	-0.026889801025390625
5869208750.0,	0.08618927001953125,	-0.0260467529296875
5869216875.0,	0.08452606201171875,	-0.02496337890625
5869225000.0,	0.085357666015625,	-0.0258941650390625
5869233125.0,	0.0844268798828125,	-0.028289794921875
5869241250.0,	0.084503173828125,	-0.026317596435546875
5869249375.0,	0.08523941040039062,	-0.0272064208984375
5869257500.0,	0.08266448974609375,	-0.027050018310546875
5869265625.0,	0.08395004272460938,	-0.02516937255859375
5869273750.0,	0.07997512817382812,	-0.02713775634765625
5869281875.0,	0.08135604858398438,	-0.026714324951171875
5869290000.0,	0.0823211669921875,	-0.027248382568359375
5869298125.0,	0.07791519165039062,	-0.02739715576171875
5869306250.0,	0.07891845703125,	-0.0290985107421875
5869314375.0,	0.0781402587890625,	-0.02725982666015625
5869322500.0,	0.076324462890625,	-0.02678680419921875
5869330625.0,	0.07770156860351562,	-0.028995513916015625
5869338750.0,	0.07642364501953125,	-0.027278900146484375
5869346875.0,	0.07311630249023438,	-0.028125762939453125
5869355000.0,	0.0729217529296875,	-0.030792236328125
5869363125.0,	0.07301712036132812,	-0.028167724609375
5869371250.0,	0.07380294799804688,	-0.030651092529296875
5869379375.0,	0.07416915893554688,	-0.027721405029296875
5869387500.0,	0.073822021484375,	-0.029254913330078125
5869395625.0,	0.07371139526367188,	-0.02587890625
5869403750.0,	0.06985855102539062,	-0.026092529296875
5869411875.0,	0.0688018798828125,	-0.0294952392578125
5869420000.0,	0.06840896606445312,	-0.0265655517578125
5869428125.0,	0.06749725341796875,	-0.02977752685546875
5869436250.0,	0.06859207153320312,	-0.026828765869140625
5869444375.0,	0.06695175170898438,	-0.026569366455078125
5869452500.0,	0.06597900390625,	-0.026523590087890625
5869460625.0,	0.06647491455078125,	-0.028606414794921875
5869468750.0,	0.06662368774414062,	-0.02838134765625
5869476875.0,	0.0644073486328125,	-0.027523040771484375
5869485000.0,	0.0664520263671875,	-0.029186248779296875
5869493125.0,	0.0638580322265625,	-0.0281524658203125
5869501250.0,	0.06195068359375,	-0.028894424438476562
5869509375.0,	0.06267547607421875,	-0.0284881591796875
5869517500.0,	0.062046051025390625,	-0.02803802490234375
5869525625.0,	0.06029319763183594,	-0.029619216918945312
5869533750.0,	0.058563232421875,	-0.028110504150390625
5869541875.0,	0.05834197998046875,	-0.027860641479492188
5869550000.0,	0.05743980407714844,	-0.026979446411132812
5869558125.0,	0.06036376953125,	-0.028566360473632812
5869566250.0,	0.055995941162109375,	-0.024129867553710938
5869574375.0,	0.05611991882324219,	-0.027650833129882812
5869582500.0,	0.05600166320800781,	-0.02555084228515625
5869590625.0,	0.05504035949707031,	-0.0250091552734375
5869598750.0,	0.055202484130859375,	-0.027080535888671875
5869606875.0,	0.05255317687988281,	-0.026218414306640625
5869615000.0,	0.05401611328125,	-0.026348114013671875
5869623125.0,	0.05389595031738281,	-0.026456832885742188
5869631250.0,	0.05267524719238281,	-0.025819778442382812
5869639375.0,	0.05095481872558594,	-0.027681350708007812
5869647500.0,	0.050140380859375,	-0.02510833740234375
5869655625.0,	0.04818534851074219,	-0.025867462158203125
5869663750.0,	0.04931831359863281,	-0.027141571044921875
5869671875.0,	0.048980712890625,	-0.025928497314453125
5869680000.0,	0.04836463928222656,	-0.024225234985351562
5869688125.0,	0.04775238037109375,	-0.02457427978515625
5869696250.0,	0.04421043395996094,	-0.025157928466796875
5869704375.0,	0.04428672790527344,	-0.023748397827148438
5869712500.0,	0.04615211486816406,	-0.025438308715820312
5869720625.0,	0.045490264892578125,	-0.025892257690429688
5869728750.0,	0.04350471496582031,	-0.022655487060546875
5869736875.0,	0.0450592041015625,	-0.02484893798828125
5869745000.0,	0.04158782958984375,	-0.023151397705078125
5869753125.0,	0.041229248046875,	-0.022443771362304688
5869761250.0,	0.041072845458984375,	-0.022401809692382812
5869769375.0,	0.04031181335449219,	-0.02277374267578125
5869777500.0,	0.03963661193847656,	-0.0225982666015625
5869785625.0,	0.039821624755859375,	-0.021404266357421875
5869793750.0,	0.03864479064941406,	-0.022413253784179688
5869801875.0,	0.03765296936035156,	-0.021051406860351562
5869810000.0,	0.0363922119140625,	-0.0209808349609375
5869818125.0,	0.03830146789550781,	-0.02088165283203125
5869826250.0,	0.037242889404296875,	-0.022676467895507812
5869834375.0,	0.03550529479980469,	-0.020433425903320312
5869842500.0,	0.034618377685546875,	-0.020307540893554688
5869850625.0,	0.03455352783203125,	-0.021139144897460938
5869858750.0,	0.034984588623046875,	-0.018663406372070312
5869866875.0,	0.03352165222167969,	-0.016754150390625
5869875000.0,	0.03513336181640625,	-0.02001953125
5869883125.0,	0.0325164794921875,	-0.019453048706054688
5869891250.0,	0.03196525573730469,	-0.016813278198242188
5869899375.0,	0.03283500671386719,	-0.017198562622070312
5869907500.0,	0.030092239379882812,	-0.014254570007324219
5869915625.0,	0.03125762939453125,	-0.017719268798828125
5869923750.0,	0.02971935272216797,	-0.016248703002929688
5869931875.0,	0.030504226684570312,	-0.016485214233398438
5869940000.0,	0.03237152099609375,	-0.015974044799804688
5869948125.0,	0.02843952178955078,	-0.015428543090820312
5869956250.0,	0.028550148010253906,	-0.014813423156738281
5869964375.0,	0.02808380126953125,	-0.013048171997070312
5869972500.0,	0.02634906768798828,	-0.014619827270507812
5869980625.0,	0.026129722595214844,	-0.012890815734863281
5869988750.0,	0.02631855010986328,	-0.015001296997070312
5869996875.0,	0.025583267211914062,	-0.013811111450195312
5870005000.0,	0.027835845947265625,	-0.0136260986328125
5870013125.0,	0.02485179901123047,	-0.013457298278808594
5870021250.0,	0.023215293884277344,	-0.011753082275390625
5870029375.0,	0.025481224060058594,	-0.012052536010742188
5870037500.0,	0.023322105407714844,	-0.012200355529785156
5870045625.0,	0.022667884826660156,	-0.011041641235351562
5870053750.0,	0.02129077911376953,	-0.01297760009765625
5870061875.0,	0.021773338317871094,	-0.00958251953125
5870070000.0,	0.023508071899414062,	-0.01027679443359375
5870078125.0,	0.021802902221679688,	-0.009857177734375
5870086250.0,	0.021080970764160156,	-0.0075092315673828125
5870094375.0,	0.020641326904296875,	-0.011074066162109375
5870102500.0,	0.017309188842773438,	-0.008825302124023438
5870110625.0,	0.019367218017578125,	-0.007458686828613281
5870118750.0,	0.01899242401123047,	-0.007231712341308594
5870126875.0,	0.017520904541015625,	-0.006316184997558594
5870135000.0,	0.018724441528320312,	-0.006717681884765625
5870143125.0,	0.018255233764648438,	-0.0060825347900390625
5870151250.0,	0.018281936645507812,	-0.005522727966308594
5870159375.0,	0.018390655517578125,	-0.00469207763671875
5870167500.0,	0.01665019989013672,	-0.0062885284423828125
5870175625.0,	0.01594257354736328,	-0.005603790283203125
5870183750.0,	0.015141963958740234,	-0.0021948814392089844
5870191875.0,	0.018029212951660156,	-0.0034122467041015625
5870200000.0,	0.015379905700683594,	-0.0036635398864746094
5870208125.0,	0.01313924789428711,	-0.003112316131591797
5870216250.0,	0.013732433319091797,	-0.0008358955383300781
5870224375.0,	0.01331949234008789,	-0.0023326873779296875
5870232500.0,	0.013072967529296875,	-0.002113819122314453
5870240625.0,	0.01344919204711914,	-0.0012021064758300781
5870248750.0,	0.01279306411743164,	-0.0010118484497070312
5870256875.0,	0.01300954818725586,	-0.0005650520324707031
5870265000.0,	0.013832569122314453,	-0.0002646446228027344
5870273125.0,	0.011635303497314453,	-0.000133514404296875
5870281250.0,	0.012063980102539062,	0.0017676353454589844
5870289375.0,	0.011972427368164062,	0.0036334991455078125
5870297500.0,	0.01199483871459961,	0.0012450218200683594
5870305625.0,	0.009518146514892578,	0.0010905265808105469
5870313750.0,	0.011357307434082031,	0.005773067474365234
5870321875.0,	0.0110015869140625,	0.005649089813232422
5870330000.0,	0.00854349136352539,	0.005529880523681641
5870338125.0,	0.008647918701171875,	0.004725456237792969
5870346250.0,	0.008519172668457031,	0.004324436187744141
5870354375.0,	0.009012699127197266,	0.005097866058349609
5870362500.0,	0.009179115295410156,	0.004637241363525391
5870370625.0,	0.00936746597290039,	0.0062198638916015625
5870378750.0,	0.009766101837158203,	0.007827281951904297
5870386875.0,	0.009557247161865234,	0.008639335632324219
5870395000.0,	0.007419109344482422,	0.009291648864746094
5870403125.0,	0.010252952575683594,	0.008708477020263672
5870411250.0,	0.00742340087890625,	0.010851383209228516
5870419375.0,	0.009154319763183594,	0.010750293731689453
5870427500.0,	0.0071926116943359375,	0.00836324691772461
5870435625.0,	0.006906986236572266,	0.009897708892822266
5870443750.0,	0.008068561553955078,	0.008768558502197266
5870451875.0,	0.006112098693847656,	0.01035928726196289
5870460000.0,	0.006556987762451172,	0.012346744537353516
5870468125.0,	0.005122661590576172,	0.011777400970458984
5870476250.0,	0.006012439727783203,	0.013470649719238281
5870484375.0,	0.0060596466064453125,	0.011204242706298828
5870492500.0,	0.003991603851318359,	0.01310110092163086
5870500625.0,	0.005547523498535156,	0.01383209228515625
5870508750.0,	0.004677295684814453,	0.013085365295410156
5870516875.0,	0.0039615631103515625,	0.013982295989990234
5870525000.0,	0.003426074981689453,	0.01549673080444336
5870533125.0,	0.004429817199707031,	0.016366004943847656
5870541250.0,	0.007534980773925781,	0.01662731170654297
5870549375.0,	0.006755828857421875,	0.015819549560546875
5870557500.0,	0.0052852630615234375,	0.017927169799804688
5870565625.0,	0.0047702789306640625,	0.01840496063232422
5870573750.0,	0.0050506591796875,	0.017800331115722656
5870581875.0,	0.0028524398803710938,	0.01910877227783203
5870590000.0,	0.004525184631347656,	0.018708229064941406
5870598125.0,	0.00212860107421875,	0.019308090209960938
5870606250.0,	0.0038614273071289062,	0.018983840942382812
5870614375.0,	0.0036096572875976562,	0.021566390991210938
5870622500.0,	0.0021038055419921875,	0.020488739013671875
5870630625.0,	0.0017375946044921875,	0.0198822021484375
5870638750.0,	0.0044841766357421875,	0.021883010864257812
5870646875.0,	0.0029277801513671875,	0.02064990997314453
5870655000.0,	0.0030994415283203125,	0.022072792053222656
5870663125.0,	0.002475738525390625,	0.023311614990234375
5870671250.0,	0.0027456283569335938,	0.02258586883544922
5870679375.0,	0.0005588531494140625,	0.02260589599609375
5870687500.0,	0.0023212432861328125,	0.024568557739257812
5870695625.0,	0.0014362335205078125,	0.025270462036132812
5870703750.0,	0.0031862258911132812,	0.02521800994873047
5870711875.0,	0.0021343231201171875,	0.02678394317626953
5870720000.0,	0.0043964385986328125,	0.02280426025390625
5870728125.0,	0.0029954910278320312,	0.025379180908203125
5870736250.0,	0.0012464523315429688,	0.02715301513671875
5870744375.0,	0.00093841552734375,	0.025429725646972656
5870752500.0,	0.0010585784912109375,	0.027158737182617188
5870760625.0,	0.000728607177734375,	0.02595996856689453
5870768750.0,	-0.0003986358642578125,	0.02814960479736328
5870776875.0,	0.0018415451049804688,	0.02781200408935547
5870785000.0,	0.0005979537963867188,	0.02942180633544922
5870793125.0,	0.0012865066528320312,	0.03015422821044922
5870801250.0,	0.0022592544555664062,	0.027243614196777344
5870809375.0,	0.000446319580078125,	0.029443740844726562
5870817500.0,	0.0035123825073242188,	0.03006744384765625
5870825625.0,	0.0002689361572265625,	0.030516624450683594
5870833750.0,	0.0004596710205078125,	0.03155326843261719
5870841875.0,	-0.0001163482666015625,	0.032268524169921875
5870850000.0,	-0.000225067138671875,	0.03167724609375
5870858125.0,	0.0008449554443359375,	0.0319671630859375
5870866250.0,	0.001007080078125,	0.03450965881347656
5870874375.0,	0.0004730224609375,	0.035747528076171875
5870882500.0,	0.000621795654296875,	0.03479766845703125
5870890625.0,	-0.001697540283203125,	0.03423118591308594
5870898750.0,	0.0010833740234375,	0.03322601318359375
5870906875.0,	-0.0012340545654296875,	0.03561210632324219
5870915000.0,	0.0005512237548828125,	0.03503608703613281
5870923125.0,	0.00045013427734375,	0.03474617004394531
5870931250.0,	0.000579833984375,	0.0357208251953125
5870939375.0,	-0.000461578369140625,	0.03677558898925781
5870947500.0,	-0.000141143798828125,	0.03788948059082031
5870955625.0,	-0.0013904571533203125,	0.03836631774902344
5870963750.0,	-0.001346588134765625,	0.038791656494140625
5870971875.0,	0.000423431396484375,	0.03751564025878906
5870980000.0,	0.000640869140625,	0.037830352783203125
5870988125.0,	-0.0004119873046875,	0.03713417053222656
5870996250.0,	0.0009479522705078125,	0.03857231140136719
5871004375.0,	0.0001468658447265625,	0.03862762451171875
5871012500.0,	0.001556396484375,	0.03868293762207031
5871020625.0,	-0.0001068115234375,	0.04013824462890625
5871028750.0,	0.0018672943115234375,	0.04059791564941406
5871036875.0,	-0.0002307891845703125,	0.03973960876464844
5871045000.0,	0.0006465911865234375,	0.042724609375
5871053125.0,	-0.0001010894775390625,	0.04326820373535156
5871061250.0,	-0.000446319580078125,	0.043609619140625
5871069375.0,	-0.000728607177734375,	0.04203033447265625
5871077500.0,	0.0010318756103515625,	0.04354667663574219
5871085625.0,	0.0004024505615234375,	0.03997802734375
5871093750.0,	0.0005245208740234375,	0.041767120361328125
5871101875.0,	0.0002155303955078125,	0.04525184631347656
5871110000.0,	0.000156402587890625,	0.0462799072265625
5871118125.0,	0.001972198486328125,	0.0438995361328125
5871126250.0,	-0.0001468658447265625,	0.045063018798828125
5871134375.0,	0.0002841949462890625,	0.04663848876953125
5871142500.0,	-0.000881195068359375,	0.043804168701171875
5871150625.0,	-0.0002765655517578125,	0.044452667236328125
5871158750.0,	-0.000461578369140625,	0.04496574401855469
5871166875.0,	0.0004482269287109375,	0.0443878173828125
5871175000.0,	0.0013561248779296875,	0.046234130859375
5871183125.0,	0.001544952392578125,	0.04715728759765625
5871191250.0,	-0.002635955810546875,	0.04804801940917969
5871199375.0,	0.0013484954833984375,	0.04821014404296875
5871207500.0,	0.001708984375,	0.04590034484863281
5871215625.0,	0.0009174346923828125,	0.050323486328125
5871223750.0,	0.0007648468017578125,	0.04778480529785156
5871231875.0,	0.0022220611572265625,	0.04982185363769531
5871240000.0,	0.000335693359375,	0.04956817626953125
5871248125.0,	0.001613616943359375,	0.04875946044921875
5871256250.0,	0.0015506744384765625,	0.05060005187988281
5871264375.0,	0.000324249267578125,	0.05011177062988281
5871272500.0,	0.0018310546875,	0.051288604736328125
5871280625.0,	0.0018291473388671875,	0.052082061767578125
5871288750.0,	0.0014209747314453125,	0.050807952880859375
5871296875.0,	4.38690185546875e-05,	0.05098724365234375
5871305000.0,	0.0015277862548828125,	0.05271339416503906
5871313125.0,	0.0020465850830078125,	0.04998779296875
5871321250.0,	0.000644683837890625,	0.052639007568359375
5871329375.0,	0.0017147064208984375,	0.0541534423828125
5871337500.0,	-3.4332275390625e-05,	0.051586151123046875
5871345625.0,	-0.0007495880126953125,	0.05388450622558594
5871353750.0,	-0.0004673004150390625,	0.05378913879394531
5871361875.0,	0.0024089813232421875,	0.052982330322265625
5871370000.0,	0.0012264251708984375,	0.05457305908203125
5871378125.0,	0.0032444000244140625,	0.052730560302734375
5871386250.0,	-0.000774383544921875,	0.05299568176269531
5871394375.0,	0.00153350830078125,	0.05387306213378906
5871402500.0,	0.0018711090087890625,	0.056102752685546875
5871410625.0,	0.003925323486328125,	0.05623817443847656
5871418750.0,	0.0020465850830078125,	0.05583381652832031
5871426875.0,	0.00180816650390625,	0.05672454833984375
5871435000.0,	0.002704620361328125,	0.05469512939453125
5871443125.0,	0.003490447998046875,	0.0570068359375
5871451250.0,	0.00269317626953125,	0.056396484375
5871459375.0,	0.0017108917236328125,	0.056934356689453125
5871467500.0,	0.00174713134765625,	0.0558929443359375
5871475625.0,	0.003978729248046875,	0.05945587158203125
5871483750.0,	0.0037403106689453125,	0.05622291564941406
5871491875.0,	0.003108978271484375,	0.05963134765625
5871500000.0,	0.002712249755859375,	0.0595550537109375
5871508125.0,	0.0044307708740234375,	0.06155586242675781
5871516250.0,	0.0042667388916015625,	0.06015777587890625
5871524375.0,	0.0028553009033203125,	0.05963897705078125
5871532500.0,	0.00380706787109375,	0.06081199645996094
5871540625.0,	0.001361846923828125,	0.05965423583984375
5871548750.0,	0.0037822723388671875,	0.06099128723144531
5871556875.0,	0.0026874542236328125,	0.05882835388183594
5871565000.0,	0.002155303955078125,	0.06412506103515625
5871573125.0,	0.0013484954833984375,	0.06029319763183594
5871581250.0,	0.0045928955078125,	0.06261825561523438
5871589375.0,	0.0054798126220703125,	0.061161041259765625
5871597500.0,	0.00348663330078125,	0.06206512451171875
5871605625.0,	0.005626678466796875,	0.06287002563476562
5871613750.0,	0.00290679931640625,	0.06235313415527344
5871621875.0,	0.002910614013671875,	0.06173133850097656
5871630000.0,	0.005046844482421875,	0.0629730224609375
5871638125.0,	0.0056400299072265625,	0.061756134033203125
5871646250.0,	0.003936767578125,	0.06184959411621094
5871654375.0,	0.00315093994140625,	0.06549835205078125
5871662500.0,	0.00330352783203125,	0.06394577026367188
5871670625.0,	0.004177093505859375,	0.064697265625
5871678750.0,	0.00580596923828125,	0.06260299682617188
5871686875.0,	0.003559112548828125,	0.06264114379882812
5871695000.0,	0.00481414794921875,	0.0638885498046875
5871703125.0,	0.0024871826171875,	0.0631561279296875
5871711250.0,	0.004528045654296875,	0.06437301635742188
5871719375.0,	0.0043163299560546875,	0.06132316589355469
5871727500.0,	0.0054931640625,	0.06365966796875
5871735625.0,	0.005908966064453125,	0.06655120849609375
5871743750.0,	0.003078460693359375,	0.06494522094726562
5871751875.0,	0.00547027587890625,	0.06523513793945312
5871760000.0,	0.00435638427734375,	0.06747817993164062
5871768125.0,	0.00412750244140625,	0.06604385375976562
5871776250.0,	0.006378173828125,	0.06633377075195312
5871784375.0,	0.00324249267578125,	0.06808090209960938
5871792500.0,	0.004547119140625,	0.066314697265625
5871800625.0,	0.003444671630859375,	0.06653976440429688
5871808750.0,	0.005954742431640625,	0.0666656494140625
5871816875.0,	0.00795745849609375,	0.06463241577148438
5871825000.0,	0.006946563720703125,	0.06766891479492188
5871833125.0,	0.006092071533203125,	0.0665740966796875
5871841250.0,	0.004581451416015625,	0.06935882568359375
5871849375.0,	0.00445556640625,	0.06784820556640625
5871857500.0,	0.0066375732421875,	0.06917190551757812
5871865625.0,	0.005649566650390625,	0.06754684448242188
5871873750.0,	0.005306243896484375,	0.06939697265625
5871881875.0,	0.00390625,	0.06903839111328125
5871890000.0,	0.007884979248046875,	0.07080078125
5871898125.0,	0.005619049072265625,	0.06959152221679688
5871906250.0,	0.004711151123046875,	0.06943893432617188
5871914375.0,	0.0084381103515625,	0.0688018798828125
5871922500.0,	0.008983612060546875,	0.07000732421875
5871930625.0,	0.009502410888671875,	0.0682220458984375
5871938750.0,	0.00493621826171875,	0.06858444213867188
5871946875.0,	0.00627899169921875,	0.07166671752929688
5871955000.0,	0.006992340087890625,	0.07051467895507812
5871963125.0,	0.009723663330078125,	0.07088470458984375
5871971250.0,	0.008655548095703125,	0.070648193359375
5871979375.0,	0.0061798095703125,	0.06976318359375
5871987500.0,	0.00885009765625,	0.07204055786132812
5871995625.0,	0.00788116455078125,	0.07109451293945312
5872003750.0,	0.009494781494140625,	0.07202529907226562
5872011875.0,	0.008617401123046875,	0.07071685791015625
5872020000.0,	0.007595062255859375,	0.07329177856445312
5872028125.0,	0.007480621337890625,	0.07115936279296875
5872036250.0,	0.00870513916015625,	0.07308578491210938
5872044375.0,	0.00897979736328125,	0.06923294067382812
5872052500.0,	0.0082244873046875,	0.07318496704101562
5872060625.0,	0.008945465087890625,	0.0715484619140625
5872068750.0,	0.00917816162109375,	0.07482147216796875
5872076875.0,	0.011302947998046875,	0.07194137573242188
5872085000.0,	0.008853912353515625,	0.07291412353515625
5872093125.0,	0.009304046630859375,	0.076446533203125
5872101250.0,	0.010173797607421875,	0.07509994506835938
5872109375.0,	0.01016998291015625,	0.07562255859375
5872117500.0,	0.008045196533203125,	0.07341766357421875
5872125625.0,	0.00925445556640625,	0.07367324829101562
5872133750.0,	0.00948333740234375,	0.07358169555664062
5872141875.0,	0.009998321533203125,	0.07445907592773438
5872150000.0,	0.010040283203125,	0.07660675048828125
5872158125.0,	0.010562896728515625,	0.07600784301757812
5872166250.0,	0.01160430908203125,	0.07827377319335938
5872174375.0,	0.009765625,	0.07457733154296875
5872182500.0,	0.010799407958984375,	0.07515335083007812
5872190625.0,	0.010883331298828125,	0.07475662231445312
5872198750.0,	0.009189605712890625,	0.07573699951171875
5872206875.0,	0.0096588134765625,	0.07675552368164062
5872215000.0,	0.009410858154296875,	0.07607650756835938
5872223125.0,	0.011867523193359375,	0.07752227783203125
5872231250.0,	0.011020660400390625,	0.07594680786132812
5872239375.0,	0.00948333740234375,	0.07666778564453125
5872247500.0,	0.011226654052734375,	0.07593917846679688
5872255625.0,	0.01016998291015625,	0.07666778564453125
5872263750.0,	0.011775970458984375,	0.07788467407226562
5872271875.0,	0.011211395263671875,	0.07843780517578125
5872280000.0,	0.011455535888671875,	0.0767669677734375
5872288125.0,	0.011444091796875,	0.0768585205078125
5872296250.0,	0.01332855224609375,	0.07612991333007812
5872304375.0,	0.01216888427734375,	0.0777740478515625
5872312500.0,	0.008808135986328125,	0.07783889770507812
5872320625.0,	0.0126800537109375,	0.07872390747070312
5872328750.0,	0.01035308837890625,	0.07591629028320312
5872336875.0,	0.009990692138671875,	0.07649612426757812
5872345000.0,	0.01306915283203125,	0.07757568359375
5872353125.0,	0.011425018310546875,	0.07694244384765625
5872361250.0,	0.0116119384765625,	0.08110809326171875
5872369375.0,	0.0124664306640625,	0.07827377319335938
5872377500.0,	0.01113128662109375,	0.07886505126953125
5872385625.0,	0.013004302978515625,	0.0785064697265625
5872393750.0,	0.011932373046875,	0.0802764892578125
5872401875.0,	0.010707855224609375,	0.07695388793945312
5872410000.0,	0.01171112060546875,	0.07828521728515625
5872418125.0,	0.01251983642578125,	0.08039474487304688
5872426250.0,	0.014240264892578125,	0.07983016967773438
5872434375.0,	0.010982513427734375,	0.07978057861328125
5872442500.0,	0.01352691650390625,	0.0815277099609375
5872450625.0,	0.012691497802734375,	0.08071517944335938
5872458750.0,	0.012996673583984375,	0.0796966552734375
5872466875.0,	0.01206207275390625,	0.08032989501953125
5872475000.0,	0.01380157470703125,	0.08002090454101562
5872483125.0,	0.0124664306640625,	0.07887649536132812
5872491250.0,	0.012897491455078125,	0.08135986328125
5872499375.0,	0.013248443603515625,	0.0819091796875
5872507500.0,	0.014438629150390625,	0.081451416015625
5872515625.0,	0.011806488037109375,	0.08259201049804688
5872523750.0,	0.01465606689453125,	0.07986068725585938
5872531875.0,	0.014801025390625,	0.08264541625976562
5872540000.0,	0.01589202880859375,	0.0804290771484375
5872548125.0,	0.01357269287109375,	0.08380126953125
5872556250.0,	0.014644622802734375,	0.08193206787109375
5872564375.0,	0.0122833251953125,	0.07905197143554688
5872572500.0,	0.013263702392578125,	0.082061767578125
5872580625.0,	0.013275146484375,	0.0818939208984375
5872588750.0,	0.01717376708984375,	0.08349227905273438
5872596875.0,	0.01398468017578125,	0.08426666259765625
5872605000.0,	0.013996124267578125,	0.08213043212890625
5872613125.0,	0.016468048095703125,	0.084625244140625
5872621250.0,	0.01342010498046875,	0.0835418701171875
5872629375.0,	0.0128021240234375,	0.08166122436523438
5872637500.0,	0.013195037841796875,	0.08275604248046875
5872645625.0,	0.01572418212890625,	0.08270263671875
5872653750.0,	0.01432037353515625,	0.08338546752929688
5872661875.0,	0.01416778564453125,	0.08344650268554688
5872670000.0,	0.01558685302734375,	0.08406829833984375
5872678125.0,	0.015716552734375,	0.08596420288085938
5872686250.0,	0.01576995849609375,	0.08580780029296875
5872694375.0,	0.015697479248046875,	0.0830841064453125
5872702500.0,	0.0152587890625,	0.08273696899414062
5872710625.0,	0.014263153076171875,	0.08248519897460938
5872718750.0,	0.0164337158203125,	0.08308792114257812
5872726875.0,	0.014156341552734375,	0.08496856689453125
5872735000.0,	0.01648712158203125,	0.084381103515625
5872743125.0,	0.01911163330078125,	0.08489990234375
5872751250.0,	0.017242431640625,	0.08515167236328125
5872759375.0,	0.018093109130859375,	0.08448028564453125
5872767500.0,	0.015625,	0.08692169189453125
5872775625.0,	0.0167694091796875,	0.08282852172851562
5872783750.0,	0.01674652099609375,	0.08425521850585938
5872791875.0,	0.01648712158203125,	0.08522415161132812
5872800000.0,	0.0169525146484375,	0.08592605590820312
5872808125.0,	0.014923095703125,	0.0848846435546875
5872816250.0,	0.0171356201171875,	0.08593368530273438
5872824375.0,	0.016864776611328125,	0.08734512329101562
5872832500.0,	0.0171661376953125,	0.085418701171875
5872840625.0,	0.01763916015625,	0.08365249633789062
5872848750.0,	0.017017364501953125,	0.08610153198242188
5872856875.0,	0.017597198486328125,	0.085906982421875
5872865000.0,	0.016666412353515625,	0.08514404296875
5872873125.0,	0.0181884765625,	0.0872039794921875
5872881250.0,	0.017345428466796875,	0.085662841796875
5872889375.0,	0.01558685302734375,	0.086151123046875
5872897500.0,	0.019336700439453125,	0.08571624755859375
5872905625.0,	0.01995849609375,	0.08478164672851562
5872913750.0,	0.018627166748046875,	0.0854949951171875
5872921875.0,	0.016998291015625,	0.08760833740234375
5872930000.0,	0.01923370361328125,	0.08673858642578125
5872938125.0,	0.0173492431640625,	0.08625411987304688
5872946250.0,	0.018016815185546875,	0.08745574951171875
5872954375.0,	0.01910400390625,	0.08817291259765625
5872962500.0,	0.01973724365234375,	0.08834457397460938
5872970625.0,	0.017986297607421875,	0.08655166625976562
5872978750.0,	0.0180206298828125,	0.08853530883789062
5872986875.0,	0.018955230712890625,	0.08823776245117188
5872995000.0,	0.020473480224609375,	0.08628082275390625
5873003125.0,	0.0194549560546875,	0.08788681030273438
5873011250.0,	0.019489288330078125,	0.08794403076171875
5873019375.0,	0.015949249267578125,	0.0894622802734375
5873027500.0,	0.0197601318359375,	0.08787155151367188
5873035625.0,	0.018268585205078125,	0.08721160888671875
5873043750.0,	0.020294189453125,	0.08691024780273438
5873051875.0,	0.021728515625,	0.08602523803710938
5873060000.0,	0.019016265869140625,	0.08967971801757812
5873068125.0,	0.01983642578125,	0.08907318115234375
5873076250.0,	0.021251678466796875,	0.08697891235351562
5873084375.0,	0.019527435302734375,	0.08528518676757812
5873092500.0,	0.021236419677734375,	0.08733749389648438
5873100625.0,	0.018985748291015625,	0.08971786499023438
5873108750.0,	0.02152252197265625,	0.09090423583984375
5873116875.0,	0.02001953125,	0.08869552612304688
5873125000.0,	0.0216522216796875,	0.087921142578125
5873133125.0,	0.019939422607421875,	0.0894927978515625
5873141250.0,	0.01983642578125,	0.08692169189453125
5873149375.0,	0.021404266357421875,	0.08834075927734375
5873157500.0,	0.02178955078125,	0.08801651000976562
5873165625.0,	0.019115447998046875,	0.08814620971679688
5873173750.0,	0.02062225341796875,	0.0900115966796875
5873181875.0,	0.019550323486328125,	0.09077072143554688
5873190000.0,	0.020915985107421875,	0.0879974365234375
5873198125.0,	0.02011871337890625,	0.0880889892578125
5873206250.0,	0.019191741943359375,	0.09012985229492188
5873214375.0,	0.021739959716796875,	0.088287353515625
5873222500.0,	0.01984405517578125,	0.08932876586914062
5873230625.0,	0.019481658935546875,	0.087615966796875
5873238750.0,	0.0223541259765625,	0.08946609497070312
5873246875.0,	0.020114898681640625,	0.08995437622070312
5873255000.0,	0.01827239990234375,	0.08971405029296875
5873263125.0,	0.021694183349609375,	0.089752197265625
5873271250.0,	0.020084381103515625,	0.09040069580078125
5873279375.0,	0.023143768310546875,	0.09080886840820312
5873287500.0,	0.020748138427734375,	0.09097671508789062
5873295625.0,	0.022796630859375,	0.09002685546875
5873303750.0,	0.02204132080078125,	0.089569091796875
5873311875.0,	0.022960662841796875,	0.08938980102539062
5873320000.0,	0.02362060546875,	0.09080123901367188
5873328125.0,	0.02062225341796875,	0.09238052368164062
5873336250.0,	0.02210235595703125,	0.09008026123046875
5873344375.0,	0.02127838134765625,	0.0930328369140625
5873352500.0,	0.020595550537109375,	0.09178543090820312
5873360625.0,	0.02239990234375,	0.08875656127929688
5873368750.0,	0.020679473876953125,	0.09070968627929688
5873376875.0,	0.021450042724609375,	0.09126663208007812
5873385000.0,	0.0215606689453125,	0.09307098388671875
5873393125.0,	0.022510528564453125,	0.09090423583984375
5873401250.0,	0.022518157958984375,	0.09146499633789062
5873409375.0,	0.022495269775390625,	0.09194564819335938
5873417500.0,	0.022182464599609375,	0.09453201293945312
5873425625.0,	0.022403717041015625,	0.09172821044921875
5873433750.0,	0.0224761962890625,	0.09171295166015625
5873441875.0,	0.022350311279296875,	0.08979415893554688
5873450000.0,	0.023529052734375,	0.09216690063476562
5873458125.0,	0.024852752685546875,	0.09212875366210938
5873466250.0,	0.021205902099609375,	0.09223175048828125
5873474375.0,	0.022991180419921875,	0.09152984619140625
5873482500.0,	0.024036407470703125,	0.09266281127929688
5873490625.0,	0.023006439208984375,	0.09286880493164062
5873498750.0,	0.02342987060546875,	0.09203720092773438
5873506875.0,	0.02548980712890625,	0.09238433837890625
5873515000.0,	0.0232086181640625,	0.0922698974609375
5873523125.0,	0.023677825927734375,	0.09292984008789062
5873531250.0,	0.024654388427734375,	0.09371185302734375
5873539375.0,	0.024463653564453125,	0.09334564208984375
5873547500.0,	0.02657318115234375,	0.0934295654296875
5873555625.0,	0.025051116943359375,	0.09396743774414062
5873563750.0,	0.024486541748046875,	0.09419631958007812
5873571875.0,	0.024547576904296875,	0.09143447875976562
5873580000.0,	0.024871826171875,	0.0916595458984375
5873588125.0,	0.023441314697265625,	0.09199142456054688
5873596250.0,	0.023876190185546875,	0.09235763549804688
5873604375.0,	0.0238037109375,	0.09292221069335938
5873612500.0,	0.02585601806640625,	0.09291458129882812
5873620625.0,	0.023647308349609375,	0.09400558471679688
5873628750.0,	0.025180816650390625,	0.09410476684570312
5873636875.0,	0.02685546875,	0.094451904296875
5873645000.0,	0.025051116943359375,	0.09505844116210938
5873653125.0,	0.024593353271484375,	0.09354400634765625
5873661250.0,	0.0249176025390625,	0.09171676635742188
5873669375.0,	0.02616119384765625,	0.09522628784179688
5873677500.0,	0.024883270263671875,	0.09262847900390625
5873685625.0,	0.024791717529296875,	0.09373855590820312
5873693750.0,	0.02419281005859375,	0.09380722045898438
5873701875.0,	0.026729583740234375,	0.09351348876953125
5873710000.0,	0.024974822998046875,	0.09478378295898438
5873718125.0,	0.02558135986328125,	0.09381484985351562
5873726250.0,	0.0250244140625,	0.09439849853515625
5873734375.0,	0.025829315185546875,	0.09381484985351562
5873742500.0,	0.026004791259765625,	0.09433364868164062
5873750625.0,	0.02730560302734375,	0.09350967407226562
5873758750.0,	0.024044036865234375,	0.0928802490234375
5873766875.0,	0.025547027587890625,	0.09557342529296875
5873775000.0,	0.02442169189453125,	0.09539794921875
5873783125.0,	0.02426910400390625,	0.09408950805664062
5873791250.0,	0.02500152587890625,	0.09437942504882812
5873799375.0,	0.0268707275390625,	0.09444427490234375
5873807500.0,	0.02587890625,	0.0941619873046875
5873815625.0,	0.028087615966796875,	0.09565353393554688
5873823750.0,	0.0257110595703125,	0.092376708984375
5873831875.0,	0.026912689208984375,	0.09341049194335938
5873840000.0,	0.02710723876953125,	0.09416580200195312
5873848125.0,	0.0266571044921875,	0.09477996826171875
5873856250.0,	0.027591705322265625,	0.09554672241210938
5873864375.0,	0.025760650634765625,	0.0953369140625
5873872500.0,	0.026142120361328125,	0.094207763671875
5873880625.0,	0.026126861572265625,	0.09683990478515625
5873888750.0,	0.0276641845703125,	0.09494400024414062
5873896875.0,	0.027679443359375,	0.09491348266601562
5873905000.0,	0.026523590087890625,	0.09659194946289062
5873913125.0,	0.025745391845703125,	0.094390869140625
5873921250.0,	0.0262603759765625,	0.0944671630859375
5873929375.0,	0.026638031005859375,	0.09592819213867188
5873937500.0,	0.0254058837890625,	0.09547042846679688
5873945625.0,	0.027675628662109375,	0.09747314453125
5873953750.0,	0.027233123779296875,	0.09641265869140625
5873961875.0,	0.02535247802734375,	0.09407424926757812
5873970000.0,	0.0274200439453125,	0.09374237060546875
5873978125.0,	0.026447296142578125,	0.0957489013671875
5873986250.0,	0.02825164794921875,	0.09418487548828125
5873994375.0,	0.02809906005859375,	0.09309768676757812
5874002500.0,	0.02658843994140625,	0.09549713134765625
5874010625.0,	0.028850555419921875,	0.09650039672851562
5874018750.0,	0.026264190673828125,	0.09470748901367188
5874026875.0,	0.028301239013671875,	0.09656143188476562
5874035000.0,	0.0278167724609375,	0.09495162963867188
5874043125.0,	0.027500152587890625,	0.09705352783203125
5874051250.0,	0.0263519287109375,	0.09522247314453125
5874059375.0,	0.0283203125,	0.0934600830078125
5874067500.0,	0.02754974365234375,	0.09640121459960938
5874075625.0,	0.028476715087890625,	0.09569549560546875
5874083750.0,	0.02878570556640625,	0.09620285034179688
5874091875.0,	0.027248382568359375,	0.09642791748046875
5874100000.0,	0.026844024658203125,	0.09567642211914062
5874108125.0,	0.02628326416015625,	0.09433746337890625
5874116250.0,	0.02783966064453125,	0.0985107421875
5874124375.0,	0.029003143310546875,	0.09749221801757812
5874132500.0,	0.027500152587890625,	0.09731674194335938
5874140625.0,	0.028781890869140625,	0.09562301635742188
5874148750.0,	0.02813720703125,	0.09629058837890625
5874156875.0,	0.028594970703125,	0.09843826293945312
5874165000.0,	0.0290069580078125,	0.09821701049804688
5874173125.0,	0.027240753173828125,	0.09673690795898438
5874181250.0,	0.026454925537109375,	0.09803390502929688
5874189375.0,	0.02603912353515625,	0.09750747680664062
5874197500.0,	0.028949737548828125,	0.0983734130859375
5874205625.0,	0.02862548828125,	0.09573745727539062
5874213750.0,	0.029125213623046875,	0.09465789794921875
5874221875.0,	0.028156280517578125,	0.09751510620117188
5874230000.0,	0.02783966064453125,	0.09672927856445312
5874238125.0,	0.030643463134765625,	0.09837722778320312
5874246250.0,	0.028682708740234375,	0.0975341796875
5874254375.0,	0.028217315673828125,	0.097808837890625
5874262500.0,	0.029003143310546875,	0.09869766235351562
5874270625.0,	0.029571533203125,	0.09708023071289062
5874278750.0,	0.0284576416015625,	0.09785079956054688
5874286875.0,	0.03092193603515625,	0.09684371948242188
5874295000.0,	0.0278778076171875,	0.0987396240234375
5874303125.0,	0.028839111328125,	0.09639358520507812
5874311250.0,	0.031688690185546875,	0.0973052978515625
5874319375.0,	0.029140472412109375,	0.09549331665039062
5874327500.0,	0.031200408935546875,	0.09882354736328125
5874335625.0,	0.02959442138671875,	0.0954132080078125
5874343750.0,	0.031002044677734375,	0.0962982177734375
5874351875.0,	0.029560089111328125,	0.09904098510742188
5874360000.0,	0.030292510986328125,	0.09722137451171875
5874368125.0,	0.031299591064453125,	0.09851455688476562
5874376250.0,	0.02875518798828125,	0.0978851318359375
5874384375.0,	0.030406951904296875,	0.10033416748046875
5874392500.0,	0.029392242431640625,	0.09843826293945312
5874400625.0,	0.03235626220703125,	0.09754562377929688
5874408750.0,	0.02965545654296875,	0.09764862060546875
5874416875.0,	0.0311737060546875,	0.09635543823242188
5874425000.0,	0.0288848876953125,	0.09766006469726562
5874433125.0,	0.030887603759765625,	0.097930908203125
5874441250.0,	0.03223419189453125,	0.09883880615234375
5874449375.0,	0.031406402587890625,	0.09844589233398438
5874457500.0,	0.030338287353515625,	0.097137451171875
5874465625.0,	0.030658721923828125,	0.09680557250976562
5874473750.0,	0.0295562744140625,	0.09705734252929688
5874481875.0,	0.030628204345703125,	0.09603500366210938
5874490000.0,	0.03145599365234375,	0.0975799560546875
5874498125.0,	0.031162261962890625,	0.09797286987304688
5874506250.0,	0.029834747314453125,	0.09867095947265625
5874514375.0,	0.030895233154296875,	0.09883880615234375
5874522500.0,	0.031177520751953125,	0.09912490844726562
5874530625.0,	0.030941009521484375,	0.0990753173828125
5874538750.0,	0.029499053955078125,	0.09848785400390625
5874546875.0,	0.031955718994140625,	0.09882736206054688
5874555000.0,	0.029949188232421875,	0.09874725341796875
5874563125.0,	0.031078338623046875,	0.09708023071289062
5874571250.0,	0.03090667724609375,	0.09950637817382812
5874579375.0,	0.029850006103515625,	0.09913253784179688
5874587500.0,	0.030731201171875,	0.1001129150390625
5874595625.0,	0.030132293701171875,	0.09741973876953125
5874603750.0,	0.032772064208984375,	0.09914779663085938
5874611875.0,	0.032390594482421875,	0.09783554077148438
5874620000.0,	0.028652191162109375,	0.1002655029296875
5874628125.0,	0.0295867919921875,	0.09908676147460938
5874636250.0,	0.03112030029296875,	0.098846435546875
5874644375.0,	0.033634185791015625,	0.09952926635742188
5874652500.0,	0.0312957763671875,	0.09966278076171875
5874660625.0,	0.030727386474609375,	0.09796142578125
5874668750.0,	0.03057861328125,	0.0996246337890625
5874676875.0,	0.030261993408203125,	0.09981536865234375
5874685000.0,	0.0325469970703125,	0.09878158569335938
5874693125.0,	0.03155517578125,	0.0986175537109375
5874701250.0,	0.032772064208984375,	0.09859466552734375
5874709375.0,	0.031414031982421875,	0.09749221801757812
5874717500.0,	0.032558441162109375,	0.09827041625976562
5874725625.0,	0.03347015380859375,	0.100189208984375
5874733750.0,	0.03165435791015625,	0.097625732421875
5874741875.0,	0.032566070556640625,	0.09815597534179688
5874750000.0,	0.03035736083984375,	0.097198486328125
5874758125.0,	0.032001495361328125,	0.09914779663085938
5874766250.0,	0.03287506103515625,	0.0980224609375
5874774375.0,	0.031497955322265625,	0.09836578369140625
5874782500.0,	0.03203582763671875,	0.09983062744140625
5874790625.0,	0.032970428466796875,	0.09926986694335938
5874798750.0,	0.03218841552734375,	0.09764480590820312
5874806875.0,	0.03387451171875,	0.09925079345703125
5874815000.0,	0.033466339111328125,	0.09946060180664062
5874823125.0,	0.03141021728515625,	0.0997161865234375
5874831250.0,	0.031833648681640625,	0.09850311279296875
5874839375.0,	0.032230377197265625,	0.098480224609375
5874847500.0,	0.03176116943359375,	0.09992218017578125
5874855625.0,	0.03206634521484375,	0.1001434326171875
5874863750.0,	0.033176422119140625,	0.09839248657226562
5874871875.0,	0.032985687255859375,	0.10037612915039062
5874880000.0,	0.03238677978515625,	0.0988922119140625
5874888125.0,	0.035125732421875,	0.1011810302734375
5874896250.0,	0.03289794921875,	0.10224533081054688
5874904375.0,	0.03208160400390625,	0.09808349609375
5874912500.0,	0.035495758056640625,	0.10133743286132812
5874920625.0,	0.0322723388671875,	0.10002899169921875
5874928750.0,	0.033008575439453125,	0.09980010986328125
5874936875.0,	0.034145355224609375,	0.10094070434570312
5874945000.0,	0.0333709716796875,	0.10009765625
5874953125.0,	0.033939361572265625,	0.10043716430664062
5874961250.0,	0.033481597900390625,	0.10193252563476562
5874969375.0,	0.03336334228515625,	0.0995635986328125
5874977500.0,	0.03199005126953125,	0.10050201416015625
5874985625.0,	0.033843994140625,	0.09969711303710938
5874993750.0,	0.03372955322265625,	0.098297119140625
5875001875.0,	0.036846160888671875,	0.10113525390625
5875010000.0,	0.03374481201171875,	0.10074996948242188
5875018125.0,	0.03160858154296875,	0.10322189331054688
5875026250.0,	0.03534698486328125,	0.09966278076171875
5875034375.0,	0.03450775146484375,	0.0991973876953125
5875042500.0,	0.035556793212890625,	0.1007537841796875
5875050625.0,	0.034580230712890625,	0.0990447998046875
5875058750.0,	0.035076141357421875,	0.1006011962890625
5875066875.0,	0.034679412841796875,	0.09930038452148438
5875075000.0,	0.032962799072265625,	0.09878921508789062
5875083125.0,	0.035289764404296875,	0.10007095336914062
5875091250.0,	0.03265380859375,	0.10159683227539062
5875099375.0,	0.03395843505859375,	0.09826278686523438
5875107500.0,	0.0352935791015625,	0.10113906860351562
5875115625.0,	0.03351593017578125,	0.1013031005859375
5875123750.0,	0.0336761474609375,	0.101806640625
5875131875.0,	0.03382110595703125,	0.0999908447265625
5875140000.0,	0.03408050537109375,	0.09999465942382812
5875148125.0,	0.034420013427734375,	0.10056304931640625
5875156250.0,	0.03746795654296875,	0.09914398193359375
5875164375.0,	0.033893585205078125,	0.100372314453125
5875172500.0,	0.03441619873046875,	0.10220718383789062
5875180625.0,	0.033611297607421875,	0.10236358642578125
5875188750.0,	0.035205841064453125,	0.1004180908203125
5875196875.0,	0.034473419189453125,	0.1011962890625
5875205000.0,	0.034290313720703125,	0.10074615478515625
5875213125.0,	0.03287506103515625,	0.09990692138671875
5875221250.0,	0.0350341796875,	0.09900283813476562
5875229375.0,	0.034999847412109375,	0.1003265380859375
5875237500.0,	0.034198760986328125,	0.10274887084960938
5875245625.0,	0.034168243408203125,	0.10239791870117188
5875253750.0,	0.035736083984375,	0.101409912109375
5875261875.0,	0.035045623779296875,	0.10303497314453125
5875270000.0,	0.0348663330078125,	0.10041427612304688
5875278125.0,	0.036346435546875,	0.10208511352539062
5875286250.0,	0.03479766845703125,	0.09992218017578125
5875294375.0,	0.035518646240234375,	0.10082626342773438
5875302500.0,	0.034503936767578125,	0.09995269775390625
5875310625.0,	0.03426361083984375,	0.102691650390625
5875318750.0,	0.035755157470703125,	0.09881973266601562
5875326875.0,	0.035793304443359375,	0.10327911376953125
5875335000.0,	0.03476715087890625,	0.09929656982421875
5875343125.0,	0.035182952880859375,	0.10090255737304688
5875351250.0,	0.035686492919921875,	0.10129165649414062
5875359375.0,	0.03558349609375,	0.1025238037109375
5875367500.0,	0.0377349853515625,	0.10204315185546875
5875375625.0,	0.03507232666015625,	0.10036849975585938
5875383750.0,	0.037281036376953125,	0.09976577758789062
5875391875.0,	0.036853790283203125,	0.1019134521484375
5875400000.0,	0.036319732666015625,	0.10313034057617188
5875408125.0,	0.03591156005859375,	0.10132980346679688
5875416250.0,	0.03429412841796875,	0.10124969482421875
5875424375.0,	0.035678863525390625,	0.10188674926757812
5875432500.0,	0.035289764404296875,	0.10287857055664062
5875440625.0,	0.03636932373046875,	0.10022735595703125
5875448750.0,	0.036228179931640625,	0.1015167236328125
5875456875.0,	0.036777496337890625,	0.10056304931640625
5875465000.0,	0.036762237548828125,	0.10158538818359375
5875473125.0,	0.035877227783203125,	0.10340499877929688
5875481250.0,	0.03572845458984375,	0.09967803955078125
5875489375.0,	0.035373687744140625,	0.1015167236328125
5875497500.0,	0.0366363525390625,	0.1021270751953125
5875505625.0,	0.03705596923828125,	0.10213088989257812
5875513750.0,	0.034832000732421875,	0.1039581298828125
5875521875.0,	0.03487396240234375,	0.1022796630859375
5875530000.0,	0.036884307861328125,	0.10304641723632812
5875538125.0,	0.037944793701171875,	0.1009063720703125
5875546250.0,	0.035816192626953125,	0.09914779663085938
5875554375.0,	0.03768157958984375,	0.10227584838867188
5875562500.0,	0.035366058349609375,	0.10047531127929688
5875570625.0,	0.036174774169921875,	0.10132980346679688
5875578750.0,	0.036434173583984375,	0.10220718383789062
5875586875.0,	0.037109375,	0.10359954833984375
5875595000.0,	0.03823089599609375,	0.10116958618164062
5875603125.0,	0.03661346435546875,	0.09865570068359375
5875611250.0,	0.038848876953125,	0.10223770141601562
5875619375.0,	0.034820556640625,	0.10172271728515625
5875627500.0,	0.037097930908203125,	0.10344696044921875
5875635625.0,	0.03719329833984375,	0.10057449340820312
5875643750.0,	0.0363311767578125,	0.10197067260742188
5875651875.0,	0.036769866943359375,	0.10277938842773438
5875660000.0,	0.037273406982421875,	0.10147857666015625
5875668125.0,	0.035907745361328125,	0.10201644897460938
5875676250.0,	0.037441253662109375,	0.10186767578125
5875684375.0,	0.037937164306640625,	0.10233306884765625
5875692500.0,	0.038421630859375,	0.10565567016601562
5875700625.0,	0.03592681884765625,	0.10263442993164062
5875708750.0,	0.03699493408203125,	0.10104751586914062
5875716875.0,	0.037014007568359375,	0.10302734375
5875725000.0,	0.0373382568359375,	0.1036376953125
5875733125.0,	0.03801727294921875,	0.10236740112304688
5875741250.0,	0.038753509521484375,	0.10258102416992188
5875749375.0,	0.03881072998046875,	0.1025543212890625
5875757500.0,	0.039386749267578125,	0.10409927368164062
5875765625.0,	0.036357879638671875,	0.10033035278320312
5875773750.0,	0.038684844970703125,	0.10238265991210938
5875781875.0,	0.037059783935546875,	0.1033782958984375
5875790000.0,	0.039398193359375,	0.10370635986328125
5875798125.0,	0.037868499755859375,	0.10424423217773438
5875806250.0,	0.039241790771484375,	0.1026458740234375
5875814375.0,	0.0363616943359375,	0.103271484375
5875822500.0,	0.03839874267578125,	0.10317611694335938
5875830625.0,	0.0390777587890625,	0.10318374633789062
5875838750.0,	0.038692474365234375,	0.10266494750976562
5875846875.0,	0.039096832275390625,	0.10278701782226562
5875855000.0,	0.036792755126953125,	0.10372161865234375
5875863125.0,	0.037563323974609375,	0.103057861328125
5875871250.0,	0.03792572021484375,	0.10470199584960938
5875879375.0,	0.03826904296875,	0.10354232788085938
5875887500.0,	0.037311553955078125,	0.10343551635742188
5875895625.0,	0.0377655029296875,	0.1025848388671875
5875903750.0,	0.0390472412109375,	0.10166168212890625
5875911875.0,	0.03635406494140625,	0.1038818359375
5875920000.0,	0.038631439208984375,	0.10148239135742188
5875928125.0,	0.039852142333984375,	0.10342788696289062
5875936250.0,	0.038341522216796875,	0.10219573974609375
5875944375.0,	0.03893280029296875,	0.1024322509765625
5875952500.0,	0.036151885986328125,	0.10216903686523438
5875960625.0,	0.03694915771484375,	0.10470199584960938
5875968750.0,	0.037181854248046875,	0.1041717529296875
5875976875.0,	0.03823089599609375,	0.1029052734375
5875985000.0,	0.03917694091796875,	0.10274505615234375
5875993125.0,	0.040454864501953125,	0.10351181030273438
5876001250.0,	0.038974761962890625,	0.10391998291015625
5876009375.0,	0.036983489990234375,	0.10317611694335938
5876017500.0,	0.03856658935546875,	0.10265731811523438
5876025625.0,	0.037654876708984375,	0.1041107177734375
5876033750.0,	0.03768157958984375,	0.104248046875
5876041875.0,	0.04064178466796875,	0.10220718383789062
5876050000.0,	0.0384674072265625,	0.10482406616210938
5876058125.0,	0.038516998291015625,	0.10303115844726562
5876066250.0,	0.03792572021484375,	0.104705810546875
5876074375.0,	0.03987884521484375,	0.1036529541015625
5876082500.0,	0.03729248046875,	0.10167312622070312
5876090625.0,	0.038166046142578125,	0.10723495483398438
5876098750.0,	0.0388031005859375,	0.1027679443359375
5876106875.0,	0.037387847900390625,	0.10254287719726562
5876115000.0,	0.0395050048828125,	0.10546875
5876123125.0,	0.039203643798828125,	0.10462188720703125
5876131250.0,	0.03838348388671875,	0.10323333740234375
5876139375.0,	0.040096282958984375,	0.10401535034179688
5876147500.0,	0.03939056396484375,	0.10466766357421875
5876155625.0,	0.040767669677734375,	0.10194015502929688
5876163750.0,	0.038265228271484375,	0.1035003662109375
5876171875.0,	0.040027618408203125,	0.10196685791015625
5876180000.0,	0.04022979736328125,	0.102752685546875
5876188125.0,	0.039714813232421875,	0.10262298583984375
5876196250.0,	0.039638519287109375,	0.10251235961914062
5876204375.0,	0.041423797607421875,	0.10467529296875
5876212500.0,	0.0382232666015625,	0.10378265380859375
5876220625.0,	0.03875732421875,	0.10405731201171875
5876228750.0,	0.039539337158203125,	0.10249710083007812
5876236875.0,	0.03951263427734375,	0.10407638549804688
5876245000.0,	0.03777313232421875,	0.10309600830078125
5876253125.0,	0.036632537841796875,	0.10251998901367188
5876261250.0,	0.040798187255859375,	0.103546142578125
5876269375.0,	0.038410186767578125,	0.10424041748046875
5876277500.0,	0.039356231689453125,	0.10378265380859375
5876285625.0,	0.04061126708984375,	0.10374832153320312
5876293750.0,	0.038440704345703125,	0.103240966796875
5876301875.0,	0.03981781005859375,	0.103790283203125
5876310000.0,	0.03894805908203125,	0.10402679443359375
5876318125.0,	0.042148590087890625,	0.10244369506835938
5876326250.0,	0.037837982177734375,	0.10499954223632812
5876334375.0,	0.041347503662109375,	0.10222244262695312
5876342500.0,	0.039928436279296875,	0.10506057739257812
5876350625.0,	0.0397796630859375,	0.10587692260742188
5876358750.0,	0.039459228515625,	0.10541915893554688
5876366875.0,	0.040470123291015625,	0.104766845703125
5876375000.0,	0.040008544921875,	0.10532379150390625
5876383125.0,	0.040645599365234375,	0.103424072265625
5876391250.0,	0.040485382080078125,	0.1053924560546875
5876399375.0,	0.040966033935546875,	0.10518646240234375
5876407500.0,	0.039844512939453125,	0.10461044311523438
5876415625.0,	0.03977203369140625,	0.10335922241210938
5876423750.0,	0.038623809814453125,	0.10482406616210938
5876431875.0,	0.04065704345703125,	0.10402297973632812
5876440000.0,	0.04242706298828125,	0.10548782348632812
5876448125.0,	0.039402008056640625,	0.1043701171875
5876456250.0,	0.038608551025390625,	0.10233306884765625
5876464375.0,	0.038028717041015625,	0.10245895385742188
5876472500.0,	0.0430145263671875,	0.1049041748046875
5876480625.0,	0.041812896728515625,	0.10551834106445312
5876488750.0,	0.040775299072265625,	0.10440826416015625
5876496875.0,	0.03961944580078125,	0.10248565673828125
5876505000.0,	0.041133880615234375,	0.10449981689453125
5876513125.0,	0.041759490966796875,	0.1045379638671875
5876521250.0,	0.04080963134765625,	0.10427474975585938
5876529375.0,	0.04084014892578125,	0.10391998291015625
5876537500.0,	0.04154205322265625,	0.10545730590820312
5876545625.0,	0.04141998291015625,	0.10523605346679688
5876553750.0,	0.039432525634765625,	0.1028594970703125
5876561875.0,	0.042606353759765625,	0.10480499267578125
5876570000.0,	0.03907012939453125,	0.10532379150390625
5876578125.0,	0.040409088134765625,	0.1052398681640625
5876586250.0,	0.043834686279296875,	0.10364532470703125
5876594375.0,	0.040081024169921875,	0.10387420654296875
5876602500.0,	0.038913726806640625,	0.10436630249023438
5876610625.0,	0.040912628173828125,	0.104156494140625
5876618750.0,	0.042720794677734375,	0.10403060913085938
5876626875.0,	0.040966033935546875,	0.10646820068359375
5876635000.0,	0.042724609375,	0.1032562255859375
5876643125.0,	0.0411529541015625,	0.10674285888671875
5876651250.0,	0.04193115234375,	0.1042022705078125
5876659375.0,	0.04242706298828125,	0.10413360595703125
5876667500.0,	0.03957366943359375,	0.10541915893554688
5876675625.0,	0.040618896484375,	0.10455703735351562
5876683750.0,	0.04033660888671875,	0.10797119140625
5876691875.0,	0.04152679443359375,	0.105010986328125
5876700000.0,	0.04151153564453125,	0.10457992553710938
5876708125.0,	0.0406494140625,	0.10617446899414062
5876716250.0,	0.04183197021484375,	0.10457992553710938
5876724375.0,	0.041545867919921875,	0.10584640502929688
5876732500.0,	0.042720794677734375,	0.10437774658203125
5876740625.0,	0.0402679443359375,	0.10496139526367188
5876748750.0,	0.04146575927734375,	0.10457611083984375
5876756875.0,	0.041599273681640625,	0.1058349609375
5876765000.0,	0.04296112060546875,	0.10203170776367188
5876773125.0,	0.04224395751953125,	0.10303497314453125
5876781250.0,	0.042621612548828125,	0.10328292846679688
5876789375.0,	0.0408782958984375,	0.10394668579101562
5876797500.0,	0.043025970458984375,	0.10609817504882812
5876805625.0,	0.041259765625,	0.10617828369140625
5876813750.0,	0.041179656982421875,	0.10394668579101562
5876821875.0,	0.042240142822265625,	0.10636138916015625
5876830000.0,	0.044536590576171875,	0.1038970947265625
5876838125.0,	0.0431060791015625,	0.104705810546875
5876846250.0,	0.041271209716796875,	0.10388565063476562
5876854375.0,	0.040912628173828125,	0.10660934448242188
5876862500.0,	0.04109954833984375,	0.10534286499023438
5876870625.0,	0.03997039794921875,	0.1059112548828125
5876878750.0,	0.041980743408203125,	0.10540008544921875
5876886875.0,	0.04149627685546875,	0.105133056640625
5876895000.0,	0.043750762939453125,	0.10358810424804688
5876903125.0,	0.0421600341796875,	0.10528564453125
5876911250.0,	0.0439300537109375,	0.10438156127929688
5876919375.0,	0.040424346923828125,	0.10540771484375
5876927500.0,	0.040218353271484375,	0.10652923583984375
5876935625.0,	0.04158782958984375,	0.10470199584960938
5876943750.0,	0.039825439453125,	0.105560302734375
5876951875.0,	0.041538238525390625,	0.10643386840820312
5876960000.0,	0.042919158935546875,	0.10569381713867188
5876968125.0,	0.040668487548828125,	0.10506439208984375
5876976250.0,	0.042667388916015625,	0.10516357421875
5876984375.0,	0.042572021484375,	0.1056671142578125
5876992500.0,	0.04164886474609375,	0.105438232421875
5877000625.0,	0.041538238525390625,	0.10697174072265625
5877008750.0,	0.041507720947265625,	0.10617828369140625
5877016875.0,	0.04105377197265625,	0.10597991943359375
5877025000.0,	0.04236602783203125,	0.10608673095703125
5877033125.0,	0.0415802001953125,	0.10621261596679688
5877041250.0,	0.0434417724609375,	0.10674667358398438
5877049375.0,	0.04314422607421875,	0.1057281494140625
5877057500.0,	0.0418243408203125,	0.10587692260742188
5877065625.0,	0.04192352294921875,	0.106231689453125
5877073750.0,	0.04093170166015625,	0.10692977905273438
5877081875.0,	0.04366302490234375,	0.10638046264648438
5877090000.0,	0.043003082275390625,	0.10644912719726562
5877098125.0,	0.043163299560546875,	0.10649871826171875
5877106250.0,	0.043415069580078125,	0.1045989990234375
5877114375.0,	0.043888092041015625,	0.10501861572265625
5877122500.0,	0.043422698974609375,	0.1057586669921875
5877130625.0,	0.045627593994140625,	0.10550689697265625
5877138750.0,	0.042346954345703125,	0.104736328125
5877146875.0,	0.041706085205078125,	0.10711669921875
5877155000.0,	0.0419769287109375,	0.10631561279296875
5877163125.0,	0.042606353759765625,	0.108245849609375
5877171250.0,	0.043365478515625,	0.10626983642578125
5877179375.0,	0.042369842529296875,	0.10687637329101562
5877187500.0,	0.044231414794921875,	0.10565948486328125
5877195625.0,	0.041187286376953125,	0.10560989379882812
5877203750.0,	0.04270172119140625,	0.10394287109375
5877211875.0,	0.04399871826171875,	0.10558700561523438
5877220000.0,	0.043781280517578125,	0.10668563842773438
5877228125.0,	0.042232513427734375,	0.10802459716796875
5877236250.0,	0.04113006591796875,	0.10398483276367188
5877244375.0,	0.04474639892578125,	0.10560989379882812
5877252500.0,	0.043148040771484375,	0.10478973388671875
5877260625.0,	0.044925689697265625,	0.10715103149414062
5877268750.0,	0.0439453125,	0.10689544677734375
5877276875.0,	0.04306793212890625,	0.105499267578125
5877285000.0,	0.044788360595703125,	0.10776901245117188
5877293125.0,	0.043796539306640625,	0.10548019409179688
5877301250.0,	0.043849945068359375,	0.107818603515625
5877309375.0,	0.043491363525390625,	0.107513427734375
5877317500.0,	0.043277740478515625,	0.1083526611328125
5877325625.0,	0.042133331298828125,	0.1049041748046875
5877333750.0,	0.042057037353515625,	0.10614776611328125
5877341875.0,	0.04367828369140625,	0.10710906982421875
5877350000.0,	0.044139862060546875,	0.10483551025390625
5877358125.0,	0.043720245361328125,	0.1064453125
5877366250.0,	0.044033050537109375,	0.1066741943359375
5877374375.0,	0.043750762939453125,	0.10565185546875
5877382500.0,	0.0434722900390625,	0.10695648193359375
5877390625.0,	0.04271697998046875,	0.105438232421875
5877398750.0,	0.044586181640625,	0.10630035400390625
5877406875.0,	0.04441070556640625,	0.10650253295898438
5877415000.0,	0.0426483154296875,	0.10611343383789062
5877423125.0,	0.043598175048828125,	0.107513427734375
5877431250.0,	0.043468475341796875,	0.10564804077148438
5877439375.0,	0.0438385009765625,	0.10736083984375
5877447500.0,	0.042438507080078125,	0.10529708862304688
5877455625.0,	0.04366302490234375,	0.10653305053710938
5877463750.0,	0.04338836669921875,	0.1045379638671875
5877471875.0,	0.043354034423828125,	0.10823440551757812
5877480000.0,	0.0433349609375,	0.10555267333984375
5877488125.0,	0.043735504150390625,	0.10692214965820312
5877496250.0,	0.041858673095703125,	0.10719680786132812
5877504375.0,	0.042789459228515625,	0.10817718505859375
5877512500.0,	0.0453033447265625,	0.10512924194335938
5877520625.0,	0.04366302490234375,	0.1048431396484375
5877528750.0,	0.0430755615234375,	0.10739898681640625
5877536875.0,	0.04390716552734375,	0.10490798950195312
5877545000.0,	0.045513153076171875,	0.10535049438476562
5877553125.0,	0.04327392578125,	0.10692596435546875
5877561250.0,	0.042659759521484375,	0.1058349609375
5877569375.0,	0.043384552001953125,	0.10800552368164062
5877577500.0,	0.0455169677734375,	0.10394287109375
5877585625.0,	0.04491424560546875,	0.106597900390625
5877593750.0,	0.04352569580078125,	0.10749435424804688
5877601875.0,	0.043609619140625,	0.10615921020507812
5877610000.0,	0.043552398681640625,	0.10551834106445312
5877618125.0,	0.043445587158203125,	0.10589599609375
5877626250.0,	0.04274749755859375,	0.10549545288085938
5877634375.0,	0.04395294189453125,	0.1048736572265625
5877642500.0,	0.04387664794921875,	0.10684967041015625
5877650625.0,	0.044338226318359375,	0.10768508911132812
5877658750.0,	0.04424285888671875,	0.10776901245117188
5877666875.0,	0.04518890380859375,	0.10662841796875
5877675000.0,	0.045795440673828125,	0.10707855224609375
5877683125.0,	0.045684814453125,	0.10670852661132812
5877691250.0,	0.043182373046875,	0.10515594482421875
5877699375.0,	0.044338226318359375,	0.10795974731445312
5877707500.0,	0.04401397705078125,	0.10400009155273438
5877715625.0,	0.045497894287109375,	0.10634613037109375
5877723750.0,	0.0447998046875,	0.10735702514648438
5877731875.0,	0.043918609619140625,	0.10712814331054688
5877740000.0,	0.047176361083984375,	0.10760879516601562
5877748125.0,	0.044231414794921875,	0.10646820068359375
5877756250.0,	0.044307708740234375,	0.10576248168945312
5877764375.0,	0.04500579833984375,	0.1063995361328125
5877772500.0,	0.04578399658203125,	0.10461044311523438
5877780625.0,	0.0439453125,	0.107696533203125
5877788750.0,	0.044109344482421875,	0.1074371337890625
5877796875.0,	0.045566558837890625,	0.10437774658203125
5877805000.0,	0.046451568603515625,	0.1060333251953125
5877813125.0,	0.043453216552734375,	0.10669708251953125
5877821250.0,	0.043819427490234375,	0.10596084594726562
5877829375.0,	0.044384002685546875,	0.10805130004882812
5877837500.0,	0.044139862060546875,	0.10730361938476562
5877845625.0,	0.04312896728515625,	0.10620498657226562
5877853750.0,	0.044498443603515625,	0.10677337646484375
5877861875.0,	0.0445098876953125,	0.10820388793945312
5877870000.0,	0.044193267822265625,	0.1053009033203125
5877878125.0,	0.044452667236328125,	0.10760498046875
5877886250.0,	0.046665191650390625,	0.10696792602539062
5877894375.0,	0.0456390380859375,	0.1062469482421875
5877902500.0,	0.043659210205078125,	0.1056060791015625
5877910625.0,	0.043689727783203125,	0.10693740844726562
5877918750.0,	0.045421600341796875,	0.1046905517578125
5877926875.0,	0.044342041015625,	0.10828018188476562
5877935000.0,	0.044536590576171875,	0.1082305908203125
5877943125.0,	0.045074462890625,	0.10911941528320312
5877951250.0,	0.04445648193359375,	0.10438919067382812
5877959375.0,	0.046619415283203125,	0.1068115234375
5877967500.0,	0.044719696044921875,	0.106689453125
5877975625.0,	0.045223236083984375,	0.10616683959960938
5877983750.0,	0.044647216796875,	0.10675811767578125
5877991875.0,	0.046253204345703125,	0.1061553955078125
5878000000.0,	0.045238494873046875,	0.10589599609375
