5375009375.0,	0.06658172607421875,	0.05286407470703125
5375018750.0,	0.0659942626953125,	0.054576873779296875
5375028125.0,	0.06320571899414062,	0.052165985107421875
5375037500.0,	0.06542205810546875,	0.05291748046875
5375046875.0,	0.06481170654296875,	0.052906036376953125
5375056250.0,	0.06659698486328125,	0.054546356201171875
5375065625.0,	0.06639862060546875,	0.05377197265625
5375075000.0,	0.0645751953125,	0.055389404296875
5375084375.0,	0.06385040283203125,	0.05538177490234375
5375093750.0,	0.06514358520507812,	0.05388641357421875
5375103125.0,	0.06749343872070312,	0.053699493408203125
5375112500.0,	0.06375885009765625,	0.053436279296875
5375121875.0,	0.06569671630859375,	0.054531097412109375
5375131250.0,	0.06754684448242188,	0.0544891357421875
5375140625.0,	0.06720733642578125,	0.052734375
5375150000.0,	0.06492233276367188,	0.053985595703125
5375159375.0,	0.06791305541992188,	0.052303314208984375
5375168750.0,	0.06625747680664062,	0.053234100341796875
5375178125.0,	0.06504058837890625,	0.054779052734375
5375187500.0,	0.06670379638671875,	0.05524444580078125
5375196875.0,	0.06470108032226562,	0.054233551025390625
5375206250.0,	0.06514358520507812,	0.055316925048828125
5375215625.0,	0.06411361694335938,	0.0545806884765625
5375225000.0,	0.06673049926757812,	0.05467987060546875
5375234375.0,	0.06429290771484375,	0.05292510986328125
5375243750.0,	0.06702041625976562,	0.051975250244140625
5375253125.0,	0.06632232666015625,	0.05410003662109375
5375262500.0,	0.0642242431640625,	0.051544189453125
5375271875.0,	0.06609344482421875,	0.053585052490234375
5375281250.0,	0.064971923828125,	0.0504608154296875
5375290625.0,	0.06589508056640625,	0.053012847900390625
5375300000.0,	0.06546401977539062,	0.055805206298828125
5375309375.0,	0.06519317626953125,	0.0532989501953125
5375318750.0,	0.0652313232421875,	0.0549468994140625
5375328125.0,	0.062957763671875,	0.053829193115234375
5375337500.0,	0.06653594970703125,	0.053447723388671875
5375346875.0,	0.06655502319335938,	0.0542144775390625
5375356250.0,	0.06569290161132812,	0.055736541748046875
5375365625.0,	0.06444168090820312,	0.05245208740234375
5375375000.0,	0.06391525268554688,	0.05278778076171875
5375384375.0,	0.06467437744140625,	0.05242156982421875
5375393750.0,	0.06543731689453125,	0.052661895751953125
5375403125.0,	0.06544876098632812,	0.0551605224609375
5375412500.0,	0.06608963012695312,	0.055644989013671875
5375421875.0,	0.0643310546875,	0.05577850341796875
5375431250.0,	0.0643157958984375,	0.053737640380859375
5375440625.0,	0.06551361083984375,	0.053466796875
5375450000.0,	0.06672286987304688,	0.05336761474609375
5375459375.0,	0.0648651123046875,	0.05389404296875
5375468750.0,	0.0666961669921875,	0.053363800048828125
5375478125.0,	0.06731033325195312,	0.05328369140625
5375487500.0,	0.06692123413085938,	0.055431365966796875
5375496875.0,	0.06597900390625,	0.05564117431640625
5375506250.0,	0.06538009643554688,	0.053558349609375
5375515625.0,	0.06521224975585938,	0.052730560302734375
5375525000.0,	0.06552505493164062,	0.053264617919921875
5375534375.0,	0.06660842895507812,	0.055393218994140625
5375543750.0,	0.06491851806640625,	0.05401611328125
5375553125.0,	0.0660247802734375,	0.05431365966796875
5375562500.0,	0.06603240966796875,	0.05614471435546875
5375571875.0,	0.06608200073242188,	0.05356597900390625
5375581250.0,	0.06592178344726562,	0.05506134033203125
5375590625.0,	0.06484222412109375,	0.05298614501953125
5375600000.0,	0.06600189208984375,	0.054935455322265625
5375609375.0,	0.06824111938476562,	0.0547027587890625
5375618750.0,	0.06560516357421875,	0.053638458251953125
5375628125.0,	0.06550979614257812,	0.053806304931640625
5375637500.0,	0.06687545776367188,	0.055118560791015625
5375646875.0,	0.06849288940429688,	0.05336761474609375
5375656250.0,	0.06740951538085938,	0.05225372314453125
5375665625.0,	0.067169189453125,	0.05507659912109375
5375675000.0,	0.06654739379882812,	0.05559539794921875
5375684375.0,	0.06303787231445312,	0.053440093994140625
5375693750.0,	0.06574630737304688,	0.053436279296875
5375703125.0,	0.06614303588867188,	0.0532989501953125
5375712500.0,	0.06653213500976562,	0.0527496337890625
5375721875.0,	0.06681060791015625,	0.052867889404296875
5375731250.0,	0.067718505859375,	0.0543975830078125
5375740625.0,	0.06637954711914062,	0.053630828857421875
5375750000.0,	0.06741714477539062,	0.0533599853515625
5375759375.0,	0.06595230102539062,	0.052989959716796875
5375768750.0,	0.065521240234375,	0.05251312255859375
5375778125.0,	0.06762313842773438,	0.055339813232421875
5375787500.0,	0.06673049926757812,	0.053562164306640625
5375796875.0,	0.06695556640625,	0.0530853271484375
5375806250.0,	0.0690765380859375,	0.053375244140625
5375815625.0,	0.06717300415039062,	0.053264617919921875
5375825000.0,	0.06805038452148438,	0.053638458251953125
5375834375.0,	0.06636810302734375,	0.054439544677734375
5375843750.0,	0.06828689575195312,	0.054637908935546875
5375853125.0,	0.06569290161132812,	0.052860260009765625
5375862500.0,	0.06479644775390625,	0.05554962158203125
5375871875.0,	0.06360626220703125,	0.056400299072265625
5375881250.0,	0.06477737426757812,	0.053314208984375
5375890625.0,	0.0671844482421875,	0.054027557373046875
5375900000.0,	0.06671905517578125,	0.054317474365234375
5375909375.0,	0.06620025634765625,	0.053409576416015625
5375918750.0,	0.06582260131835938,	0.0549774169921875
5375928125.0,	0.06721115112304688,	0.053791046142578125
5375937500.0,	0.065826416015625,	0.0543060302734375
5375946875.0,	0.0666351318359375,	0.05474090576171875
5375956250.0,	0.0647735595703125,	0.054050445556640625
5375965625.0,	0.06673812866210938,	0.052581787109375
5375975000.0,	0.066925048828125,	0.05283355712890625
5375984375.0,	0.06497955322265625,	0.052722930908203125
5375993750.0,	0.06740570068359375,	0.054531097412109375
5376003125.0,	0.0679168701171875,	0.05370330810546875
5376012500.0,	0.06569671630859375,	0.0540924072265625
5376021875.0,	0.06862258911132812,	0.0547637939453125
5376031250.0,	0.0689239501953125,	0.0544281005859375
5376040625.0,	0.0695953369140625,	0.0540313720703125
5376050000.0,	0.06755447387695312,	0.05517578125
5376059375.0,	0.06534576416015625,	0.05303192138671875
5376068750.0,	0.0671234130859375,	0.053150177001953125
5376078125.0,	0.067535400390625,	0.05266571044921875
5376087500.0,	0.06763458251953125,	0.053955078125
5376096875.0,	0.0673828125,	0.056667327880859375
5376106250.0,	0.06923675537109375,	0.055515289306640625
5376115625.0,	0.06892013549804688,	0.054019927978515625
5376125000.0,	0.06641006469726562,	0.054141998291015625
5376134375.0,	0.0664825439453125,	0.054599761962890625
5376143750.0,	0.06635665893554688,	0.05536651611328125
5376153125.0,	0.06718826293945312,	0.052989959716796875
5376162500.0,	0.06649017333984375,	0.05329132080078125
5376171875.0,	0.06778717041015625,	0.05196380615234375
5376181250.0,	0.06686782836914062,	0.05408477783203125
5376190625.0,	0.06926727294921875,	0.05303955078125
5376200000.0,	0.06664657592773438,	0.05313873291015625
5376209375.0,	0.06596755981445312,	0.053363800048828125
5376218750.0,	0.06569671630859375,	0.053043365478515625
5376228125.0,	0.06602859497070312,	0.05423736572265625
5376237500.0,	0.0666961669921875,	0.05423736572265625
5376246875.0,	0.06943130493164062,	0.055477142333984375
5376256250.0,	0.06873321533203125,	0.054119110107421875
5376265625.0,	0.06713104248046875,	0.0537567138671875
5376275000.0,	0.067535400390625,	0.053775787353515625
5376284375.0,	0.06681442260742188,	0.05560302734375
5376293750.0,	0.06734466552734375,	0.055370330810546875
5376303125.0,	0.06732177734375,	0.05286407470703125
5376312500.0,	0.06675338745117188,	0.0544281005859375
5376321875.0,	0.06664657592773438,	0.05344390869140625
5376331250.0,	0.067047119140625,	0.05451202392578125
5376340625.0,	0.06906509399414062,	0.054256439208984375
5376350000.0,	0.06914138793945312,	0.0526123046875
5376359375.0,	0.06701278686523438,	0.05278778076171875
5376368750.0,	0.06768417358398438,	0.05352020263671875
5376378125.0,	0.06798934936523438,	0.0540313720703125
5376387500.0,	0.0691680908203125,	0.055660247802734375
5376396875.0,	0.0658721923828125,	0.055370330810546875
5376406250.0,	0.06811904907226562,	0.054119110107421875
5376415625.0,	0.06988906860351562,	0.054286956787109375
5376425000.0,	0.06848526000976562,	0.054164886474609375
5376434375.0,	0.06664276123046875,	0.0576171875
5376443750.0,	0.06795883178710938,	0.05454254150390625
5376453125.0,	0.0680694580078125,	0.053859710693359375
5376462500.0,	0.0691375732421875,	0.055614471435546875
5376471875.0,	0.06687164306640625,	0.053020477294921875
5376481250.0,	0.06970596313476562,	0.053188323974609375
5376490625.0,	0.06739044189453125,	0.05304718017578125
5376500000.0,	0.0684051513671875,	0.054531097412109375
5376509375.0,	0.0672760009765625,	0.05340576171875
5376518750.0,	0.06555557250976562,	0.053913116455078125
5376528125.0,	0.06755828857421875,	0.05405426025390625
5376537500.0,	0.068511962890625,	0.0536041259765625
5376546875.0,	0.06679153442382812,	0.05389404296875
5376556250.0,	0.0678253173828125,	0.055904388427734375
5376565625.0,	0.06819915771484375,	0.054080963134765625
5376575000.0,	0.06819915771484375,	0.05292510986328125
5376584375.0,	0.06766510009765625,	0.055782318115234375
5376593750.0,	0.06861114501953125,	0.0530853271484375
5376603125.0,	0.06954193115234375,	0.05368804931640625
5376612500.0,	0.06847381591796875,	0.0530853271484375
5376621875.0,	0.06725692749023438,	0.052951812744140625
5376631250.0,	0.06834793090820312,	0.052768707275390625
5376640625.0,	0.06812667846679688,	0.053226470947265625
5376650000.0,	0.06865310668945312,	0.052196502685546875
5376659375.0,	0.06820297241210938,	0.0536346435546875
5376668750.0,	0.06751632690429688,	0.054721832275390625
5376678125.0,	0.06916427612304688,	0.05374908447265625
5376687500.0,	0.067352294921875,	0.05387115478515625
5376696875.0,	0.06763839721679688,	0.05480194091796875
5376706250.0,	0.06871795654296875,	0.053279876708984375
5376715625.0,	0.06944656372070312,	0.05493927001953125
5376725000.0,	0.06811904907226562,	0.052825927734375
5376734375.0,	0.06943130493164062,	0.053707122802734375
5376743750.0,	0.06998443603515625,	0.05517578125
5376753125.0,	0.07024383544921875,	0.055599212646484375
5376762500.0,	0.068756103515625,	0.055633544921875
5376771875.0,	0.0708160400390625,	0.053768157958984375
5376781250.0,	0.07022476196289062,	0.053714752197265625
5376790625.0,	0.06897735595703125,	0.053829193115234375
5376800000.0,	0.06766128540039062,	0.056194305419921875
5376809375.0,	0.06710433959960938,	0.054134368896484375
5376818750.0,	0.07077407836914062,	0.05341339111328125
5376828125.0,	0.068511962890625,	0.0525665283203125
5376837500.0,	0.07102584838867188,	0.054294586181640625
5376846875.0,	0.06836318969726562,	0.053417205810546875
5376856250.0,	0.0708160400390625,	0.055332183837890625
5376865625.0,	0.06978988647460938,	0.0570068359375
5376875000.0,	0.07172012329101562,	0.0500640869140625
5376884375.0,	0.06725692749023438,	0.054187774658203125
5376893750.0,	0.068023681640625,	0.05484771728515625
5376903125.0,	0.0689697265625,	0.055767059326171875
5376912500.0,	0.07024383544921875,	0.0524749755859375
5376921875.0,	0.0707855224609375,	0.053623199462890625
5376931250.0,	0.06925201416015625,	0.053073883056640625
5376940625.0,	0.06957244873046875,	0.054653167724609375
5376950000.0,	0.07181930541992188,	0.0537567138671875
5376959375.0,	0.0671844482421875,	0.053562164306640625
5376968750.0,	0.07049179077148438,	0.0540771484375
5376978125.0,	0.06967544555664062,	0.053333282470703125
5376987500.0,	0.07004547119140625,	0.054107666015625
5376996875.0,	0.07134246826171875,	0.0520782470703125
5377006250.0,	0.0711517333984375,	0.053058624267578125
5377015625.0,	0.06992340087890625,	0.053066253662109375
5377025000.0,	0.0692138671875,	0.053836822509765625
5377034375.0,	0.0706787109375,	0.0546417236328125
5377043750.0,	0.06903839111328125,	0.05347442626953125
5377053125.0,	0.06996536254882812,	0.0534210205078125
5377062500.0,	0.06927108764648438,	0.052921295166015625
5377071875.0,	0.07062530517578125,	0.053356170654296875
5377081250.0,	0.06982421875,	0.053558349609375
5377090625.0,	0.06928253173828125,	0.052608489990234375
5377100000.0,	0.07173538208007812,	0.0519256591796875
5377109375.0,	0.06891250610351562,	0.0511474609375
5377118750.0,	0.07092666625976562,	0.054218292236328125
5377128125.0,	0.070587158203125,	0.0543365478515625
5377137500.0,	0.07031631469726562,	0.054256439208984375
5377146875.0,	0.07184982299804688,	0.053951263427734375
5377156250.0,	0.07038116455078125,	0.055271148681640625
5377165625.0,	0.0702972412109375,	0.05414581298828125
5377175000.0,	0.06841278076171875,	0.0556182861328125
5377184375.0,	0.0722198486328125,	0.05399322509765625
5377193750.0,	0.07254791259765625,	0.0537261962890625
5377203125.0,	0.06830596923828125,	0.05265045166015625
5377212500.0,	0.07054519653320312,	0.05352783203125
5377221875.0,	0.07009124755859375,	0.055019378662109375
5377231250.0,	0.07030868530273438,	0.053737640380859375
5377240625.0,	0.0709991455078125,	0.05072784423828125
5377250000.0,	0.0690460205078125,	0.053455352783203125
5377259375.0,	0.07057952880859375,	0.05438232421875
5377268750.0,	0.07036209106445312,	0.054409027099609375
5377278125.0,	0.06989669799804688,	0.052898406982421875
5377287500.0,	0.06938934326171875,	0.05204010009765625
5377296875.0,	0.07032394409179688,	0.0548248291015625
5377306250.0,	0.07207107543945312,	0.05385589599609375
5377315625.0,	0.071197509765625,	0.0533294677734375
5377325000.0,	0.07095718383789062,	0.054943084716796875
5377334375.0,	0.07033157348632812,	0.053569793701171875
5377343750.0,	0.072418212890625,	0.05382537841796875
5377353125.0,	0.07123184204101562,	0.0522613525390625
5377362500.0,	0.07137298583984375,	0.056224822998046875
5377371875.0,	0.07032012939453125,	0.052822113037109375
5377381250.0,	0.07196807861328125,	0.053829193115234375
5377390625.0,	0.071807861328125,	0.053466796875
5377400000.0,	0.0729217529296875,	0.053737640380859375
5377409375.0,	0.07152557373046875,	0.054553985595703125
5377418750.0,	0.0714874267578125,	0.05101776123046875
5377428125.0,	0.07164764404296875,	0.051990509033203125
5377437500.0,	0.0731048583984375,	0.053104400634765625
5377446875.0,	0.0737152099609375,	0.050876617431640625
5377456250.0,	0.07143402099609375,	0.052150726318359375
5377465625.0,	0.0734710693359375,	0.054180145263671875
5377475000.0,	0.07497406005859375,	0.053012847900390625
5377484375.0,	0.07068252563476562,	0.052581787109375
5377493750.0,	0.07338714599609375,	0.053585052490234375
5377503125.0,	0.07324981689453125,	0.052356719970703125
5377512500.0,	0.0718994140625,	0.05255126953125
5377521875.0,	0.07131576538085938,	0.053462982177734375
5377531250.0,	0.07226943969726562,	0.05280303955078125
5377540625.0,	0.07111358642578125,	0.05255889892578125
5377550000.0,	0.07190704345703125,	0.054088592529296875
5377559375.0,	0.0714874267578125,	0.054302215576171875
5377568750.0,	0.07253265380859375,	0.054256439208984375
5377578125.0,	0.07281494140625,	0.053668975830078125
5377587500.0,	0.07227325439453125,	0.052501678466796875
5377596875.0,	0.07307815551757812,	0.051502227783203125
5377606250.0,	0.07506179809570312,	0.05306243896484375
5377615625.0,	0.07175445556640625,	0.053318023681640625
5377625000.0,	0.07455062866210938,	0.053310394287109375
5377634375.0,	0.07249832153320312,	0.053638458251953125
5377643750.0,	0.07428359985351562,	0.0507965087890625
5377653125.0,	0.07105255126953125,	0.053577423095703125
5377662500.0,	0.07346343994140625,	0.052845001220703125
5377671875.0,	0.07331085205078125,	0.0519256591796875
5377681250.0,	0.07036209106445312,	0.05524444580078125
5377690625.0,	0.0733795166015625,	0.0511474609375
5377700000.0,	0.07074737548828125,	0.0513763427734375
5377709375.0,	0.07682037353515625,	0.052112579345703125
5377718750.0,	0.07471084594726562,	0.05239105224609375
5377728125.0,	0.07390213012695312,	0.05370330810546875
5377737500.0,	0.070556640625,	0.0510406494140625
5377746875.0,	0.075439453125,	0.051845550537109375
5377756250.0,	0.07364273071289062,	0.0551605224609375
5377765625.0,	0.07468032836914062,	0.052326202392578125
5377775000.0,	0.07302093505859375,	0.051250457763671875
5377784375.0,	0.07221221923828125,	0.051883697509765625
5377793750.0,	0.07297134399414062,	0.04878997802734375
5377803125.0,	0.07444381713867188,	0.053188323974609375
5377812500.0,	0.07500839233398438,	0.05162811279296875
5377821875.0,	0.07354736328125,	0.053791046142578125
5377831250.0,	0.07270431518554688,	0.0527191162109375
5377840625.0,	0.07445907592773438,	0.05345916748046875
5377850000.0,	0.07631683349609375,	0.05191802978515625
5377859375.0,	0.07652664184570312,	0.052936553955078125
5377868750.0,	0.07504653930664062,	0.051578521728515625
5377878125.0,	0.07508087158203125,	0.0533905029296875
5377887500.0,	0.07359695434570312,	0.05316925048828125
5377896875.0,	0.07520675659179688,	0.05267333984375
5377906250.0,	0.07471084594726562,	0.053203582763671875
5377915625.0,	0.07555770874023438,	0.0524139404296875
5377925000.0,	0.07319259643554688,	0.0500640869140625
5377934375.0,	0.07421112060546875,	0.05255889892578125
5377943750.0,	0.07555770874023438,	0.05089569091796875
5377953125.0,	0.07505416870117188,	0.054412841796875
5377962500.0,	0.07651138305664062,	0.05234527587890625
5377971875.0,	0.07481765747070312,	0.05167388916015625
5377981250.0,	0.07630157470703125,	0.05181884765625
5377990625.0,	0.07631301879882812,	0.051410675048828125
5378000000.0,	0.07625961303710938,	0.0529022216796875
5378009375.0,	0.07459259033203125,	0.051784515380859375
5378018750.0,	0.07484817504882812,	0.054103851318359375
5378028125.0,	0.0781707763671875,	0.04962158203125
5378037500.0,	0.07599258422851562,	0.0518035888671875
5378046875.0,	0.07609176635742188,	0.05234527587890625
5378056250.0,	0.07682037353515625,	0.0528564453125
5378065625.0,	0.07886886596679688,	0.051166534423828125
5378075000.0,	0.07807159423828125,	0.052242279052734375
5378084375.0,	0.07695770263671875,	0.05078887939453125
5378093750.0,	0.07583236694335938,	0.05019378662109375
5378103125.0,	0.07558059692382812,	0.05055999755859375
5378112500.0,	0.07708740234375,	0.05002593994140625
5378121875.0,	0.0740814208984375,	0.051746368408203125
5378131250.0,	0.07928085327148438,	0.050174713134765625
5378140625.0,	0.07867431640625,	0.05130767822265625
5378150000.0,	0.07726669311523438,	0.052738189697265625
5378159375.0,	0.07567214965820312,	0.0504150390625
5378168750.0,	0.07802581787109375,	0.0518341064453125
5378178125.0,	0.07920074462890625,	0.05205535888671875
5378187500.0,	0.0771942138671875,	0.051601409912109375
5378196875.0,	0.0764007568359375,	0.052021026611328125
5378206250.0,	0.07717514038085938,	0.053783416748046875
5378215625.0,	0.07944488525390625,	0.05098724365234375
5378225000.0,	0.080047607421875,	0.05158233642578125
5378234375.0,	0.07648086547851562,	0.051563262939453125
5378243750.0,	0.07840347290039062,	0.051197052001953125
5378253125.0,	0.07818222045898438,	0.051319122314453125
5378262500.0,	0.07934951782226562,	0.050426483154296875
5378271875.0,	0.07770919799804688,	0.0500335693359375
5378281250.0,	0.07812118530273438,	0.053974151611328125
5378290625.0,	0.08036422729492188,	0.050167083740234375
5378300000.0,	0.07813644409179688,	0.0499725341796875
5378309375.0,	0.07996368408203125,	0.0493927001953125
5378318750.0,	0.08044815063476562,	0.051921844482421875
5378328125.0,	0.08109283447265625,	0.051006317138671875
5378337500.0,	0.07979202270507812,	0.048450469970703125
5378346875.0,	0.07926559448242188,	0.05035400390625
5378356250.0,	0.08009719848632812,	0.05029296875
5378365625.0,	0.08254241943359375,	0.050403594970703125
5378375000.0,	0.07785415649414062,	0.051342010498046875
5378384375.0,	0.08058547973632812,	0.048053741455078125
5378393750.0,	0.080413818359375,	0.046367645263671875
5378403125.0,	0.07901382446289062,	0.04874420166015625
5378412500.0,	0.07993698120117188,	0.04830169677734375
5378421875.0,	0.08231353759765625,	0.0489654541015625
5378431250.0,	0.08043289184570312,	0.049007415771484375
5378440625.0,	0.07832717895507812,	0.047760009765625
5378450000.0,	0.08049392700195312,	0.049041748046875
5378459375.0,	0.08001708984375,	0.04788970947265625
5378468750.0,	0.08145904541015625,	0.048892974853515625
5378478125.0,	0.08086013793945312,	0.047008514404296875
5378487500.0,	0.08139801025390625,	0.049274444580078125
5378496875.0,	0.07923507690429688,	0.04811859130859375
5378506250.0,	0.08150100708007812,	0.049625396728515625
5378515625.0,	0.08213424682617188,	0.04807281494140625
5378525000.0,	0.08252334594726562,	0.0464324951171875
5378534375.0,	0.08233261108398438,	0.04864501953125
5378543750.0,	0.08123779296875,	0.04781341552734375
5378553125.0,	0.08236312866210938,	0.047519683837890625
5378562500.0,	0.08078384399414062,	0.04804229736328125
5378571875.0,	0.08050155639648438,	0.050121307373046875
5378581250.0,	0.08141708374023438,	0.046234130859375
5378590625.0,	0.08181381225585938,	0.04815673828125
5378600000.0,	0.08224105834960938,	0.048633575439453125
5378609375.0,	0.08403396606445312,	0.04763031005859375
5378618750.0,	0.0836639404296875,	0.048320770263671875
5378628125.0,	0.08208847045898438,	0.046016693115234375
5378637500.0,	0.0811309814453125,	0.048542022705078125
5378646875.0,	0.083587646484375,	0.047206878662109375
5378656250.0,	0.08548355102539062,	0.048061370849609375
5378665625.0,	0.08379364013671875,	0.046710968017578125
5378675000.0,	0.08368682861328125,	0.0497589111328125
5378684375.0,	0.08352279663085938,	0.047138214111328125
5378693750.0,	0.08282089233398438,	0.045581817626953125
5378703125.0,	0.0850677490234375,	0.0475921630859375
5378712500.0,	0.08458328247070312,	0.045009613037109375
5378721875.0,	0.08324432373046875,	0.04648590087890625
5378731250.0,	0.08596420288085938,	0.04532623291015625
5378740625.0,	0.08431243896484375,	0.046901702880859375
5378750000.0,	0.08698654174804688,	0.04689788818359375
5378759375.0,	0.08436203002929688,	0.046138763427734375
5378768750.0,	0.08651351928710938,	0.044910430908203125
5378778125.0,	0.08580398559570312,	0.044803619384765625
5378787500.0,	0.08636474609375,	0.045013427734375
5378796875.0,	0.0856475830078125,	0.044490814208984375
5378806250.0,	0.08612060546875,	0.04634857177734375
5378815625.0,	0.08519744873046875,	0.044178009033203125
5378825000.0,	0.08610153198242188,	0.04327392578125
5378834375.0,	0.0865631103515625,	0.04376983642578125
5378843750.0,	0.08757781982421875,	0.044765472412109375
5378853125.0,	0.08795928955078125,	0.043163299560546875
5378862500.0,	0.08629608154296875,	0.04293060302734375
5378871875.0,	0.08642959594726562,	0.045001983642578125
5378881250.0,	0.0845184326171875,	0.04463958740234375
5378890625.0,	0.08887863159179688,	0.042449951171875
5378900000.0,	0.08562469482421875,	0.04261016845703125
5378909375.0,	0.08954238891601562,	0.045269012451171875
5378918750.0,	0.08936309814453125,	0.04175567626953125
5378928125.0,	0.08789443969726562,	0.042438507080078125
5378937500.0,	0.08766937255859375,	0.044437408447265625
5378946875.0,	0.08968353271484375,	0.042446136474609375
5378956250.0,	0.08934783935546875,	0.0419921875
5378965625.0,	0.089202880859375,	0.03993988037109375
5378975000.0,	0.08876419067382812,	0.038852691650390625
5378984375.0,	0.087554931640625,	0.041675567626953125
5378993750.0,	0.0887451171875,	0.04093170166015625
5379003125.0,	0.0899810791015625,	0.041866302490234375
5379012500.0,	0.08842086791992188,	0.039794921875
5379021875.0,	0.08929061889648438,	0.03911590576171875
5379031250.0,	0.08948898315429688,	0.03922271728515625
5379040625.0,	0.08976364135742188,	0.037891387939453125
5379050000.0,	0.09043121337890625,	0.03925323486328125
5379059375.0,	0.09000015258789062,	0.04007720947265625
5379068750.0,	0.09119033813476562,	0.038089752197265625
5379078125.0,	0.091033935546875,	0.039691925048828125
5379087500.0,	0.09134292602539062,	0.036991119384765625
5379096875.0,	0.09065628051757812,	0.036518096923828125
5379106250.0,	0.09316253662109375,	0.038257598876953125
5379115625.0,	0.09207916259765625,	0.037342071533203125
5379125000.0,	0.09189605712890625,	0.036373138427734375
5379134375.0,	0.09012222290039062,	0.038448333740234375
5379143750.0,	0.09389495849609375,	0.035228729248046875
5379153125.0,	0.0924835205078125,	0.034332275390625
5379162500.0,	0.09001541137695312,	0.0347900390625
5379171875.0,	0.0907440185546875,	0.034664154052734375
5379181250.0,	0.09387588500976562,	0.036235809326171875
5379190625.0,	0.09381484985351562,	0.03365325927734375
5379200000.0,	0.09446334838867188,	0.036060333251953125
5379209375.0,	0.09271240234375,	0.033481597900390625
5379218750.0,	0.09256362915039062,	0.03318023681640625
5379228125.0,	0.0935211181640625,	0.033206939697265625
5379237500.0,	0.09499359130859375,	0.033199310302734375
5379246875.0,	0.09527206420898438,	0.031833648681640625
5379256250.0,	0.09458160400390625,	0.03134918212890625
5379265625.0,	0.09415054321289062,	0.03279876708984375
5379275000.0,	0.09356689453125,	0.03131866455078125
5379284375.0,	0.09487152099609375,	0.030559539794921875
5379293750.0,	0.092681884765625,	0.030467987060546875
5379303125.0,	0.09203338623046875,	0.028400421142578125
5379312500.0,	0.09450149536132812,	0.028850555419921875
5379321875.0,	0.09445953369140625,	0.028331756591796875
5379331250.0,	0.09449005126953125,	0.025997161865234375
5379340625.0,	0.09450531005859375,	0.027263641357421875
5379350000.0,	0.09638214111328125,	0.026844024658203125
5379359375.0,	0.095458984375,	0.023975372314453125
5379368750.0,	0.0938873291015625,	0.026477813720703125
5379378125.0,	0.09461212158203125,	0.02618408203125
5379387500.0,	0.09546279907226562,	0.024810791015625
5379396875.0,	0.095458984375,	0.025295257568359375
5379406250.0,	0.0931854248046875,	0.023540496826171875
5379415625.0,	0.09532928466796875,	0.023227691650390625
5379425000.0,	0.09539413452148438,	0.021869659423828125
5379434375.0,	0.09601211547851562,	0.021625518798828125
5379443750.0,	0.09618759155273438,	0.020298004150390625
5379453125.0,	0.09672164916992188,	0.02083587646484375
5379462500.0,	0.09672927856445312,	0.0203857421875
5379471875.0,	0.09599685668945312,	0.0189361572265625
5379481250.0,	0.096160888671875,	0.0188140869140625
5379490625.0,	0.09540939331054688,	0.019107818603515625
5379500000.0,	0.09489059448242188,	0.017547607421875
5379509375.0,	0.09525299072265625,	0.017181396484375
5379518750.0,	0.0969085693359375,	0.01612091064453125
5379528125.0,	0.09517288208007812,	0.015811920166015625
5379537500.0,	0.09366989135742188,	0.0168609619140625
5379546875.0,	0.09485244750976562,	0.013896942138671875
5379556250.0,	0.09508514404296875,	0.013225555419921875
5379565625.0,	0.09459686279296875,	0.01320648193359375
5379575000.0,	0.09537506103515625,	0.01087188720703125
5379584375.0,	0.09442901611328125,	0.009998321533203125
5379593750.0,	0.0973358154296875,	0.011322021484375
5379603125.0,	0.09346389770507812,	0.009624481201171875
5379612500.0,	0.09412002563476562,	0.00750732421875
5379621875.0,	0.0940704345703125,	0.00879669189453125
5379631250.0,	0.09462738037109375,	0.005001068115234375
5379640625.0,	0.09386062622070312,	0.00696563720703125
5379650000.0,	0.09330368041992188,	0.004802703857421875
5379659375.0,	0.09155654907226562,	0.006397247314453125
5379668750.0,	0.0919647216796875,	0.00606536865234375
5379678125.0,	0.09006500244140625,	0.003887176513671875
5379687500.0,	0.0908050537109375,	0.00241851806640625
5379696875.0,	0.09034347534179688,	0.002368927001953125
5379706250.0,	0.09155654907226562,	0.00279998779296875
5379715625.0,	0.09148406982421875,	-0.000240325927734375
5379725000.0,	0.08680343627929688,	-0.001888275146484375
5379734375.0,	0.08838653564453125,	-0.00102996826171875
5379743750.0,	0.08862686157226562,	-0.00264739990234375
5379753125.0,	0.08621978759765625,	-0.003215789794921875
5379762500.0,	0.08765029907226562,	-0.004241943359375
5379771875.0,	0.083831787109375,	-0.0045928955078125
5379781250.0,	0.08268356323242188,	-0.005298614501953125
5379790625.0,	0.08635711669921875,	-0.0049591064453125
5379800000.0,	0.08541488647460938,	-0.004940032958984375
5379809375.0,	0.08440399169921875,	-0.00737762451171875
5379818750.0,	0.08386993408203125,	-0.0077056884765625
5379828125.0,	0.08121109008789062,	-0.007862091064453125
5379837500.0,	0.08041000366210938,	-0.01107025146484375
5379846875.0,	0.08060073852539062,	-0.009521484375
5379856250.0,	0.07944488525390625,	-0.0109100341796875
5379865625.0,	0.07706832885742188,	-0.008575439453125
5379875000.0,	0.07574844360351562,	-0.00879669189453125
5379884375.0,	0.07780075073242188,	-0.01099395751953125
5379893750.0,	0.07459259033203125,	-0.010585784912109375
5379903125.0,	0.07549667358398438,	-0.01142120361328125
5379912500.0,	0.07209396362304688,	-0.01342010498046875
5379921875.0,	0.07205963134765625,	-0.0132293701171875
5379931250.0,	0.07293701171875,	-0.01561737060546875
5379940625.0,	0.06941986083984375,	-0.01435089111328125
5379950000.0,	0.06998443603515625,	-0.012981414794921875
5379959375.0,	0.06863021850585938,	-0.01389312744140625
5379968750.0,	0.06948471069335938,	-0.0140228271484375
5379978125.0,	0.06637954711914062,	-0.01480865478515625
5379987500.0,	0.06251907348632812,	-0.01318359375
5379996875.0,	0.06267166137695312,	-0.014904022216796875
5380006250.0,	0.06281280517578125,	-0.013919830322265625
5380015625.0,	0.061595916748046875,	-0.01552581787109375
5380025000.0,	0.06214332580566406,	-0.015615463256835938
5380034375.0,	0.060985565185546875,	-0.015726089477539062
5380043750.0,	0.05897712707519531,	-0.01642608642578125
5380053125.0,	0.05655479431152344,	-0.014486312866210938
5380062500.0,	0.05747222900390625,	-0.015810012817382812
5380071875.0,	0.05703163146972656,	-0.013980865478515625
5380081250.0,	0.05593299865722656,	-0.014616012573242188
5380090625.0,	0.054203033447265625,	-0.014360427856445312
5380100000.0,	0.0511016845703125,	-0.01366424560546875
5380109375.0,	0.05205345153808594,	-0.01491546630859375
5380118750.0,	0.05016517639160156,	-0.0123291015625
5380128125.0,	0.04960441589355469,	-0.015256881713867188
5380137500.0,	0.04897308349609375,	-0.013118743896484375
5380146875.0,	0.04770088195800781,	-0.012180328369140625
5380156250.0,	0.046810150146484375,	-0.013034820556640625
5380165625.0,	0.04499053955078125,	-0.014293670654296875
5380175000.0,	0.04492950439453125,	-0.013134002685546875
5380184375.0,	0.045749664306640625,	-0.013397216796875
5380193750.0,	0.043628692626953125,	-0.013429641723632812
5380203125.0,	0.043792724609375,	-0.011545181274414062
5380212500.0,	0.041561126708984375,	-0.011304855346679688
5380221875.0,	0.04256248474121094,	-0.010454177856445312
5380231250.0,	0.04102325439453125,	-0.009428024291992188
5380240625.0,	0.0398712158203125,	-0.009410858154296875
5380250000.0,	0.04101753234863281,	-0.010278701782226562
5380259375.0,	0.03962135314941406,	-0.010589599609375
5380268750.0,	0.038440704345703125,	-0.008146286010742188
5380278125.0,	0.0386810302734375,	-0.008729934692382812
5380287500.0,	0.03650474548339844,	-0.00823974609375
5380296875.0,	0.03759002685546875,	-0.004657745361328125
5380306250.0,	0.03706932067871094,	-0.005008697509765625
5380315625.0,	0.03564643859863281,	-0.0042972564697265625
5380325000.0,	0.0339202880859375,	-0.007335662841796875
5380334375.0,	0.033893585205078125,	-0.0039272308349609375
5380343750.0,	0.03472137451171875,	-0.0030536651611328125
5380353125.0,	0.03348350524902344,	-0.003726959228515625
5380362500.0,	0.03385734558105469,	-0.0017795562744140625
5380371875.0,	0.03330039978027344,	-0.0016021728515625
5380381250.0,	0.03291893005371094,	-0.00157928466796875
5380390625.0,	0.03257560729980469,	-0.00028228759765625
5380400000.0,	0.03132820129394531,	0.0002307891845703125
5380409375.0,	0.029905319213867188,	-0.0007076263427734375
5380418750.0,	0.03249931335449219,	-0.000682830810546875
5380428125.0,	0.029311180114746094,	0.00177001953125
5380437500.0,	0.030526161193847656,	0.0026044845581054688
5380446875.0,	0.028400421142578125,	0.0024499893188476562
5380456250.0,	0.029083251953125,	0.0021924972534179688
5380465625.0,	0.030785560607910156,	0.0030193328857421875
5380475000.0,	0.02837848663330078,	0.004738807678222656
5380484375.0,	0.027559280395507812,	0.005913734436035156
5380493750.0,	0.028553009033203125,	0.0060749053955078125
5380503125.0,	0.028334617614746094,	0.0045490264892578125
5380512500.0,	0.027622222900390625,	0.006293296813964844
5380521875.0,	0.02575397491455078,	0.007290840148925781
5380531250.0,	0.027025222778320312,	0.0078105926513671875
5380540625.0,	0.02582836151123047,	0.006672859191894531
5380550000.0,	0.026111602783203125,	0.007656097412109375
5380559375.0,	0.02569293975830078,	0.010095596313476562
5380568750.0,	0.026014328002929688,	0.011648178100585938
5380578125.0,	0.02574634552001953,	0.013032913208007812
5380587500.0,	0.024671554565429688,	0.010039329528808594
5380596875.0,	0.02420330047607422,	0.011194229125976562
5380606250.0,	0.024194717407226562,	0.009250640869140625
5380615625.0,	0.026198387145996094,	0.011926651000976562
5380625000.0,	0.022670745849609375,	0.013275146484375
5380634375.0,	0.023230552673339844,	0.013192176818847656
5380643750.0,	0.025406837463378906,	0.014168739318847656
5380653125.0,	0.024831771850585938,	0.012969970703125
5380662500.0,	0.02520275115966797,	0.014672279357910156
5380671875.0,	0.02407550811767578,	0.013657569885253906
5380681250.0,	0.023003578186035156,	0.01618480682373047
5380690625.0,	0.02447032928466797,	0.014424324035644531
5380700000.0,	0.02215099334716797,	0.015206336975097656
5380709375.0,	0.024267196655273438,	0.01658153533935547
5380718750.0,	0.02400970458984375,	0.01692485809326172
5380728125.0,	0.023256301879882812,	0.018804550170898438
5380737500.0,	0.02445507049560547,	0.018049240112304688
5380746875.0,	0.02289104461669922,	0.01943206787109375
5380756250.0,	0.023489952087402344,	0.018192291259765625
5380765625.0,	0.024199485778808594,	0.018598556518554688
5380775000.0,	0.02289581298828125,	0.018346786499023438
5380784375.0,	0.024091720581054688,	0.01828289031982422
5380793750.0,	0.02534198760986328,	0.018983840942382812
5380803125.0,	0.023954391479492188,	0.020898818969726562
5380812500.0,	0.02544116973876953,	0.021165847778320312
5380821875.0,	0.023860931396484375,	0.0214080810546875
5380831250.0,	0.025194168090820312,	0.023372650146484375
5380840625.0,	0.024161338806152344,	0.022857666015625
5380850000.0,	0.025115013122558594,	0.02262115478515625
5380859375.0,	0.02359294891357422,	0.0224151611328125
5380868750.0,	0.02448558807373047,	0.02439403533935547
5380878125.0,	0.023665428161621094,	0.02423095703125
5380887500.0,	0.024964332580566406,	0.026050567626953125
5380896875.0,	0.02533245086669922,	0.025737762451171875
5380906250.0,	0.023967742919921875,	0.024003982543945312
5380915625.0,	0.022019386291503906,	0.025361061096191406
5380925000.0,	0.025437355041503906,	0.024275779724121094
5380934375.0,	0.025673866271972656,	0.02704620361328125
5380943750.0,	0.02237224578857422,	0.023775100708007812
5380953125.0,	0.02566814422607422,	0.027571678161621094
5380962500.0,	0.024309158325195312,	0.026633262634277344
5380971875.0,	0.023740768432617188,	0.02801799774169922
5380981250.0,	0.02269458770751953,	0.027861595153808594
5380990625.0,	0.02612018585205078,	0.027647972106933594
5381000000.0,	0.02533245086669922,	0.0282745361328125
5381009375.0,	0.024489402770996094,	0.030609130859375
5381018750.0,	0.0247650146484375,	0.027642250061035156
5381028125.0,	0.024847030639648438,	0.029188156127929688
5381037500.0,	0.027078628540039062,	0.0284271240234375
5381046875.0,	0.025365829467773438,	0.029735565185546875
5381056250.0,	0.023097991943359375,	0.03207206726074219
5381065625.0,	0.02506732940673828,	0.03031444549560547
5381075000.0,	0.027688980102539062,	0.029886245727539062
5381084375.0,	0.02396869659423828,	0.0302886962890625
5381093750.0,	0.023950576782226562,	0.030561447143554688
5381103125.0,	0.023834228515625,	0.032711029052734375
5381112500.0,	0.025119781494140625,	0.030732154846191406
5381121875.0,	0.02619171142578125,	0.02944183349609375
5381131250.0,	0.025022506713867188,	0.031574249267578125
5381140625.0,	0.024097442626953125,	0.03266716003417969
5381150000.0,	0.026787757873535156,	0.030736923217773438
5381159375.0,	0.025259017944335938,	0.03195381164550781
5381168750.0,	0.02495098114013672,	0.030956268310546875
5381178125.0,	0.025228500366210938,	0.03215789794921875
5381187500.0,	0.026119232177734375,	0.03486061096191406
5381196875.0,	0.026666641235351562,	0.03536224365234375
5381206250.0,	0.02651214599609375,	0.03659629821777344
5381215625.0,	0.026269912719726562,	0.0349578857421875
5381225000.0,	0.026376724243164062,	0.03405570983886719
5381234375.0,	0.025255203247070312,	0.03373146057128906
5381243750.0,	0.026315689086914062,	0.033687591552734375
5381253125.0,	0.027622222900390625,	0.0353851318359375
5381262500.0,	0.026569366455078125,	0.03537750244140625
5381271875.0,	0.024951934814453125,	0.03513526916503906
5381281250.0,	0.023899078369140625,	0.035247802734375
5381290625.0,	0.027612686157226562,	0.03459358215332031
5381300000.0,	0.028997421264648438,	0.03406524658203125
5381309375.0,	0.026769638061523438,	0.035640716552734375
5381318750.0,	0.026655197143554688,	0.03652191162109375
5381328125.0,	0.026300430297851562,	0.03618621826171875
5381337500.0,	0.026819229125976562,	0.036163330078125
5381346875.0,	0.02677154541015625,	0.03620719909667969
5381356250.0,	0.027177810668945312,	0.035411834716796875
5381365625.0,	0.028635025024414062,	0.03643989562988281
5381375000.0,	0.025407791137695312,	0.03620719909667969
5381384375.0,	0.027719497680664062,	0.03838348388671875
5381393750.0,	0.026763916015625,	0.037166595458984375
5381403125.0,	0.028856277465820312,	0.03640174865722656
5381412500.0,	0.026197433471679688,	0.03654289245605469
5381421875.0,	0.026987075805664062,	0.03734588623046875
5381431250.0,	0.029455184936523438,	0.037624359130859375
5381440625.0,	0.02716827392578125,	0.038326263427734375
5381450000.0,	0.029073715209960938,	0.03815650939941406
5381459375.0,	0.0290679931640625,	0.03729820251464844
5381468750.0,	0.027376174926757812,	0.03980827331542969
5381478125.0,	0.0314483642578125,	0.03996467590332031
5381487500.0,	0.030187606811523438,	0.03802680969238281
5381496875.0,	0.029802322387695312,	0.037845611572265625
5381506250.0,	0.028230667114257812,	0.03842353820800781
5381515625.0,	0.02878570556640625,	0.039043426513671875
5381525000.0,	0.027608871459960938,	0.03892326354980469
5381534375.0,	0.029369354248046875,	0.040798187255859375
5381543750.0,	0.028459548950195312,	0.03824043273925781
5381553125.0,	0.028360366821289062,	0.039905548095703125
5381562500.0,	0.026872634887695312,	0.039524078369140625
5381571875.0,	0.02892303466796875,	0.03928565979003906
5381581250.0,	0.027818679809570312,	0.04065704345703125
5381590625.0,	0.029352188110351562,	0.041839599609375
5381600000.0,	0.027692794799804688,	0.041805267333984375
5381609375.0,	0.027896881103515625,	0.04107475280761719
5381618750.0,	0.02951812744140625,	0.04007530212402344
5381628125.0,	0.03009796142578125,	0.040531158447265625
5381637500.0,	0.02776336669921875,	0.04174232482910156
5381646875.0,	0.030355453491210938,	0.04244232177734375
5381656250.0,	0.029226303100585938,	0.041347503662109375
5381665625.0,	0.030099868774414062,	0.04124259948730469
5381675000.0,	0.030199050903320312,	0.04202079772949219
5381684375.0,	0.029741287231445312,	0.04138374328613281
5381693750.0,	0.030591964721679688,	0.04332733154296875
5381703125.0,	0.02782440185546875,	0.041538238525390625
5381712500.0,	0.028730392456054688,	0.04149818420410156
5381721875.0,	0.030416488647460938,	0.04400634765625
5381731250.0,	0.029979705810546875,	0.04345512390136719
5381740625.0,	0.03271293640136719,	0.04187202453613281
5381750000.0,	0.03057861328125,	0.041645050048828125
5381759375.0,	0.03015899658203125,	0.042636871337890625
5381768750.0,	0.030904769897460938,	0.041118621826171875
5381778125.0,	0.03235626220703125,	0.044147491455078125
5381787500.0,	0.03156471252441406,	0.0419464111328125
5381796875.0,	0.028196334838867188,	0.04491996765136719
5381806250.0,	0.029462814331054688,	0.04439544677734375
5381815625.0,	0.031030654907226562,	0.04190254211425781
5381825000.0,	0.030529022216796875,	0.044094085693359375
5381834375.0,	0.02996063232421875,	0.04227638244628906
5381843750.0,	0.03182029724121094,	0.04222869873046875
5381853125.0,	0.03151702880859375,	0.043888092041015625
5381862500.0,	0.031894683837890625,	0.044597625732421875
5381871875.0,	0.030078887939453125,	0.04549598693847656
5381881250.0,	0.031513214111328125,	0.04402923583984375
5381890625.0,	0.03183937072753906,	0.043933868408203125
5381900000.0,	0.03133392333984375,	0.043704986572265625
5381909375.0,	0.029298782348632812,	0.04314613342285156
5381918750.0,	0.03141212463378906,	0.045032501220703125
5381928125.0,	0.030059814453125,	0.04438591003417969
5381937500.0,	0.029836654663085938,	0.04604148864746094
5381946875.0,	0.03216361999511719,	0.043666839599609375
5381956250.0,	0.031190872192382812,	0.04509544372558594
5381965625.0,	0.033382415771484375,	0.04400825500488281
5381975000.0,	0.03169822692871094,	0.04316139221191406
5381984375.0,	0.031829833984375,	0.0452423095703125
5381993750.0,	0.032154083251953125,	0.044353485107421875
5382003125.0,	0.030725479125976562,	0.04519081115722656
5382012500.0,	0.03182220458984375,	0.04328155517578125
5382021875.0,	0.03383827209472656,	0.04619789123535156
5382031250.0,	0.032222747802734375,	0.04558753967285156
5382040625.0,	0.030855178833007812,	0.04586982727050781
5382050000.0,	0.03148078918457031,	0.04543304443359375
5382059375.0,	0.032257080078125,	0.04621124267578125
5382068750.0,	0.03478431701660156,	0.04646873474121094
5382078125.0,	0.030195236206054688,	0.04817008972167969
5382087500.0,	0.03232574462890625,	0.0447235107421875
5382096875.0,	0.033397674560546875,	0.04614830017089844
5382106250.0,	0.032604217529296875,	0.047023773193359375
5382115625.0,	0.032684326171875,	0.045230865478515625
5382125000.0,	0.03273582458496094,	0.04850196838378906
5382134375.0,	0.03230857849121094,	0.046661376953125
5382143750.0,	0.03137779235839844,	0.04829597473144531
5382153125.0,	0.03370857238769531,	0.04428863525390625
5382162500.0,	0.034252166748046875,	0.045886993408203125
5382171875.0,	0.03340911865234375,	0.04769134521484375
5382181250.0,	0.03334808349609375,	0.04553794860839844
5382190625.0,	0.03317451477050781,	0.04821205139160156
5382200000.0,	0.030427932739257812,	0.04627799987792969
5382209375.0,	0.03214263916015625,	0.045413970947265625
5382218750.0,	0.03521728515625,	0.04741477966308594
5382228125.0,	0.033847808837890625,	0.0463409423828125
5382237500.0,	0.03499412536621094,	0.04673576354980469
5382246875.0,	0.03392601013183594,	0.0472564697265625
5382256250.0,	0.03375816345214844,	0.04732322692871094
5382265625.0,	0.031795501708984375,	0.048824310302734375
5382275000.0,	0.03472900390625,	0.046566009521484375
5382284375.0,	0.03246498107910156,	0.04731178283691406
5382293750.0,	0.03500938415527344,	0.04599761962890625
5382303125.0,	0.03271293640136719,	0.04715156555175781
5382312500.0,	0.03548622131347656,	0.0482025146484375
5382321875.0,	0.033481597900390625,	0.04638671875
5382331250.0,	0.03388023376464844,	0.04657173156738281
5382340625.0,	0.03386878967285156,	0.04831123352050781
5382350000.0,	0.032596588134765625,	0.045440673828125
5382359375.0,	0.034759521484375,	0.04838371276855469
5382368750.0,	0.03310203552246094,	0.04688453674316406
5382378125.0,	0.03326988220214844,	0.048007965087890625
5382387500.0,	0.03449249267578125,	0.04722023010253906
5382396875.0,	0.03444480895996094,	0.047210693359375
5382406250.0,	0.033382415771484375,	0.04763221740722656
5382415625.0,	0.035976409912109375,	0.04766845703125
5382425000.0,	0.035541534423828125,	0.04900360107421875
5382434375.0,	0.032939910888671875,	0.04843330383300781
5382443750.0,	0.035388946533203125,	0.04831123352050781
5382453125.0,	0.03333473205566406,	0.050266265869140625
5382462500.0,	0.03490638732910156,	0.048976898193359375
5382471875.0,	0.033050537109375,	0.04840850830078125
5382481250.0,	0.03469657897949219,	0.04970741271972656
5382490625.0,	0.03472137451171875,	0.04830360412597656
5382500000.0,	0.03450965881347656,	0.04675483703613281
5382509375.0,	0.03377723693847656,	0.049350738525390625
5382518750.0,	0.03462409973144531,	0.04941558837890625
5382528125.0,	0.036464691162109375,	0.0478973388671875
5382537500.0,	0.03473854064941406,	0.04838371276855469
5382546875.0,	0.034175872802734375,	0.04939079284667969
5382556250.0,	0.03587532043457031,	0.048358917236328125
5382565625.0,	0.03607749938964844,	0.04948234558105469
5382575000.0,	0.03466033935546875,	0.04865455627441406
5382584375.0,	0.03293418884277344,	0.04983329772949219
5382593750.0,	0.036651611328125,	0.04904747009277344
5382603125.0,	0.03364753723144531,	0.04928398132324219
5382612500.0,	0.03547859191894531,	0.04891014099121094
5382621875.0,	0.03405570983886719,	0.049560546875
5382631250.0,	0.035572052001953125,	0.049602508544921875
5382640625.0,	0.03631782531738281,	0.04925346374511719
5382650000.0,	0.03541374206542969,	0.04749298095703125
5382659375.0,	0.03371429443359375,	0.04837799072265625
5382668750.0,	0.03543281555175781,	0.05091094970703125
5382678125.0,	0.03452873229980469,	0.051311492919921875
5382687500.0,	0.035297393798828125,	0.049346923828125
5382696875.0,	0.033069610595703125,	0.049602508544921875
5382706250.0,	0.03540992736816406,	0.050159454345703125
5382715625.0,	0.035350799560546875,	0.05002784729003906
5382725000.0,	0.03641700744628906,	0.049541473388671875
5382734375.0,	0.035701751708984375,	0.04981422424316406
5382743750.0,	0.03722381591796875,	0.05146217346191406
5382753125.0,	0.03619194030761719,	0.04911041259765625
5382762500.0,	0.033618927001953125,	0.05069923400878906
5382771875.0,	0.035480499267578125,	0.04833412170410156
5382781250.0,	0.03620338439941406,	0.04989433288574219
5382790625.0,	0.03475379943847656,	0.04837799072265625
5382800000.0,	0.0362548828125,	0.050281524658203125
5382809375.0,	0.03605461120605469,	0.04917144775390625
5382818750.0,	0.03640556335449219,	0.0476226806640625
5382828125.0,	0.03498649597167969,	0.04952049255371094
5382837500.0,	0.03532218933105469,	0.05092811584472656
5382846875.0,	0.03651237487792969,	0.04971122741699219
5382856250.0,	0.03588104248046875,	0.05033111572265625
5382865625.0,	0.03603935241699219,	0.0501251220703125
5382875000.0,	0.03594779968261719,	0.04863166809082031
5382884375.0,	0.03781890869140625,	0.04990959167480469
5382893750.0,	0.03667640686035156,	0.05132484436035156
5382903125.0,	0.035297393798828125,	0.0515899658203125
5382912500.0,	0.036678314208984375,	0.04822349548339844
5382921875.0,	0.03564453125,	0.05152702331542969
5382931250.0,	0.036518096923828125,	0.05137062072753906
5382940625.0,	0.03495216369628906,	0.04948997497558594
5382950000.0,	0.037845611572265625,	0.05184173583984375
5382959375.0,	0.03561210632324219,	0.05019378662109375
5382968750.0,	0.036937713623046875,	0.04964256286621094
5382978125.0,	0.03526115417480469,	0.050464630126953125
5382987500.0,	0.03703117370605469,	0.04879570007324219
5382996875.0,	0.03908538818359375,	0.05109214782714844
5383006250.0,	0.03713798522949219,	0.05168914794921875
5383015625.0,	0.03706932067871094,	0.05084419250488281
5383025000.0,	0.0364990234375,	0.05227088928222656
5383034375.0,	0.03822898864746094,	0.05074119567871094
5383043750.0,	0.03631019592285156,	0.052215576171875
5383053125.0,	0.038539886474609375,	0.05091667175292969
5383062500.0,	0.03885841369628906,	0.048793792724609375
5383071875.0,	0.03722572326660156,	0.05036163330078125
5383081250.0,	0.04018974304199219,	0.05173492431640625
5383090625.0,	0.03829765319824219,	0.051486968994140625
5383100000.0,	0.03763580322265625,	0.049007415771484375
5383109375.0,	0.036067962646484375,	0.051074981689453125
5383118750.0,	0.03645896911621094,	0.05221748352050781
5383128125.0,	0.036418914794921875,	0.052539825439453125
5383137500.0,	0.03636360168457031,	0.050811767578125
5383146875.0,	0.03780364990234375,	0.05055809020996094
5383156250.0,	0.03726005554199219,	0.05188751220703125
5383165625.0,	0.0375823974609375,	0.05286598205566406
5383175000.0,	0.03949737548828125,	0.050693511962890625
5383184375.0,	0.03805351257324219,	0.05222129821777344
5383193750.0,	0.03566932678222656,	0.050365447998046875
5383203125.0,	0.036968231201171875,	0.05032157897949219
5383212500.0,	0.03800010681152344,	0.05327796936035156
5383221875.0,	0.036777496337890625,	0.049297332763671875
5383231250.0,	0.037143707275390625,	0.04804420471191406
5383240625.0,	0.03872489929199219,	0.050746917724609375
5383250000.0,	0.037517547607421875,	0.05125999450683594
5383259375.0,	0.03902244567871094,	0.05219268798828125
5383268750.0,	0.037334442138671875,	0.05159950256347656
5383278125.0,	0.0378570556640625,	0.05245208740234375
5383287500.0,	0.03580665588378906,	0.051670074462890625
5383296875.0,	0.03984260559082031,	0.05185508728027344
5383306250.0,	0.03875160217285156,	0.05103492736816406
5383315625.0,	0.03912925720214844,	0.05014991760253906
5383325000.0,	0.03720855712890625,	0.05139923095703125
5383334375.0,	0.03921318054199219,	0.05241966247558594
5383343750.0,	0.039093017578125,	0.05121612548828125
5383353125.0,	0.03613471984863281,	0.05255317687988281
5383362500.0,	0.03751182556152344,	0.05179023742675781
5383371875.0,	0.03800773620605469,	0.05451202392578125
5383381250.0,	0.04000282287597656,	0.051548004150390625
5383390625.0,	0.035686492919921875,	0.05467033386230469
5383400000.0,	0.03652381896972656,	0.05180168151855469
5383409375.0,	0.03911399841308594,	0.05425834655761719
5383418750.0,	0.0390472412109375,	0.05268287658691406
5383428125.0,	0.035587310791015625,	0.05281639099121094
5383437500.0,	0.03806495666503906,	0.0510406494140625
5383446875.0,	0.038669586181640625,	0.05178642272949219
5383456250.0,	0.03770637512207031,	0.05210304260253906
5383465625.0,	0.041805267333984375,	0.052982330322265625
5383475000.0,	0.03838348388671875,	0.04963111877441406
5383484375.0,	0.038150787353515625,	0.05313682556152344
5383493750.0,	0.040142059326171875,	0.052043914794921875
5383503125.0,	0.03740119934082031,	0.051959991455078125
5383512500.0,	0.03925895690917969,	0.05208015441894531
5383521875.0,	0.03880119323730469,	0.05170249938964844
5383531250.0,	0.039485931396484375,	0.052440643310546875
5383540625.0,	0.038158416748046875,	0.05123138427734375
5383550000.0,	0.03780364990234375,	0.05258369445800781
5383559375.0,	0.0380096435546875,	0.051532745361328125
5383568750.0,	0.0374298095703125,	0.05169868469238281
5383578125.0,	0.03990745544433594,	0.052738189697265625
5383587500.0,	0.03861236572265625,	0.05331611633300781
5383596875.0,	0.038990020751953125,	0.05238151550292969
5383606250.0,	0.03742790222167969,	0.052883148193359375
5383615625.0,	0.03923797607421875,	0.05195426940917969
5383625000.0,	0.03735542297363281,	0.05217552185058594
5383634375.0,	0.041782379150390625,	0.05058860778808594
5383643750.0,	0.04000663757324219,	0.0540008544921875
5383653125.0,	0.03895378112792969,	0.05140495300292969
5383662500.0,	0.03825187683105469,	0.0516815185546875
5383671875.0,	0.040256500244140625,	0.05365180969238281
5383681250.0,	0.039730072021484375,	0.05101776123046875
5383690625.0,	0.03892326354980469,	0.05163764953613281
5383700000.0,	0.03738594055175781,	0.050922393798828125
5383709375.0,	0.0386199951171875,	0.05130577087402344
5383718750.0,	0.04152679443359375,	0.05198097229003906
5383728125.0,	0.03983879089355469,	0.053302764892578125
5383737500.0,	0.038608551025390625,	0.051052093505859375
5383746875.0,	0.038116455078125,	0.05349922180175781
5383756250.0,	0.03898048400878906,	0.052440643310546875
5383765625.0,	0.038936614990234375,	0.0531158447265625
5383775000.0,	0.03987312316894531,	0.05462074279785156
5383784375.0,	0.040851593017578125,	0.05322837829589844
5383793750.0,	0.039295196533203125,	0.054569244384765625
5383803125.0,	0.039073944091796875,	0.054676055908203125
5383812500.0,	0.0359649658203125,	0.053165435791015625
5383821875.0,	0.039989471435546875,	0.05369377136230469
5383831250.0,	0.038127899169921875,	0.05550384521484375
5383840625.0,	0.04021644592285156,	0.052371978759765625
5383850000.0,	0.04007720947265625,	0.05069732666015625
5383859375.0,	0.03835487365722656,	0.05355644226074219
5383868750.0,	0.04055595397949219,	0.0534820556640625
5383878125.0,	0.04012870788574219,	0.054157257080078125
5383887500.0,	0.0400848388671875,	0.05405426025390625
5383896875.0,	0.03783226013183594,	0.05124092102050781
5383906250.0,	0.03840827941894531,	0.05325126647949219
5383915625.0,	0.03940010070800781,	0.05482673645019531
5383925000.0,	0.04085350036621094,	0.052875518798828125
5383934375.0,	0.03816413879394531,	0.05314064025878906
5383943750.0,	0.038677215576171875,	0.051532745361328125
5383953125.0,	0.04053306579589844,	0.0529632568359375
5383962500.0,	0.03949165344238281,	0.052021026611328125
5383971875.0,	0.03742790222167969,	0.05400657653808594
5383981250.0,	0.04057121276855469,	0.05115699768066406
5383990625.0,	0.040340423583984375,	0.05295372009277344
5384000000.0,	0.038700103759765625,	0.05225181579589844
5384009375.0,	0.040966033935546875,	0.05228614807128906
5384018750.0,	0.03937721252441406,	0.054779052734375
5384028125.0,	0.039447784423828125,	0.052715301513671875
5384037500.0,	0.039886474609375,	0.0546722412109375
5384046875.0,	0.04040336608886719,	0.053394317626953125
5384056250.0,	0.04004859924316406,	0.05262184143066406
5384065625.0,	0.04007720947265625,	0.05224037170410156
5384075000.0,	0.038818359375,	0.05207061767578125
5384084375.0,	0.03801536560058594,	0.053707122802734375
5384093750.0,	0.04045867919921875,	0.05404472351074219
5384103125.0,	0.04014396667480469,	0.05370903015136719
5384112500.0,	0.040966033935546875,	0.051418304443359375
5384121875.0,	0.041473388671875,	0.05181121826171875
5384131250.0,	0.040393829345703125,	0.052928924560546875
5384140625.0,	0.04195594787597656,	0.05443382263183594
5384150000.0,	0.03975868225097656,	0.05224037170410156
5384159375.0,	0.03926849365234375,	0.05153846740722656
5384168750.0,	0.03900909423828125,	0.05407905578613281
5384178125.0,	0.0407257080078125,	0.05271720886230469
5384187500.0,	0.039455413818359375,	0.05308341979980469
5384196875.0,	0.04053688049316406,	0.05187034606933594
5384206250.0,	0.04083824157714844,	0.05295372009277344
5384215625.0,	0.03871917724609375,	0.05283546447753906
5384225000.0,	0.039432525634765625,	0.05418205261230469
5384234375.0,	0.039867401123046875,	0.053966522216796875
5384243750.0,	0.03974151611328125,	0.053314208984375
5384253125.0,	0.038982391357421875,	0.05623435974121094
5384262500.0,	0.04003715515136719,	0.05610847473144531
5384271875.0,	0.04084014892578125,	0.052249908447265625
5384281250.0,	0.03865242004394531,	0.055461883544921875
5384290625.0,	0.04066276550292969,	0.05388832092285156
5384300000.0,	0.04118156433105469,	0.052547454833984375
5384309375.0,	0.04004669189453125,	0.05459022521972656
5384318750.0,	0.03742408752441406,	0.053134918212890625
5384328125.0,	0.04059791564941406,	0.054656982421875
5384337500.0,	0.03798675537109375,	0.05274772644042969
5384346875.0,	0.041385650634765625,	0.052524566650390625
5384356250.0,	0.04171562194824219,	0.05455970764160156
5384365625.0,	0.040386199951171875,	0.05227851867675781
5384375000.0,	0.03763389587402344,	0.05469512939453125
5384384375.0,	0.040081024169921875,	0.0508575439453125
5384393750.0,	0.039997100830078125,	0.053958892822265625
5384403125.0,	0.040294647216796875,	0.05489349365234375
5384412500.0,	0.039913177490234375,	0.053028106689453125
5384421875.0,	0.03885841369628906,	0.05357170104980469
5384431250.0,	0.04084587097167969,	0.05256843566894531
5384440625.0,	0.039745330810546875,	0.05240058898925781
5384450000.0,	0.04205322265625,	0.05364990234375
5384459375.0,	0.040660858154296875,	0.052547454833984375
5384468750.0,	0.03969001770019531,	0.052959442138671875
5384478125.0,	0.04099845886230469,	0.05338478088378906
5384487500.0,	0.040660858154296875,	0.05534172058105469
5384496875.0,	0.039196014404296875,	0.054317474365234375
5384506250.0,	0.039287567138671875,	0.05508232116699219
5384515625.0,	0.03901863098144531,	0.05266761779785156
5384525000.0,	0.03944587707519531,	0.05338859558105469
5384534375.0,	0.042583465576171875,	0.05507469177246094
5384543750.0,	0.039402008056640625,	0.05464935302734375
5384553125.0,	0.03742218017578125,	0.05477333068847656
5384562500.0,	0.040081024169921875,	0.05576133728027344
5384571875.0,	0.0387420654296875,	0.05490684509277344
5384581250.0,	0.0421600341796875,	0.051944732666015625
5384590625.0,	0.039215087890625,	0.05523490905761719
5384600000.0,	0.042755126953125,	0.05504035949707031
5384609375.0,	0.03984642028808594,	0.05632209777832031
5384618750.0,	0.04195213317871094,	0.05531883239746094
5384628125.0,	0.04114723205566406,	0.056041717529296875
5384637500.0,	0.037723541259765625,	0.053241729736328125
5384646875.0,	0.04207420349121094,	0.05214500427246094
5384656250.0,	0.03908538818359375,	0.05449104309082031
5384665625.0,	0.0415191650390625,	0.0550384521484375
5384675000.0,	0.03815650939941406,	0.05406951904296875
5384684375.0,	0.04096412658691406,	0.05460357666015625
5384693750.0,	0.04026603698730469,	0.05481719970703125
5384703125.0,	0.03961181640625,	0.052181243896484375
5384712500.0,	0.04163169860839844,	0.05321502685546875
5384721875.0,	0.04154205322265625,	0.056888580322265625
5384731250.0,	0.0421905517578125,	0.0535736083984375
5384740625.0,	0.03954505920410156,	0.053539276123046875
5384750000.0,	0.04129791259765625,	0.054569244384765625
5384759375.0,	0.03974151611328125,	0.054172515869140625
5384768750.0,	0.04154014587402344,	0.05477333068847656
5384778125.0,	0.041473388671875,	0.05430793762207031
5384787500.0,	0.040019989013671875,	0.0550537109375
5384796875.0,	0.040435791015625,	0.054157257080078125
5384806250.0,	0.042827606201171875,	0.05306243896484375
5384815625.0,	0.04148292541503906,	0.05599212646484375
5384825000.0,	0.0410919189453125,	0.0544891357421875
5384834375.0,	0.04059791564941406,	0.05441856384277344
5384843750.0,	0.039966583251953125,	0.053234100341796875
5384853125.0,	0.039600372314453125,	0.05328178405761719
5384862500.0,	0.04004478454589844,	0.052608489990234375
5384871875.0,	0.04061698913574219,	0.05559539794921875
5384881250.0,	0.042827606201171875,	0.05399322509765625
5384890625.0,	0.04100608825683594,	0.0546722412109375
5384900000.0,	0.04254150390625,	0.05442237854003906
5384909375.0,	0.04107856750488281,	0.05249977111816406
5384918750.0,	0.04098701477050781,	0.055938720703125
5384928125.0,	0.041278839111328125,	0.05472373962402344
5384937500.0,	0.04244804382324219,	0.05410957336425781
5384946875.0,	0.040332794189453125,	0.05549049377441406
5384956250.0,	0.041912078857421875,	0.052978515625
5384965625.0,	0.0436248779296875,	0.0544281005859375
5384975000.0,	0.0413360595703125,	0.05491447448730469
5384984375.0,	0.04055213928222656,	0.05235862731933594
5384993750.0,	0.04373741149902344,	0.05541229248046875
5385003125.0,	0.041957855224609375,	0.054073333740234375
5385012500.0,	0.04126739501953125,	0.05293464660644531
5385021875.0,	0.04198455810546875,	0.05562400817871094
5385031250.0,	0.040554046630859375,	0.05319786071777344
5385040625.0,	0.043476104736328125,	0.05367279052734375
5385050000.0,	0.043491363525390625,	0.05393028259277344
5385059375.0,	0.04093742370605469,	0.05590248107910156
5385068750.0,	0.041248321533203125,	0.05574989318847656
5385078125.0,	0.04227256774902344,	0.05490684509277344
5385087500.0,	0.042758941650390625,	0.054447174072265625
5385096875.0,	0.041751861572265625,	0.05380058288574219
5385106250.0,	0.04183769226074219,	0.05451011657714844
5385115625.0,	0.0421142578125,	0.05496978759765625
5385125000.0,	0.04165458679199219,	0.05725669860839844
5385134375.0,	0.04284477233886719,	0.053936004638671875
5385143750.0,	0.040798187255859375,	0.05550956726074219
5385153125.0,	0.04205322265625,	0.05751609802246094
5385162500.0,	0.04248237609863281,	0.05605888366699219
5385171875.0,	0.04284095764160156,	0.056095123291015625
5385181250.0,	0.04186248779296875,	0.05414390563964844
5385190625.0,	0.04094696044921875,	0.053829193115234375
5385200000.0,	0.0408477783203125,	0.05699729919433594
5385209375.0,	0.03942108154296875,	0.055049896240234375
5385218750.0,	0.042446136474609375,	0.05383491516113281
5385228125.0,	0.04088401794433594,	0.05446624755859375
5385237500.0,	0.040187835693359375,	0.05509185791015625
5385246875.0,	0.0401153564453125,	0.054019927978515625
5385256250.0,	0.03947257995605469,	0.05434417724609375
5385265625.0,	0.041187286376953125,	0.05392646789550781
5385275000.0,	0.0409088134765625,	0.05349159240722656
5385284375.0,	0.041507720947265625,	0.053775787353515625
5385293750.0,	0.04192924499511719,	0.05493736267089844
5385303125.0,	0.041881561279296875,	0.05476188659667969
5385312500.0,	0.04249000549316406,	0.054561614990234375
5385321875.0,	0.041461944580078125,	0.05547904968261719
5385331250.0,	0.041133880615234375,	0.0557708740234375
5385340625.0,	0.04193305969238281,	0.05410003662109375
5385350000.0,	0.040203094482421875,	0.0543975830078125
5385359375.0,	0.04208946228027344,	0.0562591552734375
5385368750.0,	0.043949127197265625,	0.05577850341796875
5385378125.0,	0.042720794677734375,	0.05457115173339844
5385387500.0,	0.04039764404296875,	0.05618476867675781
5385396875.0,	0.04099273681640625,	0.05575370788574219
5385406250.0,	0.042064666748046875,	0.05591773986816406
5385415625.0,	0.04133415222167969,	0.055057525634765625
5385425000.0,	0.0397491455078125,	0.052455902099609375
5385434375.0,	0.041717529296875,	0.05459785461425781
5385443750.0,	0.04245948791503906,	0.05466461181640625
5385453125.0,	0.0420379638671875,	0.05634307861328125
5385462500.0,	0.04310417175292969,	0.054203033447265625
5385471875.0,	0.03975677490234375,	0.05666351318359375
5385481250.0,	0.042163848876953125,	0.05574798583984375
5385490625.0,	0.0432891845703125,	0.05613136291503906
5385500000.0,	0.041656494140625,	0.05591773986816406
5385509375.0,	0.04053497314453125,	0.05520057678222656
5385518750.0,	0.0424346923828125,	0.05396080017089844
5385528125.0,	0.04052925109863281,	0.05609321594238281
5385537500.0,	0.04080963134765625,	0.056102752685546875
5385546875.0,	0.04284095764160156,	0.054729461669921875
5385556250.0,	0.03936576843261719,	0.055774688720703125
5385565625.0,	0.04070281982421875,	0.05643272399902344
5385575000.0,	0.0428466796875,	0.054706573486328125
5385584375.0,	0.043773651123046875,	0.05613517761230469
5385593750.0,	0.041248321533203125,	0.05598258972167969
5385603125.0,	0.04201698303222656,	0.05389213562011719
5385612500.0,	0.040485382080078125,	0.05547332763671875
5385621875.0,	0.042514801025390625,	0.05405426025390625
5385631250.0,	0.04166984558105469,	0.0552215576171875
5385640625.0,	0.04371452331542969,	0.05552482604980469
5385650000.0,	0.04375648498535156,	0.054851531982421875
5385659375.0,	0.04092216491699219,	0.05382537841796875
5385668750.0,	0.0411834716796875,	0.055721282958984375
5385678125.0,	0.04068565368652344,	0.056468963623046875
5385687500.0,	0.04101371765136719,	0.055255889892578125
5385696875.0,	0.04230308532714844,	0.05450439453125
5385706250.0,	0.043346405029296875,	0.05580711364746094
5385715625.0,	0.039958953857421875,	0.056171417236328125
5385725000.0,	0.041667938232421875,	0.0521087646484375
5385734375.0,	0.043056488037109375,	0.05571937561035156
5385743750.0,	0.041656494140625,	0.05615425109863281
5385753125.0,	0.04303550720214844,	0.05586433410644531
5385762500.0,	0.04162406921386719,	0.056331634521484375
5385771875.0,	0.041797637939453125,	0.05479621887207031
5385781250.0,	0.04057884216308594,	0.05462074279785156
5385790625.0,	0.04288291931152344,	0.055553436279296875
5385800000.0,	0.04154396057128906,	0.05603981018066406
5385809375.0,	0.04142189025878906,	0.05578041076660156
5385818750.0,	0.04102325439453125,	0.05445098876953125
5385828125.0,	0.04291343688964844,	0.05545997619628906
5385837500.0,	0.042926788330078125,	0.056610107421875
5385846875.0,	0.04099845886230469,	0.05636405944824219
5385856250.0,	0.03977394104003906,	0.05558967590332031
5385865625.0,	0.0412139892578125,	0.05681037902832031
5385875000.0,	0.041301727294921875,	0.05447959899902344
5385884375.0,	0.04158973693847656,	0.05591583251953125
5385893750.0,	0.0451507568359375,	0.057891845703125
5385903125.0,	0.04010200500488281,	0.055877685546875
5385912500.0,	0.04149818420410156,	0.05665397644042969
5385921875.0,	0.03966712951660156,	0.056240081787109375
5385931250.0,	0.04416656494140625,	0.05420684814453125
5385940625.0,	0.044635772705078125,	0.05655097961425781
5385950000.0,	0.04183769226074219,	0.056377410888671875
5385959375.0,	0.04099273681640625,	0.0563812255859375
5385968750.0,	0.04268455505371094,	0.05811119079589844
5385978125.0,	0.04116249084472656,	0.057056427001953125
5385987500.0,	0.04126548767089844,	0.054805755615234375
5385996875.0,	0.041942596435546875,	0.052333831787109375
5386006250.0,	0.042072296142578125,	0.05541801452636719
5386015625.0,	0.040775299072265625,	0.05586814880371094
5386025000.0,	0.03979682922363281,	0.05514335632324219
5386034375.0,	0.04428291320800781,	0.05574989318847656
5386043750.0,	0.04318809509277344,	0.05730628967285156
5386053125.0,	0.041316986083984375,	0.05375480651855469
5386062500.0,	0.04013824462890625,	0.05550956726074219
5386071875.0,	0.041301727294921875,	0.05397605895996094
5386081250.0,	0.04369544982910156,	0.05452919006347656
5386090625.0,	0.0424957275390625,	0.05805206298828125
5386100000.0,	0.04257965087890625,	0.056415557861328125
5386109375.0,	0.041416168212890625,	0.05549812316894531
5386118750.0,	0.042201995849609375,	0.05632972717285156
5386128125.0,	0.04195976257324219,	0.05717658996582031
5386137500.0,	0.043895721435546875,	0.05510711669921875
5386146875.0,	0.04044151306152344,	0.057373046875
5386156250.0,	0.03958892822265625,	0.054912567138671875
5386165625.0,	0.04265022277832031,	0.05368614196777344
5386175000.0,	0.04169464111328125,	0.05608177185058594
5386184375.0,	0.042469024658203125,	0.05503273010253906
5386193750.0,	0.04233551025390625,	0.0560150146484375
5386203125.0,	0.04224395751953125,	0.05615425109863281
5386212500.0,	0.04170989990234375,	0.05517387390136719
5386221875.0,	0.04221916198730469,	0.05614280700683594
5386231250.0,	0.044189453125,	0.055938720703125
5386240625.0,	0.0402984619140625,	0.05834197998046875
5386250000.0,	0.043060302734375,	0.057941436767578125
5386259375.0,	0.042755126953125,	0.0550537109375
5386268750.0,	0.044040679931640625,	0.055633544921875
5386278125.0,	0.044788360595703125,	0.057170867919921875
5386287500.0,	0.04366874694824219,	0.05422401428222656
5386296875.0,	0.041210174560546875,	0.055728912353515625
5386306250.0,	0.040538787841796875,	0.056640625
5386315625.0,	0.04288482666015625,	0.05727195739746094
5386325000.0,	0.0439605712890625,	0.05431175231933594
5386334375.0,	0.041423797607421875,	0.05548858642578125
5386343750.0,	0.04244232177734375,	0.0531768798828125
5386353125.0,	0.041748046875,	0.057407379150390625
5386362500.0,	0.041748046875,	0.05679893493652344
5386371875.0,	0.042461395263671875,	0.059246063232421875
5386381250.0,	0.041446685791015625,	0.0549163818359375
5386390625.0,	0.044158935546875,	0.056423187255859375
5386400000.0,	0.03965950012207031,	0.05591583251953125
5386409375.0,	0.04340171813964844,	0.05460548400878906
5386418750.0,	0.04183006286621094,	0.05587196350097656
5386428125.0,	0.044017791748046875,	0.056453704833984375
5386437500.0,	0.04314231872558594,	0.05683708190917969
5386446875.0,	0.04196929931640625,	0.056121826171875
5386456250.0,	0.041164398193359375,	0.05552482604980469
5386465625.0,	0.042385101318359375,	0.056781768798828125
5386475000.0,	0.04240608215332031,	0.057567596435546875
5386484375.0,	0.04207611083984375,	0.05756950378417969
5386493750.0,	0.04269599914550781,	0.05439186096191406
5386503125.0,	0.04063606262207031,	0.056797027587890625
5386512500.0,	0.04057884216308594,	0.05573844909667969
5386521875.0,	0.04386138916015625,	0.05548286437988281
5386531250.0,	0.04201698303222656,	0.055652618408203125
5386540625.0,	0.04328727722167969,	0.055278778076171875
5386550000.0,	0.044277191162109375,	0.05475044250488281
5386559375.0,	0.041271209716796875,	0.05471992492675781
5386568750.0,	0.04348564147949219,	0.054584503173828125
5386578125.0,	0.04339027404785156,	0.056385040283203125
5386587500.0,	0.0430450439453125,	0.056789398193359375
5386596875.0,	0.04311943054199219,	0.057830810546875
5386606250.0,	0.04215431213378906,	0.05585479736328125
5386615625.0,	0.04236030578613281,	0.05622291564941406
5386625000.0,	0.042057037353515625,	0.05670166015625
5386634375.0,	0.04215240478515625,	0.05702400207519531
5386643750.0,	0.04279327392578125,	0.05764961242675781
5386653125.0,	0.04331779479980469,	0.05664253234863281
5386662500.0,	0.04348564147949219,	0.056896209716796875
5386671875.0,	0.04216194152832031,	0.05782127380371094
5386681250.0,	0.04128265380859375,	0.05798530578613281
5386690625.0,	0.0438385009765625,	0.05697822570800781
5386700000.0,	0.04388618469238281,	0.05723762512207031
5386709375.0,	0.041900634765625,	0.056789398193359375
5386718750.0,	0.043354034423828125,	0.05542564392089844
5386728125.0,	0.04268074035644531,	0.05715370178222656
5386737500.0,	0.04262733459472656,	0.05750465393066406
5386746875.0,	0.042461395263671875,	0.05843544006347656
5386756250.0,	0.04389381408691406,	0.05441856384277344
5386765625.0,	0.042705535888671875,	0.058017730712890625
5386775000.0,	0.04364013671875,	0.05614662170410156
5386784375.0,	0.04142570495605469,	0.056552886962890625
5386793750.0,	0.04163169860839844,	0.055706024169921875
5386803125.0,	0.04158592224121094,	0.05669593811035156
5386812500.0,	0.04279136657714844,	0.05661964416503906
5386821875.0,	0.04524803161621094,	0.05738067626953125
5386831250.0,	0.04215049743652344,	0.05662345886230469
5386840625.0,	0.04254150390625,	0.05662727355957031
5386850000.0,	0.0426025390625,	0.05757713317871094
5386859375.0,	0.04274559020996094,	0.05637931823730469
5386868750.0,	0.039882659912109375,	0.05627632141113281
5386878125.0,	0.04421424865722656,	0.05580711364746094
5386887500.0,	0.04384803771972656,	0.0568389892578125
5386896875.0,	0.043426513671875,	0.05738258361816406
5386906250.0,	0.04448127746582031,	0.05293083190917969
5386915625.0,	0.042266845703125,	0.055614471435546875
5386925000.0,	0.041942596435546875,	0.05711555480957031
5386934375.0,	0.04288291931152344,	0.05649375915527344
5386943750.0,	0.04208564758300781,	0.05731010437011719
5386953125.0,	0.04356956481933594,	0.05753517150878906
5386962500.0,	0.04239463806152344,	0.05387687683105469
5386971875.0,	0.04177093505859375,	0.05438232421875
5386981250.0,	0.0418853759765625,	0.05657386779785156
5386990625.0,	0.04522705078125,	0.05621337890625
5387000000.0,	0.041412353515625,	0.05694580078125
5387009375.0,	0.042163848876953125,	0.058162689208984375
5387018750.0,	0.04089927673339844,	0.056682586669921875
5387028125.0,	0.03932762145996094,	0.057193756103515625
5387037500.0,	0.04509162902832031,	0.05718994140625
5387046875.0,	0.0421905517578125,	0.056346893310546875
5387056250.0,	0.04078102111816406,	0.05758857727050781
5387065625.0,	0.04630851745605469,	0.05666923522949219
5387075000.0,	0.04242706298828125,	0.05487823486328125
5387084375.0,	0.04407691955566406,	0.056056976318359375
5387093750.0,	0.043125152587890625,	0.05520439147949219
5387103125.0,	0.04428672790527344,	0.05491447448730469
5387112500.0,	0.04380989074707031,	0.0588226318359375
5387121875.0,	0.04267311096191406,	0.05661773681640625
5387131250.0,	0.04219818115234375,	0.05890083312988281
5387140625.0,	0.04187965393066406,	0.05684661865234375
5387150000.0,	0.04380226135253906,	0.05473899841308594
5387159375.0,	0.041210174560546875,	0.05777931213378906
5387168750.0,	0.044178009033203125,	0.058834075927734375
5387178125.0,	0.04038429260253906,	0.057865142822265625
5387187500.0,	0.04378318786621094,	0.054195404052734375
5387196875.0,	0.04512786865234375,	0.05783271789550781
5387206250.0,	0.04399299621582031,	0.060970306396484375
5387215625.0,	0.04307365417480469,	0.05734825134277344
5387225000.0,	0.04269218444824219,	0.056774139404296875
5387234375.0,	0.04261589050292969,	0.05841827392578125
5387243750.0,	0.041782379150390625,	0.05673408508300781
5387253125.0,	0.04367828369140625,	0.05641365051269531
5387262500.0,	0.04392814636230469,	0.05663299560546875
5387271875.0,	0.04172706604003906,	0.05696868896484375
5387281250.0,	0.04408454895019531,	0.05584907531738281
5387290625.0,	0.04029083251953125,	0.05599403381347656
5387300000.0,	0.0450439453125,	0.0572509765625
5387309375.0,	0.04400444030761719,	0.056728363037109375
5387318750.0,	0.04333686828613281,	0.05768394470214844
5387328125.0,	0.04448509216308594,	0.05525779724121094
5387337500.0,	0.042430877685546875,	0.05740547180175781
5387346875.0,	0.043224334716796875,	0.0581207275390625
5387356250.0,	0.04281806945800781,	0.05654335021972656
5387365625.0,	0.04276275634765625,	0.058441162109375
5387375000.0,	0.04367828369140625,	0.05746650695800781
5387384375.0,	0.044338226318359375,	0.058048248291015625
5387393750.0,	0.04192543029785156,	0.05687141418457031
5387403125.0,	0.042819976806640625,	0.05834197998046875
5387412500.0,	0.04382896423339844,	0.057109832763671875
5387421875.0,	0.04241371154785156,	0.05908203125
5387431250.0,	0.045627593994140625,	0.05785560607910156
5387440625.0,	0.04430580139160156,	0.05803680419921875
5387450000.0,	0.04168891906738281,	0.056499481201171875
5387459375.0,	0.04358673095703125,	0.05611419677734375
5387468750.0,	0.04443168640136719,	0.05771827697753906
5387478125.0,	0.04454612731933594,	0.05780029296875
5387487500.0,	0.04346466064453125,	0.05817222595214844
5387496875.0,	0.042804718017578125,	0.05726051330566406
5387506250.0,	0.04276466369628906,	0.0594329833984375
5387515625.0,	0.04384613037109375,	0.05629539489746094
5387525000.0,	0.04273796081542969,	0.057132720947265625
5387534375.0,	0.04307746887207031,	0.05775642395019531
5387543750.0,	0.04309272766113281,	0.05750846862792969
5387553125.0,	0.04343223571777344,	0.05654335021972656
5387562500.0,	0.041439056396484375,	0.05647850036621094
5387571875.0,	0.04191398620605469,	0.0567779541015625
5387581250.0,	0.04379844665527344,	0.05766105651855469
5387590625.0,	0.04367256164550781,	0.05661773681640625
5387600000.0,	0.043766021728515625,	0.05716133117675781
5387609375.0,	0.04250526428222656,	0.05919075012207031
5387618750.0,	0.04381370544433594,	0.0570220947265625
5387628125.0,	0.044139862060546875,	0.05800437927246094
5387637500.0,	0.043605804443359375,	0.05638885498046875
5387646875.0,	0.04165458679199219,	0.057834625244140625
5387656250.0,	0.04248046875,	0.05484199523925781
5387665625.0,	0.042694091796875,	0.05866432189941406
5387675000.0,	0.0438232421875,	0.05865287780761719
5387684375.0,	0.04366111755371094,	0.05763816833496094
5387693750.0,	0.044803619384765625,	0.05748558044433594
5387703125.0,	0.041889190673828125,	0.057403564453125
5387712500.0,	0.042510986328125,	0.05823326110839844
5387721875.0,	0.04177284240722656,	0.05792999267578125
5387731250.0,	0.043674468994140625,	0.054931640625
5387740625.0,	0.04127693176269531,	0.05785369873046875
5387750000.0,	0.0420074462890625,	0.05740547180175781
5387759375.0,	0.04186058044433594,	0.05799102783203125
5387768750.0,	0.04367637634277344,	0.057826995849609375
5387778125.0,	0.040683746337890625,	0.057971954345703125
5387787500.0,	0.04127693176269531,	0.056354522705078125
5387796875.0,	0.04373741149902344,	0.05813026428222656
5387806250.0,	0.04519081115722656,	0.05549430847167969
5387815625.0,	0.0435791015625,	0.05704498291015625
5387825000.0,	0.04306602478027344,	0.05714988708496094
5387834375.0,	0.04305458068847656,	0.05799102783203125
5387843750.0,	0.04234123229980469,	0.058277130126953125
5387853125.0,	0.04265594482421875,	0.05733489990234375
5387862500.0,	0.04364776611328125,	0.05656623840332031
5387871875.0,	0.042209625244140625,	0.05697822570800781
5387881250.0,	0.041744232177734375,	0.05689239501953125
5387890625.0,	0.04354286193847656,	0.0584869384765625
5387900000.0,	0.043537139892578125,	0.056713104248046875
5387909375.0,	0.04410552978515625,	0.05741119384765625
5387918750.0,	0.042835235595703125,	0.059574127197265625
5387928125.0,	0.0423431396484375,	0.057769775390625
5387937500.0,	0.04005241394042969,	0.05927467346191406
5387946875.0,	0.04128074645996094,	0.05941009521484375
5387956250.0,	0.0424346923828125,	0.059917449951171875
5387965625.0,	0.042774200439453125,	0.05778312683105469
5387975000.0,	0.04256629943847656,	0.05712127685546875
5387984375.0,	0.04305458068847656,	0.05751991271972656
5387993750.0,	0.04308128356933594,	0.05776786804199219
5388003125.0,	0.04192924499511719,	0.05724334716796875
5388012500.0,	0.0431060791015625,	0.05605316162109375
5388021875.0,	0.043819427490234375,	0.05592918395996094
5388031250.0,	0.0437469482421875,	0.056995391845703125
5388040625.0,	0.04131507873535156,	0.059146881103515625
5388050000.0,	0.04256248474121094,	0.05747032165527344
5388059375.0,	0.0428314208984375,	0.0569000244140625
5388068750.0,	0.0445709228515625,	0.05755043029785156
5388078125.0,	0.04088401794433594,	0.05713081359863281
5388087500.0,	0.04377937316894531,	0.0585479736328125
5388096875.0,	0.043895721435546875,	0.05609893798828125
5388106250.0,	0.042449951171875,	0.05861091613769531
5388115625.0,	0.04441642761230469,	0.057682037353515625
5388125000.0,	0.04343223571777344,	0.06005668640136719
5388134375.0,	0.04262351989746094,	0.05929756164550781
5388143750.0,	0.043186187744140625,	0.05637359619140625
5388153125.0,	0.04468345642089844,	0.058895111083984375
5388162500.0,	0.044437408447265625,	0.05641365051269531
5388171875.0,	0.042903900146484375,	0.056911468505859375
5388181250.0,	0.04242134094238281,	0.05835151672363281
5388190625.0,	0.043365478515625,	0.06049346923828125
5388200000.0,	0.04306983947753906,	0.058795928955078125
5388209375.0,	0.04367256164550781,	0.058437347412109375
5388218750.0,	0.041194915771484375,	0.0596160888671875
5388228125.0,	0.04299163818359375,	0.058025360107421875
5388237500.0,	0.042236328125,	0.0574493408203125
5388246875.0,	0.043277740478515625,	0.05540275573730469
5388256250.0,	0.04302787780761719,	0.05730628967285156
5388265625.0,	0.042606353759765625,	0.056659698486328125
5388275000.0,	0.043956756591796875,	0.05794715881347656
5388284375.0,	0.04445457458496094,	0.05783271789550781
5388293750.0,	0.042694091796875,	0.05788230895996094
5388303125.0,	0.04319000244140625,	0.05884742736816406
5388312500.0,	0.04282569885253906,	0.05899238586425781
5388321875.0,	0.04306793212890625,	0.05766868591308594
5388331250.0,	0.04230499267578125,	0.060375213623046875
5388340625.0,	0.04117774963378906,	0.05804443359375
5388350000.0,	0.04263114929199219,	0.059276580810546875
5388359375.0,	0.04331207275390625,	0.05605506896972656
5388368750.0,	0.04425239562988281,	0.05825042724609375
5388378125.0,	0.04369163513183594,	0.05771636962890625
5388387500.0,	0.0436553955078125,	0.058475494384765625
5388396875.0,	0.04157257080078125,	0.05587959289550781
5388406250.0,	0.04467582702636719,	0.05915069580078125
5388415625.0,	0.042644500732421875,	0.0572052001953125
5388425000.0,	0.0424041748046875,	0.05648231506347656
5388434375.0,	0.04327583312988281,	0.05850410461425781
5388443750.0,	0.04229927062988281,	0.05839729309082031
5388453125.0,	0.04418373107910156,	0.0597381591796875
5388462500.0,	0.04276275634765625,	0.05892372131347656
5388471875.0,	0.04492950439453125,	0.0561981201171875
5388481250.0,	0.04301643371582031,	0.0589599609375
5388490625.0,	0.04331398010253906,	0.05797004699707031
5388500000.0,	0.04417610168457031,	0.05770301818847656
5388509375.0,	0.04285240173339844,	0.0576171875
5388518750.0,	0.04357719421386719,	0.05760002136230469
5388528125.0,	0.044895172119140625,	0.0566253662109375
5388537500.0,	0.043758392333984375,	0.05756378173828125
5388546875.0,	0.04376983642578125,	0.058567047119140625
5388556250.0,	0.043186187744140625,	0.05711555480957031
5388565625.0,	0.04350090026855469,	0.060192108154296875
5388575000.0,	0.04254341125488281,	0.05944061279296875
5388584375.0,	0.041477203369140625,	0.05689239501953125
5388593750.0,	0.04368782043457031,	0.05825233459472656
5388603125.0,	0.04442596435546875,	0.056209564208984375
5388612500.0,	0.04535102844238281,	0.05724334716796875
5388621875.0,	0.043689727783203125,	0.057674407958984375
5388631250.0,	0.04152679443359375,	0.0557403564453125
5388640625.0,	0.0434112548828125,	0.05832099914550781
5388650000.0,	0.041778564453125,	0.057079315185546875
5388659375.0,	0.043437957763671875,	0.0566864013671875
5388668750.0,	0.043094635009765625,	0.05869102478027344
5388678125.0,	0.04351806640625,	0.05815887451171875
5388687500.0,	0.04244422912597656,	0.05700874328613281
5388696875.0,	0.044879913330078125,	0.05827903747558594
5388706250.0,	0.04281806945800781,	0.057605743408203125
5388715625.0,	0.04305076599121094,	0.05716896057128906
5388725000.0,	0.04610443115234375,	0.05692863464355469
5388734375.0,	0.04342460632324219,	0.05753898620605469
5388743750.0,	0.04197883605957031,	0.05873680114746094
5388753125.0,	0.04379463195800781,	0.057178497314453125
5388762500.0,	0.04416656494140625,	0.05879402160644531
5388771875.0,	0.043994903564453125,	0.05837440490722656
5388781250.0,	0.04359245300292969,	0.05898094177246094
5388790625.0,	0.04314994812011719,	0.058300018310546875
5388800000.0,	0.04352569580078125,	0.05923652648925781
5388809375.0,	0.04523658752441406,	0.060028076171875
5388818750.0,	0.04439353942871094,	0.05826377868652344
5388828125.0,	0.042938232421875,	0.05801582336425781
5388837500.0,	0.04451942443847656,	0.05840492248535156
5388846875.0,	0.04257392883300781,	0.058803558349609375
5388856250.0,	0.04335212707519531,	0.05801582336425781
5388865625.0,	0.04462432861328125,	0.05687713623046875
5388875000.0,	0.04544830322265625,	0.05901908874511719
5388884375.0,	0.04321479797363281,	0.059478759765625
5388893750.0,	0.04353141784667969,	0.058994293212890625
5388903125.0,	0.044918060302734375,	0.05623054504394531
5388912500.0,	0.044696807861328125,	0.05743598937988281
5388921875.0,	0.0453948974609375,	0.05893516540527344
5388931250.0,	0.042057037353515625,	0.05906486511230469
5388940625.0,	0.044170379638671875,	0.059505462646484375
5388950000.0,	0.04156303405761719,	0.05927276611328125
5388959375.0,	0.04410743713378906,	0.05669975280761719
5388968750.0,	0.044384002685546875,	0.05720329284667969
5388978125.0,	0.0428314208984375,	0.05766487121582031
5388987500.0,	0.04256248474121094,	0.057453155517578125
5388996875.0,	0.040630340576171875,	0.05830955505371094
5389006250.0,	0.04438209533691406,	0.058612823486328125
5389015625.0,	0.042816162109375,	0.057300567626953125
5389025000.0,	0.04302978515625,	0.05975914001464844
5389034375.0,	0.04345703125,	0.059276580810546875
5389043750.0,	0.0447845458984375,	0.05801582336425781
5389053125.0,	0.04468345642089844,	0.05644798278808594
5389062500.0,	0.04196929931640625,	0.05973243713378906
5389071875.0,	0.04235267639160156,	0.058406829833984375
5389081250.0,	0.0420989990234375,	0.057399749755859375
5389090625.0,	0.04337882995605469,	0.058879852294921875
5389100000.0,	0.042125701904296875,	0.059055328369140625
5389109375.0,	0.04173469543457031,	0.058490753173828125
5389118750.0,	0.04173469543457031,	0.05740547180175781
5389128125.0,	0.04305458068847656,	0.058216094970703125
5389137500.0,	0.04084014892578125,	0.057403564453125
5389146875.0,	0.04549598693847656,	0.05999565124511719
5389156250.0,	0.0450439453125,	0.05711555480957031
5389165625.0,	0.0429534912109375,	0.057323455810546875
5389175000.0,	0.04137420654296875,	0.05973625183105469
5389184375.0,	0.04489707946777344,	0.057483673095703125
5389193750.0,	0.04626274108886719,	0.05718231201171875
5389203125.0,	0.04126739501953125,	0.05812644958496094
5389212500.0,	0.04338645935058594,	0.057224273681640625
5389221875.0,	0.043071746826171875,	0.059497833251953125
5389231250.0,	0.046169281005859375,	0.05811882019042969
5389240625.0,	0.04426002502441406,	0.06009483337402344
5389250000.0,	0.0426788330078125,	0.05797386169433594
5389259375.0,	0.044185638427734375,	0.05804443359375
5389268750.0,	0.044925689697265625,	0.0565338134765625
5389278125.0,	0.04300498962402344,	0.059123992919921875
5389287500.0,	0.045116424560546875,	0.05810546875
5389296875.0,	0.04297447204589844,	0.05805778503417969
5389306250.0,	0.04507637023925781,	0.05861473083496094
5389315625.0,	0.04199028015136719,	0.05977439880371094
5389325000.0,	0.04500579833984375,	0.05855751037597656
5389334375.0,	0.04339790344238281,	0.058650970458984375
5389343750.0,	0.04430389404296875,	0.059478759765625
5389353125.0,	0.042415618896484375,	0.058135986328125
5389362500.0,	0.041568756103515625,	0.0583343505859375
5389371875.0,	0.043087005615234375,	0.05701446533203125
5389381250.0,	0.04626655578613281,	0.05927276611328125
5389390625.0,	0.0435638427734375,	0.05842399597167969
5389400000.0,	0.044963836669921875,	0.05777740478515625
5389409375.0,	0.04299163818359375,	0.05781745910644531
5389418750.0,	0.04332542419433594,	0.05788230895996094
5389428125.0,	0.04271697998046875,	0.05944252014160156
5389437500.0,	0.04339599609375,	0.05849456787109375
5389446875.0,	0.041370391845703125,	0.05799674987792969
5389456250.0,	0.04432106018066406,	0.05892372131347656
5389465625.0,	0.04415702819824219,	0.0600128173828125
5389475000.0,	0.04478645324707031,	0.058536529541015625
5389484375.0,	0.04606819152832031,	0.059986114501953125
5389493750.0,	0.041561126708984375,	0.059123992919921875
5389503125.0,	0.043060302734375,	0.058780670166015625
5389512500.0,	0.043773651123046875,	0.0600433349609375
5389521875.0,	0.0430145263671875,	0.05884552001953125
5389531250.0,	0.04579353332519531,	0.05877494812011719
5389540625.0,	0.04275321960449219,	0.06049537658691406
5389550000.0,	0.04338645935058594,	0.05920982360839844
5389559375.0,	0.043651580810546875,	0.05825996398925781
5389568750.0,	0.04372596740722656,	0.058582305908203125
5389578125.0,	0.04311561584472656,	0.057376861572265625
5389587500.0,	0.043453216552734375,	0.060482025146484375
5389596875.0,	0.04435920715332031,	0.06017494201660156
5389606250.0,	0.043979644775390625,	0.05683326721191406
5389615625.0,	0.04286384582519531,	0.05937767028808594
5389625000.0,	0.043720245361328125,	0.05780792236328125
5389634375.0,	0.04271697998046875,	0.05963897705078125
5389643750.0,	0.04241371154785156,	0.05906105041503906
5389653125.0,	0.0438995361328125,	0.05850791931152344
5389662500.0,	0.041980743408203125,	0.06017303466796875
5389671875.0,	0.04408836364746094,	0.06031036376953125
5389681250.0,	0.043346405029296875,	0.057247161865234375
5389690625.0,	0.04535865783691406,	0.06065559387207031
5389700000.0,	0.04463386535644531,	0.05740928649902344
5389709375.0,	0.04560279846191406,	0.0590362548828125
5389718750.0,	0.042583465576171875,	0.059352874755859375
5389728125.0,	0.045467376708984375,	0.0578765869140625
5389737500.0,	0.04226493835449219,	0.05849647521972656
5389746875.0,	0.0447235107421875,	0.06057167053222656
5389756250.0,	0.042209625244140625,	0.061466217041015625
5389765625.0,	0.04121971130371094,	0.05752372741699219
5389775000.0,	0.043964385986328125,	0.05994224548339844
5389784375.0,	0.04439353942871094,	0.0583038330078125
5389793750.0,	0.046230316162109375,	0.059551239013671875
5389803125.0,	0.044788360595703125,	0.05702018737792969
5389812500.0,	0.043918609619140625,	0.05669212341308594
5389821875.0,	0.043975830078125,	0.06045341491699219
5389831250.0,	0.04302978515625,	0.05961799621582031
5389840625.0,	0.04318809509277344,	0.059879302978515625
5389850000.0,	0.04160118103027344,	0.05918693542480469
5389859375.0,	0.04322624206542969,	0.0587310791015625
5389868750.0,	0.044376373291015625,	0.05875968933105469
5389878125.0,	0.04366874694824219,	0.059173583984375
5389887500.0,	0.045650482177734375,	0.05985260009765625
5389896875.0,	0.046478271484375,	0.05889129638671875
5389906250.0,	0.04243659973144531,	0.06049919128417969
5389915625.0,	0.04273414611816406,	0.05931663513183594
5389925000.0,	0.042911529541015625,	0.05614280700683594
5389934375.0,	0.04302024841308594,	0.060016632080078125
5389943750.0,	0.04226112365722656,	0.05969810485839844
5389953125.0,	0.043643951416015625,	0.05757713317871094
5389962500.0,	0.04171180725097656,	0.060291290283203125
5389971875.0,	0.04464530944824219,	0.05821037292480469
5389981250.0,	0.043674468994140625,	0.05811309814453125
5389990625.0,	0.0453033447265625,	0.05753326416015625
5390000000.0,	0.04405784606933594,	0.059604644775390625
