5633008125.0,	0.10640716552734375,	0.10554122924804688
5633016250.0,	0.10651016235351562,	0.10364913940429688
5633024375.0,	0.10913467407226562,	0.1048126220703125
5633032500.0,	0.10826873779296875,	0.10418319702148438
5633040625.0,	0.11094284057617188,	0.10345840454101562
5633048750.0,	0.1112823486328125,	0.10378646850585938
5633056875.0,	0.10923004150390625,	0.10858917236328125
5633065000.0,	0.10873794555664062,	0.10416412353515625
5633073125.0,	0.1075897216796875,	0.10468292236328125
5633081250.0,	0.10969924926757812,	0.10550689697265625
5633089375.0,	0.10939407348632812,	0.1051025390625
5633097500.0,	0.11080169677734375,	0.10660552978515625
5633105625.0,	0.1086578369140625,	0.104248046875
5633113750.0,	0.1098785400390625,	0.10445404052734375
5633121875.0,	0.10999679565429688,	0.10556793212890625
5633130000.0,	0.11057662963867188,	0.10533523559570312
5633138125.0,	0.10908889770507812,	0.10461044311523438
5633146250.0,	0.10578536987304688,	0.10562515258789062
5633154375.0,	0.11161422729492188,	0.10538101196289062
5633162500.0,	0.1083984375,	0.10474777221679688
5633170625.0,	0.11032867431640625,	0.10445404052734375
5633178750.0,	0.1090545654296875,	0.10406494140625
5633186875.0,	0.10774993896484375,	0.10538101196289062
5633195000.0,	0.10930252075195312,	0.106109619140625
5633203125.0,	0.11043167114257812,	0.10482025146484375
5633211250.0,	0.11153793334960938,	0.1064605712890625
5633219375.0,	0.10903167724609375,	0.10404586791992188
5633227500.0,	0.110687255859375,	0.10414886474609375
5633235625.0,	0.1114654541015625,	0.1046295166015625
5633243750.0,	0.10852432250976562,	0.10480499267578125
5633251875.0,	0.11133575439453125,	0.1043243408203125
5633260000.0,	0.11231231689453125,	0.10527420043945312
5633268125.0,	0.11203384399414062,	0.10378646850585938
5633276250.0,	0.11072158813476562,	0.1049957275390625
5633284375.0,	0.10959243774414062,	0.10405349731445312
5633292500.0,	0.111175537109375,	0.10666656494140625
5633300625.0,	0.11164474487304688,	0.10627365112304688
5633308750.0,	0.1117401123046875,	0.10526275634765625
5633316875.0,	0.11209869384765625,	0.102508544921875
5633325000.0,	0.110992431640625,	0.10466384887695312
5633333125.0,	0.10971450805664062,	0.10326766967773438
5633341250.0,	0.11304473876953125,	0.10204696655273438
5633349375.0,	0.11077880859375,	0.10293197631835938
5633357500.0,	0.11219406127929688,	0.10552597045898438
5633365625.0,	0.11074066162109375,	0.1038360595703125
5633373750.0,	0.11230850219726562,	0.10311126708984375
5633381875.0,	0.1105194091796875,	0.1038055419921875
5633390000.0,	0.10937118530273438,	0.10418319702148438
5633398125.0,	0.11183547973632812,	0.10471343994140625
5633406250.0,	0.11084365844726562,	0.10440444946289062
5633414375.0,	0.1116943359375,	0.1076507568359375
5633422500.0,	0.112701416015625,	0.10471725463867188
5633430625.0,	0.11211776733398438,	0.10248565673828125
5633438750.0,	0.11181640625,	0.10448455810546875
5633446875.0,	0.112335205078125,	0.1045379638671875
5633455000.0,	0.11184310913085938,	0.1052703857421875
5633463125.0,	0.11292648315429688,	0.10377883911132812
5633471250.0,	0.11318588256835938,	0.10531997680664062
5633479375.0,	0.111419677734375,	0.10359954833984375
5633487500.0,	0.11137008666992188,	0.10318374633789062
5633495625.0,	0.11221694946289062,	0.104705810546875
5633503750.0,	0.11127090454101562,	0.10513687133789062
5633511875.0,	0.11288070678710938,	0.10338211059570312
5633520000.0,	0.1135101318359375,	0.1061859130859375
5633528125.0,	0.11166000366210938,	0.10436248779296875
5633536250.0,	0.11285781860351562,	0.10350418090820312
5633544375.0,	0.1129150390625,	0.10515975952148438
5633552500.0,	0.11048507690429688,	0.10498428344726562
5633560625.0,	0.11286163330078125,	0.10529327392578125
5633568750.0,	0.11217117309570312,	0.10252761840820312
5633576875.0,	0.11256027221679688,	0.10460662841796875
5633585000.0,	0.11162567138671875,	0.10407257080078125
5633593125.0,	0.11144256591796875,	0.10531997680664062
5633601250.0,	0.11410140991210938,	0.1044769287109375
5633609375.0,	0.11325454711914062,	0.10511016845703125
5633617500.0,	0.11301422119140625,	0.10454559326171875
5633625625.0,	0.11211395263671875,	0.1047515869140625
5633633750.0,	0.11197280883789062,	0.10445022583007812
5633641875.0,	0.11365127563476562,	0.1041717529296875
5633650000.0,	0.11352920532226562,	0.10194778442382812
5633658125.0,	0.11489105224609375,	0.1044464111328125
5633666250.0,	0.112640380859375,	0.1033935546875
5633674375.0,	0.11278533935546875,	0.10544204711914062
5633682500.0,	0.11543655395507812,	0.10540771484375
5633690625.0,	0.11278152465820312,	0.10449600219726562
5633698750.0,	0.11237716674804688,	0.10374069213867188
5633706875.0,	0.1134185791015625,	0.10222625732421875
5633715000.0,	0.11220932006835938,	0.10495376586914062
5633723125.0,	0.1144561767578125,	0.10254287719726562
5633731250.0,	0.11438369750976562,	0.10485076904296875
5633739375.0,	0.11540985107421875,	0.10319900512695312
5633747500.0,	0.11642837524414062,	0.10472488403320312
5633755625.0,	0.1143341064453125,	0.103851318359375
5633763750.0,	0.11515045166015625,	0.10324478149414062
5633771875.0,	0.1146240234375,	0.10400390625
5633780000.0,	0.11388015747070312,	0.10345840454101562
5633788125.0,	0.113494873046875,	0.104095458984375
5633796250.0,	0.11374664306640625,	0.10457229614257812
5633804375.0,	0.11365509033203125,	0.10232162475585938
5633812500.0,	0.11505889892578125,	0.10440444946289062
5633820625.0,	0.11276626586914062,	0.1036834716796875
5633828750.0,	0.11511611938476562,	0.1036834716796875
5633836875.0,	0.11380386352539062,	0.10214996337890625
5633845000.0,	0.11359786987304688,	0.10419845581054688
5633853125.0,	0.11568832397460938,	0.10189056396484375
5633861250.0,	0.11333847045898438,	0.10367202758789062
5633869375.0,	0.11532211303710938,	0.10413360595703125
5633877500.0,	0.11443710327148438,	0.10346221923828125
5633885625.0,	0.11340713500976562,	0.10338973999023438
5633893750.0,	0.11531448364257812,	0.10282135009765625
5633901875.0,	0.11550140380859375,	0.10249710083007812
5633910000.0,	0.11386871337890625,	0.10177993774414062
5633918125.0,	0.11418914794921875,	0.10454940795898438
5633926250.0,	0.11489105224609375,	0.10308074951171875
5633934375.0,	0.11540603637695312,	0.10308074951171875
5633942500.0,	0.11666107177734375,	0.10248947143554688
5633950625.0,	0.1149444580078125,	0.10454177856445312
5633958750.0,	0.11342620849609375,	0.10403823852539062
5633966875.0,	0.11533737182617188,	0.10332489013671875
5633975000.0,	0.1142120361328125,	0.10415267944335938
5633983125.0,	0.11592864990234375,	0.10365676879882812
5633991250.0,	0.11672592163085938,	0.10346603393554688
5633999375.0,	0.11606979370117188,	0.10251998901367188
5634007500.0,	0.115447998046875,	0.103759765625
5634015625.0,	0.115142822265625,	0.10469436645507812
5634023750.0,	0.11682891845703125,	0.1026458740234375
5634031875.0,	0.1156463623046875,	0.10337448120117188
5634040000.0,	0.11553573608398438,	0.10289764404296875
5634048125.0,	0.1171417236328125,	0.10483932495117188
5634056250.0,	0.11724090576171875,	0.10468292236328125
5634064375.0,	0.1156005859375,	0.10277557373046875
5634072500.0,	0.11858367919921875,	0.10198211669921875
5634080625.0,	0.11731338500976562,	0.10042572021484375
5634088750.0,	0.11781692504882812,	0.10376358032226562
5634096875.0,	0.11847305297851562,	0.1019134521484375
5634105000.0,	0.11707687377929688,	0.10155868530273438
5634113125.0,	0.11776351928710938,	0.10363006591796875
5634121250.0,	0.11520004272460938,	0.1028289794921875
5634129375.0,	0.11695098876953125,	0.10176849365234375
5634137500.0,	0.1152496337890625,	0.10316848754882812
5634145625.0,	0.11618423461914062,	0.10448837280273438
5634153750.0,	0.1174774169921875,	0.10321426391601562
5634161875.0,	0.11637496948242188,	0.101654052734375
5634170000.0,	0.11848831176757812,	0.10033035278320312
5634178125.0,	0.11918258666992188,	0.10117340087890625
5634186250.0,	0.117095947265625,	0.10256195068359375
5634194375.0,	0.11655426025390625,	0.10405731201171875
5634202500.0,	0.11817550659179688,	0.10103988647460938
5634210625.0,	0.11708450317382812,	0.1034698486328125
5634218750.0,	0.11724853515625,	0.10247039794921875
5634226875.0,	0.11657333374023438,	0.10188674926757812
5634235000.0,	0.11864089965820312,	0.1016082763671875
5634243125.0,	0.1183624267578125,	0.10392379760742188
5634251250.0,	0.11880874633789062,	0.10260391235351562
5634259375.0,	0.11702346801757812,	0.10264205932617188
5634267500.0,	0.11707305908203125,	0.1016387939453125
5634275625.0,	0.11645889282226562,	0.10428619384765625
5634283750.0,	0.11827468872070312,	0.10047531127929688
5634291875.0,	0.11849212646484375,	0.1021881103515625
5634300000.0,	0.11799240112304688,	0.10317230224609375
5634308125.0,	0.1194610595703125,	0.10102081298828125
5634316250.0,	0.1169586181640625,	0.10221099853515625
5634324375.0,	0.11900711059570312,	0.10286331176757812
5634332500.0,	0.11969757080078125,	0.10179519653320312
5634340625.0,	0.1209259033203125,	0.1022491455078125
5634348750.0,	0.11975479125976562,	0.102081298828125
5634356875.0,	0.11875534057617188,	0.10318756103515625
5634365000.0,	0.11946487426757812,	0.10081863403320312
5634373125.0,	0.11883544921875,	0.10140609741210938
5634381250.0,	0.11885833740234375,	0.10382461547851562
5634389375.0,	0.11899948120117188,	0.10073471069335938
5634397500.0,	0.118743896484375,	0.10315322875976562
5634405625.0,	0.1193084716796875,	0.10091018676757812
5634413750.0,	0.11969757080078125,	0.10109710693359375
5634421875.0,	0.12015914916992188,	0.10181427001953125
5634430000.0,	0.11909103393554688,	0.10361862182617188
5634438125.0,	0.11865615844726562,	0.1036224365234375
5634446250.0,	0.12074661254882812,	0.1025543212890625
5634454375.0,	0.12038803100585938,	0.10220718383789062
5634462500.0,	0.11974334716796875,	0.1024169921875
5634470625.0,	0.12103271484375,	0.10038375854492188
5634478750.0,	0.12082672119140625,	0.10301971435546875
5634486875.0,	0.121429443359375,	0.10118484497070312
5634495000.0,	0.1189727783203125,	0.10140609741210938
5634503125.0,	0.12068939208984375,	0.09996795654296875
5634511250.0,	0.1200714111328125,	0.1003570556640625
5634519375.0,	0.11920928955078125,	0.10089111328125
5634527500.0,	0.12066268920898438,	0.09966278076171875
5634535625.0,	0.12084579467773438,	0.10024642944335938
5634543750.0,	0.12078857421875,	0.10226821899414062
5634551875.0,	0.11955642700195312,	0.1019134521484375
5634560000.0,	0.12146377563476562,	0.10150909423828125
5634568125.0,	0.12173843383789062,	0.10103607177734375
5634576250.0,	0.12080001831054688,	0.10247802734375
5634584375.0,	0.1224212646484375,	0.10125732421875
5634592500.0,	0.11981582641601562,	0.10074615478515625
5634600625.0,	0.12278366088867188,	0.1008148193359375
5634608750.0,	0.1211395263671875,	0.09944915771484375
5634616875.0,	0.12278366088867188,	0.1008453369140625
5634625000.0,	0.12070846557617188,	0.10043716430664062
5634633125.0,	0.12246322631835938,	0.100677490234375
5634641250.0,	0.12071609497070312,	0.10199737548828125
5634649375.0,	0.12069320678710938,	0.1034088134765625
5634657500.0,	0.12648773193359375,	0.10162353515625
5634665625.0,	0.12280654907226562,	0.10111618041992188
5634673750.0,	0.12198638916015625,	0.10217666625976562
5634681875.0,	0.12023162841796875,	0.09999465942382812
5634690000.0,	0.11995315551757812,	0.100921630859375
5634698125.0,	0.12171173095703125,	0.10175704956054688
5634706250.0,	0.12153244018554688,	0.09933853149414062
5634714375.0,	0.12134552001953125,	0.09911727905273438
5634722500.0,	0.12406539916992188,	0.099609375
5634730625.0,	0.12175750732421875,	0.10004043579101562
5634738750.0,	0.12374114990234375,	0.10148239135742188
5634746875.0,	0.122528076171875,	0.09906387329101562
5634755000.0,	0.12334823608398438,	0.09930801391601562
5634763125.0,	0.1220703125,	0.10189056396484375
5634771250.0,	0.12190628051757812,	0.10055160522460938
5634779375.0,	0.1233367919921875,	0.1013031005859375
5634787500.0,	0.12179183959960938,	0.10111236572265625
5634795625.0,	0.12183380126953125,	0.1004791259765625
5634803750.0,	0.12357330322265625,	0.09952926635742188
5634811875.0,	0.12468719482421875,	0.09966278076171875
5634820000.0,	0.12165451049804688,	0.09987640380859375
5634828125.0,	0.123382568359375,	0.10136795043945312
5634836250.0,	0.12407684326171875,	0.09854888916015625
5634844375.0,	0.12545013427734375,	0.09880828857421875
5634852500.0,	0.12306976318359375,	0.10091400146484375
5634860625.0,	0.12398910522460938,	0.09993362426757812
5634868750.0,	0.12372970581054688,	0.10039901733398438
5634876875.0,	0.12476348876953125,	0.10031509399414062
5634885000.0,	0.12307357788085938,	0.10121536254882812
5634893125.0,	0.12526702880859375,	0.09975433349609375
5634901250.0,	0.1231536865234375,	0.09949874877929688
5634909375.0,	0.12485504150390625,	0.09949111938476562
5634917500.0,	0.1248321533203125,	0.10063552856445312
5634925625.0,	0.12400054931640625,	0.09952926635742188
5634933750.0,	0.12461471557617188,	0.09996795654296875
5634941875.0,	0.12532806396484375,	0.09886932373046875
5634950000.0,	0.123046875,	0.09975433349609375
5634958125.0,	0.12458038330078125,	0.09839630126953125
5634966250.0,	0.12375259399414062,	0.09967422485351562
5634974375.0,	0.12259674072265625,	0.10178375244140625
5634982500.0,	0.12481689453125,	0.10141754150390625
5634990625.0,	0.12451553344726562,	0.09911346435546875
5634998750.0,	0.12438583374023438,	0.09959793090820312
5635006875.0,	0.12636566162109375,	0.0975341796875
5635015000.0,	0.12694549560546875,	0.098297119140625
5635023125.0,	0.12577056884765625,	0.10123443603515625
5635031250.0,	0.1257171630859375,	0.09960174560546875
5635039375.0,	0.12332534790039062,	0.0996551513671875
5635047500.0,	0.12654876708984375,	0.09989166259765625
5635055625.0,	0.12688446044921875,	0.10062408447265625
5635063750.0,	0.126129150390625,	0.09874725341796875
5635071875.0,	0.1261749267578125,	0.09914398193359375
5635080000.0,	0.12651824951171875,	0.0985260009765625
5635088125.0,	0.12540435791015625,	0.09926605224609375
5635096250.0,	0.12427139282226562,	0.09975814819335938
5635104375.0,	0.12512969970703125,	0.09755706787109375
5635112500.0,	0.12769317626953125,	0.09764862060546875
5635120625.0,	0.12693023681640625,	0.09920501708984375
5635128750.0,	0.12677764892578125,	0.09760284423828125
5635136875.0,	0.12860107421875,	0.09957122802734375
5635145000.0,	0.1266021728515625,	0.09906768798828125
5635153125.0,	0.126556396484375,	0.09760284423828125
5635161250.0,	0.12810516357421875,	0.098052978515625
5635169375.0,	0.1279754638671875,	0.099456787109375
5635177500.0,	0.12854766845703125,	0.099456787109375
5635185625.0,	0.1269073486328125,	0.0988311767578125
5635193750.0,	0.1268463134765625,	0.099151611328125
5635201875.0,	0.1273651123046875,	0.09803009033203125
5635210000.0,	0.12656402587890625,	0.09752655029296875
5635218125.0,	0.12976837158203125,	0.09703826904296875
5635226250.0,	0.127349853515625,	0.09699249267578125
5635234375.0,	0.12795257568359375,	0.095977783203125
5635242500.0,	0.12871551513671875,	0.097686767578125
5635250625.0,	0.12743377685546875,	0.0977783203125
5635258750.0,	0.127716064453125,	0.09937286376953125
5635266875.0,	0.12786865234375,	0.09886932373046875
5635275000.0,	0.12924957275390625,	0.09810638427734375
5635283125.0,	0.12995147705078125,	0.0984344482421875
5635291250.0,	0.1285552978515625,	0.09830474853515625
5635299375.0,	0.13124847412109375,	0.097442626953125
5635307500.0,	0.12911224365234375,	0.097930908203125
5635315625.0,	0.12958526611328125,	0.09870147705078125
5635323750.0,	0.12857818603515625,	0.09609222412109375
5635331875.0,	0.128173828125,	0.09752655029296875
5635340000.0,	0.128509521484375,	0.096923828125
5635348125.0,	0.12827301025390625,	0.09719085693359375
5635356250.0,	0.12949371337890625,	0.0964813232421875
5635364375.0,	0.1304779052734375,	0.09893035888671875
5635372500.0,	0.12982940673828125,	0.09960174560546875
5635380625.0,	0.1299896240234375,	0.09603118896484375
5635388750.0,	0.131988525390625,	0.0952301025390625
5635396875.0,	0.12995147705078125,	0.09738922119140625
5635405000.0,	0.12790679931640625,	0.094482421875
5635413125.0,	0.131500244140625,	0.09561920166015625
5635421250.0,	0.13014984130859375,	0.096923828125
5635429375.0,	0.13028717041015625,	0.09738922119140625
5635437500.0,	0.13014984130859375,	0.095611572265625
5635445625.0,	0.1292266845703125,	0.09735870361328125
5635453750.0,	0.13095855712890625,	0.09734344482421875
5635461875.0,	0.130645751953125,	0.096038818359375
5635470000.0,	0.1324920654296875,	0.0951080322265625
5635478125.0,	0.132415771484375,	0.0960540771484375
5635486250.0,	0.130950927734375,	0.09751129150390625
5635494375.0,	0.13001251220703125,	0.0961151123046875
5635502500.0,	0.1331329345703125,	0.0979156494140625
5635510625.0,	0.1309356689453125,	0.09670257568359375
5635518750.0,	0.132232666015625,	0.0951385498046875
5635526875.0,	0.13323974609375,	0.0960540771484375
5635535000.0,	0.131683349609375,	0.0949554443359375
5635543125.0,	0.13385009765625,	0.09403228759765625
5635551250.0,	0.133544921875,	0.096221923828125
5635559375.0,	0.130340576171875,	0.097869873046875
5635567500.0,	0.13336181640625,	0.0953216552734375
5635575625.0,	0.13397979736328125,	0.09589385986328125
5635583750.0,	0.13311767578125,	0.096832275390625
5635591875.0,	0.13384246826171875,	0.09650421142578125
5635600000.0,	0.13219451904296875,	0.09466552734375
5635608125.0,	0.1334686279296875,	0.09677886962890625
5635616250.0,	0.13481903076171875,	0.0946044921875
5635624375.0,	0.13375091552734375,	0.09560394287109375
5635632500.0,	0.13326263427734375,	0.0942230224609375
5635640625.0,	0.1339111328125,	0.09587860107421875
5635648750.0,	0.134521484375,	0.0946044921875
5635656875.0,	0.1335906982421875,	0.09375
5635665000.0,	0.13568115234375,	0.09645843505859375
5635673125.0,	0.131256103515625,	0.0925445556640625
5635681250.0,	0.134185791015625,	0.09490203857421875
5635689375.0,	0.132080078125,	0.0940093994140625
5635697500.0,	0.13460540771484375,	0.095123291015625
5635705625.0,	0.1327362060546875,	0.0948486328125
5635713750.0,	0.1363525390625,	0.09499359130859375
5635721875.0,	0.13500213623046875,	0.0957489013671875
5635730000.0,	0.13152313232421875,	0.093536376953125
5635738125.0,	0.13401031494140625,	0.0939178466796875
5635746250.0,	0.1335601806640625,	0.09618377685546875
5635754375.0,	0.1362457275390625,	0.09381103515625
5635762500.0,	0.1337738037109375,	0.09545135498046875
5635770625.0,	0.13764190673828125,	0.0931854248046875
5635778750.0,	0.1356048583984375,	0.0921783447265625
5635786875.0,	0.137176513671875,	0.09417724609375
5635795000.0,	0.13480377197265625,	0.09454345703125
5635803125.0,	0.135894775390625,	0.09391021728515625
5635811250.0,	0.1371307373046875,	0.09104156494140625
5635819375.0,	0.13622283935546875,	0.0939178466796875
5635827500.0,	0.136260986328125,	0.0917510986328125
5635835625.0,	0.13756561279296875,	0.0924530029296875
5635843750.0,	0.13616180419921875,	0.09307861328125
5635851875.0,	0.1376800537109375,	0.0938720703125
5635860000.0,	0.13640594482421875,	0.09250640869140625
5635868125.0,	0.13592529296875,	0.0942230224609375
5635876250.0,	0.13719940185546875,	0.0931549072265625
5635884375.0,	0.13709259033203125,	0.09171295166015625
5635892500.0,	0.1388702392578125,	0.09218597412109375
5635900625.0,	0.1397857666015625,	0.093902587890625
5635908750.0,	0.13788604736328125,	0.093536376953125
5635916875.0,	0.13785552978515625,	0.09296417236328125
5635925000.0,	0.138580322265625,	0.0929107666015625
5635933125.0,	0.137237548828125,	0.09206390380859375
5635941250.0,	0.1383056640625,	0.09047698974609375
5635949375.0,	0.138916015625,	0.09021759033203125
5635957500.0,	0.137237548828125,	0.0941314697265625
5635965625.0,	0.1401214599609375,	0.0942535400390625
5635973750.0,	0.13910675048828125,	0.09027862548828125
5635981875.0,	0.1395721435546875,	0.09169769287109375
5635990000.0,	0.14096832275390625,	0.0908203125
5635998125.0,	0.13916015625,	0.0903778076171875
5636006250.0,	0.14003753662109375,	0.0901641845703125
5636014375.0,	0.14067840576171875,	0.09120941162109375
5636022500.0,	0.13944244384765625,	0.091827392578125
5636030625.0,	0.14087677001953125,	0.092193603515625
5636038750.0,	0.143402099609375,	0.088714599609375
5636046875.0,	0.1402130126953125,	0.09040069580078125
5636055000.0,	0.140838623046875,	0.0878753662109375
5636063125.0,	0.14183807373046875,	0.08994293212890625
5636071250.0,	0.13970184326171875,	0.08850860595703125
5636079375.0,	0.14249420166015625,	0.0902557373046875
5636087500.0,	0.1414031982421875,	0.09024810791015625
5636095625.0,	0.1385498046875,	0.0885009765625
5636103750.0,	0.14273834228515625,	0.0914764404296875
5636111875.0,	0.14342498779296875,	0.0906982421875
5636120000.0,	0.14395904541015625,	0.08806610107421875
5636128125.0,	0.14311981201171875,	0.0894012451171875
5636136250.0,	0.1433258056640625,	0.08898162841796875
5636144375.0,	0.141326904296875,	0.08959197998046875
5636152500.0,	0.143096923828125,	0.09043121337890625
5636160625.0,	0.14311981201171875,	0.0875244140625
5636168750.0,	0.14257049560546875,	0.088226318359375
5636176875.0,	0.14235687255859375,	0.089508056640625
5636185000.0,	0.1427764892578125,	0.09188079833984375
5636193125.0,	0.14249420166015625,	0.08644866943359375
5636201250.0,	0.144073486328125,	0.08882904052734375
5636209375.0,	0.1453094482421875,	0.08966827392578125
5636217500.0,	0.1429901123046875,	0.089202880859375
5636225625.0,	0.142486572265625,	0.089447021484375
5636233750.0,	0.144561767578125,	0.0871429443359375
5636241875.0,	0.1439361572265625,	0.08774566650390625
5636250000.0,	0.14571380615234375,	0.08576202392578125
5636258125.0,	0.14566802978515625,	0.0881195068359375
5636266250.0,	0.145751953125,	0.08737945556640625
5636274375.0,	0.1457672119140625,	0.0854949951171875
5636282500.0,	0.14522552490234375,	0.08911895751953125
5636290625.0,	0.145660400390625,	0.08612060546875
5636298750.0,	0.14318084716796875,	0.08621978759765625
5636306875.0,	0.144866943359375,	0.08785247802734375
5636315000.0,	0.14568328857421875,	0.086578369140625
5636323125.0,	0.14461517333984375,	0.0873565673828125
5636331250.0,	0.1465301513671875,	0.08470916748046875
5636339375.0,	0.1463165283203125,	0.08435821533203125
5636347500.0,	0.1461029052734375,	0.08535003662109375
5636355625.0,	0.14719390869140625,	0.08634185791015625
5636363750.0,	0.1444091796875,	0.08624267578125
5636371875.0,	0.1486663818359375,	0.08518218994140625
5636380000.0,	0.149078369140625,	0.08602142333984375
5636388125.0,	0.1475067138671875,	0.083526611328125
5636396250.0,	0.14778900146484375,	0.084197998046875
5636404375.0,	0.14636993408203125,	0.083251953125
5636412500.0,	0.147979736328125,	0.08562469482421875
5636420625.0,	0.15056610107421875,	0.08446502685546875
5636428750.0,	0.1470184326171875,	0.08492279052734375
5636436875.0,	0.14749908447265625,	0.0838470458984375
5636445000.0,	0.14926910400390625,	0.0840606689453125
5636453125.0,	0.14942169189453125,	0.0843658447265625
5636461250.0,	0.15069580078125,	0.08278656005859375
5636469375.0,	0.1497344970703125,	0.0849609375
5636477500.0,	0.14940643310546875,	0.0823211669921875
5636485625.0,	0.14850616455078125,	0.08388519287109375
5636493750.0,	0.14922332763671875,	0.08048248291015625
5636501875.0,	0.15187835693359375,	0.07982635498046875
5636510000.0,	0.14965057373046875,	0.08087921142578125
5636518125.0,	0.1509552001953125,	0.08123779296875
5636526250.0,	0.152099609375,	0.08213043212890625
5636534375.0,	0.1505889892578125,	0.0819091796875
5636542500.0,	0.15030670166015625,	0.08129119873046875
5636550625.0,	0.1529998779296875,	0.08057403564453125
5636558750.0,	0.15259552001953125,	0.08240509033203125
5636566875.0,	0.1527252197265625,	0.0800323486328125
5636575000.0,	0.1518402099609375,	0.080291748046875
5636583125.0,	0.1532440185546875,	0.079986572265625
5636591250.0,	0.153350830078125,	0.0810394287109375
5636599375.0,	0.1514739990234375,	0.08048248291015625
5636607500.0,	0.1514434814453125,	0.07891082763671875
5636615625.0,	0.1521453857421875,	0.0799407958984375
5636623750.0,	0.1519012451171875,	0.08003997802734375
5636631875.0,	0.15196990966796875,	0.0802154541015625
5636640000.0,	0.1522369384765625,	0.07818603515625
5636648125.0,	0.1536865234375,	0.077484130859375
5636656250.0,	0.15280914306640625,	0.07874298095703125
5636664375.0,	0.15370941162109375,	0.07819366455078125
5636672500.0,	0.15502166748046875,	0.0768890380859375
5636680625.0,	0.15470123291015625,	0.0774688720703125
5636688750.0,	0.15377044677734375,	0.07672882080078125
5636696875.0,	0.15506744384765625,	0.07683563232421875
5636705000.0,	0.15442657470703125,	0.07775115966796875
5636713125.0,	0.15451812744140625,	0.07758331298828125
5636721250.0,	0.1553802490234375,	0.07562255859375
5636729375.0,	0.157073974609375,	0.0773162841796875
5636737500.0,	0.1557159423828125,	0.0783843994140625
5636745625.0,	0.15801239013671875,	0.0762481689453125
5636753750.0,	0.1559906005859375,	0.0772857666015625
5636761875.0,	0.15642547607421875,	0.07747650146484375
5636770000.0,	0.1582183837890625,	0.074066162109375
5636778125.0,	0.1584320068359375,	0.075164794921875
5636786250.0,	0.15843963623046875,	0.075286865234375
5636794375.0,	0.15833282470703125,	0.07489776611328125
5636802500.0,	0.1581268310546875,	0.07494354248046875
5636810625.0,	0.1593170166015625,	0.07553863525390625
5636818750.0,	0.15887451171875,	0.07353973388671875
5636826875.0,	0.1557464599609375,	0.07387542724609375
5636835000.0,	0.15694427490234375,	0.07213592529296875
5636843125.0,	0.158599853515625,	0.07117462158203125
5636851250.0,	0.1592254638671875,	0.0708160400390625
5636859375.0,	0.15921783447265625,	0.072662353515625
5636867500.0,	0.16133880615234375,	0.07192230224609375
5636875625.0,	0.15996551513671875,	0.07170867919921875
5636883750.0,	0.160003662109375,	0.0708465576171875
5636891875.0,	0.15967559814453125,	0.069854736328125
5636900000.0,	0.1605072021484375,	0.0697021484375
5636908125.0,	0.1607513427734375,	0.0689697265625
5636916250.0,	0.16094207763671875,	0.06888580322265625
5636924375.0,	0.16002655029296875,	0.06832122802734375
5636932500.0,	0.1610870361328125,	0.0681915283203125
5636940625.0,	0.1623687744140625,	0.06927490234375
5636948750.0,	0.160247802734375,	0.06726837158203125
5636956875.0,	0.1607513427734375,	0.06723785400390625
5636965000.0,	0.1636810302734375,	0.06927490234375
5636973125.0,	0.16316986083984375,	0.0663299560546875
5636981250.0,	0.16275787353515625,	0.06597900390625
5636989375.0,	0.16454315185546875,	0.06807708740234375
5636997500.0,	0.16384124755859375,	0.0665740966796875
5637005625.0,	0.16375732421875,	0.06687164306640625
5637013750.0,	0.16512298583984375,	0.06439208984375
5637021875.0,	0.16239166259765625,	0.0660247802734375
5637030000.0,	0.16478729248046875,	0.065948486328125
5637038125.0,	0.1636962890625,	0.0621490478515625
5637046250.0,	0.16342926025390625,	0.062652587890625
5637054375.0,	0.16451263427734375,	0.06279754638671875
5637062500.0,	0.16318511962890625,	0.06394195556640625
5637070625.0,	0.16699981689453125,	0.0614166259765625
5637078750.0,	0.164306640625,	0.0620269775390625
5637086875.0,	0.16583251953125,	0.06278228759765625
5637095000.0,	0.1646881103515625,	0.0619049072265625
5637103125.0,	0.165679931640625,	0.06153106689453125
5637111250.0,	0.16553497314453125,	0.0619659423828125
5637119375.0,	0.16361236572265625,	0.06092071533203125
5637127500.0,	0.1680145263671875,	0.0597991943359375
5637135625.0,	0.16518402099609375,	0.05905914306640625
5637143750.0,	0.16725921630859375,	0.058074951171875
5637151875.0,	0.16959381103515625,	0.060455322265625
5637160000.0,	0.1686553955078125,	0.0576324462890625
5637168125.0,	0.16748046875,	0.05751800537109375
5637176250.0,	0.166015625,	0.0572662353515625
5637184375.0,	0.16888427734375,	0.0543060302734375
5637192500.0,	0.16712188720703125,	0.05535888671875
5637200625.0,	0.1692047119140625,	0.0534515380859375
5637208750.0,	0.16831207275390625,	0.054962158203125
5637216875.0,	0.1700592041015625,	0.05388641357421875
5637225000.0,	0.16814422607421875,	0.0548248291015625
5637233125.0,	0.16866302490234375,	0.0538177490234375
5637241250.0,	0.16896820068359375,	0.05280303955078125
5637249375.0,	0.1683349609375,	0.05222320556640625
5637257500.0,	0.16998291015625,	0.05135345458984375
5637265625.0,	0.16876220703125,	0.05039215087890625
5637273750.0,	0.1681365966796875,	0.05040740966796875
5637281875.0,	0.1688385009765625,	0.05010986328125
5637290000.0,	0.1699676513671875,	0.0492706298828125
5637298125.0,	0.1690673828125,	0.04805755615234375
5637306250.0,	0.1685638427734375,	0.050445556640625
5637314375.0,	0.17105865478515625,	0.0463409423828125
5637322500.0,	0.17127227783203125,	0.04720306396484375
5637330625.0,	0.17107391357421875,	0.04557037353515625
5637338750.0,	0.1731719970703125,	0.0444793701171875
5637346875.0,	0.171600341796875,	0.04547882080078125
5637355000.0,	0.17247772216796875,	0.04364013671875
5637363125.0,	0.17188262939453125,	0.0429229736328125
5637371250.0,	0.1705169677734375,	0.04219818115234375
5637379375.0,	0.17296600341796875,	0.04422760009765625
5637387500.0,	0.17398834228515625,	0.04196929931640625
5637395625.0,	0.174072265625,	0.0417022705078125
5637403750.0,	0.171112060546875,	0.0416107177734375
5637411875.0,	0.16973876953125,	0.0401611328125
5637420000.0,	0.1723785400390625,	0.03922271728515625
5637428125.0,	0.17258453369140625,	0.03928375244140625
5637436250.0,	0.171417236328125,	0.03768157958984375
5637444375.0,	0.17104339599609375,	0.037078857421875
5637452500.0,	0.17342376708984375,	0.03542327880859375
5637460625.0,	0.171112060546875,	0.034759521484375
5637468750.0,	0.1713409423828125,	0.03495025634765625
5637476875.0,	0.1717071533203125,	0.0325164794921875
5637485000.0,	0.1753082275390625,	0.03228759765625
5637493125.0,	0.17414093017578125,	0.03188323974609375
5637501250.0,	0.1739959716796875,	0.032257080078125
5637509375.0,	0.17279052734375,	0.0308074951171875
5637517500.0,	0.1726837158203125,	0.03057098388671875
5637525625.0,	0.17311859130859375,	0.02886962890625
5637533750.0,	0.17383575439453125,	0.02962493896484375
5637541875.0,	0.173187255859375,	0.027008056640625
5637550000.0,	0.1742706298828125,	0.0254974365234375
5637558125.0,	0.17119598388671875,	0.0258026123046875
5637566250.0,	0.1735382080078125,	0.02481842041015625
5637574375.0,	0.17533111572265625,	0.02352142333984375
5637582500.0,	0.1750946044921875,	0.02313232421875
5637590625.0,	0.17334747314453125,	0.02153778076171875
5637598750.0,	0.172698974609375,	0.0219879150390625
5637606875.0,	0.17565155029296875,	0.0218353271484375
5637615000.0,	0.1738739013671875,	0.02158355712890625
5637623125.0,	0.173065185546875,	0.01810455322265625
5637631250.0,	0.17205810546875,	0.02002716064453125
5637639375.0,	0.1735382080078125,	0.01690673828125
5637647500.0,	0.17420196533203125,	0.01447296142578125
5637655625.0,	0.17462158203125,	0.0161285400390625
5637663750.0,	0.1749114990234375,	0.0164337158203125
5637671875.0,	0.1726531982421875,	0.01386260986328125
5637680000.0,	0.17069244384765625,	0.012939453125
5637688125.0,	0.17125701904296875,	0.01204681396484375
5637696250.0,	0.17230987548828125,	0.00994110107421875
5637704375.0,	0.1700439453125,	0.0090789794921875
5637712500.0,	0.1725616455078125,	0.0068359375
5637720625.0,	0.1712646484375,	0.00830841064453125
5637728750.0,	0.1711273193359375,	0.00736236572265625
5637736875.0,	0.1692962646484375,	0.00556182861328125
5637745000.0,	0.1699371337890625,	0.00441741943359375
5637753125.0,	0.16814422607421875,	0.005096435546875
5637761250.0,	0.168853759765625,	0.0037078857421875
5637769375.0,	0.168792724609375,	0.00107574462890625
5637777500.0,	0.1667327880859375,	0.0008087158203125
5637785625.0,	0.1678314208984375,	0.00170135498046875
5637793750.0,	0.167083740234375,	-0.00218963623046875
5637801875.0,	0.16797637939453125,	-0.0017852783203125
5637810000.0,	0.16606903076171875,	-0.00390625
5637818125.0,	0.16725921630859375,	-0.0039215087890625
5637826250.0,	0.1645355224609375,	-0.0075225830078125
5637834375.0,	0.16717529296875,	-0.0048675537109375
5637842500.0,	0.16504669189453125,	-0.0096588134765625
5637850625.0,	0.1655120849609375,	-0.008087158203125
5637858750.0,	0.1654815673828125,	-0.01062774658203125
5637866875.0,	0.163482666015625,	-0.01157379150390625
5637875000.0,	0.16182708740234375,	-0.0126953125
5637883125.0,	0.16353607177734375,	-0.01216888427734375
5637891250.0,	0.15826416015625,	-0.0143280029296875
5637899375.0,	0.15961456298828125,	-0.01638031005859375
5637907500.0,	0.15886688232421875,	-0.01782989501953125
5637915625.0,	0.159637451171875,	-0.01628875732421875
5637923750.0,	0.15813446044921875,	-0.02024078369140625
5637931875.0,	0.1597137451171875,	-0.02108001708984375
5637940000.0,	0.15616607666015625,	-0.021514892578125
5637948125.0,	0.15522003173828125,	-0.02315521240234375
5637956250.0,	0.1542510986328125,	-0.02526092529296875
5637964375.0,	0.15496826171875,	-0.023468017578125
5637972500.0,	0.15283966064453125,	-0.02466583251953125
5637980625.0,	0.151824951171875,	-0.0259552001953125
5637988750.0,	0.1478424072265625,	-0.02709197998046875
5637996875.0,	0.15169525146484375,	-0.02854156494140625
5638005000.0,	0.14929962158203125,	-0.03075408935546875
5638013125.0,	0.150604248046875,	-0.02967071533203125
5638021250.0,	0.14543914794921875,	-0.0302734375
5638029375.0,	0.14588165283203125,	-0.031219482421875
5638037500.0,	0.1453704833984375,	-0.033050537109375
5638045625.0,	0.14247894287109375,	-0.03400421142578125
5638053750.0,	0.14215087890625,	-0.0327606201171875
5638061875.0,	0.13924407958984375,	-0.03636932373046875
5638070000.0,	0.1408233642578125,	-0.037353515625
5638078125.0,	0.13852691650390625,	-0.03833770751953125
5638086250.0,	0.13854217529296875,	-0.0399322509765625
5638094375.0,	0.135986328125,	-0.03873443603515625
5638102500.0,	0.13457489013671875,	-0.0384368896484375
5638110625.0,	0.13306427001953125,	-0.038299560546875
5638118750.0,	0.13277435302734375,	-0.04095458984375
5638126875.0,	0.13358306884765625,	-0.04137420654296875
5638135000.0,	0.12957763671875,	-0.0431365966796875
5638143125.0,	0.1278839111328125,	-0.04437255859375
5638151250.0,	0.1290740966796875,	-0.04514312744140625
5638159375.0,	0.12549591064453125,	-0.04312896728515625
5638167500.0,	0.12485122680664062,	-0.045330047607421875
5638175625.0,	0.12266159057617188,	-0.0467071533203125
5638183750.0,	0.123199462890625,	-0.04769134521484375
5638191875.0,	0.120147705078125,	-0.046443939208984375
5638200000.0,	0.119537353515625,	-0.04463958740234375
5638208125.0,	0.11822128295898438,	-0.0476531982421875
5638216250.0,	0.11457061767578125,	-0.045619964599609375
5638224375.0,	0.11541748046875,	-0.04767608642578125
5638232500.0,	0.11178207397460938,	-0.0485382080078125
5638240625.0,	0.1128082275390625,	-0.04868316650390625
5638248750.0,	0.11243820190429688,	-0.0498504638671875
5638256875.0,	0.1100921630859375,	-0.049526214599609375
5638265000.0,	0.106719970703125,	-0.0497283935546875
5638273125.0,	0.10583114624023438,	-0.05216217041015625
5638281250.0,	0.1060028076171875,	-0.051540374755859375
5638289375.0,	0.10217666625976562,	-0.051998138427734375
5638297500.0,	0.10218048095703125,	-0.050891876220703125
5638305625.0,	0.09892654418945312,	-0.04959869384765625
5638313750.0,	0.0991668701171875,	-0.050601959228515625
5638321875.0,	0.0969390869140625,	-0.051357269287109375
5638330000.0,	0.09696197509765625,	-0.051639556884765625
5638338125.0,	0.09328460693359375,	-0.049655914306640625
5638346250.0,	0.0946044921875,	-0.051609039306640625
5638354375.0,	0.09166336059570312,	-0.048458099365234375
5638362500.0,	0.08967208862304688,	-0.050319671630859375
5638370625.0,	0.0909271240234375,	-0.051013946533203125
5638378750.0,	0.08838272094726562,	-0.049236297607421875
5638386875.0,	0.08586502075195312,	-0.04972076416015625
5638395000.0,	0.08613204956054688,	-0.05066680908203125
5638403125.0,	0.08477783203125,	-0.047710418701171875
5638411250.0,	0.08173751831054688,	-0.049163818359375
5638419375.0,	0.08393478393554688,	-0.0509033203125
5638427500.0,	0.08098983764648438,	-0.047328948974609375
5638435625.0,	0.07831573486328125,	-0.047760009765625
5638443750.0,	0.0771942138671875,	-0.050167083740234375
5638451875.0,	0.07698822021484375,	-0.0495147705078125
5638460000.0,	0.07394790649414062,	-0.049282073974609375
5638468125.0,	0.07328414916992188,	-0.04906463623046875
5638476250.0,	0.072967529296875,	-0.046703338623046875
5638484375.0,	0.0702972412109375,	-0.04608154296875
5638492500.0,	0.07138824462890625,	-0.048290252685546875
5638500625.0,	0.06735992431640625,	-0.04632568359375
5638508750.0,	0.067047119140625,	-0.047206878662109375
5638516875.0,	0.06692886352539062,	-0.04457855224609375
5638525000.0,	0.06395721435546875,	-0.045131683349609375
5638533125.0,	0.06552505493164062,	-0.042327880859375
5638541250.0,	0.06456375122070312,	-0.04398345947265625
5638549375.0,	0.060771942138671875,	-0.04479789733886719
5638557500.0,	0.059886932373046875,	-0.04177093505859375
5638565625.0,	0.06130409240722656,	-0.042034149169921875
5638573750.0,	0.05864524841308594,	-0.04013824462890625
5638581875.0,	0.058216094970703125,	-0.03902244567871094
5638590000.0,	0.05498695373535156,	-0.03923797607421875
5638598125.0,	0.053752899169921875,	-0.04146385192871094
5638606250.0,	0.054595947265625,	-0.03899574279785156
5638614375.0,	0.0521697998046875,	-0.038555145263671875
5638622500.0,	0.05167961120605469,	-0.03913116455078125
5638630625.0,	0.05142974853515625,	-0.03763580322265625
5638638750.0,	0.05026435852050781,	-0.03606414794921875
5638646875.0,	0.050395965576171875,	-0.0361480712890625
5638655000.0,	0.048564910888671875,	-0.03635597229003906
5638663125.0,	0.046749114990234375,	-0.03567695617675781
5638671250.0,	0.04474639892578125,	-0.032623291015625
5638679375.0,	0.045314788818359375,	-0.033313751220703125
5638687500.0,	0.04281044006347656,	-0.03121185302734375
5638695625.0,	0.04163360595703125,	-0.031011581420898438
5638703750.0,	0.04246330261230469,	-0.03178977966308594
5638711875.0,	0.04029655456542969,	-0.03218841552734375
5638720000.0,	0.04023551940917969,	-0.030170440673828125
5638728125.0,	0.04042243957519531,	-0.030302047729492188
5638736250.0,	0.04098320007324219,	-0.02930450439453125
5638744375.0,	0.03603363037109375,	-0.025754928588867188
5638752500.0,	0.03662300109863281,	-0.0261383056640625
5638760625.0,	0.03987884521484375,	-0.025526046752929688
5638768750.0,	0.0373992919921875,	-0.024566650390625
5638776875.0,	0.03426551818847656,	-0.022462844848632812
5638785000.0,	0.034526824951171875,	-0.024539947509765625
5638793125.0,	0.03564453125,	-0.021532058715820312
5638801250.0,	0.03401947021484375,	-0.021680831909179688
5638809375.0,	0.03549385070800781,	-0.020048141479492188
5638817500.0,	0.03181648254394531,	-0.021009445190429688
5638825625.0,	0.03111553192138672,	-0.019814491271972656
5638833750.0,	0.03138160705566406,	-0.019090652465820312
5638841875.0,	0.03309059143066406,	-0.017724990844726562
5638850000.0,	0.03045654296875,	-0.0157623291015625
5638858125.0,	0.030663490295410156,	-0.014856338500976562
5638866250.0,	0.03054046630859375,	-0.011585235595703125
5638874375.0,	0.028018951416015625,	-0.014842033386230469
5638882500.0,	0.02504444122314453,	-0.012953758239746094
5638890625.0,	0.02785491943359375,	-0.0115203857421875
5638898750.0,	0.027215003967285156,	-0.012170791625976562
5638906875.0,	0.026702880859375,	-0.009443283081054688
5638915000.0,	0.027189254760742188,	-0.011637687683105469
5638923125.0,	0.02582836151123047,	-0.009179115295410156
5638931250.0,	0.02641010284423828,	-0.009037017822265625
5638939375.0,	0.02380084991455078,	-0.008023262023925781
5638947500.0,	0.024727821350097656,	-0.006548881530761719
5638955625.0,	0.022347450256347656,	-0.004597663879394531
5638963750.0,	0.02203845977783203,	-0.0030040740966796875
5638971875.0,	0.02450084686279297,	-0.0026073455810546875
5638980000.0,	0.024164199829101562,	-0.0032968521118164062
5638988125.0,	0.02291393280029297,	-0.0014286041259765625
5638996250.0,	0.022484779357910156,	-0.0005598068237304688
5639004375.0,	0.02557086944580078,	-0.00036716461181640625
5639012500.0,	0.022400856018066406,	0.0016126632690429688
5639020625.0,	0.02136516571044922,	0.0032520294189453125
5639028750.0,	0.020833969116210938,	0.0027208328247070312
5639036875.0,	0.021368026733398438,	0.0019741058349609375
5639045000.0,	0.020633697509765625,	0.0035552978515625
5639053125.0,	0.0197906494140625,	0.006389617919921875
5639061250.0,	0.02074146270751953,	0.006192207336425781
5639069375.0,	0.02075672149658203,	0.00543975830078125
5639077500.0,	0.02053546905517578,	0.008575439453125
5639085625.0,	0.020524024963378906,	0.008718490600585938
5639093750.0,	0.019639015197753906,	0.00722503662109375
5639101875.0,	0.020135879516601562,	0.01045989990234375
5639110000.0,	0.02087688446044922,	0.010436058044433594
5639118125.0,	0.020109176635742188,	0.008934974670410156
5639126250.0,	0.016788482666015625,	0.011717796325683594
5639134375.0,	0.017691612243652344,	0.013001441955566406
5639142500.0,	0.018341064453125,	0.012099266052246094
5639150625.0,	0.020473480224609375,	0.014782905578613281
5639158750.0,	0.020093917846679688,	0.015685081481933594
5639166875.0,	0.02125835418701172,	0.014827728271484375
5639175000.0,	0.017057418823242188,	0.013444900512695312
5639183125.0,	0.017454147338867188,	0.017716407775878906
5639191250.0,	0.018436431884765625,	0.018146514892578125
5639199375.0,	0.019023895263671875,	0.017948150634765625
5639207500.0,	0.0188751220703125,	0.017220497131347656
5639215625.0,	0.02019023895263672,	0.022329330444335938
5639223750.0,	0.0173492431640625,	0.020287513732910156
5639231875.0,	0.018411636352539062,	0.02004528045654297
5639240000.0,	0.019295692443847656,	0.0223236083984375
5639248125.0,	0.01644134521484375,	0.022130966186523438
5639256250.0,	0.016837120056152344,	0.021574020385742188
5639264375.0,	0.01887035369873047,	0.023563385009765625
5639272500.0,	0.017905235290527344,	0.026244163513183594
5639280625.0,	0.016107559204101562,	0.02266407012939453
5639288750.0,	0.017805099487304688,	0.02700328826904297
5639296875.0,	0.017368316650390625,	0.028289794921875
5639305000.0,	0.016742706298828125,	0.028016090393066406
5639313125.0,	0.020524978637695312,	0.02592754364013672
5639321250.0,	0.019037246704101562,	0.027535438537597656
5639329375.0,	0.015199661254882812,	0.030889511108398438
5639337500.0,	0.01800537109375,	0.028237342834472656
5639345625.0,	0.018566131591796875,	0.03050708770751953
5639353750.0,	0.01677703857421875,	0.03289794921875
5639361875.0,	0.019646644592285156,	0.028675079345703125
5639370000.0,	0.018332481384277344,	0.030885696411132812
5639378125.0,	0.018795013427734375,	0.033802032470703125
5639386250.0,	0.017894744873046875,	0.03071308135986328
5639394375.0,	0.018316268920898438,	0.033824920654296875
5639402500.0,	0.016931533813476562,	0.034511566162109375
5639410625.0,	0.018373489379882812,	0.03610038757324219
5639418750.0,	0.018491744995117188,	0.037410736083984375
5639426875.0,	0.018245697021484375,	0.03627586364746094
5639435000.0,	0.017736434936523438,	0.037158966064453125
5639443125.0,	0.01747894287109375,	0.03627967834472656
5639451250.0,	0.017313003540039062,	0.0383453369140625
5639459375.0,	0.020969390869140625,	0.03790283203125
5639467500.0,	0.019937515258789062,	0.03843116760253906
5639475625.0,	0.018405914306640625,	0.038509368896484375
5639483750.0,	0.020372390747070312,	0.03837394714355469
5639491875.0,	0.021984100341796875,	0.03893089294433594
5639500000.0,	0.019168853759765625,	0.0406494140625
5639508125.0,	0.020681381225585938,	0.04347419738769531
5639516250.0,	0.019901275634765625,	0.04340362548828125
5639524375.0,	0.020654678344726562,	0.04218864440917969
5639532500.0,	0.019441604614257812,	0.04459953308105469
5639540625.0,	0.02002716064453125,	0.04260444641113281
5639548750.0,	0.020254135131835938,	0.04491233825683594
5639556875.0,	0.02288818359375,	0.04541969299316406
5639565000.0,	0.02141571044921875,	0.04680061340332031
5639573125.0,	0.020933151245117188,	0.04644012451171875
5639581250.0,	0.01883697509765625,	0.047046661376953125
5639589375.0,	0.021732330322265625,	0.04602241516113281
5639597500.0,	0.021877288818359375,	0.04607391357421875
5639605625.0,	0.02187347412109375,	0.047504425048828125
5639613750.0,	0.022275924682617188,	0.0486907958984375
5639621875.0,	0.021818161010742188,	0.04969978332519531
5639630000.0,	0.022611618041992188,	0.05023002624511719
5639638125.0,	0.021154403686523438,	0.049106597900390625
5639646250.0,	0.019643783569335938,	0.05079460144042969
5639654375.0,	0.022359848022460938,	0.050212860107421875
5639662500.0,	0.022449493408203125,	0.05054664611816406
5639670625.0,	0.021875381469726562,	0.05025482177734375
5639678750.0,	0.019031524658203125,	0.053096771240234375
5639686875.0,	0.023088455200195312,	0.04941749572753906
5639695000.0,	0.022226333618164062,	0.05368804931640625
5639703125.0,	0.0214996337890625,	0.05284309387207031
5639711250.0,	0.024524688720703125,	0.0532073974609375
5639719375.0,	0.024501800537109375,	0.05327415466308594
5639727500.0,	0.023342132568359375,	0.05225563049316406
5639735625.0,	0.025480270385742188,	0.05472373962402344
5639743750.0,	0.025737762451171875,	0.05425071716308594
5639751875.0,	0.024127960205078125,	0.052425384521484375
5639760000.0,	0.025987625122070312,	0.05526924133300781
5639768125.0,	0.024509429931640625,	0.054840087890625
5639776250.0,	0.024175643920898438,	0.05609703063964844
5639784375.0,	0.024044036865234375,	0.055110931396484375
5639792500.0,	0.02619171142578125,	0.05507850646972656
5639800625.0,	0.024488449096679688,	0.055721282958984375
5639808750.0,	0.02266693115234375,	0.056911468505859375
5639816875.0,	0.024370193481445312,	0.059864044189453125
5639825000.0,	0.02654266357421875,	0.056690216064453125
5639833125.0,	0.025182723999023438,	0.05787467956542969
5639841250.0,	0.027614593505859375,	0.060512542724609375
5639849375.0,	0.026277542114257812,	0.05847358703613281
5639857500.0,	0.027524948120117188,	0.059478759765625
5639865625.0,	0.029003143310546875,	0.06154632568359375
5639873750.0,	0.030231475830078125,	0.061038970947265625
5639881875.0,	0.027601242065429688,	0.060070037841796875
5639890000.0,	0.026601791381835938,	0.06137657165527344
5639898125.0,	0.028001785278320312,	0.06024932861328125
5639906250.0,	0.0262451171875,	0.06210517883300781
5639914375.0,	0.0284423828125,	0.06360626220703125
5639922500.0,	0.027187347412109375,	0.0615081787109375
5639930625.0,	0.02918243408203125,	0.06391525268554688
5639938750.0,	0.028736114501953125,	0.0633392333984375
5639946875.0,	0.0291290283203125,	0.06229591369628906
5639955000.0,	0.0269012451171875,	0.06194877624511719
5639963125.0,	0.027576446533203125,	0.06389617919921875
5639971250.0,	0.029453277587890625,	0.06469345092773438
5639979375.0,	0.028888702392578125,	0.0648956298828125
5639987500.0,	0.0299835205078125,	0.0637359619140625
5639995625.0,	0.02857208251953125,	0.064544677734375
5640003750.0,	0.0296630859375,	0.06522369384765625
5640011875.0,	0.03022003173828125,	0.06550216674804688
5640020000.0,	0.03006744384765625,	0.06708145141601562
5640028125.0,	0.031192779541015625,	0.0677947998046875
5640036250.0,	0.029819488525390625,	0.06494903564453125
5640044375.0,	0.031787872314453125,	0.06865692138671875
5640052500.0,	0.03119659423828125,	0.06615066528320312
5640060625.0,	0.03003692626953125,	0.06763076782226562
5640068750.0,	0.029483795166015625,	0.06671524047851562
5640076875.0,	0.031040191650390625,	0.06739425659179688
5640085000.0,	0.031795501708984375,	0.06902313232421875
5640093125.0,	0.031200408935546875,	0.06775283813476562
5640101250.0,	0.029659271240234375,	0.06745147705078125
5640109375.0,	0.0322265625,	0.06911849975585938
5640117500.0,	0.031970977783203125,	0.06859207153320312
5640125625.0,	0.0327301025390625,	0.06752395629882812
5640133750.0,	0.033504486083984375,	0.06964874267578125
5640141875.0,	0.031284332275390625,	0.07160186767578125
5640150000.0,	0.03305816650390625,	0.07007980346679688
5640158125.0,	0.032623291015625,	0.06871414184570312
5640166250.0,	0.032825469970703125,	0.0700836181640625
5640174375.0,	0.03326416015625,	0.06900405883789062
5640182500.0,	0.03211212158203125,	0.07190322875976562
5640190625.0,	0.035953521728515625,	0.0724029541015625
5640198750.0,	0.032802581787109375,	0.07080078125
5640206875.0,	0.0332489013671875,	0.07224273681640625
5640215000.0,	0.0329437255859375,	0.07218170166015625
5640223125.0,	0.036548614501953125,	0.07323455810546875
5640231250.0,	0.03665924072265625,	0.0755462646484375
5640239375.0,	0.033802032470703125,	0.07283401489257812
5640247500.0,	0.03399658203125,	0.07394027709960938
5640255625.0,	0.035369873046875,	0.07181167602539062
5640263750.0,	0.03282928466796875,	0.07183837890625
5640271875.0,	0.034786224365234375,	0.07233810424804688
5640280000.0,	0.03417205810546875,	0.07263946533203125
5640288125.0,	0.03458404541015625,	0.07508087158203125
5640296250.0,	0.037181854248046875,	0.07410812377929688
5640304375.0,	0.033985137939453125,	0.0733184814453125
5640312500.0,	0.03717803955078125,	0.0743865966796875
5640320625.0,	0.035778045654296875,	0.07254409790039062
5640328750.0,	0.03818511962890625,	0.07460403442382812
5640336875.0,	0.037731170654296875,	0.07483673095703125
5640345000.0,	0.0368804931640625,	0.07375717163085938
5640353125.0,	0.03554534912109375,	0.07682418823242188
5640361250.0,	0.037570953369140625,	0.07521438598632812
5640369375.0,	0.03673553466796875,	0.076385498046875
5640377500.0,	0.037845611572265625,	0.0754852294921875
5640385625.0,	0.0383453369140625,	0.07773208618164062
5640393750.0,	0.04001617431640625,	0.07393646240234375
5640401875.0,	0.0380096435546875,	0.07627105712890625
5640410000.0,	0.03791046142578125,	0.07662200927734375
5640418125.0,	0.036716461181640625,	0.07571029663085938
5640426250.0,	0.039386749267578125,	0.0769500732421875
5640434375.0,	0.038646697998046875,	0.07646942138671875
5640442500.0,	0.040119171142578125,	0.07619094848632812
5640450625.0,	0.03881072998046875,	0.0806884765625
5640458750.0,	0.038845062255859375,	0.07906723022460938
5640466875.0,	0.038970947265625,	0.076995849609375
5640475000.0,	0.038330078125,	0.07738113403320312
5640483125.0,	0.03812408447265625,	0.07617950439453125
5640491250.0,	0.03845977783203125,	0.07728195190429688
5640499375.0,	0.040874481201171875,	0.07885360717773438
5640507500.0,	0.039478302001953125,	0.07842254638671875
5640515625.0,	0.04100799560546875,	0.08001708984375
5640523750.0,	0.04059600830078125,	0.07719039916992188
5640531875.0,	0.04161834716796875,	0.07700347900390625
5640540000.0,	0.041774749755859375,	0.07706069946289062
5640548125.0,	0.039775848388671875,	0.07985305786132812
5640556250.0,	0.0420379638671875,	0.07671737670898438
5640564375.0,	0.041717529296875,	0.07770919799804688
5640572500.0,	0.040653228759765625,	0.07971572875976562
5640580625.0,	0.04080963134765625,	0.07914352416992188
5640588750.0,	0.0419921875,	0.07964324951171875
5640596875.0,	0.03865814208984375,	0.080322265625
5640605000.0,	0.04183197021484375,	0.079620361328125
5640613125.0,	0.04105377197265625,	0.0814971923828125
5640621250.0,	0.041957855224609375,	0.081512451171875
5640629375.0,	0.042850494384765625,	0.0794525146484375
5640637500.0,	0.04270172119140625,	0.08204269409179688
5640645625.0,	0.042346954345703125,	0.08011627197265625
5640653750.0,	0.0419464111328125,	0.08092880249023438
5640661875.0,	0.044536590576171875,	0.08202743530273438
5640670000.0,	0.041553497314453125,	0.08089447021484375
5640678125.0,	0.042476654052734375,	0.07973861694335938
5640686250.0,	0.0430450439453125,	0.08045578002929688
5640694375.0,	0.04351806640625,	0.0812530517578125
5640702500.0,	0.04109954833984375,	0.08126449584960938
5640710625.0,	0.044269561767578125,	0.07906723022460938
5640718750.0,	0.0431976318359375,	0.07913970947265625
5640726875.0,	0.04302215576171875,	0.08150863647460938
5640735000.0,	0.043552398681640625,	0.081207275390625
5640743125.0,	0.046382904052734375,	0.08169937133789062
5640751250.0,	0.042942047119140625,	0.08260726928710938
5640759375.0,	0.044658660888671875,	0.08010101318359375
5640767500.0,	0.046039581298828125,	0.08083724975585938
5640775625.0,	0.043262481689453125,	0.0830078125
5640783750.0,	0.042510986328125,	0.08290863037109375
5640791875.0,	0.045124053955078125,	0.08147811889648438
5640800000.0,	0.04569244384765625,	0.08319854736328125
5640808125.0,	0.045017242431640625,	0.0823974609375
5640816250.0,	0.044551849365234375,	0.08324050903320312
5640824375.0,	0.044757843017578125,	0.08447647094726562
5640832500.0,	0.0464630126953125,	0.08111953735351562
5640840625.0,	0.04547119140625,	0.08395767211914062
5640848750.0,	0.047607421875,	0.08150863647460938
5640856875.0,	0.048664093017578125,	0.08521270751953125
5640865000.0,	0.046844482421875,	0.08398056030273438
5640873125.0,	0.047267913818359375,	0.08319473266601562
5640881250.0,	0.04701995849609375,	0.08496856689453125
5640889375.0,	0.045680999755859375,	0.08380508422851562
5640897500.0,	0.046955108642578125,	0.08371353149414062
5640905625.0,	0.04662322998046875,	0.08339309692382812
5640913750.0,	0.04619598388671875,	0.08280563354492188
5640921875.0,	0.047977447509765625,	0.08400726318359375
5640930000.0,	0.048183441162109375,	0.08478546142578125
5640938125.0,	0.04625701904296875,	0.08493804931640625
5640946250.0,	0.046741485595703125,	0.08549880981445312
5640954375.0,	0.0465240478515625,	0.08247756958007812
5640962500.0,	0.0476531982421875,	0.083740234375
5640970625.0,	0.047023773193359375,	0.08788681030273438
5640978750.0,	0.047550201416015625,	0.0842132568359375
5640986875.0,	0.047077178955078125,	0.08538055419921875
5640995000.0,	0.04714202880859375,	0.08760833740234375
5641003125.0,	0.04759979248046875,	0.08679962158203125
5641011250.0,	0.045162200927734375,	0.0845794677734375
5641019375.0,	0.0467376708984375,	0.08513259887695312
5641027500.0,	0.048095703125,	0.0862579345703125
5641035625.0,	0.04828643798828125,	0.08465957641601562
5641043750.0,	0.047882080078125,	0.08645248413085938
5641051875.0,	0.04737091064453125,	0.08585739135742188
5641060000.0,	0.049900054931640625,	0.0854034423828125
5641068125.0,	0.048305511474609375,	0.0869293212890625
5641076250.0,	0.049602508544921875,	0.08564376831054688
5641084375.0,	0.048450469970703125,	0.08628463745117188
5641092500.0,	0.0494384765625,	0.08639144897460938
5641100625.0,	0.048908233642578125,	0.08747100830078125
5641108750.0,	0.048954010009765625,	0.085906982421875
5641116875.0,	0.04913330078125,	0.08630752563476562
5641125000.0,	0.0499114990234375,	0.088226318359375
5641133125.0,	0.04917144775390625,	0.08511734008789062
5641141250.0,	0.048801422119140625,	0.0860137939453125
5641149375.0,	0.051177978515625,	0.08679580688476562
5641157500.0,	0.048641204833984375,	0.08794784545898438
5641165625.0,	0.0494537353515625,	0.08887481689453125
5641173750.0,	0.0485687255859375,	0.08584976196289062
5641181875.0,	0.049243927001953125,	0.08644866943359375
5641190000.0,	0.050022125244140625,	0.08776092529296875
5641198125.0,	0.051296234130859375,	0.08637619018554688
5641206250.0,	0.0522613525390625,	0.08712387084960938
5641214375.0,	0.050792694091796875,	0.08784103393554688
5641222500.0,	0.05107879638671875,	0.0870819091796875
5641230625.0,	0.052333831787109375,	0.08661651611328125
5641238750.0,	0.052661895751953125,	0.08614730834960938
5641246875.0,	0.052463531494140625,	0.08880233764648438
5641255000.0,	0.0493621826171875,	0.08873367309570312
5641263125.0,	0.051616668701171875,	0.08568191528320312
5641271250.0,	0.052524566650390625,	0.0886688232421875
5641279375.0,	0.05290985107421875,	0.08788299560546875
5641287500.0,	0.0518646240234375,	0.0875396728515625
5641295625.0,	0.052196502685546875,	0.08795166015625
5641303750.0,	0.0515899658203125,	0.08795166015625
5641311875.0,	0.052783966064453125,	0.087066650390625
5641320000.0,	0.05204010009765625,	0.08749008178710938
5641328125.0,	0.053524017333984375,	0.0883331298828125
5641336250.0,	0.051059722900390625,	0.08882904052734375
5641344375.0,	0.0531158447265625,	0.08903121948242188
5641352500.0,	0.051906585693359375,	0.08815765380859375
5641360625.0,	0.053150177001953125,	0.08713531494140625
5641368750.0,	0.05167388916015625,	0.086669921875
5641376875.0,	0.053802490234375,	0.08929824829101562
5641385000.0,	0.055126190185546875,	0.08707427978515625
5641393125.0,	0.054027557373046875,	0.08880233764648438
5641401250.0,	0.054111480712890625,	0.08901596069335938
5641409375.0,	0.054805755615234375,	0.09003829956054688
5641417500.0,	0.055294036865234375,	0.08792495727539062
5641425625.0,	0.054714202880859375,	0.091094970703125
5641433750.0,	0.0550384521484375,	0.08932113647460938
5641441875.0,	0.0524749755859375,	0.08965301513671875
5641450000.0,	0.054843902587890625,	0.08734130859375
5641458125.0,	0.05689239501953125,	0.08907318115234375
5641466250.0,	0.05521392822265625,	0.0889129638671875
5641474375.0,	0.0542449951171875,	0.08681869506835938
5641482500.0,	0.05458831787109375,	0.08835983276367188
5641490625.0,	0.05417633056640625,	0.08837127685546875
5641498750.0,	0.0537109375,	0.0897216796875
5641506875.0,	0.056514739990234375,	0.091217041015625
5641515000.0,	0.054927825927734375,	0.09104156494140625
5641523125.0,	0.05682373046875,	0.08937454223632812
5641531250.0,	0.05637359619140625,	0.0891571044921875
5641539375.0,	0.05475616455078125,	0.08896636962890625
5641547500.0,	0.053131103515625,	0.08943939208984375
5641555625.0,	0.057720184326171875,	0.087005615234375
5641563750.0,	0.055034637451171875,	0.08986282348632812
5641571875.0,	0.0551300048828125,	0.089996337890625
5641580000.0,	0.054668426513671875,	0.09039688110351562
5641588125.0,	0.0549163818359375,	0.0910186767578125
5641596250.0,	0.05675506591796875,	0.08954238891601562
5641604375.0,	0.056041717529296875,	0.0888824462890625
5641612500.0,	0.056491851806640625,	0.08953857421875
5641620625.0,	0.055301666259765625,	0.08974456787109375
5641628750.0,	0.05628204345703125,	0.08956527709960938
5641636875.0,	0.055698394775390625,	0.0893707275390625
5641645000.0,	0.0566558837890625,	0.09143829345703125
5641653125.0,	0.055263519287109375,	0.08995819091796875
5641661250.0,	0.056396484375,	0.0898284912109375
5641669375.0,	0.057170867919921875,	0.090667724609375
5641677500.0,	0.056636810302734375,	0.09270858764648438
5641685625.0,	0.0561065673828125,	0.09089279174804688
5641693750.0,	0.057453155517578125,	0.08896255493164062
5641701875.0,	0.05715179443359375,	0.090576171875
5641710000.0,	0.057098388671875,	0.0904388427734375
5641718125.0,	0.057647705078125,	0.09085464477539062
5641726250.0,	0.05724334716796875,	0.09147262573242188
5641734375.0,	0.0567474365234375,	0.09192657470703125
5641742500.0,	0.05617523193359375,	0.09161758422851562
5641750625.0,	0.056705474853515625,	0.09160995483398438
5641758750.0,	0.056102752685546875,	0.09008026123046875
5641766875.0,	0.05905914306640625,	0.09255218505859375
5641775000.0,	0.05854034423828125,	0.0892791748046875
5641783125.0,	0.058635711669921875,	0.09195709228515625
5641791250.0,	0.0585479736328125,	0.091461181640625
5641799375.0,	0.05750274658203125,	0.09309005737304688
5641807500.0,	0.05602264404296875,	0.0912933349609375
5641815625.0,	0.05912017822265625,	0.09104537963867188
5641823750.0,	0.060474395751953125,	0.09228134155273438
5641831875.0,	0.059352874755859375,	0.0904998779296875
5641840000.0,	0.056995391845703125,	0.09173202514648438
5641848125.0,	0.056972503662109375,	0.09252166748046875
5641856250.0,	0.05810546875,	0.0925750732421875
5641864375.0,	0.06061553955078125,	0.09337997436523438
5641872500.0,	0.05907440185546875,	0.09312820434570312
5641880625.0,	0.057163238525390625,	0.09301376342773438
5641888750.0,	0.05991363525390625,	0.09056854248046875
5641896875.0,	0.059024810791015625,	0.09076690673828125
5641905000.0,	0.058807373046875,	0.09111785888671875
5641913125.0,	0.060070037841796875,	0.09091567993164062
5641921250.0,	0.058879852294921875,	0.09095382690429688
5641929375.0,	0.057155609130859375,	0.09168243408203125
5641937500.0,	0.05896759033203125,	0.09166336059570312
5641945625.0,	0.0606536865234375,	0.09004974365234375
5641953750.0,	0.0579376220703125,	0.09026718139648438
5641961875.0,	0.060211181640625,	0.09451675415039062
5641970000.0,	0.057506561279296875,	0.0916748046875
5641978125.0,	0.06182098388671875,	0.09204483032226562
5641986250.0,	0.0590667724609375,	0.09255218505859375
5641994375.0,	0.062366485595703125,	0.09292984008789062
5642002500.0,	0.06056976318359375,	0.09220504760742188
5642010625.0,	0.05982208251953125,	0.09180068969726562
5642018750.0,	0.06110382080078125,	0.09222412109375
5642026875.0,	0.061492919921875,	0.09417343139648438
5642035000.0,	0.0616607666015625,	0.09041213989257812
5642043125.0,	0.0614471435546875,	0.0920257568359375
5642051250.0,	0.0589752197265625,	0.09177017211914062
5642059375.0,	0.060260772705078125,	0.0959014892578125
5642067500.0,	0.06015777587890625,	0.09073638916015625
5642075625.0,	0.060642242431640625,	0.09296417236328125
5642083750.0,	0.06056976318359375,	0.09380722045898438
5642091875.0,	0.061527252197265625,	0.09246826171875
5642100000.0,	0.059955596923828125,	0.09077835083007812
5642108125.0,	0.06011962890625,	0.0911865234375
5642116250.0,	0.06317138671875,	0.09260177612304688
5642124375.0,	0.058696746826171875,	0.09089279174804688
5642132500.0,	0.060993194580078125,	0.09395599365234375
5642140625.0,	0.061244964599609375,	0.092529296875
5642148750.0,	0.061687469482421875,	0.09102630615234375
5642156875.0,	0.0628509521484375,	0.09450149536132812
5642165000.0,	0.061420440673828125,	0.09269332885742188
5642173125.0,	0.060680389404296875,	0.09257888793945312
5642181250.0,	0.061969757080078125,	0.09253692626953125
5642189375.0,	0.0623321533203125,	0.092498779296875
5642197500.0,	0.0634918212890625,	0.09265899658203125
5642205625.0,	0.061252593994140625,	0.09488296508789062
5642213750.0,	0.060741424560546875,	0.09141159057617188
5642221875.0,	0.06310653686523438,	0.09225082397460938
5642230000.0,	0.062591552734375,	0.09302902221679688
5642238125.0,	0.06150054931640625,	0.09202957153320312
5642246250.0,	0.062030792236328125,	0.09343719482421875
5642254375.0,	0.06312942504882812,	0.09241485595703125
5642262500.0,	0.062427520751953125,	0.09283065795898438
5642270625.0,	0.062305450439453125,	0.09316635131835938
5642278750.0,	0.062175750732421875,	0.09311676025390625
5642286875.0,	0.061676025390625,	0.09331893920898438
5642295000.0,	0.06256484985351562,	0.09149169921875
5642303125.0,	0.062957763671875,	0.0929107666015625
5642311250.0,	0.06256103515625,	0.09304046630859375
5642319375.0,	0.06121826171875,	0.09409332275390625
5642327500.0,	0.06354141235351562,	0.09423065185546875
5642335625.0,	0.06357574462890625,	0.09080886840820312
5642343750.0,	0.06383514404296875,	0.09315109252929688
5642351875.0,	0.063232421875,	0.09522247314453125
5642360000.0,	0.06332778930664062,	0.09313201904296875
5642368125.0,	0.06367874145507812,	0.09280014038085938
5642376250.0,	0.06512832641601562,	0.0915985107421875
5642384375.0,	0.0650634765625,	0.09337234497070312
5642392500.0,	0.06529998779296875,	0.0924530029296875
5642400625.0,	0.063446044921875,	0.09392929077148438
5642408750.0,	0.06445693969726562,	0.092681884765625
5642416875.0,	0.06602859497070312,	0.09381103515625
5642425000.0,	0.06503677368164062,	0.09395980834960938
5642433125.0,	0.061931610107421875,	0.09418869018554688
5642441250.0,	0.06450271606445312,	0.09146499633789062
5642449375.0,	0.06389236450195312,	0.09493255615234375
5642457500.0,	0.06425094604492188,	0.09272384643554688
5642465625.0,	0.06189727783203125,	0.09528350830078125
5642473750.0,	0.06579971313476562,	0.0936279296875
5642481875.0,	0.0639801025390625,	0.09137725830078125
5642490000.0,	0.06562423706054688,	0.09460067749023438
5642498125.0,	0.0628814697265625,	0.09272003173828125
5642506250.0,	0.063507080078125,	0.09159088134765625
5642514375.0,	0.065582275390625,	0.09471893310546875
5642522500.0,	0.06436538696289062,	0.09447097778320312
5642530625.0,	0.0628662109375,	0.09445571899414062
5642538750.0,	0.06518173217773438,	0.09307479858398438
5642546875.0,	0.06603240966796875,	0.09441375732421875
5642555000.0,	0.06331253051757812,	0.09407806396484375
5642563125.0,	0.06539154052734375,	0.09342193603515625
5642571250.0,	0.06373214721679688,	0.092559814453125
5642579375.0,	0.06366729736328125,	0.09591293334960938
5642587500.0,	0.06566619873046875,	0.09343719482421875
5642595625.0,	0.06409072875976562,	0.0926361083984375
5642603750.0,	0.06649398803710938,	0.09498977661132812
5642611875.0,	0.06644821166992188,	0.09393692016601562
5642620000.0,	0.06636428833007812,	0.09221649169921875
5642628125.0,	0.06519317626953125,	0.095062255859375
5642636250.0,	0.06632232666015625,	0.09685516357421875
5642644375.0,	0.06566619873046875,	0.09448623657226562
5642652500.0,	0.06612777709960938,	0.0946807861328125
5642660625.0,	0.0658721923828125,	0.09492874145507812
5642668750.0,	0.06481170654296875,	0.09400558471679688
5642676875.0,	0.06493377685546875,	0.09317779541015625
5642685000.0,	0.0665435791015625,	0.09590530395507812
5642693125.0,	0.06540298461914062,	0.09389114379882812
5642701250.0,	0.06657028198242188,	0.09174728393554688
5642709375.0,	0.06558609008789062,	0.091461181640625
5642717500.0,	0.06591033935546875,	0.09476089477539062
5642725625.0,	0.06532669067382812,	0.09279632568359375
5642733750.0,	0.0682373046875,	0.09425735473632812
5642741875.0,	0.06799697875976562,	0.093902587890625
5642750000.0,	0.066650390625,	0.0933380126953125
5642758125.0,	0.0654754638671875,	0.09543228149414062
5642766250.0,	0.06607818603515625,	0.09424972534179688
5642774375.0,	0.06731796264648438,	0.09344482421875
5642782500.0,	0.06538009643554688,	0.09273910522460938
5642790625.0,	0.06673049926757812,	0.09404754638671875
5642798750.0,	0.06717681884765625,	0.0955963134765625
5642806875.0,	0.0658416748046875,	0.09346771240234375
5642815000.0,	0.067626953125,	0.09496307373046875
5642823125.0,	0.06554412841796875,	0.09296417236328125
5642831250.0,	0.06975173950195312,	0.09323883056640625
5642839375.0,	0.06492233276367188,	0.0948486328125
5642847500.0,	0.06689834594726562,	0.09565353393554688
5642855625.0,	0.06793975830078125,	0.0951995849609375
5642863750.0,	0.06762313842773438,	0.09539794921875
5642871875.0,	0.06637191772460938,	0.09489822387695312
5642880000.0,	0.06743621826171875,	0.094146728515625
5642888125.0,	0.068389892578125,	0.09346771240234375
5642896250.0,	0.06760406494140625,	0.0931549072265625
5642904375.0,	0.06761550903320312,	0.094024658203125
5642912500.0,	0.07110214233398438,	0.0943603515625
5642920625.0,	0.06731796264648438,	0.09157180786132812
5642928750.0,	0.06760406494140625,	0.09633636474609375
5642936875.0,	0.06967926025390625,	0.09447097778320312
5642945000.0,	0.06776046752929688,	0.09477615356445312
5642953125.0,	0.06658172607421875,	0.0950469970703125
5642961250.0,	0.0692138671875,	0.09432220458984375
5642969375.0,	0.06691741943359375,	0.09403228759765625
5642977500.0,	0.06543350219726562,	0.09492111206054688
5642985625.0,	0.06804275512695312,	0.09498977661132812
5642993750.0,	0.06902694702148438,	0.09479141235351562
5643001875.0,	0.06983566284179688,	0.09454727172851562
5643010000.0,	0.06843185424804688,	0.09568023681640625
5643018125.0,	0.067169189453125,	0.09480667114257812
5643026250.0,	0.06932449340820312,	0.09194564819335938
5643034375.0,	0.06896591186523438,	0.09338760375976562
5643042500.0,	0.06964492797851562,	0.095458984375
5643050625.0,	0.068115234375,	0.09426116943359375
5643058750.0,	0.06781387329101562,	0.09506607055664062
5643066875.0,	0.06847763061523438,	0.09333038330078125
5643075000.0,	0.06660842895507812,	0.0943145751953125
5643083125.0,	0.06754302978515625,	0.09360504150390625
5643091250.0,	0.07000732421875,	0.09478759765625
5643099375.0,	0.06805801391601562,	0.09314346313476562
5643107500.0,	0.06920242309570312,	0.09360885620117188
5643115625.0,	0.06975173950195312,	0.0948028564453125
5643123750.0,	0.0682525634765625,	0.09450531005859375
5643131875.0,	0.06977462768554688,	0.09257888793945312
5643140000.0,	0.07118606567382812,	0.09284591674804688
5643148125.0,	0.06914138793945312,	0.09323501586914062
5643156250.0,	0.06929397583007812,	0.09659194946289062
5643164375.0,	0.07007598876953125,	0.09532546997070312
5643172500.0,	0.06946182250976562,	0.0954437255859375
5643180625.0,	0.0697021484375,	0.09376907348632812
5643188750.0,	0.07152557373046875,	0.0951385498046875
5643196875.0,	0.06934738159179688,	0.09476470947265625
5643205000.0,	0.06988906860351562,	0.09511184692382812
5643213125.0,	0.07111740112304688,	0.09173583984375
5643221250.0,	0.06797027587890625,	0.09364700317382812
5643229375.0,	0.06775283813476562,	0.09440231323242188
5643237500.0,	0.06890869140625,	0.09380722045898438
5643245625.0,	0.07065963745117188,	0.0965118408203125
5643253750.0,	0.07010650634765625,	0.09520721435546875
5643261875.0,	0.07079315185546875,	0.0949554443359375
5643270000.0,	0.0672454833984375,	0.09617233276367188
5643278125.0,	0.06893539428710938,	0.09676742553710938
5643286250.0,	0.0711822509765625,	0.0949859619140625
5643294375.0,	0.07014083862304688,	0.09513473510742188
5643302500.0,	0.06965255737304688,	0.093902587890625
5643310625.0,	0.0698699951171875,	0.09430694580078125
5643318750.0,	0.06933212280273438,	0.09439468383789062
5643326875.0,	0.07049560546875,	0.09466552734375
5643335000.0,	0.07071685791015625,	0.09732437133789062
5643343125.0,	0.07256698608398438,	0.09488296508789062
5643351250.0,	0.06970977783203125,	0.094329833984375
5643359375.0,	0.0692901611328125,	0.09535980224609375
5643367500.0,	0.0703887939453125,	0.0963287353515625
5643375625.0,	0.06906890869140625,	0.095489501953125
5643383750.0,	0.07012557983398438,	0.09642791748046875
5643391875.0,	0.07079696655273438,	0.09540939331054688
5643400000.0,	0.07025527954101562,	0.09428787231445312
5643408125.0,	0.07245254516601562,	0.09448623657226562
5643416250.0,	0.06851959228515625,	0.09588241577148438
5643424375.0,	0.06957244873046875,	0.09460067749023438
5643432500.0,	0.0710906982421875,	0.0955352783203125
5643440625.0,	0.0693206787109375,	0.09639358520507812
5643448750.0,	0.07025909423828125,	0.09386062622070312
5643456875.0,	0.07004928588867188,	0.095947265625
5643465000.0,	0.07147979736328125,	0.09499740600585938
5643473125.0,	0.07255935668945312,	0.094573974609375
5643481250.0,	0.0702362060546875,	0.09500503540039062
5643489375.0,	0.0704498291015625,	0.0956268310546875
5643497500.0,	0.07209396362304688,	0.0949859619140625
5643505625.0,	0.07118606567382812,	0.09519577026367188
5643513750.0,	0.07117080688476562,	0.09594345092773438
5643521875.0,	0.072509765625,	0.09572601318359375
5643530000.0,	0.07196044921875,	0.09432220458984375
5643538125.0,	0.07068634033203125,	0.0936431884765625
5643546250.0,	0.07168197631835938,	0.09517669677734375
5643554375.0,	0.06985092163085938,	0.09524154663085938
5643562500.0,	0.07300567626953125,	0.09726333618164062
5643570625.0,	0.07149887084960938,	0.09639739990234375
5643578750.0,	0.07144546508789062,	0.09503555297851562
5643586875.0,	0.07094955444335938,	0.0955963134765625
5643595000.0,	0.06940841674804688,	0.09595870971679688
5643603125.0,	0.07275009155273438,	0.09753799438476562
5643611250.0,	0.07109832763671875,	0.09611129760742188
5643619375.0,	0.0713653564453125,	0.09619903564453125
5643627500.0,	0.07371139526367188,	0.09241867065429688
5643635625.0,	0.072418212890625,	0.097015380859375
5643643750.0,	0.0717315673828125,	0.09710693359375
5643651875.0,	0.070526123046875,	0.0966033935546875
5643660000.0,	0.0703582763671875,	0.09830856323242188
5643668125.0,	0.07207489013671875,	0.09659576416015625
5643676250.0,	0.07290267944335938,	0.09528350830078125
5643684375.0,	0.07172775268554688,	0.09368133544921875
5643692500.0,	0.07153701782226562,	0.09434890747070312
5643700625.0,	0.07243728637695312,	0.09596633911132812
5643708750.0,	0.07273101806640625,	0.09391021728515625
5643716875.0,	0.07068634033203125,	0.09502410888671875
5643725000.0,	0.07238388061523438,	0.09477615356445312
5643733125.0,	0.0728607177734375,	0.09560012817382812
5643741250.0,	0.07309722900390625,	0.09485626220703125
5643749375.0,	0.0727691650390625,	0.09550094604492188
5643757500.0,	0.07455062866210938,	0.0964202880859375
5643765625.0,	0.07306671142578125,	0.09812545776367188
5643773750.0,	0.07341384887695312,	0.09536361694335938
5643781875.0,	0.07285308837890625,	0.09682083129882812
5643790000.0,	0.07519149780273438,	0.09704971313476562
5643798125.0,	0.07497787475585938,	0.095184326171875
5643806250.0,	0.07247161865234375,	0.09475326538085938
5643814375.0,	0.07440567016601562,	0.09758758544921875
5643822500.0,	0.0726318359375,	0.09662628173828125
5643830625.0,	0.07333755493164062,	0.09760284423828125
5643838750.0,	0.07371139526367188,	0.09647369384765625
5643846875.0,	0.07080459594726562,	0.09598159790039062
5643855000.0,	0.07408523559570312,	0.09476852416992188
5643863125.0,	0.07275390625,	0.09401702880859375
5643871250.0,	0.0737762451171875,	0.09589767456054688
5643879375.0,	0.07293701171875,	0.0951690673828125
5643887500.0,	0.07291793823242188,	0.09733200073242188
5643895625.0,	0.07343292236328125,	0.0962677001953125
5643903750.0,	0.073272705078125,	0.09476852416992188
5643911875.0,	0.07470703125,	0.09604644775390625
5643920000.0,	0.07336044311523438,	0.09727096557617188
5643928125.0,	0.07482147216796875,	0.096923828125
5643936250.0,	0.072998046875,	0.09645843505859375
5643944375.0,	0.07219696044921875,	0.09560012817382812
5643952500.0,	0.07155227661132812,	0.09712982177734375
5643960625.0,	0.07384872436523438,	0.09743118286132812
5643968750.0,	0.07508468627929688,	0.09549331665039062
5643976875.0,	0.07306289672851562,	0.09458160400390625
5643985000.0,	0.07245254516601562,	0.09659194946289062
5643993125.0,	0.07240676879882812,	0.09589385986328125
5644001250.0,	0.07453155517578125,	0.09579849243164062
5644009375.0,	0.07407760620117188,	0.09655380249023438
5644017500.0,	0.0726470947265625,	0.09809494018554688
5644025625.0,	0.07466506958007812,	0.09708404541015625
5644033750.0,	0.07659912109375,	0.09734725952148438
5644041875.0,	0.07226181030273438,	0.09455490112304688
5644050000.0,	0.07296371459960938,	0.09525680541992188
5644058125.0,	0.07417678833007812,	0.09545516967773438
5644066250.0,	0.07421112060546875,	0.09548568725585938
5644074375.0,	0.0732879638671875,	0.09733200073242188
5644082500.0,	0.0741729736328125,	0.09469985961914062
5644090625.0,	0.07579421997070312,	0.09630584716796875
5644098750.0,	0.07349014282226562,	0.09600448608398438
5644106875.0,	0.07398605346679688,	0.09554672241210938
5644115000.0,	0.07415008544921875,	0.09726333618164062
5644123125.0,	0.07472991943359375,	0.09625625610351562
5644131250.0,	0.07762527465820312,	0.09665298461914062
5644139375.0,	0.07545089721679688,	0.09296417236328125
5644147500.0,	0.07363510131835938,	0.09579849243164062
5644155625.0,	0.07293701171875,	0.09610366821289062
5644163750.0,	0.07536697387695312,	0.095428466796875
5644171875.0,	0.07551956176757812,	0.09524154663085938
5644180000.0,	0.075836181640625,	0.09597015380859375
5644188125.0,	0.07427597045898438,	0.094390869140625
5644196250.0,	0.07448577880859375,	0.09484100341796875
5644204375.0,	0.07439041137695312,	0.09584808349609375
5644212500.0,	0.072540283203125,	0.09481430053710938
5644220625.0,	0.07550811767578125,	0.09662246704101562
5644228750.0,	0.07459259033203125,	0.096099853515625
5644236875.0,	0.07513809204101562,	0.094390869140625
5644245000.0,	0.07462692260742188,	0.09463119506835938
5644253125.0,	0.07630157470703125,	0.09415817260742188
5644261250.0,	0.07394790649414062,	0.09485244750976562
5644269375.0,	0.07517623901367188,	0.09387969970703125
5644277500.0,	0.07435989379882812,	0.09543609619140625
5644285625.0,	0.07422256469726562,	0.0967559814453125
5644293750.0,	0.07493972778320312,	0.09458160400390625
5644301875.0,	0.07598876953125,	0.096405029296875
5644310000.0,	0.07540512084960938,	0.09647369384765625
5644318125.0,	0.07491302490234375,	0.09678268432617188
5644326250.0,	0.07520675659179688,	0.0946044921875
5644334375.0,	0.0761566162109375,	0.0948333740234375
5644342500.0,	0.07513809204101562,	0.09653854370117188
5644350625.0,	0.07598495483398438,	0.09365463256835938
5644358750.0,	0.07766342163085938,	0.09463119506835938
5644366875.0,	0.07545852661132812,	0.09607315063476562
5644375000.0,	0.07536697387695312,	0.0978546142578125
5644383125.0,	0.07659530639648438,	0.09593582153320312
5644391250.0,	0.07715606689453125,	0.09592437744140625
5644399375.0,	0.07589340209960938,	0.0968780517578125
5644407500.0,	0.0768280029296875,	0.09733200073242188
5644415625.0,	0.07885360717773438,	0.09507369995117188
5644423750.0,	0.076324462890625,	0.09682846069335938
5644431875.0,	0.0746307373046875,	0.09679031372070312
5644440000.0,	0.07390975952148438,	0.09618377685546875
5644448125.0,	0.0748138427734375,	0.09517669677734375
5644456250.0,	0.07723617553710938,	0.09510421752929688
5644464375.0,	0.07568359375,	0.09600067138671875
5644472500.0,	0.07666397094726562,	0.096466064453125
5644480625.0,	0.07617568969726562,	0.09540939331054688
5644488750.0,	0.07673263549804688,	0.0952301025390625
5644496875.0,	0.0746917724609375,	0.095855712890625
5644505000.0,	0.078125,	0.09468460083007812
5644513125.0,	0.07583236694335938,	0.09613037109375
5644521250.0,	0.07818603515625,	0.09704208374023438
5644529375.0,	0.07650375366210938,	0.09442901611328125
5644537500.0,	0.07571792602539062,	0.09267044067382812
5644545625.0,	0.07705307006835938,	0.0953521728515625
5644553750.0,	0.07576751708984375,	0.09785079956054688
5644561875.0,	0.07698822021484375,	0.09443283081054688
5644570000.0,	0.0760955810546875,	0.09648895263671875
5644578125.0,	0.0763702392578125,	0.09564971923828125
5644586250.0,	0.07680892944335938,	0.09603500366210938
5644594375.0,	0.074188232421875,	0.09614944458007812
5644602500.0,	0.07621002197265625,	0.09790802001953125
5644610625.0,	0.07758331298828125,	0.09430313110351562
5644618750.0,	0.07561492919921875,	0.09607696533203125
5644626875.0,	0.0766448974609375,	0.09431838989257812
5644635000.0,	0.0768280029296875,	0.09758377075195312
5644643125.0,	0.0783233642578125,	0.09564208984375
5644651250.0,	0.08018875122070312,	0.09369277954101562
5644659375.0,	0.07834243774414062,	0.09601974487304688
5644667500.0,	0.0778961181640625,	0.095458984375
5644675625.0,	0.0782623291015625,	0.09827804565429688
5644683750.0,	0.07630538940429688,	0.09530258178710938
5644691875.0,	0.07787322998046875,	0.09606552124023438
5644700000.0,	0.0775909423828125,	0.09650802612304688
5644708125.0,	0.079010009765625,	0.09502792358398438
5644716250.0,	0.07793426513671875,	0.09470367431640625
5644724375.0,	0.07660293579101562,	0.09560775756835938
5644732500.0,	0.07659530639648438,	0.09525680541992188
5644740625.0,	0.07715988159179688,	0.09568023681640625
5644748750.0,	0.0779266357421875,	0.09458160400390625
5644756875.0,	0.07798004150390625,	0.09401702880859375
5644765000.0,	0.07678985595703125,	0.09502029418945312
5644773125.0,	0.07654571533203125,	0.0960235595703125
5644781250.0,	0.07684707641601562,	0.09591293334960938
5644789375.0,	0.07915496826171875,	0.09665298461914062
5644797500.0,	0.07788467407226562,	0.09758758544921875
5644805625.0,	0.07738494873046875,	0.09705352783203125
5644813750.0,	0.0764007568359375,	0.0952911376953125
5644821875.0,	0.078887939453125,	0.09507369995117188
5644830000.0,	0.0780029296875,	0.09688949584960938
5644838125.0,	0.077728271484375,	0.09694671630859375
5644846250.0,	0.07816314697265625,	0.0985565185546875
5644854375.0,	0.078521728515625,	0.095367431640625
5644862500.0,	0.07761764526367188,	0.09448623657226562
5644870625.0,	0.07932281494140625,	0.09838485717773438
5644878750.0,	0.07782745361328125,	0.09531402587890625
5644886875.0,	0.07754898071289062,	0.09679031372070312
5644895000.0,	0.07677459716796875,	0.09583663940429688
5644903125.0,	0.07703018188476562,	0.09516143798828125
5644911250.0,	0.07714080810546875,	0.095550537109375
5644919375.0,	0.07815933227539062,	0.09386062622070312
5644927500.0,	0.07709121704101562,	0.09510421752929688
5644935625.0,	0.0765533447265625,	0.0948944091796875
5644943750.0,	0.07753372192382812,	0.09527206420898438
5644951875.0,	0.0780181884765625,	0.09630584716796875
5644960000.0,	0.07824325561523438,	0.09537124633789062
5644968125.0,	0.07653045654296875,	0.09824371337890625
5644976250.0,	0.07695770263671875,	0.09626007080078125
5644984375.0,	0.07843017578125,	0.09467697143554688
5644992500.0,	0.07870101928710938,	0.09547042846679688
5645000625.0,	0.07511138916015625,	0.09677886962890625
5645008750.0,	0.07805252075195312,	0.09683609008789062
5645016875.0,	0.0778045654296875,	0.095733642578125
5645025000.0,	0.07681655883789062,	0.09595108032226562
5645033125.0,	0.07741165161132812,	0.09627151489257812
5645041250.0,	0.07821273803710938,	0.09630966186523438
5645049375.0,	0.07748031616210938,	0.09484481811523438
5645057500.0,	0.07788848876953125,	0.09714508056640625
5645065625.0,	0.07890701293945312,	0.09521102905273438
5645073750.0,	0.077362060546875,	0.09583663940429688
5645081875.0,	0.0774993896484375,	0.09522628784179688
5645090000.0,	0.0791168212890625,	0.09502029418945312
5645098125.0,	0.08023834228515625,	0.0957794189453125
5645106250.0,	0.07753753662109375,	0.09499740600585938
5645114375.0,	0.0794677734375,	0.09604644775390625
5645122500.0,	0.07912826538085938,	0.09456253051757812
5645130625.0,	0.07834625244140625,	0.09380340576171875
5645138750.0,	0.07929611206054688,	0.09458541870117188
5645146875.0,	0.08051681518554688,	0.09563827514648438
5645155000.0,	0.07973861694335938,	0.09494781494140625
5645163125.0,	0.07764053344726562,	0.09653854370117188
5645171250.0,	0.07850265502929688,	0.09535598754882812
5645179375.0,	0.07797622680664062,	0.09510421752929688
5645187500.0,	0.08066558837890625,	0.09653472900390625
5645195625.0,	0.0788421630859375,	0.09704208374023438
5645203750.0,	0.07851028442382812,	0.09579849243164062
5645211875.0,	0.07993698120117188,	0.09429550170898438
5645220000.0,	0.07983779907226562,	0.0956268310546875
5645228125.0,	0.07836151123046875,	0.09587860107421875
5645236250.0,	0.07842636108398438,	0.09685134887695312
5645244375.0,	0.07952499389648438,	0.09562301635742188
5645252500.0,	0.0795135498046875,	0.09479522705078125
5645260625.0,	0.07921218872070312,	0.0953369140625
5645268750.0,	0.07990264892578125,	0.09618759155273438
5645276875.0,	0.07822036743164062,	0.0951080322265625
5645285000.0,	0.07873153686523438,	0.09510421752929688
5645293125.0,	0.08016586303710938,	0.09686660766601562
5645301250.0,	0.08068466186523438,	0.09581756591796875
5645309375.0,	0.080657958984375,	0.09503173828125
5645317500.0,	0.07912826538085938,	0.09681320190429688
5645325625.0,	0.07828140258789062,	0.09529876708984375
5645333750.0,	0.07929611206054688,	0.095245361328125
5645341875.0,	0.07865524291992188,	0.09508132934570312
5645350000.0,	0.07850265502929688,	0.09436416625976562
5645358125.0,	0.07918167114257812,	0.09511184692382812
5645366250.0,	0.07907867431640625,	0.095916748046875
5645374375.0,	0.07874679565429688,	0.0978851318359375
5645382500.0,	0.07928848266601562,	0.09552001953125
5645390625.0,	0.07957077026367188,	0.09510040283203125
5645398750.0,	0.08269500732421875,	0.09460830688476562
5645406875.0,	0.07915496826171875,	0.09653472900390625
5645415000.0,	0.08118820190429688,	0.093292236328125
5645423125.0,	0.07915878295898438,	0.09561538696289062
5645431250.0,	0.079559326171875,	0.09653091430664062
5645439375.0,	0.07938766479492188,	0.09706497192382812
5645447500.0,	0.07844924926757812,	0.0941314697265625
5645455625.0,	0.07834625244140625,	0.09584808349609375
5645463750.0,	0.08034896850585938,	0.09572219848632812
5645471875.0,	0.07934188842773438,	0.0953521728515625
5645480000.0,	0.07872772216796875,	0.0971221923828125
5645488125.0,	0.08135223388671875,	0.09585952758789062
5645496250.0,	0.08073043823242188,	0.09769058227539062
5645504375.0,	0.07882308959960938,	0.09660720825195312
5645512500.0,	0.07975387573242188,	0.09764862060546875
5645520625.0,	0.0803680419921875,	0.09633255004882812
5645528750.0,	0.08199310302734375,	0.094482421875
5645536875.0,	0.0811004638671875,	0.0955810546875
5645545000.0,	0.08169174194335938,	0.0953369140625
5645553125.0,	0.08074951171875,	0.09526824951171875
5645561250.0,	0.08161163330078125,	0.09717941284179688
5645569375.0,	0.07944107055664062,	0.09590530395507812
5645577500.0,	0.0806884765625,	0.09674072265625
5645585625.0,	0.08183670043945312,	0.095184326171875
5645593750.0,	0.08129501342773438,	0.09394073486328125
5645601875.0,	0.08061599731445312,	0.0940399169921875
5645610000.0,	0.08251571655273438,	0.09514999389648438
5645618125.0,	0.07979202270507812,	0.09779739379882812
5645626250.0,	0.08073806762695312,	0.09395980834960938
5645634375.0,	0.08057785034179688,	0.09669876098632812
5645642500.0,	0.07940292358398438,	0.094573974609375
5645650625.0,	0.0793914794921875,	0.096282958984375
5645658750.0,	0.08154296875,	0.09665298461914062
5645666875.0,	0.08034133911132812,	0.09589004516601562
5645675000.0,	0.07964324951171875,	0.09567642211914062
5645683125.0,	0.07883071899414062,	0.0969085693359375
5645691250.0,	0.07889556884765625,	0.09381103515625
5645699375.0,	0.07913970947265625,	0.09523391723632812
5645707500.0,	0.0831756591796875,	0.09505462646484375
5645715625.0,	0.08096694946289062,	0.09648895263671875
5645723750.0,	0.07806777954101562,	0.09614944458007812
5645731875.0,	0.08266830444335938,	0.096832275390625
5645740000.0,	0.08217620849609375,	0.09524917602539062
5645748125.0,	0.07872390747070312,	0.095672607421875
5645756250.0,	0.08081436157226562,	0.09572601318359375
5645764375.0,	0.08038711547851562,	0.09313201904296875
5645772500.0,	0.08041763305664062,	0.09402084350585938
5645780625.0,	0.07987213134765625,	0.0954742431640625
5645788750.0,	0.07954788208007812,	0.09624099731445312
5645796875.0,	0.08170700073242188,	0.09515380859375
5645805000.0,	0.0822906494140625,	0.09485244750976562
5645813125.0,	0.08032989501953125,	0.09603500366210938
5645821250.0,	0.08381271362304688,	0.09560394287109375
5645829375.0,	0.0802154541015625,	0.09452438354492188
5645837500.0,	0.08040237426757812,	0.09547805786132812
5645845625.0,	0.08258056640625,	0.09631729125976562
5645853750.0,	0.08040618896484375,	0.09475326538085938
5645861875.0,	0.081451416015625,	0.09428024291992188
5645870000.0,	0.08109283447265625,	0.0951385498046875
5645878125.0,	0.08335113525390625,	0.09584808349609375
5645886250.0,	0.08307266235351562,	0.09609603881835938
5645894375.0,	0.0811614990234375,	0.09556961059570312
5645902500.0,	0.08176422119140625,	0.09696197509765625
5645910625.0,	0.08026885986328125,	0.0962371826171875
5645918750.0,	0.0826416015625,	0.09404373168945312
5645926875.0,	0.08020401000976562,	0.09479522705078125
5645935000.0,	0.08108139038085938,	0.09481430053710938
5645943125.0,	0.082183837890625,	0.09780502319335938
5645951250.0,	0.08300018310546875,	0.09508132934570312
5645959375.0,	0.0805511474609375,	0.09805679321289062
5645967500.0,	0.08232879638671875,	0.09716796875
5645975625.0,	0.08102035522460938,	0.09595489501953125
5645983750.0,	0.08230972290039062,	0.0947113037109375
5645991875.0,	0.08147048950195312,	0.09814071655273438
5646000000.0,	0.0828399658203125,	0.0947418212890625
