5865008125.0,	0.12345123291015625,	0.08384323120117188
5865016250.0,	0.12241363525390625,	0.08446884155273438
5865024375.0,	0.12076187133789062,	0.08554458618164062
5865032500.0,	0.1213531494140625,	0.08454513549804688
5865040625.0,	0.12347030639648438,	0.08596420288085938
5865048750.0,	0.1222686767578125,	0.08404541015625
5865056875.0,	0.12313079833984375,	0.08375167846679688
5865065000.0,	0.12216949462890625,	0.08455276489257812
5865073125.0,	0.12343215942382812,	0.0836334228515625
5865081250.0,	0.12254714965820312,	0.08440780639648438
5865089375.0,	0.12337112426757812,	0.08396530151367188
5865097500.0,	0.12375640869140625,	0.08486557006835938
5865105625.0,	0.122406005859375,	0.084320068359375
5865113750.0,	0.12095260620117188,	0.08275604248046875
5865121875.0,	0.12273025512695312,	0.08515167236328125
5865130000.0,	0.12157058715820312,	0.082550048828125
5865138125.0,	0.12328720092773438,	0.08441543579101562
5865146250.0,	0.12266159057617188,	0.08374786376953125
5865154375.0,	0.12481307983398438,	0.08443832397460938
5865162500.0,	0.12468338012695312,	0.0834808349609375
5865170625.0,	0.12192153930664062,	0.08309173583984375
5865178750.0,	0.12431716918945312,	0.08292388916015625
5865186875.0,	0.1248626708984375,	0.08396530151367188
5865195000.0,	0.12298583984375,	0.08149337768554688
5865203125.0,	0.12273406982421875,	0.08182907104492188
5865211250.0,	0.12279510498046875,	0.08513641357421875
5865219375.0,	0.12376022338867188,	0.08248519897460938
5865227500.0,	0.1236572265625,	0.08295059204101562
5865235625.0,	0.12566375732421875,	0.08168792724609375
5865243750.0,	0.12400054931640625,	0.08186721801757812
5865251875.0,	0.12126922607421875,	0.08140182495117188
5865260000.0,	0.12653350830078125,	0.08055877685546875
5865268125.0,	0.12406539916992188,	0.08231353759765625
5865276250.0,	0.12456893920898438,	0.08189010620117188
5865284375.0,	0.12729644775390625,	0.08316802978515625
5865292500.0,	0.1235198974609375,	0.07985305786132812
5865300625.0,	0.12259674072265625,	0.081878662109375
5865308750.0,	0.12426376342773438,	0.0842742919921875
5865316875.0,	0.12430953979492188,	0.08188629150390625
5865325000.0,	0.12319183349609375,	0.07994461059570312
5865333125.0,	0.12356948852539062,	0.08189773559570312
5865341250.0,	0.12474441528320312,	0.08296966552734375
5865349375.0,	0.12331771850585938,	0.0825958251953125
5865357500.0,	0.1255035400390625,	0.08156585693359375
5865365625.0,	0.12514495849609375,	0.0817108154296875
5865373750.0,	0.12326431274414062,	0.08166885375976562
5865381875.0,	0.12526702880859375,	0.0792083740234375
5865390000.0,	0.124603271484375,	0.08335494995117188
5865398125.0,	0.12428665161132812,	0.08089447021484375
5865406250.0,	0.12397003173828125,	0.0820465087890625
5865414375.0,	0.12403488159179688,	0.0808868408203125
5865422500.0,	0.12209701538085938,	0.07967758178710938
5865430625.0,	0.12497711181640625,	0.08053970336914062
5865438750.0,	0.1251983642578125,	0.0810394287109375
5865446875.0,	0.12433242797851562,	0.07970809936523438
5865455000.0,	0.12523651123046875,	0.08200836181640625
5865463125.0,	0.1260528564453125,	0.07924652099609375
5865471250.0,	0.12621307373046875,	0.08154296875
5865479375.0,	0.12485885620117188,	0.0807037353515625
5865487500.0,	0.126007080078125,	0.0816650390625
5865495625.0,	0.12434005737304688,	0.07975387573242188
5865503750.0,	0.12456130981445312,	0.0797576904296875
5865511875.0,	0.125335693359375,	0.08010101318359375
5865520000.0,	0.12470245361328125,	0.08196258544921875
5865528125.0,	0.12464523315429688,	0.0799407958984375
5865536250.0,	0.1251068115234375,	0.0797576904296875
5865544375.0,	0.12530517578125,	0.08060455322265625
5865552500.0,	0.12482833862304688,	0.08003616333007812
5865560625.0,	0.12519073486328125,	0.07915496826171875
5865568750.0,	0.1267242431640625,	0.08034515380859375
5865576875.0,	0.12540435791015625,	0.08127593994140625
5865585000.0,	0.12514495849609375,	0.07935333251953125
5865593125.0,	0.1276397705078125,	0.07915496826171875
5865601250.0,	0.12584686279296875,	0.07830047607421875
5865609375.0,	0.12445831298828125,	0.0783843994140625
5865617500.0,	0.12774658203125,	0.0788421630859375
5865625625.0,	0.12512969970703125,	0.07994842529296875
5865633750.0,	0.1272735595703125,	0.07845306396484375
5865641875.0,	0.12340164184570312,	0.079010009765625
5865650000.0,	0.12630462646484375,	0.0806732177734375
5865658125.0,	0.126708984375,	0.0772552490234375
5865666250.0,	0.12818145751953125,	0.0789794921875
5865674375.0,	0.12641143798828125,	0.07843017578125
5865682500.0,	0.12492752075195312,	0.07939910888671875
5865690625.0,	0.12596893310546875,	0.07822418212890625
5865698750.0,	0.1269683837890625,	0.07759857177734375
5865706875.0,	0.127655029296875,	0.07920074462890625
5865715000.0,	0.12722015380859375,	0.07808685302734375
5865723125.0,	0.12732696533203125,	0.07939910888671875
5865731250.0,	0.1275787353515625,	0.07814788818359375
5865739375.0,	0.12810516357421875,	0.077392578125
5865747500.0,	0.12587738037109375,	0.07659912109375
5865755625.0,	0.1271514892578125,	0.07657623291015625
5865763750.0,	0.1296844482421875,	0.075775146484375
5865771875.0,	0.12811279296875,	0.07668304443359375
5865780000.0,	0.1272430419921875,	0.07678985595703125
5865788125.0,	0.12786865234375,	0.07654571533203125
5865796250.0,	0.126068115234375,	0.0774383544921875
5865804375.0,	0.1287078857421875,	0.07736968994140625
5865812500.0,	0.12554168701171875,	0.07759857177734375
5865820625.0,	0.1273193359375,	0.0788726806640625
5865828750.0,	0.12706756591796875,	0.0759429931640625
5865836875.0,	0.1267852783203125,	0.07666015625
5865845000.0,	0.1274871826171875,	0.075225830078125
5865853125.0,	0.12784576416015625,	0.07662200927734375
5865861250.0,	0.1282196044921875,	0.07585906982421875
5865869375.0,	0.12622833251953125,	0.076385498046875
5865877500.0,	0.12700653076171875,	0.0770111083984375
5865885625.0,	0.127777099609375,	0.07639312744140625
5865893750.0,	0.13092803955078125,	0.07672882080078125
5865901875.0,	0.12874603271484375,	0.0771026611328125
5865910000.0,	0.12656402587890625,	0.07401275634765625
5865918125.0,	0.12928009033203125,	0.076171875
5865926250.0,	0.12778472900390625,	0.0755462646484375
5865934375.0,	0.12837982177734375,	0.074432373046875
5865942500.0,	0.12890625,	0.0748748779296875
5865950625.0,	0.12949371337890625,	0.07483673095703125
5865958750.0,	0.12833404541015625,	0.0742950439453125
5865966875.0,	0.12823486328125,	0.0754547119140625
5865975000.0,	0.12897491455078125,	0.07492828369140625
5865983125.0,	0.12998199462890625,	0.0751953125
5865991250.0,	0.12845611572265625,	0.07775115966796875
5865999375.0,	0.1297607421875,	0.07343292236328125
5866007500.0,	0.12933349609375,	0.076812744140625
5866015625.0,	0.12880706787109375,	0.07358551025390625
5866023750.0,	0.1288299560546875,	0.07595062255859375
5866031875.0,	0.1285400390625,	0.07569122314453125
5866040000.0,	0.12944793701171875,	0.07338714599609375
5866048125.0,	0.12932586669921875,	0.0736236572265625
5866056250.0,	0.13037872314453125,	0.07480621337890625
5866064375.0,	0.12795257568359375,	0.07503509521484375
5866072500.0,	0.130462646484375,	0.07526397705078125
5866080625.0,	0.1306304931640625,	0.0734100341796875
5866088750.0,	0.1309356689453125,	0.07451629638671875
5866096875.0,	0.12865447998046875,	0.07427978515625
5866105000.0,	0.1308135986328125,	0.07384490966796875
5866113125.0,	0.12924957275390625,	0.07355499267578125
5866121250.0,	0.127838134765625,	0.072998046875
5866129375.0,	0.12885284423828125,	0.07387542724609375
5866137500.0,	0.12787628173828125,	0.07372283935546875
5866145625.0,	0.1298828125,	0.07227325439453125
5866153750.0,	0.1296234130859375,	0.07073974609375
5866161875.0,	0.128997802734375,	0.07248687744140625
5866170000.0,	0.1287689208984375,	0.07282257080078125
5866178125.0,	0.13105010986328125,	0.07277679443359375
5866186250.0,	0.13106536865234375,	0.0725555419921875
5866194375.0,	0.13146209716796875,	0.0726165771484375
5866202500.0,	0.12926483154296875,	0.0722808837890625
5866210625.0,	0.13066864013671875,	0.0703125
5866218750.0,	0.12903594970703125,	0.07126617431640625
5866226875.0,	0.13172149658203125,	0.07285308837890625
5866235000.0,	0.131988525390625,	0.07270050048828125
5866243125.0,	0.1302642822265625,	0.07213592529296875
5866251250.0,	0.13080596923828125,	0.07042694091796875
5866259375.0,	0.1300048828125,	0.070526123046875
5866267500.0,	0.1315460205078125,	0.07222747802734375
5866275625.0,	0.12946319580078125,	0.07193756103515625
5866283750.0,	0.1326751708984375,	0.07135009765625
5866291875.0,	0.13137054443359375,	0.07019805908203125
5866300000.0,	0.13184356689453125,	0.0698089599609375
5866308125.0,	0.1318206787109375,	0.06935882568359375
5866316250.0,	0.13272857666015625,	0.0706787109375
5866324375.0,	0.13185882568359375,	0.07114410400390625
5866332500.0,	0.1332550048828125,	0.069671630859375
5866340625.0,	0.13149261474609375,	0.0694427490234375
5866348750.0,	0.13184356689453125,	0.0688934326171875
5866356875.0,	0.1319122314453125,	0.0697174072265625
5866365000.0,	0.1347503662109375,	0.06932830810546875
5866373125.0,	0.1307373046875,	0.06732940673828125
5866381250.0,	0.12979888916015625,	0.068878173828125
5866389375.0,	0.1342926025390625,	0.069549560546875
5866397500.0,	0.133697509765625,	0.069610595703125
5866405625.0,	0.13156890869140625,	0.0666046142578125
5866413750.0,	0.1317596435546875,	0.06893157958984375
5866421875.0,	0.13454437255859375,	0.0684661865234375
5866430000.0,	0.13079833984375,	0.0686798095703125
5866438125.0,	0.13143157958984375,	0.067352294921875
5866446250.0,	0.13214111328125,	0.06984710693359375
5866454375.0,	0.133331298828125,	0.06784820556640625
5866462500.0,	0.1329803466796875,	0.0688018798828125
5866470625.0,	0.131256103515625,	0.06679534912109375
5866478750.0,	0.133636474609375,	0.06853485107421875
5866486875.0,	0.1331787109375,	0.06537628173828125
5866495000.0,	0.1329803466796875,	0.0640716552734375
5866503125.0,	0.134063720703125,	0.06683349609375
5866511250.0,	0.1320343017578125,	0.0673065185546875
5866519375.0,	0.1339111328125,	0.064544677734375
5866527500.0,	0.13370513916015625,	0.0681915283203125
5866535625.0,	0.130859375,	0.06613922119140625
5866543750.0,	0.1349334716796875,	0.06655120849609375
5866551875.0,	0.13353729248046875,	0.06674957275390625
5866560000.0,	0.13364410400390625,	0.065460205078125
5866568125.0,	0.13298797607421875,	0.06490325927734375
5866576250.0,	0.1321258544921875,	0.0669403076171875
5866584375.0,	0.13690185546875,	0.06809234619140625
5866592500.0,	0.13555145263671875,	0.0650634765625
5866600625.0,	0.13339996337890625,	0.06502532958984375
5866608750.0,	0.1338043212890625,	0.0645294189453125
5866616875.0,	0.13231658935546875,	0.06292724609375
5866625000.0,	0.1331787109375,	0.06502532958984375
5866633125.0,	0.13698577880859375,	0.0660552978515625
5866641250.0,	0.13360595703125,	0.06499481201171875
5866649375.0,	0.13555145263671875,	0.06485748291015625
5866657500.0,	0.13568878173828125,	0.06488037109375
5866665625.0,	0.1327362060546875,	0.0626373291015625
5866673750.0,	0.1342315673828125,	0.0642852783203125
5866681875.0,	0.13390350341796875,	0.06401824951171875
5866690000.0,	0.13304901123046875,	0.0627899169921875
5866698125.0,	0.13409423828125,	0.0614471435546875
5866706250.0,	0.1354522705078125,	0.063232421875
5866714375.0,	0.1359710693359375,	0.06334686279296875
5866722500.0,	0.134490966796875,	0.06252288818359375
5866730625.0,	0.13530731201171875,	0.06107330322265625
5866738750.0,	0.13655853271484375,	0.06182861328125
5866746875.0,	0.13538360595703125,	0.0637969970703125
5866755000.0,	0.134796142578125,	0.06305694580078125
5866763125.0,	0.13720703125,	0.06267547607421875
5866771250.0,	0.13336944580078125,	0.06354522705078125
5866779375.0,	0.13660430908203125,	0.0613861083984375
5866787500.0,	0.1330108642578125,	0.0625
5866795625.0,	0.1364288330078125,	0.06015777587890625
5866803750.0,	0.13501739501953125,	0.060577392578125
5866811875.0,	0.13672637939453125,	0.0601806640625
5866820000.0,	0.13677215576171875,	0.06207275390625
5866828125.0,	0.13477325439453125,	0.06174468994140625
5866836250.0,	0.1337738037109375,	0.0599822998046875
5866844375.0,	0.1378021240234375,	0.0631256103515625
5866852500.0,	0.13547515869140625,	0.06006622314453125
5866860625.0,	0.1352996826171875,	0.0613250732421875
5866868750.0,	0.134490966796875,	0.05987548828125
5866876875.0,	0.13643646240234375,	0.0588226318359375
5866885000.0,	0.13427734375,	0.05980682373046875
5866893125.0,	0.13385009765625,	0.05962371826171875
5866901250.0,	0.13739776611328125,	0.0608978271484375
5866909375.0,	0.13726806640625,	0.0587615966796875
5866917500.0,	0.13692474365234375,	0.05782318115234375
5866925625.0,	0.1364593505859375,	0.058624267578125
5866933750.0,	0.13513946533203125,	0.05649566650390625
5866941875.0,	0.1366119384765625,	0.056976318359375
5866950000.0,	0.135589599609375,	0.05834197998046875
5866958125.0,	0.136505126953125,	0.0566864013671875
5866966250.0,	0.136383056640625,	0.0579833984375
5866974375.0,	0.13620758056640625,	0.05565643310546875
5866982500.0,	0.13671875,	0.05554962158203125
5866990625.0,	0.13561248779296875,	0.05638885498046875
5866998750.0,	0.1373138427734375,	0.05698394775390625
5867006875.0,	0.1378936767578125,	0.05649566650390625
5867015000.0,	0.13745880126953125,	0.05597686767578125
5867023125.0,	0.13710784912109375,	0.0551605224609375
5867031250.0,	0.136474609375,	0.05493927001953125
5867039375.0,	0.13623809814453125,	0.05591583251953125
5867047500.0,	0.13649749755859375,	0.05533599853515625
5867055625.0,	0.1376190185546875,	0.056060791015625
5867063750.0,	0.137298583984375,	0.0540924072265625
5867071875.0,	0.13658905029296875,	0.05353546142578125
5867080000.0,	0.1374969482421875,	0.05432891845703125
5867088125.0,	0.1375579833984375,	0.05406951904296875
5867096250.0,	0.13759613037109375,	0.05384063720703125
5867104375.0,	0.1368560791015625,	0.05388641357421875
5867112500.0,	0.138336181640625,	0.05222320556640625
5867120625.0,	0.14054107666015625,	0.05374908447265625
5867128750.0,	0.13702392578125,	0.05294036865234375
5867136875.0,	0.13787078857421875,	0.05039215087890625
5867145000.0,	0.137664794921875,	0.053558349609375
5867153125.0,	0.13874053955078125,	0.05274200439453125
5867161250.0,	0.13729095458984375,	0.051727294921875
5867169375.0,	0.13852691650390625,	0.05254364013671875
5867177500.0,	0.1371307373046875,	0.0519866943359375
5867185625.0,	0.138916015625,	0.052032470703125
5867193750.0,	0.1397705078125,	0.0491943359375
5867201875.0,	0.13851165771484375,	0.0489654541015625
5867210000.0,	0.13867950439453125,	0.0496826171875
5867218125.0,	0.136932373046875,	0.05092620849609375
5867226250.0,	0.13959503173828125,	0.04936981201171875
5867234375.0,	0.139068603515625,	0.04950714111328125
5867242500.0,	0.13722991943359375,	0.049530029296875
5867250625.0,	0.14064788818359375,	0.05010223388671875
5867258750.0,	0.1387176513671875,	0.04911041259765625
5867266875.0,	0.13837432861328125,	0.04932403564453125
5867275000.0,	0.13732147216796875,	0.051788330078125
5867283125.0,	0.13869476318359375,	0.04865264892578125
5867291250.0,	0.13919830322265625,	0.04730987548828125
5867299375.0,	0.14006805419921875,	0.047088623046875
5867307500.0,	0.13671112060546875,	0.04738616943359375
5867315625.0,	0.13892364501953125,	0.04638671875
5867323750.0,	0.13762664794921875,	0.0486907958984375
5867331875.0,	0.13851165771484375,	0.0458831787109375
5867340000.0,	0.13896942138671875,	0.04665374755859375
5867348125.0,	0.13985443115234375,	0.045867919921875
5867356250.0,	0.14003753662109375,	0.04673004150390625
5867364375.0,	0.1392059326171875,	0.04491424560546875
5867372500.0,	0.13970947265625,	0.0473785400390625
5867380625.0,	0.1375274658203125,	0.0470123291015625
5867388750.0,	0.137939453125,	0.04599761962890625
5867396875.0,	0.1373291015625,	0.04631805419921875
5867405000.0,	0.1376495361328125,	0.04596710205078125
5867413125.0,	0.13796234130859375,	0.043701171875
5867421250.0,	0.13775634765625,	0.0428466796875
5867429375.0,	0.14013671875,	0.0440216064453125
5867437500.0,	0.14022064208984375,	0.04443359375
5867445625.0,	0.138031005859375,	0.04322052001953125
5867453750.0,	0.1393890380859375,	0.0422515869140625
5867461875.0,	0.13924407958984375,	0.0428314208984375
5867470000.0,	0.13819122314453125,	0.0416259765625
5867478125.0,	0.13799285888671875,	0.0421600341796875
5867486250.0,	0.137176513671875,	0.0414581298828125
5867494375.0,	0.13802337646484375,	0.03995513916015625
5867502500.0,	0.138458251953125,	0.04026031494140625
5867510625.0,	0.13916015625,	0.04085540771484375
5867518750.0,	0.13616943359375,	0.03972625732421875
5867526875.0,	0.13840484619140625,	0.0402984619140625
5867535000.0,	0.14013671875,	0.039886474609375
5867543125.0,	0.13820648193359375,	0.03838348388671875
5867551250.0,	0.13991546630859375,	0.039764404296875
5867559375.0,	0.1398468017578125,	0.039031982421875
5867567500.0,	0.1393280029296875,	0.03859710693359375
5867575625.0,	0.139617919921875,	0.03705596923828125
5867583750.0,	0.1394195556640625,	0.03838348388671875
5867591875.0,	0.13932037353515625,	0.03842926025390625
5867600000.0,	0.13745880126953125,	0.0359039306640625
5867608125.0,	0.138153076171875,	0.03542327880859375
5867616250.0,	0.13840484619140625,	0.03694915771484375
5867624375.0,	0.13852691650390625,	0.0339508056640625
5867632500.0,	0.1376800537109375,	0.036468505859375
5867640625.0,	0.13767242431640625,	0.03787994384765625
5867648750.0,	0.13736724853515625,	0.035919189453125
5867656875.0,	0.13912200927734375,	0.03375244140625
5867665000.0,	0.1383209228515625,	0.03516387939453125
5867673125.0,	0.1385345458984375,	0.0361480712890625
5867681250.0,	0.13690948486328125,	0.0316925048828125
5867689375.0,	0.13924407958984375,	0.03481292724609375
5867697500.0,	0.13751220703125,	0.03253173828125
5867705625.0,	0.138671875,	0.0318603515625
5867713750.0,	0.1389923095703125,	0.03380584716796875
5867721875.0,	0.13919830322265625,	0.03424072265625
5867730000.0,	0.13794708251953125,	0.03136444091796875
5867738125.0,	0.13946533203125,	0.03249359130859375
5867746250.0,	0.13889312744140625,	0.03204345703125
5867754375.0,	0.1378326416015625,	0.03093719482421875
5867762500.0,	0.13785552978515625,	0.0295257568359375
5867770625.0,	0.1382293701171875,	0.02909088134765625
5867778750.0,	0.1384124755859375,	0.031005859375
5867786875.0,	0.13694000244140625,	0.02892303466796875
5867795000.0,	0.136474609375,	0.028961181640625
5867803125.0,	0.13768768310546875,	0.02956390380859375
5867811250.0,	0.13751220703125,	0.02783203125
5867819375.0,	0.13803863525390625,	0.02703857421875
5867827500.0,	0.1367950439453125,	0.02797698974609375
5867835625.0,	0.13648223876953125,	0.02869415283203125
5867843750.0,	0.138031005859375,	0.0265960693359375
5867851875.0,	0.13843536376953125,	0.02890777587890625
5867860000.0,	0.138214111328125,	0.02674102783203125
5867868125.0,	0.1356048583984375,	0.02716827392578125
5867876250.0,	0.13886260986328125,	0.02570343017578125
5867884375.0,	0.139373779296875,	0.026885986328125
5867892500.0,	0.13835906982421875,	0.02436065673828125
5867900625.0,	0.1361083984375,	0.0241851806640625
5867908750.0,	0.13648223876953125,	0.0254058837890625
5867916875.0,	0.13692474365234375,	0.02532958984375
5867925000.0,	0.13782501220703125,	0.02370452880859375
5867933125.0,	0.13556671142578125,	0.02306365966796875
5867941250.0,	0.13896942138671875,	0.02278900146484375
5867949375.0,	0.13623809814453125,	0.0235137939453125
5867957500.0,	0.13591766357421875,	0.02181243896484375
5867965625.0,	0.136474609375,	0.02187347412109375
5867973750.0,	0.1400604248046875,	0.0208282470703125
5867981875.0,	0.1360626220703125,	0.0200042724609375
5867990000.0,	0.1361083984375,	0.02164459228515625
5867998125.0,	0.13677215576171875,	0.01976776123046875
5868006250.0,	0.13591766357421875,	0.021453857421875
5868014375.0,	0.1356964111328125,	0.0201263427734375
5868022500.0,	0.13525390625,	0.0200042724609375
5868030625.0,	0.13663482666015625,	0.01874542236328125
5868038750.0,	0.13690185546875,	0.0185546875
5868046875.0,	0.13713836669921875,	0.01904296875
5868055000.0,	0.13640594482421875,	0.0203704833984375
5868063125.0,	0.1339569091796875,	0.01727294921875
5868071250.0,	0.13654327392578125,	0.0177001953125
5868079375.0,	0.1352996826171875,	0.015777587890625
5868087500.0,	0.13561248779296875,	0.0170440673828125
5868095625.0,	0.133392333984375,	0.0140838623046875
5868103750.0,	0.13474273681640625,	0.0144805908203125
5868111875.0,	0.134063720703125,	0.01383209228515625
5868120000.0,	0.1327362060546875,	0.01406097412109375
5868128125.0,	0.13703155517578125,	0.01520538330078125
5868136250.0,	0.13333892822265625,	0.0151519775390625
5868144375.0,	0.1351165771484375,	0.01381683349609375
5868152500.0,	0.1337432861328125,	0.01418304443359375
5868160625.0,	0.13336181640625,	0.0121002197265625
5868168750.0,	0.13402557373046875,	0.0124664306640625
5868176875.0,	0.1334075927734375,	0.0107421875
5868185000.0,	0.13155364990234375,	0.01201629638671875
5868193125.0,	0.1314544677734375,	0.0103302001953125
5868201250.0,	0.13127899169921875,	0.009429931640625
5868209375.0,	0.130615234375,	0.0093841552734375
5868217500.0,	0.1315155029296875,	0.00922393798828125
5868225625.0,	0.130340576171875,	0.00919342041015625
5868233750.0,	0.1334686279296875,	0.00970458984375
5868241875.0,	0.13156890869140625,	0.00853729248046875
5868250000.0,	0.13153839111328125,	0.00614166259765625
5868258125.0,	0.1318359375,	0.00695037841796875
5868266250.0,	0.13167572021484375,	0.00569915771484375
5868274375.0,	0.13025665283203125,	0.0047149658203125
5868282500.0,	0.1280975341796875,	0.00470733642578125
5868290625.0,	0.13146209716796875,	0.0070037841796875
5868298750.0,	0.12995147705078125,	0.005340576171875
5868306875.0,	0.1298980712890625,	0.0036773681640625
5868315000.0,	0.12976837158203125,	0.005767822265625
5868323125.0,	0.12865447998046875,	0.005584716796875
5868331250.0,	0.127777099609375,	0.00464630126953125
5868339375.0,	0.12822723388671875,	0.0032958984375
5868347500.0,	0.12975311279296875,	0.00231170654296875
5868355625.0,	0.12946319580078125,	0.00077056884765625
5868363750.0,	0.1263580322265625,	0.00119781494140625
5868371875.0,	0.12781524658203125,	-0.00022125244140625
5868380000.0,	0.12812042236328125,	0.0003509521484375
5868388125.0,	0.12548828125,	0.0019989013671875
5868396250.0,	0.12578582763671875,	0.00091552734375
5868404375.0,	0.125457763671875,	0.00121307373046875
5868412500.0,	0.12390899658203125,	-0.000835418701171875
5868420625.0,	0.12482833862304688,	-0.001247406005859375
5868428750.0,	0.12561798095703125,	-0.00360870361328125
5868436875.0,	0.12648773193359375,	-0.0022430419921875
5868445000.0,	0.12311172485351562,	-0.001331329345703125
5868453125.0,	0.1248321533203125,	-0.00457000732421875
5868461250.0,	0.12464523315429688,	-0.0035247802734375
5868469375.0,	0.12404632568359375,	-0.006168365478515625
5868477500.0,	0.12265396118164062,	-0.0043792724609375
5868485625.0,	0.12203216552734375,	-0.003932952880859375
5868493750.0,	0.12456893920898438,	-0.004852294921875
5868501875.0,	0.12228775024414062,	-0.00341796875
5868510000.0,	0.121978759765625,	-0.004009246826171875
5868518125.0,	0.1218719482421875,	-0.006450653076171875
5868526250.0,	0.12120437622070312,	-0.0059967041015625
5868534375.0,	0.11931610107421875,	-0.006832122802734375
5868542500.0,	0.12021636962890625,	-0.0066375732421875
5868550625.0,	0.12046051025390625,	-0.008106231689453125
5868558750.0,	0.1160125732421875,	-0.00815582275390625
5868566875.0,	0.11976242065429688,	-0.00684356689453125
5868575000.0,	0.11773681640625,	-0.009120941162109375
5868583125.0,	0.1181640625,	-0.009220123291015625
5868591250.0,	0.118377685546875,	-0.00974273681640625
5868599375.0,	0.11882781982421875,	-0.00977325439453125
5868607500.0,	0.11648178100585938,	-0.00963592529296875
5868615625.0,	0.11576461791992188,	-0.011051177978515625
5868623750.0,	0.11878204345703125,	-0.01166534423828125
5868631875.0,	0.115142822265625,	-0.0113372802734375
5868640000.0,	0.11620712280273438,	-0.01021575927734375
5868648125.0,	0.11481857299804688,	-0.013214111328125
5868656250.0,	0.1145477294921875,	-0.013904571533203125
5868664375.0,	0.1136016845703125,	-0.012477874755859375
5868672500.0,	0.11312103271484375,	-0.014423370361328125
5868680625.0,	0.11194992065429688,	-0.016510009765625
5868688750.0,	0.11236190795898438,	-0.014408111572265625
5868696875.0,	0.11127471923828125,	-0.014629364013671875
5868705000.0,	0.11103057861328125,	-0.014522552490234375
5868713125.0,	0.11157989501953125,	-0.01654815673828125
5868721250.0,	0.11101913452148438,	-0.015438079833984375
5868729375.0,	0.10857009887695312,	-0.014553070068359375
5868737500.0,	0.10912704467773438,	-0.017948150634765625
5868745625.0,	0.1083526611328125,	-0.01912689208984375
5868753750.0,	0.10802078247070312,	-0.016262054443359375
5868761875.0,	0.10955810546875,	-0.017139434814453125
5868770000.0,	0.10931777954101562,	-0.01935577392578125
5868778125.0,	0.108154296875,	-0.01702880859375
5868786250.0,	0.1074371337890625,	-0.0151214599609375
5868794375.0,	0.10544967651367188,	-0.01753997802734375
5868802500.0,	0.10427093505859375,	-0.020046234130859375
5868810625.0,	0.1074066162109375,	-0.019145965576171875
5868818750.0,	0.10429000854492188,	-0.0202178955078125
5868826875.0,	0.10443496704101562,	-0.019802093505859375
5868835000.0,	0.10284805297851562,	-0.0216217041015625
5868843125.0,	0.1044464111328125,	-0.020355224609375
5868851250.0,	0.1016387939453125,	-0.0205535888671875
5868859375.0,	0.10290145874023438,	-0.0227813720703125
5868867500.0,	0.0999755859375,	-0.021724700927734375
5868875625.0,	0.1014556884765625,	-0.02165985107421875
5868883750.0,	0.0998382568359375,	-0.0222015380859375
5868891875.0,	0.10046768188476562,	-0.024143218994140625
5868900000.0,	0.09884262084960938,	-0.022899627685546875
5868908125.0,	0.0977935791015625,	-0.021816253662109375
5868916250.0,	0.09729385375976562,	-0.024013519287109375
5868924375.0,	0.095458984375,	-0.0237884521484375
5868932500.0,	0.09568023681640625,	-0.022678375244140625
5868940625.0,	0.09720611572265625,	-0.024242401123046875
5868948750.0,	0.0951690673828125,	-0.022365570068359375
5868956875.0,	0.09594345092773438,	-0.0237579345703125
5868965000.0,	0.09411239624023438,	-0.02483367919921875
5868973125.0,	0.0919189453125,	-0.025569915771484375
5868981250.0,	0.09265518188476562,	-0.027553558349609375
5868989375.0,	0.09186553955078125,	-0.02510833740234375
5868997500.0,	0.08969879150390625,	-0.02700042724609375
5869005625.0,	0.091949462890625,	-0.026218414306640625
5869013750.0,	0.09308624267578125,	-0.02646636962890625
5869021875.0,	0.0882415771484375,	-0.026020050048828125
5869030000.0,	0.08906936645507812,	-0.027545928955078125
5869038125.0,	0.09029388427734375,	-0.02649688720703125
5869046250.0,	0.08578109741210938,	-0.026611328125
5869054375.0,	0.08613204956054688,	-0.0296478271484375
5869062500.0,	0.0867462158203125,	-0.02923583984375
5869070625.0,	0.08672714233398438,	-0.02557373046875
5869078750.0,	0.08646011352539062,	-0.02727508544921875
5869086875.0,	0.0832366943359375,	-0.027828216552734375
5869095000.0,	0.08254241943359375,	-0.026905059814453125
5869103125.0,	0.08417510986328125,	-0.028034210205078125
5869111250.0,	0.0816802978515625,	-0.027828216552734375
5869119375.0,	0.08156967163085938,	-0.02893829345703125
5869127500.0,	0.081817626953125,	-0.029178619384765625
5869135625.0,	0.08121871948242188,	-0.029705047607421875
5869143750.0,	0.07910537719726562,	-0.029338836669921875
5869151875.0,	0.07921218872070312,	-0.0289306640625
5869160000.0,	0.07848739624023438,	-0.029659271240234375
5869168125.0,	0.07724761962890625,	-0.0283203125
5869176250.0,	0.07659530639648438,	-0.0300445556640625
5869184375.0,	0.07599639892578125,	-0.029682159423828125
5869192500.0,	0.07630538940429688,	-0.0299835205078125
5869200625.0,	0.07517623901367188,	-0.029026031494140625
5869208750.0,	0.07481002807617188,	-0.0292510986328125
5869216875.0,	0.07316970825195312,	-0.028255462646484375
5869225000.0,	0.07201385498046875,	-0.028903961181640625
5869233125.0,	0.07229232788085938,	-0.030452728271484375
5869241250.0,	0.07177352905273438,	-0.03069305419921875
5869249375.0,	0.07190322875976562,	-0.028076171875
5869257500.0,	0.07026290893554688,	-0.030071258544921875
5869265625.0,	0.069091796875,	-0.02923583984375
5869273750.0,	0.07052993774414062,	-0.028865814208984375
5869281875.0,	0.06826400756835938,	-0.0281219482421875
5869290000.0,	0.06918716430664062,	-0.029327392578125
5869298125.0,	0.0674285888671875,	-0.030345916748046875
5869306250.0,	0.06695938110351562,	-0.030117034912109375
5869314375.0,	0.06760406494140625,	-0.0293426513671875
5869322500.0,	0.06473159790039062,	-0.030719757080078125
5869330625.0,	0.06549453735351562,	-0.027645111083984375
5869338750.0,	0.06460952758789062,	-0.030429840087890625
5869346875.0,	0.06163215637207031,	-0.0286407470703125
5869355000.0,	0.06305694580078125,	-0.029735565185546875
5869363125.0,	0.061367034912109375,	-0.029909133911132812
5869371250.0,	0.05743980407714844,	-0.026950836181640625
5869379375.0,	0.062015533447265625,	-0.029146194458007812
5869387500.0,	0.05879020690917969,	-0.027654647827148438
5869395625.0,	0.058353424072265625,	-0.026905059814453125
5869403750.0,	0.05683135986328125,	-0.027288436889648438
5869411875.0,	0.05881690979003906,	-0.027721405029296875
5869420000.0,	0.05521965026855469,	-0.028131484985351562
5869428125.0,	0.05547142028808594,	-0.030103683471679688
5869436250.0,	0.0540618896484375,	-0.028369903564453125
5869444375.0,	0.05388450622558594,	-0.027505874633789062
5869452500.0,	0.05474090576171875,	-0.028459548950195312
5869460625.0,	0.05447196960449219,	-0.027126312255859375
5869468750.0,	0.05479621887207031,	-0.027627944946289062
5869476875.0,	0.05101585388183594,	-0.025053024291992188
5869485000.0,	0.052280426025390625,	-0.026052474975585938
5869493125.0,	0.05078125,	-0.027099609375
5869501250.0,	0.04970359802246094,	-0.026172637939453125
5869509375.0,	0.049335479736328125,	-0.02803802490234375
5869517500.0,	0.048046112060546875,	-0.026220321655273438
5869525625.0,	0.046840667724609375,	-0.02558135986328125
5869533750.0,	0.046840667724609375,	-0.025423049926757812
5869541875.0,	0.044219970703125,	-0.025365829467773438
5869550000.0,	0.04594230651855469,	-0.023319244384765625
5869558125.0,	0.04559135437011719,	-0.02619171142578125
5869566250.0,	0.044826507568359375,	-0.024675369262695312
5869574375.0,	0.04221153259277344,	-0.024112701416015625
5869582500.0,	0.04480552673339844,	-0.023715972900390625
5869590625.0,	0.04469871520996094,	-0.022043228149414062
5869598750.0,	0.04076957702636719,	-0.023248672485351562
5869606875.0,	0.041873931884765625,	-0.022640228271484375
5869615000.0,	0.040058135986328125,	-0.024261474609375
5869623125.0,	0.042095184326171875,	-0.023380279541015625
5869631250.0,	0.03945732116699219,	-0.021104812622070312
5869639375.0,	0.04080009460449219,	-0.022281646728515625
5869647500.0,	0.03972625732421875,	-0.022125244140625
5869655625.0,	0.0373687744140625,	-0.02050018310546875
5869663750.0,	0.03705596923828125,	-0.021820068359375
5869671875.0,	0.03698921203613281,	-0.019838333129882812
5869680000.0,	0.03528022766113281,	-0.02036285400390625
5869688125.0,	0.03489875793457031,	-0.0207672119140625
5869696250.0,	0.0360565185546875,	-0.0215606689453125
5869704375.0,	0.03441810607910156,	-0.018453598022460938
5869712500.0,	0.03412628173828125,	-0.017917633056640625
5869720625.0,	0.033111572265625,	-0.0181884765625
5869728750.0,	0.03419303894042969,	-0.020315170288085938
5869736875.0,	0.0316925048828125,	-0.019443511962890625
5869745000.0,	0.03225898742675781,	-0.020830154418945312
5869753125.0,	0.032077789306640625,	-0.017669677734375
5869761250.0,	0.0328521728515625,	-0.017894744873046875
5869769375.0,	0.029883384704589844,	-0.017038345336914062
5869777500.0,	0.02791309356689453,	-0.017182350158691406
5869785625.0,	0.028656959533691406,	-0.017015457153320312
5869793750.0,	0.02789592742919922,	-0.01565837860107422
5869801875.0,	0.031414031982421875,	-0.015558242797851562
5869810000.0,	0.02686786651611328,	-0.016828536987304688
5869818125.0,	0.0267791748046875,	-0.013430595397949219
5869826250.0,	0.026770591735839844,	-0.013902664184570312
5869834375.0,	0.027085304260253906,	-0.013395309448242188
5869842500.0,	0.025793075561523438,	-0.014966964721679688
5869850625.0,	0.025704383850097656,	-0.012801170349121094
5869858750.0,	0.023125648498535156,	-0.012347221374511719
5869866875.0,	0.025548934936523438,	-0.013479232788085938
5869875000.0,	0.02392101287841797,	-0.011560440063476562
5869883125.0,	0.023321151733398438,	-0.011508941650390625
5869891250.0,	0.02167987823486328,	-0.009499549865722656
5869899375.0,	0.02142333984375,	-0.009672164916992188
5869907500.0,	0.02106952667236328,	-0.009944915771484375
5869915625.0,	0.02190685272216797,	-0.013060569763183594
5869923750.0,	0.02216053009033203,	-0.00855255126953125
5869931875.0,	0.020841598510742188,	-0.009397506713867188
5869940000.0,	0.02205944061279297,	-0.0077075958251953125
5869948125.0,	0.021076202392578125,	-0.00882720947265625
5869956250.0,	0.019989013671875,	-0.0066661834716796875
5869964375.0,	0.018199920654296875,	-0.0070018768310546875
5869972500.0,	0.01997661590576172,	-0.0054035186767578125
5869980625.0,	0.020961761474609375,	-0.0077571868896484375
5869988750.0,	0.018115997314453125,	-0.005749702453613281
5869996875.0,	0.01910400390625,	-0.005448341369628906
5870005000.0,	0.01660633087158203,	-0.004505157470703125
5870013125.0,	0.016755104064941406,	-0.004046440124511719
5870021250.0,	0.015024185180664062,	-0.0042934417724609375
5870029375.0,	0.014914512634277344,	-0.0022149085998535156
5870037500.0,	0.016297340393066406,	-0.0012655258178710938
5870045625.0,	0.014556884765625,	-0.0023751258850097656
5870053750.0,	0.015247344970703125,	-0.0017628669738769531
5870061875.0,	0.014885425567626953,	-0.002110004425048828
5870070000.0,	0.014060020446777344,	-0.0001506805419921875
5870078125.0,	0.017095565795898438,	-0.0006628036499023438
5870086250.0,	0.015466690063476562,	0.0011048316955566406
5870094375.0,	0.013034343719482422,	-0.00124359130859375
5870102500.0,	0.01244497299194336,	0.001983642578125
5870110625.0,	0.01277017593383789,	0.00026035308837890625
5870118750.0,	0.011149883270263672,	0.0028028488159179688
5870126875.0,	0.011310100555419922,	0.002864837646484375
5870135000.0,	0.012794017791748047,	0.0031833648681640625
5870143125.0,	0.008960247039794922,	0.0024809837341308594
5870151250.0,	0.011157989501953125,	0.0033636093139648438
5870159375.0,	0.009593963623046875,	0.003375530242919922
5870167500.0,	0.011439800262451172,	0.004230499267578125
5870175625.0,	0.009746551513671875,	0.0062618255615234375
5870183750.0,	0.010272026062011719,	0.005764484405517578
5870191875.0,	0.009020328521728516,	0.004306316375732422
5870200000.0,	0.010485649108886719,	0.007040977478027344
5870208125.0,	0.010152816772460938,	0.007140636444091797
5870216250.0,	0.009860992431640625,	0.007901668548583984
5870224375.0,	0.009107112884521484,	0.008655071258544922
5870232500.0,	0.008261680603027344,	0.009644031524658203
5870240625.0,	0.009288787841796875,	0.007561206817626953
5870248750.0,	0.009326457977294922,	0.008550643920898438
5870256875.0,	0.009189605712890625,	0.0083465576171875
5870265000.0,	0.007058143615722656,	0.010843276977539062
5870273125.0,	0.007744312286376953,	0.012808799743652344
5870281250.0,	0.0069751739501953125,	0.010550975799560547
5870289375.0,	0.006665706634521484,	0.009533405303955078
5870297500.0,	0.006121635437011719,	0.012331485748291016
5870305625.0,	0.006103038787841797,	0.011647224426269531
5870313750.0,	0.006616115570068359,	0.013863563537597656
5870321875.0,	0.007299900054931641,	0.014218330383300781
5870330000.0,	0.00749969482421875,	0.014613628387451172
5870338125.0,	0.005592823028564453,	0.014314651489257812
5870346250.0,	0.006472587585449219,	0.016195297241210938
5870354375.0,	0.003912448883056641,	0.01389169692993164
5870362500.0,	0.006156444549560547,	0.014042854309082031
5870370625.0,	0.0033388137817382812,	0.015838623046875
5870378750.0,	0.003254413604736328,	0.014157295227050781
5870386875.0,	0.0058650970458984375,	0.017679214477539062
5870395000.0,	0.003319263458251953,	0.014519214630126953
5870403125.0,	0.004932403564453125,	0.017503738403320312
5870411250.0,	0.00194549560546875,	0.01840686798095703
5870419375.0,	0.004286766052246094,	0.01830005645751953
5870427500.0,	0.006295204162597656,	0.020238876342773438
5870435625.0,	0.0031576156616210938,	0.020127296447753906
5870443750.0,	0.0048065185546875,	0.02019786834716797
5870451875.0,	0.0033712387084960938,	0.021681785583496094
5870460000.0,	0.0037050247192382812,	0.02116680145263672
5870468125.0,	0.005352020263671875,	0.020860671997070312
5870476250.0,	0.004649162292480469,	0.022197723388671875
5870484375.0,	0.0026378631591796875,	0.022025108337402344
5870492500.0,	0.0031499862670898438,	0.02386474609375
5870500625.0,	0.00350189208984375,	0.022464752197265625
5870508750.0,	0.004908561706542969,	0.022805213928222656
5870516875.0,	0.005008697509765625,	0.02398967742919922
5870525000.0,	0.0017414093017578125,	0.02524089813232422
5870533125.0,	0.0046787261962890625,	0.026788711547851562
5870541250.0,	0.003322601318359375,	0.026083946228027344
5870549375.0,	0.004155158996582031,	0.025739669799804688
5870557500.0,	0.0015039443969726562,	0.02759265899658203
5870565625.0,	0.0013751983642578125,	0.0260772705078125
5870573750.0,	0.002918243408203125,	0.027904510498046875
5870581875.0,	0.0018100738525390625,	0.027357101440429688
5870590000.0,	0.0029497146606445312,	0.02911090850830078
5870598125.0,	0.0027608871459960938,	0.02777099609375
5870606250.0,	0.004033088684082031,	0.029966354370117188
5870614375.0,	0.0023975372314453125,	0.02828502655029297
5870622500.0,	0.0026092529296875,	0.03083515167236328
5870630625.0,	0.0025167465209960938,	0.030445098876953125
5870638750.0,	0.0017948150634765625,	0.030649185180664062
5870646875.0,	0.0026988983154296875,	0.03000164031982422
5870655000.0,	0.0004749298095703125,	0.030343055725097656
5870663125.0,	0.00225830078125,	0.03245353698730469
5870671250.0,	0.0024728775024414062,	0.031182289123535156
5870679375.0,	0.001430511474609375,	0.033817291259765625
5870687500.0,	0.0013370513916015625,	0.032802581787109375
5870695625.0,	0.0002536773681640625,	0.033660888671875
5870703750.0,	-2.6702880859375e-05,	0.03347587585449219
5870711875.0,	0.000652313232421875,	0.036167144775390625
5870720000.0,	0.00122833251953125,	0.03563117980957031
5870728125.0,	0.0006313323974609375,	0.03514289855957031
5870736250.0,	0.000335693359375,	0.03499794006347656
5870744375.0,	0.0001049041748046875,	0.03381538391113281
5870752500.0,	0.0008831024169921875,	0.03566551208496094
5870760625.0,	0.00096893310546875,	0.03688240051269531
5870768750.0,	-4.1961669921875e-05,	0.03732109069824219
5870776875.0,	0.000873565673828125,	0.037776947021484375
5870785000.0,	-0.0003490447998046875,	0.03836822509765625
5870793125.0,	0.0005626678466796875,	0.037220001220703125
5870801250.0,	0.00025177001953125,	0.03890800476074219
5870809375.0,	0.001064300537109375,	0.04040718078613281
5870817500.0,	0.0016422271728515625,	0.037841796875
5870825625.0,	-0.0003032684326171875,	0.03812980651855469
5870833750.0,	2.09808349609375e-05,	0.04068756103515625
5870841875.0,	0.0010509490966796875,	0.040439605712890625
5870850000.0,	0.0008296966552734375,	0.0402984619140625
5870858125.0,	0.0010471343994140625,	0.0395965576171875
5870866250.0,	0.0020294189453125,	0.03863525390625
5870874375.0,	0.0013065338134765625,	0.04178428649902344
5870882500.0,	0.001537322998046875,	0.04478263854980469
5870890625.0,	0.0016613006591796875,	0.0409393310546875
5870898750.0,	0.000949859619140625,	0.0447540283203125
5870906875.0,	1.9073486328125e-06,	0.04295921325683594
5870915000.0,	0.00138092041015625,	0.042865753173828125
5870923125.0,	0.0024280548095703125,	0.04357147216796875
5870931250.0,	0.000457763671875,	0.04364204406738281
5870939375.0,	-0.0001087188720703125,	0.04264640808105469
5870947500.0,	0.0030078887939453125,	0.04543495178222656
5870955625.0,	0.000720977783203125,	0.04413032531738281
5870963750.0,	0.0012912750244140625,	0.04727745056152344
5870971875.0,	0.0022430419921875,	0.04605865478515625
5870980000.0,	0.00360870361328125,	0.044189453125
5870988125.0,	0.002410888671875,	0.04810523986816406
5870996250.0,	0.00250244140625,	0.04725456237792969
5871004375.0,	0.0025539398193359375,	0.048442840576171875
5871012500.0,	-0.000171661376953125,	0.04881095886230469
5871020625.0,	0.000701904296875,	0.04780387878417969
5871028750.0,	0.00079345703125,	0.050083160400390625
5871036875.0,	0.00031280517578125,	0.04891395568847656
5871045000.0,	-0.0007038116455078125,	0.049236297607421875
5871053125.0,	0.0003814697265625,	0.04914283752441406
5871061250.0,	0.0007801055908203125,	0.050323486328125
5871069375.0,	0.0029582977294921875,	0.05090522766113281
5871077500.0,	0.0037860870361328125,	0.05127716064453125
5871085625.0,	0.0001163482666015625,	0.05141258239746094
5871093750.0,	0.001491546630859375,	0.0517578125
5871101875.0,	0.0037841796875,	0.050693511962890625
5871110000.0,	0.0037860870361328125,	0.05169677734375
5871118125.0,	0.000553131103515625,	0.05246734619140625
5871126250.0,	0.0026264190673828125,	0.05227088928222656
5871134375.0,	0.0017528533935546875,	0.05270195007324219
5871142500.0,	0.001735687255859375,	0.053096771240234375
5871150625.0,	0.0014820098876953125,	0.052082061767578125
5871158750.0,	0.0027561187744140625,	0.052341461181640625
5871166875.0,	0.00189208984375,	0.05403709411621094
5871175000.0,	0.001983642578125,	0.05412101745605469
5871183125.0,	0.000957489013671875,	0.05317115783691406
5871191250.0,	0.0025081634521484375,	0.0549468994140625
5871199375.0,	0.0035076141357421875,	0.0545806884765625
5871207500.0,	0.0028400421142578125,	0.054805755615234375
5871215625.0,	0.003345489501953125,	0.05616188049316406
5871223750.0,	0.001903533935546875,	0.05696678161621094
5871231875.0,	0.0031414031982421875,	0.0565185546875
5871240000.0,	0.0039691925048828125,	0.055591583251953125
5871248125.0,	0.005931854248046875,	0.056552886962890625
5871256250.0,	0.003520965576171875,	0.05616950988769531
5871264375.0,	0.00445556640625,	0.05771636962890625
5871272500.0,	0.0038623809814453125,	0.05955314636230469
5871280625.0,	0.0044879913330078125,	0.057231903076171875
5871288750.0,	0.0037994384765625,	0.05844879150390625
5871296875.0,	0.002185821533203125,	0.058929443359375
5871305000.0,	0.003826141357421875,	0.058452606201171875
5871313125.0,	0.004505157470703125,	0.05820274353027344
5871321250.0,	0.0042591094970703125,	0.05983543395996094
5871329375.0,	0.0042858123779296875,	0.05866050720214844
5871337500.0,	0.0029449462890625,	0.060504913330078125
5871345625.0,	0.00394439697265625,	0.061023712158203125
5871353750.0,	0.0050601959228515625,	0.061763763427734375
5871361875.0,	0.0030498504638671875,	0.06234550476074219
5871370000.0,	0.0050983428955078125,	0.062213897705078125
5871378125.0,	0.0035724639892578125,	0.060237884521484375
5871386250.0,	0.004711151123046875,	0.061107635498046875
5871394375.0,	0.004306793212890625,	0.06267547607421875
5871402500.0,	0.0034122467041015625,	0.06179046630859375
5871410625.0,	0.003978729248046875,	0.061290740966796875
5871418750.0,	0.00494384765625,	0.06315994262695312
5871426875.0,	0.004848480224609375,	0.06357574462890625
5871435000.0,	0.00521087646484375,	0.06320571899414062
5871443125.0,	0.004421234130859375,	0.062267303466796875
5871451250.0,	0.0055999755859375,	0.06292724609375
5871459375.0,	0.005279541015625,	0.0648956298828125
5871467500.0,	0.0048980712890625,	0.06414413452148438
5871475625.0,	0.00502777099609375,	0.06422805786132812
5871483750.0,	0.0071697235107421875,	0.06218147277832031
5871491875.0,	0.00507354736328125,	0.06154632568359375
5871500000.0,	0.004711151123046875,	0.063751220703125
5871508125.0,	0.006153106689453125,	0.0635223388671875
5871516250.0,	0.007595062255859375,	0.06664657592773438
5871524375.0,	0.005306243896484375,	0.06433486938476562
5871532500.0,	0.008197784423828125,	0.06578826904296875
5871540625.0,	0.006305694580078125,	0.06644821166992188
5871548750.0,	0.00595855712890625,	0.06451797485351562
5871556875.0,	0.00592803955078125,	0.06644439697265625
5871565000.0,	0.006984710693359375,	0.0668182373046875
5871573125.0,	0.00667572021484375,	0.06707763671875
5871581250.0,	0.005832672119140625,	0.06571197509765625
5871589375.0,	0.006961822509765625,	0.0671539306640625
5871597500.0,	0.004390716552734375,	0.06676101684570312
5871605625.0,	0.006595611572265625,	0.06752395629882812
5871613750.0,	0.0071258544921875,	0.0677032470703125
5871621875.0,	0.00647735595703125,	0.06778717041015625
5871630000.0,	0.0054473876953125,	0.06844711303710938
5871638125.0,	0.006862640380859375,	0.06977462768554688
5871646250.0,	0.009250640869140625,	0.06882476806640625
5871654375.0,	0.007144927978515625,	0.06795883178710938
5871662500.0,	0.0075531005859375,	0.0682220458984375
5871670625.0,	0.00811767578125,	0.06902313232421875
5871678750.0,	0.0080718994140625,	0.0703887939453125
5871686875.0,	0.008167266845703125,	0.07017898559570312
5871695000.0,	0.0079345703125,	0.06900787353515625
5871703125.0,	0.009822845458984375,	0.069793701171875
5871711250.0,	0.0097808837890625,	0.07193374633789062
5871719375.0,	0.009258270263671875,	0.07155609130859375
5871727500.0,	0.00687408447265625,	0.070831298828125
5871735625.0,	0.00675201416015625,	0.07109832763671875
5871743750.0,	0.010440826416015625,	0.07151412963867188
5871751875.0,	0.00836181640625,	0.07217025756835938
5871760000.0,	0.0086517333984375,	0.07363128662109375
5871768125.0,	0.00923919677734375,	0.07325363159179688
5871776250.0,	0.01020050048828125,	0.07130050659179688
5871784375.0,	0.010494232177734375,	0.072052001953125
5871792500.0,	0.009822845458984375,	0.07190704345703125
5871800625.0,	0.009014129638671875,	0.07174301147460938
5871808750.0,	0.008880615234375,	0.07389450073242188
5871816875.0,	0.006450653076171875,	0.07298660278320312
5871825000.0,	0.010120391845703125,	0.07181549072265625
5871833125.0,	0.008838653564453125,	0.07292556762695312
5871841250.0,	0.009349822998046875,	0.07476425170898438
5871849375.0,	0.011249542236328125,	0.0741119384765625
5871857500.0,	0.0104522705078125,	0.0745849609375
5871865625.0,	0.009494781494140625,	0.07326889038085938
5871873750.0,	0.009494781494140625,	0.07293701171875
5871881875.0,	0.009014129638671875,	0.075286865234375
5871890000.0,	0.010852813720703125,	0.07282638549804688
5871898125.0,	0.0070037841796875,	0.07534408569335938
5871906250.0,	0.009395599365234375,	0.07439422607421875
5871914375.0,	0.00893402099609375,	0.07553863525390625
5871922500.0,	0.00994873046875,	0.07451629638671875
5871930625.0,	0.0105438232421875,	0.07571792602539062
5871938750.0,	0.01020050048828125,	0.07593917846679688
5871946875.0,	0.008174896240234375,	0.07595443725585938
5871955000.0,	0.01081085205078125,	0.07526397705078125
5871963125.0,	0.010528564453125,	0.07436370849609375
5871971250.0,	0.01242828369140625,	0.07607269287109375
5871979375.0,	0.010784149169921875,	0.07674407958984375
5871987500.0,	0.011180877685546875,	0.0767059326171875
5871995625.0,	0.01084136962890625,	0.07611083984375
5872003750.0,	0.012203216552734375,	0.07854843139648438
5872011875.0,	0.01142120361328125,	0.07585906982421875
5872020000.0,	0.010372161865234375,	0.07781219482421875
5872028125.0,	0.009613037109375,	0.07708740234375
5872036250.0,	0.011936187744140625,	0.07674026489257812
5872044375.0,	0.01038360595703125,	0.07778549194335938
5872052500.0,	0.012119293212890625,	0.0769500732421875
5872060625.0,	0.013011932373046875,	0.07738494873046875
5872068750.0,	0.012531280517578125,	0.07495498657226562
5872076875.0,	0.012233734130859375,	0.07677459716796875
5872085000.0,	0.012676239013671875,	0.07832717895507812
5872093125.0,	0.0116119384765625,	0.07847976684570312
5872101250.0,	0.013362884521484375,	0.07954025268554688
5872109375.0,	0.01509857177734375,	0.07947540283203125
5872117500.0,	0.011295318603515625,	0.07693099975585938
5872125625.0,	0.0137176513671875,	0.07773208618164062
5872133750.0,	0.0123748779296875,	0.0792083740234375
5872141875.0,	0.01309967041015625,	0.0780029296875
5872150000.0,	0.012477874755859375,	0.0786285400390625
5872158125.0,	0.01419830322265625,	0.080413818359375
5872166250.0,	0.013645172119140625,	0.07897186279296875
5872174375.0,	0.013607025146484375,	0.0806427001953125
5872182500.0,	0.013828277587890625,	0.08080291748046875
5872190625.0,	0.01458740234375,	0.08232498168945312
5872198750.0,	0.014087677001953125,	0.08026123046875
5872206875.0,	0.013767242431640625,	0.07915878295898438
5872215000.0,	0.01334381103515625,	0.0799713134765625
5872223125.0,	0.0123748779296875,	0.08068084716796875
5872231250.0,	0.0145263671875,	0.07921600341796875
5872239375.0,	0.0123748779296875,	0.08257675170898438
5872247500.0,	0.012424468994140625,	0.07983016967773438
5872255625.0,	0.014255523681640625,	0.07996368408203125
5872263750.0,	0.013950347900390625,	0.08136749267578125
5872271875.0,	0.01517486572265625,	0.08237838745117188
5872280000.0,	0.014102935791015625,	0.08154678344726562
5872288125.0,	0.015621185302734375,	0.0848541259765625
5872296250.0,	0.015834808349609375,	0.08202362060546875
5872304375.0,	0.015003204345703125,	0.08139801025390625
5872312500.0,	0.014896392822265625,	0.082427978515625
5872320625.0,	0.016559600830078125,	0.08121109008789062
5872328750.0,	0.016178131103515625,	0.08330154418945312
5872336875.0,	0.0140228271484375,	0.08145523071289062
5872345000.0,	0.0159912109375,	0.08428573608398438
5872353125.0,	0.015232086181640625,	0.08356857299804688
5872361250.0,	0.014339447021484375,	0.08219146728515625
5872369375.0,	0.0153045654296875,	0.083740234375
5872377500.0,	0.01476287841796875,	0.0838623046875
5872385625.0,	0.016803741455078125,	0.08434677124023438
5872393750.0,	0.016353607177734375,	0.08263397216796875
5872401875.0,	0.0140838623046875,	0.083465576171875
5872410000.0,	0.014842987060546875,	0.08446121215820312
5872418125.0,	0.014892578125,	0.08474349975585938
5872426250.0,	0.017124176025390625,	0.0844879150390625
5872434375.0,	0.015903472900390625,	0.0832672119140625
5872442500.0,	0.016536712646484375,	0.08386993408203125
5872450625.0,	0.0158538818359375,	0.08447647094726562
5872458750.0,	0.018199920654296875,	0.08313369750976562
5872466875.0,	0.0149993896484375,	0.08466339111328125
5872475000.0,	0.016323089599609375,	0.08544921875
5872483125.0,	0.0157012939453125,	0.0822601318359375
5872491250.0,	0.014766693115234375,	0.08435821533203125
5872499375.0,	0.0171966552734375,	0.08767318725585938
5872507500.0,	0.016876220703125,	0.08334732055664062
5872515625.0,	0.017749786376953125,	0.08416748046875
5872523750.0,	0.017116546630859375,	0.08551025390625
5872531875.0,	0.0186767578125,	0.084686279296875
5872540000.0,	0.019191741943359375,	0.085296630859375
5872548125.0,	0.016941070556640625,	0.08519363403320312
5872556250.0,	0.016971588134765625,	0.08441162109375
5872564375.0,	0.016658782958984375,	0.08684158325195312
5872572500.0,	0.018108367919921875,	0.08597564697265625
5872580625.0,	0.016170501708984375,	0.08655548095703125
5872588750.0,	0.0163116455078125,	0.08578872680664062
5872596875.0,	0.019451141357421875,	0.0847930908203125
5872605000.0,	0.01905059814453125,	0.08678054809570312
5872613125.0,	0.019466400146484375,	0.08823394775390625
5872621250.0,	0.018611907958984375,	0.08452606201171875
5872629375.0,	0.019580841064453125,	0.08681488037109375
5872637500.0,	0.019550323486328125,	0.08644485473632812
5872645625.0,	0.01760101318359375,	0.08625411987304688
5872653750.0,	0.020427703857421875,	0.08800888061523438
5872661875.0,	0.01944732666015625,	0.08585739135742188
5872670000.0,	0.021331787109375,	0.08652496337890625
5872678125.0,	0.0189056396484375,	0.08782577514648438
5872686250.0,	0.01972198486328125,	0.0864715576171875
5872694375.0,	0.021831512451171875,	0.08719253540039062
5872702500.0,	0.019100189208984375,	0.0883331298828125
5872710625.0,	0.017719268798828125,	0.0884246826171875
5872718750.0,	0.019420623779296875,	0.08816909790039062
5872726875.0,	0.019138336181640625,	0.08907699584960938
5872735000.0,	0.01886749267578125,	0.0883331298828125
5872743125.0,	0.019245147705078125,	0.08813095092773438
5872751250.0,	0.020626068115234375,	0.08736038208007812
5872759375.0,	0.019420623779296875,	0.08901214599609375
5872767500.0,	0.019756317138671875,	0.08910369873046875
5872775625.0,	0.021617889404296875,	0.08785247802734375
5872783750.0,	0.01911163330078125,	0.08876800537109375
5872791875.0,	0.017749786376953125,	0.08689117431640625
5872800000.0,	0.02121734619140625,	0.0877838134765625
5872808125.0,	0.02100372314453125,	0.08822250366210938
5872816250.0,	0.020496368408203125,	0.08761978149414062
5872824375.0,	0.019771575927734375,	0.08782577514648438
5872832500.0,	0.020160675048828125,	0.08803939819335938
5872840625.0,	0.021373748779296875,	0.08849716186523438
5872848750.0,	0.020389556884765625,	0.08914947509765625
5872856875.0,	0.021862030029296875,	0.09050369262695312
5872865000.0,	0.02001190185546875,	0.0874786376953125
5872873125.0,	0.021121978759765625,	0.08832550048828125
5872881250.0,	0.02001190185546875,	0.08877182006835938
5872889375.0,	0.021961212158203125,	0.09096908569335938
5872897500.0,	0.021038055419921875,	0.08959197998046875
5872905625.0,	0.020084381103515625,	0.08986282348632812
5872913750.0,	0.023319244384765625,	0.08977127075195312
5872921875.0,	0.021984100341796875,	0.08945846557617188
5872930000.0,	0.020664215087890625,	0.08991622924804688
5872938125.0,	0.02220916748046875,	0.09012222290039062
5872946250.0,	0.02243804931640625,	0.09124374389648438
5872954375.0,	0.022502899169921875,	0.09103012084960938
5872962500.0,	0.023406982421875,	0.0909881591796875
5872970625.0,	0.02249908447265625,	0.09026336669921875
5872978750.0,	0.02069854736328125,	0.09014511108398438
5872986875.0,	0.02248382568359375,	0.08927536010742188
5872995000.0,	0.023380279541015625,	0.09020614624023438
5873003125.0,	0.0215911865234375,	0.08990097045898438
5873011250.0,	0.022796630859375,	0.09049224853515625
5873019375.0,	0.02365875244140625,	0.09074020385742188
5873027500.0,	0.02153778076171875,	0.09148406982421875
5873035625.0,	0.0240936279296875,	0.09079742431640625
5873043750.0,	0.022064208984375,	0.0899505615234375
5873051875.0,	0.02307891845703125,	0.09082412719726562
5873060000.0,	0.0231475830078125,	0.090850830078125
5873068125.0,	0.022701263427734375,	0.09037399291992188
5873076250.0,	0.022472381591796875,	0.09040451049804688
5873084375.0,	0.02242279052734375,	0.09095001220703125
5873092500.0,	0.02349853515625,	0.09075927734375
5873100625.0,	0.022869110107421875,	0.09262466430664062
5873108750.0,	0.022815704345703125,	0.09166717529296875
5873116875.0,	0.021358489990234375,	0.09264373779296875
5873125000.0,	0.024951934814453125,	0.09175872802734375
5873133125.0,	0.024509429931640625,	0.09120941162109375
5873141250.0,	0.024326324462890625,	0.09169387817382812
5873149375.0,	0.022796630859375,	0.0910186767578125
5873157500.0,	0.02301788330078125,	0.08983230590820312
5873165625.0,	0.022838592529296875,	0.092041015625
5873173750.0,	0.025241851806640625,	0.09283828735351562
5873181875.0,	0.0243988037109375,	0.09222412109375
5873190000.0,	0.024982452392578125,	0.091217041015625
5873198125.0,	0.02655792236328125,	0.09241485595703125
5873206250.0,	0.025226593017578125,	0.09363937377929688
5873214375.0,	0.024402618408203125,	0.09120559692382812
5873222500.0,	0.02410888671875,	0.09214019775390625
5873230625.0,	0.0253448486328125,	0.09049606323242188
5873238750.0,	0.024799346923828125,	0.09295654296875
5873246875.0,	0.023502349853515625,	0.09353256225585938
5873255000.0,	0.024898529052734375,	0.09344482421875
5873263125.0,	0.0255889892578125,	0.09525680541992188
5873271250.0,	0.02410125732421875,	0.09536361694335938
5873279375.0,	0.0252838134765625,	0.09371566772460938
5873287500.0,	0.026844024658203125,	0.09381103515625
5873295625.0,	0.025943756103515625,	0.09259033203125
5873303750.0,	0.024768829345703125,	0.09448623657226562
5873311875.0,	0.0283966064453125,	0.09106826782226562
5873320000.0,	0.02570343017578125,	0.0937652587890625
5873328125.0,	0.024600982666015625,	0.09319686889648438
5873336250.0,	0.023387908935546875,	0.09128570556640625
5873344375.0,	0.02574920654296875,	0.09412384033203125
5873352500.0,	0.025890350341796875,	0.09454727172851562
5873360625.0,	0.025020599365234375,	0.0927276611328125
5873368750.0,	0.02411651611328125,	0.09478759765625
5873376875.0,	0.02530670166015625,	0.09160614013671875
5873385000.0,	0.02459716796875,	0.0945281982421875
5873393125.0,	0.024250030517578125,	0.09288787841796875
5873401250.0,	0.024871826171875,	0.09410858154296875
5873409375.0,	0.02490997314453125,	0.09329986572265625
5873417500.0,	0.0274505615234375,	0.09347152709960938
5873425625.0,	0.023998260498046875,	0.09487533569335938
5873433750.0,	0.02713775634765625,	0.09338760375976562
5873441875.0,	0.024806976318359375,	0.09358596801757812
5873450000.0,	0.025463104248046875,	0.09278106689453125
5873458125.0,	0.028003692626953125,	0.0956878662109375
5873466250.0,	0.02576446533203125,	0.09452438354492188
5873474375.0,	0.025875091552734375,	0.09441375732421875
5873482500.0,	0.027256011962890625,	0.09441375732421875
5873490625.0,	0.025035858154296875,	0.0934906005859375
5873498750.0,	0.02764892578125,	0.0966796875
5873506875.0,	0.027561187744140625,	0.09373092651367188
5873515000.0,	0.028972625732421875,	0.09646987915039062
5873523125.0,	0.02667236328125,	0.09346771240234375
5873531250.0,	0.027099609375,	0.09759902954101562
5873539375.0,	0.027240753173828125,	0.09552764892578125
5873547500.0,	0.0274658203125,	0.09649276733398438
5873555625.0,	0.026763916015625,	0.0937347412109375
5873563750.0,	0.028034210205078125,	0.09814453125
5873571875.0,	0.026153564453125,	0.09518051147460938
5873580000.0,	0.029468536376953125,	0.09603118896484375
5873588125.0,	0.025699615478515625,	0.09444808959960938
5873596250.0,	0.02811431884765625,	0.09524154663085938
5873604375.0,	0.027385711669921875,	0.09603118896484375
5873612500.0,	0.02849578857421875,	0.09515762329101562
5873620625.0,	0.02965545654296875,	0.09389495849609375
5873628750.0,	0.0286102294921875,	0.09597396850585938
5873636875.0,	0.03037261962890625,	0.09392929077148438
5873645000.0,	0.028804779052734375,	0.09655380249023438
5873653125.0,	0.028553009033203125,	0.095245361328125
5873661250.0,	0.028003692626953125,	0.09624099731445312
5873669375.0,	0.0273895263671875,	0.09720993041992188
5873677500.0,	0.0276336669921875,	0.09720993041992188
5873685625.0,	0.027530670166015625,	0.09679031372070312
5873693750.0,	0.0274200439453125,	0.09588241577148438
5873701875.0,	0.028263092041015625,	0.09464645385742188
5873710000.0,	0.0288848876953125,	0.09787368774414062
5873718125.0,	0.0284881591796875,	0.09508132934570312
5873726250.0,	0.029354095458984375,	0.09737777709960938
5873734375.0,	0.029102325439453125,	0.09611892700195312
5873742500.0,	0.030353546142578125,	0.09623336791992188
5873750625.0,	0.027801513671875,	0.09506988525390625
5873758750.0,	0.030536651611328125,	0.09672927856445312
5873766875.0,	0.0287933349609375,	0.09838104248046875
5873775000.0,	0.02899169921875,	0.09688949584960938
5873783125.0,	0.031703948974609375,	0.09860992431640625
5873791250.0,	0.029994964599609375,	0.09709930419921875
5873799375.0,	0.029697418212890625,	0.09664535522460938
5873807500.0,	0.027782440185546875,	0.0973968505859375
5873815625.0,	0.02923583984375,	0.09576797485351562
5873823750.0,	0.02862548828125,	0.09537887573242188
5873831875.0,	0.030551910400390625,	0.09554290771484375
5873840000.0,	0.0290069580078125,	0.09785079956054688
5873848125.0,	0.029140472412109375,	0.095672607421875
5873856250.0,	0.02906036376953125,	0.09695816040039062
5873864375.0,	0.030643463134765625,	0.09695816040039062
5873872500.0,	0.031494140625,	0.09873199462890625
5873880625.0,	0.032318115234375,	0.09698486328125
5873888750.0,	0.028537750244140625,	0.09747695922851562
5873896875.0,	0.029994964599609375,	0.09558486938476562
5873905000.0,	0.03083038330078125,	0.09577560424804688
5873913125.0,	0.029918670654296875,	0.09920501708984375
5873921250.0,	0.03015899658203125,	0.09735488891601562
5873929375.0,	0.031108856201171875,	0.09624481201171875
5873937500.0,	0.0303955078125,	0.09884262084960938
5873945625.0,	0.030330657958984375,	0.09905242919921875
5873953750.0,	0.030303955078125,	0.09833526611328125
5873961875.0,	0.031856536865234375,	0.09764480590820312
5873970000.0,	0.030193328857421875,	0.09830474853515625
5873978125.0,	0.030521392822265625,	0.09722137451171875
5873986250.0,	0.032238006591796875,	0.09772872924804688
5873994375.0,	0.0311279296875,	0.09822463989257812
5874002500.0,	0.0287628173828125,	0.098602294921875
5874010625.0,	0.0321044921875,	0.09987258911132812
5874018750.0,	0.030658721923828125,	0.09849166870117188
5874026875.0,	0.031238555908203125,	0.09894943237304688
5874035000.0,	0.02980804443359375,	0.09859848022460938
5874043125.0,	0.0302581787109375,	0.0965576171875
5874051250.0,	0.031490325927734375,	0.09617996215820312
5874059375.0,	0.031375885009765625,	0.09856033325195312
5874067500.0,	0.03061676025390625,	0.10022354125976562
5874075625.0,	0.031421661376953125,	0.09656906127929688
5874083750.0,	0.03110504150390625,	0.09806442260742188
5874091875.0,	0.030223846435546875,	0.09815216064453125
5874100000.0,	0.031524658203125,	0.09783935546875
5874108125.0,	0.031497955322265625,	0.09846878051757812
5874116250.0,	0.0300750732421875,	0.09922409057617188
5874124375.0,	0.030063629150390625,	0.09865951538085938
5874132500.0,	0.032024383544921875,	0.09739303588867188
5874140625.0,	0.029796600341796875,	0.09828567504882812
5874148750.0,	0.03191375732421875,	0.09821701049804688
5874156875.0,	0.031566619873046875,	0.09983444213867188
5874165000.0,	0.032810211181640625,	0.09922027587890625
5874173125.0,	0.0308380126953125,	0.097808837890625
5874181250.0,	0.031383514404296875,	0.09894180297851562
5874189375.0,	0.032054901123046875,	0.09888076782226562
5874197500.0,	0.032032012939453125,	0.09900283813476562
5874205625.0,	0.034084320068359375,	0.0980224609375
5874213750.0,	0.034236907958984375,	0.09834671020507812
5874221875.0,	0.0319366455078125,	0.10059356689453125
5874230000.0,	0.032855987548828125,	0.10004425048828125
5874238125.0,	0.033245086669921875,	0.09915924072265625
5874246250.0,	0.034015655517578125,	0.0995025634765625
5874254375.0,	0.034637451171875,	0.098236083984375
5874262500.0,	0.032817840576171875,	0.09886550903320312
5874270625.0,	0.033481597900390625,	0.09902191162109375
5874278750.0,	0.0341033935546875,	0.097412109375
5874286875.0,	0.03293609619140625,	0.09953689575195312
5874295000.0,	0.032894134521484375,	0.098388671875
5874303125.0,	0.03343963623046875,	0.1000823974609375
5874311250.0,	0.03168487548828125,	0.09905242919921875
5874319375.0,	0.03476715087890625,	0.10038375854492188
5874327500.0,	0.034786224365234375,	0.10092926025390625
5874335625.0,	0.03386688232421875,	0.1013031005859375
5874343750.0,	0.03366851806640625,	0.09828567504882812
5874351875.0,	0.0341796875,	0.09876251220703125
5874360000.0,	0.033412933349609375,	0.10120391845703125
5874368125.0,	0.0341339111328125,	0.101226806640625
5874376250.0,	0.036022186279296875,	0.10077285766601562
5874384375.0,	0.034519195556640625,	0.09908294677734375
5874392500.0,	0.032649993896484375,	0.10109329223632812
5874400625.0,	0.033847808837890625,	0.09821701049804688
5874408750.0,	0.034740447998046875,	0.10000228881835938
5874416875.0,	0.0341339111328125,	0.09923553466796875
5874425000.0,	0.03531646728515625,	0.09998703002929688
5874433125.0,	0.0345001220703125,	0.10039138793945312
5874441250.0,	0.033588409423828125,	0.10165023803710938
5874449375.0,	0.03350830078125,	0.09875106811523438
5874457500.0,	0.034648895263671875,	0.09899139404296875
5874465625.0,	0.03338623046875,	0.0992889404296875
5874473750.0,	0.034881591796875,	0.09742355346679688
5874481875.0,	0.035526275634765625,	0.09994125366210938
5874490000.0,	0.03375244140625,	0.09870147705078125
5874498125.0,	0.03343963623046875,	0.10045242309570312
5874506250.0,	0.034046173095703125,	0.10118865966796875
5874514375.0,	0.033382415771484375,	0.0999298095703125
5874522500.0,	0.032772064208984375,	0.10167312622070312
5874530625.0,	0.033966064453125,	0.09925460815429688
5874538750.0,	0.03389739990234375,	0.10015869140625
5874546875.0,	0.036167144775390625,	0.1001434326171875
5874555000.0,	0.034702301025390625,	0.09865188598632812
5874563125.0,	0.034076690673828125,	0.0986175537109375
5874571250.0,	0.035419464111328125,	0.10099411010742188
5874579375.0,	0.035449981689453125,	0.09995269775390625
5874587500.0,	0.034641265869140625,	0.09902191162109375
5874595625.0,	0.0340728759765625,	0.099945068359375
5874603750.0,	0.032520294189453125,	0.102691650390625
5874611875.0,	0.03476715087890625,	0.100067138671875
5874620000.0,	0.03508758544921875,	0.10266876220703125
5874628125.0,	0.03617095947265625,	0.101287841796875
5874636250.0,	0.035564422607421875,	0.0998382568359375
5874644375.0,	0.03394317626953125,	0.1012420654296875
5874652500.0,	0.03668212890625,	0.09877395629882812
5874660625.0,	0.034023284912109375,	0.09857940673828125
5874668750.0,	0.03546905517578125,	0.10181427001953125
5874676875.0,	0.03493499755859375,	0.10147476196289062
5874685000.0,	0.037540435791015625,	0.10053253173828125
5874693125.0,	0.035106658935546875,	0.10161972045898438
5874701250.0,	0.032867431640625,	0.09906768798828125
5874709375.0,	0.037281036376953125,	0.09832763671875
5874717500.0,	0.034969329833984375,	0.10329055786132812
5874725625.0,	0.034759521484375,	0.10109329223632812
5874733750.0,	0.032917022705078125,	0.09880447387695312
5874741875.0,	0.0369110107421875,	0.09969711303710938
5874750000.0,	0.035236358642578125,	0.10160446166992188
5874758125.0,	0.034587860107421875,	0.10256195068359375
5874766250.0,	0.034671783447265625,	0.09850692749023438
5874774375.0,	0.03235626220703125,	0.10153579711914062
5874782500.0,	0.035594940185546875,	0.101593017578125
5874790625.0,	0.03665924072265625,	0.10101318359375
5874798750.0,	0.037525177001953125,	0.10147857666015625
5874806875.0,	0.03638458251953125,	0.10099411010742188
5874815000.0,	0.0373687744140625,	0.10128021240234375
5874823125.0,	0.03617095947265625,	0.10063934326171875
5874831250.0,	0.03737640380859375,	0.0994110107421875
5874839375.0,	0.03630828857421875,	0.10300064086914062
5874847500.0,	0.037784576416015625,	0.10183334350585938
5874855625.0,	0.03900909423828125,	0.10264968872070312
5874863750.0,	0.03387451171875,	0.10171890258789062
5874871875.0,	0.038578033447265625,	0.102264404296875
5874880000.0,	0.036163330078125,	0.10068893432617188
5874888125.0,	0.034816741943359375,	0.10131072998046875
5874896250.0,	0.035930633544921875,	0.10427093505859375
5874904375.0,	0.036773681640625,	0.10214996337890625
5874912500.0,	0.035572052001953125,	0.10320281982421875
5874920625.0,	0.03470611572265625,	0.10186386108398438
5874928750.0,	0.036853790283203125,	0.10207366943359375
5874936875.0,	0.037841796875,	0.10152435302734375
5874945000.0,	0.03705596923828125,	0.1005706787109375
5874953125.0,	0.0364227294921875,	0.1016998291015625
5874961250.0,	0.037708282470703125,	0.10338211059570312
5874969375.0,	0.034862518310546875,	0.10235595703125
5874977500.0,	0.038974761962890625,	0.10152816772460938
5874985625.0,	0.036632537841796875,	0.10101699829101562
5874993750.0,	0.036334991455078125,	0.10098648071289062
5875001875.0,	0.0390625,	0.10102081298828125
5875010000.0,	0.037418365478515625,	0.10391616821289062
5875018125.0,	0.0371551513671875,	0.10207366943359375
5875026250.0,	0.037677764892578125,	0.1029815673828125
5875034375.0,	0.035816192626953125,	0.10266494750976562
5875042500.0,	0.035491943359375,	0.10149765014648438
5875050625.0,	0.03881072998046875,	0.10230255126953125
5875058750.0,	0.0380706787109375,	0.10176467895507812
5875066875.0,	0.03786468505859375,	0.10252761840820312
5875075000.0,	0.039798736572265625,	0.10174560546875
5875083125.0,	0.036663055419921875,	0.10284042358398438
5875091250.0,	0.03905487060546875,	0.1034393310546875
5875099375.0,	0.037441253662109375,	0.10268402099609375
5875107500.0,	0.03987884521484375,	0.10273361206054688
5875115625.0,	0.038238525390625,	0.10454177856445312
5875123750.0,	0.038280487060546875,	0.10213088989257812
5875131875.0,	0.037998199462890625,	0.10449981689453125
5875140000.0,	0.037845611572265625,	0.10223770141601562
5875148125.0,	0.037792205810546875,	0.10311508178710938
5875156250.0,	0.038761138916015625,	0.10132598876953125
5875164375.0,	0.039531707763671875,	0.1019439697265625
5875172500.0,	0.03861236572265625,	0.10084152221679688
5875180625.0,	0.037624359130859375,	0.10137176513671875
5875188750.0,	0.041019439697265625,	0.1026763916015625
5875196875.0,	0.03661346435546875,	0.10211181640625
5875205000.0,	0.0389404296875,	0.10318756103515625
5875213125.0,	0.036487579345703125,	0.10298538208007812
5875221250.0,	0.0388641357421875,	0.10281753540039062
5875229375.0,	0.039520263671875,	0.10412979125976562
5875237500.0,	0.037998199462890625,	0.10272598266601562
5875245625.0,	0.0396270751953125,	0.10365676879882812
5875253750.0,	0.036838531494140625,	0.10327911376953125
5875261875.0,	0.03496551513671875,	0.1019134521484375
5875270000.0,	0.038848876953125,	0.10329055786132812
5875278125.0,	0.039340972900390625,	0.10221481323242188
5875286250.0,	0.039264678955078125,	0.1031036376953125
5875294375.0,	0.0403594970703125,	0.10357284545898438
5875302500.0,	0.03836822509765625,	0.1017303466796875
5875310625.0,	0.037933349609375,	0.10232925415039062
5875318750.0,	0.037506103515625,	0.10327529907226562
5875326875.0,	0.03900909423828125,	0.10356903076171875
5875335000.0,	0.0380706787109375,	0.10435104370117188
5875343125.0,	0.03997802734375,	0.10531234741210938
5875351250.0,	0.037967681884765625,	0.1043853759765625
5875359375.0,	0.0389556884765625,	0.10357284545898438
5875367500.0,	0.036853790283203125,	0.10488128662109375
5875375625.0,	0.039272308349609375,	0.105133056640625
5875383750.0,	0.038990020751953125,	0.104705810546875
5875391875.0,	0.039791107177734375,	0.10480880737304688
5875400000.0,	0.039264678955078125,	0.10187149047851562
5875408125.0,	0.03716278076171875,	0.104339599609375
5875416250.0,	0.0396881103515625,	0.10322189331054688
5875424375.0,	0.03997039794921875,	0.10301971435546875
5875432500.0,	0.039699554443359375,	0.10222244262695312
5875440625.0,	0.040454864501953125,	0.10195159912109375
5875448750.0,	0.03981781005859375,	0.1031951904296875
5875456875.0,	0.0412139892578125,	0.10479736328125
5875465000.0,	0.03801727294921875,	0.1028900146484375
5875473125.0,	0.040317535400390625,	0.10347366333007812
5875481250.0,	0.0400238037109375,	0.103668212890625
5875489375.0,	0.03989410400390625,	0.10446929931640625
5875497500.0,	0.040191650390625,	0.10378265380859375
5875505625.0,	0.041339874267578125,	0.1027374267578125
5875513750.0,	0.04044342041015625,	0.10385513305664062
5875521875.0,	0.03971099853515625,	0.10508346557617188
5875530000.0,	0.038631439208984375,	0.10359954833984375
5875538125.0,	0.03894805908203125,	0.10554885864257812
5875546250.0,	0.039180755615234375,	0.10510635375976562
5875554375.0,	0.039562225341796875,	0.10302734375
5875562500.0,	0.039440155029296875,	0.10387802124023438
5875570625.0,	0.0378875732421875,	0.10383224487304688
5875578750.0,	0.039424896240234375,	0.1035614013671875
5875586875.0,	0.039154052734375,	0.1029205322265625
5875595000.0,	0.039524078369140625,	0.10547256469726562
5875603125.0,	0.040973663330078125,	0.1045074462890625
5875611250.0,	0.04010772705078125,	0.10479354858398438
5875619375.0,	0.0406646728515625,	0.10248947143554688
5875627500.0,	0.040851593017578125,	0.10529708862304688
5875635625.0,	0.04034423828125,	0.10440826416015625
5875643750.0,	0.042163848876953125,	0.10443496704101562
5875651875.0,	0.0414581298828125,	0.1058807373046875
5875660000.0,	0.0399627685546875,	0.1037750244140625
5875668125.0,	0.04099273681640625,	0.105987548828125
5875676250.0,	0.040645599365234375,	0.1040802001953125
5875684375.0,	0.038532257080078125,	0.10498428344726562
5875692500.0,	0.04100799560546875,	0.10387802124023438
5875700625.0,	0.04232025146484375,	0.105316162109375
5875708750.0,	0.039844512939453125,	0.10445404052734375
5875716875.0,	0.0404815673828125,	0.104095458984375
5875725000.0,	0.039539337158203125,	0.10321807861328125
5875733125.0,	0.042816162109375,	0.10640335083007812
5875741250.0,	0.041400909423828125,	0.1045989990234375
5875749375.0,	0.0410003662109375,	0.10701370239257812
5875757500.0,	0.041645050048828125,	0.10525894165039062
5875765625.0,	0.0410003662109375,	0.10332107543945312
5875773750.0,	0.0411834716796875,	0.10504531860351562
5875781875.0,	0.04308319091796875,	0.10535812377929688
5875790000.0,	0.043643951416015625,	0.1026763916015625
5875798125.0,	0.04021453857421875,	0.10396194458007812
5875806250.0,	0.040065765380859375,	0.1043701171875
5875814375.0,	0.040729522705078125,	0.105682373046875
5875822500.0,	0.0406646728515625,	0.10371017456054688
5875830625.0,	0.041301727294921875,	0.10580825805664062
5875838750.0,	0.041919708251953125,	0.10412979125976562
5875846875.0,	0.040149688720703125,	0.10382843017578125
5875855000.0,	0.040760040283203125,	0.1043548583984375
5875863125.0,	0.040271759033203125,	0.1056976318359375
5875871250.0,	0.040935516357421875,	0.10536956787109375
5875879375.0,	0.041469573974609375,	0.10457229614257812
5875887500.0,	0.040966033935546875,	0.10349655151367188
5875895625.0,	0.040470123291015625,	0.10351943969726562
5875903750.0,	0.040714263916015625,	0.10488510131835938
5875911875.0,	0.042110443115234375,	0.106201171875
5875920000.0,	0.040401458740234375,	0.10546875
5875928125.0,	0.04221343994140625,	0.10303115844726562
5875936250.0,	0.04334259033203125,	0.10354995727539062
5875944375.0,	0.041027069091796875,	0.10682296752929688
5875952500.0,	0.04122161865234375,	0.10358428955078125
5875960625.0,	0.04209136962890625,	0.10677337646484375
5875968750.0,	0.04189300537109375,	0.10589218139648438
5875976875.0,	0.0422515869140625,	0.10654067993164062
5875985000.0,	0.041294097900390625,	0.10473251342773438
5875993125.0,	0.04169464111328125,	0.10668182373046875
5876001250.0,	0.04327392578125,	0.10686492919921875
5876009375.0,	0.04199981689453125,	0.10511398315429688
5876017500.0,	0.04236602783203125,	0.10515594482421875
5876025625.0,	0.042781829833984375,	0.10364151000976562
5876033750.0,	0.04210662841796875,	0.10349655151367188
5876041875.0,	0.043132781982421875,	0.10499954223632812
5876050000.0,	0.041759490966796875,	0.10640335083007812
5876058125.0,	0.043304443359375,	0.10519790649414062
5876066250.0,	0.042697906494140625,	0.1047210693359375
5876074375.0,	0.045398712158203125,	0.10663986206054688
5876082500.0,	0.043506622314453125,	0.1045684814453125
5876090625.0,	0.04099273681640625,	0.10323715209960938
5876098750.0,	0.041385650634765625,	0.10662841796875
5876106875.0,	0.040409088134765625,	0.10470199584960938
5876115000.0,	0.039546966552734375,	0.10540771484375
5876123125.0,	0.043331146240234375,	0.10470962524414062
5876131250.0,	0.04175567626953125,	0.10388946533203125
5876139375.0,	0.041851043701171875,	0.10570144653320312
5876147500.0,	0.043498992919921875,	0.1051177978515625
5876155625.0,	0.04192352294921875,	0.10515975952148438
5876163750.0,	0.042606353759765625,	0.1059417724609375
5876171875.0,	0.04351806640625,	0.10465240478515625
5876180000.0,	0.04282379150390625,	0.10353851318359375
5876188125.0,	0.04132843017578125,	0.10555267333984375
5876196250.0,	0.044116973876953125,	0.10600662231445312
5876204375.0,	0.041828155517578125,	0.10608673095703125
5876212500.0,	0.040447235107421875,	0.1063232421875
5876220625.0,	0.043338775634765625,	0.105743408203125
5876228750.0,	0.04271697998046875,	0.10467529296875
5876236875.0,	0.042133331298828125,	0.10560226440429688
5876245000.0,	0.04312896728515625,	0.104248046875
5876253125.0,	0.043853759765625,	0.10403823852539062
5876261250.0,	0.04418182373046875,	0.10489654541015625
5876269375.0,	0.04144287109375,	0.10611343383789062
5876277500.0,	0.04248046875,	0.1063079833984375
5876285625.0,	0.04320526123046875,	0.10651779174804688
5876293750.0,	0.043857574462890625,	0.10445022583007812
5876301875.0,	0.042049407958984375,	0.1073455810546875
5876310000.0,	0.04485321044921875,	0.1061248779296875
5876318125.0,	0.04341888427734375,	0.10443878173828125
5876326250.0,	0.04217529296875,	0.1068267822265625
5876334375.0,	0.042621612548828125,	0.10594940185546875
5876342500.0,	0.04134368896484375,	0.1063232421875
5876350625.0,	0.04415130615234375,	0.10602569580078125
5876358750.0,	0.045238494873046875,	0.1072998046875
5876366875.0,	0.0433197021484375,	0.10477447509765625
5876375000.0,	0.042438507080078125,	0.10306549072265625
5876383125.0,	0.044498443603515625,	0.10488510131835938
5876391250.0,	0.042621612548828125,	0.10547637939453125
5876399375.0,	0.044525146484375,	0.10654449462890625
5876407500.0,	0.044445037841796875,	0.10516357421875
5876415625.0,	0.0434112548828125,	0.10599517822265625
5876423750.0,	0.04309844970703125,	0.10643768310546875
5876431875.0,	0.0423126220703125,	0.10688018798828125
5876440000.0,	0.04388427734375,	0.1045379638671875
5876448125.0,	0.044010162353515625,	0.10681533813476562
5876456250.0,	0.044689178466796875,	0.10593795776367188
5876464375.0,	0.044536590576171875,	0.10266494750976562
5876472500.0,	0.04380035400390625,	0.10593795776367188
5876480625.0,	0.0447998046875,	0.10725784301757812
5876488750.0,	0.043560028076171875,	0.10359573364257812
5876496875.0,	0.045215606689453125,	0.10670089721679688
5876505000.0,	0.043071746826171875,	0.1029052734375
5876513125.0,	0.04436492919921875,	0.10748672485351562
5876521250.0,	0.045574188232421875,	0.10576248168945312
5876529375.0,	0.044643402099609375,	0.10388565063476562
5876537500.0,	0.04254913330078125,	0.10757064819335938
5876545625.0,	0.04547882080078125,	0.10738372802734375
5876553750.0,	0.043292999267578125,	0.10688400268554688
5876561875.0,	0.045886993408203125,	0.10682296752929688
5876570000.0,	0.045013427734375,	0.10494232177734375
5876578125.0,	0.043182373046875,	0.10551834106445312
5876586250.0,	0.044689178466796875,	0.1083221435546875
5876594375.0,	0.0452117919921875,	0.10732650756835938
5876602500.0,	0.042682647705078125,	0.10516357421875
5876610625.0,	0.04334259033203125,	0.10622024536132812
5876618750.0,	0.044300079345703125,	0.10665130615234375
5876626875.0,	0.044483184814453125,	0.10770416259765625
5876635000.0,	0.04434967041015625,	0.10645675659179688
5876643125.0,	0.045032501220703125,	0.1064300537109375
5876651250.0,	0.045841217041015625,	0.106414794921875
5876659375.0,	0.043243408203125,	0.107025146484375
5876667500.0,	0.042362213134765625,	0.10549545288085938
5876675625.0,	0.045154571533203125,	0.10715866088867188
5876683750.0,	0.043453216552734375,	0.10641098022460938
5876691875.0,	0.0468292236328125,	0.10494613647460938
5876700000.0,	0.044002532958984375,	0.105682373046875
5876708125.0,	0.046154022216796875,	0.106689453125
5876716250.0,	0.044284820556640625,	0.10802841186523438
5876724375.0,	0.044055938720703125,	0.10640716552734375
5876732500.0,	0.042385101318359375,	0.1067962646484375
5876740625.0,	0.04364013671875,	0.10596084594726562
5876748750.0,	0.045886993408203125,	0.10815048217773438
5876756875.0,	0.04540252685546875,	0.10582733154296875
5876765000.0,	0.04329681396484375,	0.10703277587890625
5876773125.0,	0.044040679931640625,	0.1087188720703125
5876781250.0,	0.04471588134765625,	0.10661697387695312
5876789375.0,	0.044719696044921875,	0.1066131591796875
5876797500.0,	0.044689178466796875,	0.10882949829101562
5876805625.0,	0.04529571533203125,	0.10610580444335938
5876813750.0,	0.0433807373046875,	0.105987548828125
5876821875.0,	0.043880462646484375,	0.1045684814453125
5876830000.0,	0.045932769775390625,	0.10639190673828125
5876838125.0,	0.044708251953125,	0.10457229614257812
5876846250.0,	0.046489715576171875,	0.10794830322265625
5876854375.0,	0.045711517333984375,	0.10637283325195312
5876862500.0,	0.0442962646484375,	0.1057891845703125
5876870625.0,	0.04763031005859375,	0.10650253295898438
5876878750.0,	0.04437255859375,	0.10607147216796875
5876886875.0,	0.045135498046875,	0.10559844970703125
5876895000.0,	0.04518890380859375,	0.10695648193359375
5876903125.0,	0.0468902587890625,	0.10555267333984375
5876911250.0,	0.046138763427734375,	0.10538864135742188
5876919375.0,	0.04552459716796875,	0.1066131591796875
5876927500.0,	0.04436492919921875,	0.10531997680664062
5876935625.0,	0.044811248779296875,	0.10669326782226562
5876943750.0,	0.04498291015625,	0.106353759765625
5876951875.0,	0.045360565185546875,	0.10689926147460938
5876960000.0,	0.04529571533203125,	0.10710525512695312
5876968125.0,	0.04434967041015625,	0.10802078247070312
5876976250.0,	0.0449981689453125,	0.1050262451171875
5876984375.0,	0.046253204345703125,	0.10676956176757812
5876992500.0,	0.046298980712890625,	0.10666656494140625
5877000625.0,	0.045207977294921875,	0.10569000244140625
5877008750.0,	0.046985626220703125,	0.10564422607421875
5877016875.0,	0.047901153564453125,	0.106353759765625
5877025000.0,	0.046100616455078125,	0.10651397705078125
5877033125.0,	0.048572540283203125,	0.10665130615234375
5877041250.0,	0.045269012451171875,	0.10642623901367188
5877049375.0,	0.044952392578125,	0.10698318481445312
5877057500.0,	0.046398162841796875,	0.108642578125
5877065625.0,	0.04653167724609375,	0.10840606689453125
5877073750.0,	0.04541778564453125,	0.10605239868164062
5877081875.0,	0.044803619384765625,	0.10657501220703125
5877090000.0,	0.0435638427734375,	0.10728073120117188
5877098125.0,	0.0451202392578125,	0.10631942749023438
5877106250.0,	0.046047210693359375,	0.1065216064453125
5877114375.0,	0.047313690185546875,	0.10895538330078125
5877122500.0,	0.045848846435546875,	0.10718917846679688
5877130625.0,	0.045757293701171875,	0.105438232421875
5877138750.0,	0.0452728271484375,	0.10844802856445312
5877146875.0,	0.047306060791015625,	0.10588455200195312
5877155000.0,	0.047870635986328125,	0.10612869262695312
5877163125.0,	0.0467681884765625,	0.10683822631835938
5877171250.0,	0.046337127685546875,	0.10781097412109375
5877179375.0,	0.04705810546875,	0.10718154907226562
5877187500.0,	0.04714202880859375,	0.110015869140625
5877195625.0,	0.045284271240234375,	0.1062469482421875
5877203750.0,	0.046863555908203125,	0.10491943359375
5877211875.0,	0.045124053955078125,	0.10754013061523438
5877220000.0,	0.045932769775390625,	0.10828399658203125
5877228125.0,	0.0472412109375,	0.10509872436523438
5877236250.0,	0.0453033447265625,	0.10606002807617188
5877244375.0,	0.045742034912109375,	0.1039276123046875
5877252500.0,	0.045368194580078125,	0.10842514038085938
5877260625.0,	0.04547119140625,	0.10701370239257812
5877268750.0,	0.045928955078125,	0.10750198364257812
5877276875.0,	0.048671722412109375,	0.1079559326171875
5877285000.0,	0.04622650146484375,	0.10712814331054688
5877293125.0,	0.046367645263671875,	0.10784912109375
5877301250.0,	0.0475921630859375,	0.10606765747070312
5877309375.0,	0.04659271240234375,	0.10719680786132812
5877317500.0,	0.047710418701171875,	0.107177734375
5877325625.0,	0.046306610107421875,	0.10674667358398438
5877333750.0,	0.04785919189453125,	0.10802841186523438
5877341875.0,	0.045833587646484375,	0.10715484619140625
5877350000.0,	0.04770660400390625,	0.10950851440429688
5877358125.0,	0.046688079833984375,	0.10709762573242188
5877366250.0,	0.04885101318359375,	0.10763168334960938
5877374375.0,	0.0485076904296875,	0.10731124877929688
5877382500.0,	0.04798126220703125,	0.1060028076171875
5877390625.0,	0.045085906982421875,	0.1070098876953125
5877398750.0,	0.044918060302734375,	0.10692596435546875
5877406875.0,	0.047657012939453125,	0.10956573486328125
5877415000.0,	0.04651641845703125,	0.10721206665039062
5877423125.0,	0.046459197998046875,	0.10540771484375
5877431250.0,	0.046840667724609375,	0.1064453125
5877439375.0,	0.0460357666015625,	0.10641098022460938
5877447500.0,	0.047306060791015625,	0.10723495483398438
5877455625.0,	0.04814910888671875,	0.10854721069335938
5877463750.0,	0.04671478271484375,	0.1078948974609375
5877471875.0,	0.047649383544921875,	0.1082000732421875
5877480000.0,	0.0445098876953125,	0.10733413696289062
5877488125.0,	0.0471954345703125,	0.10706710815429688
5877496250.0,	0.04692840576171875,	0.10662841796875
5877504375.0,	0.04637908935546875,	0.106292724609375
5877512500.0,	0.048633575439453125,	0.1068115234375
5877520625.0,	0.0471038818359375,	0.10844039916992188
5877528750.0,	0.046817779541015625,	0.10739898681640625
5877536875.0,	0.047710418701171875,	0.10695266723632812
5877545000.0,	0.046932220458984375,	0.10930633544921875
5877553125.0,	0.04836273193359375,	0.10726547241210938
5877561250.0,	0.050876617431640625,	0.1075286865234375
5877569375.0,	0.04819488525390625,	0.10869979858398438
5877577500.0,	0.04547119140625,	0.1088714599609375
5877585625.0,	0.04845428466796875,	0.10746002197265625
5877593750.0,	0.049015045166015625,	0.10824203491210938
5877601875.0,	0.046543121337890625,	0.10878372192382812
5877610000.0,	0.048069000244140625,	0.10898590087890625
5877618125.0,	0.046360015869140625,	0.10566329956054688
5877626250.0,	0.047588348388671875,	0.10773849487304688
5877634375.0,	0.046962738037109375,	0.10821151733398438
5877642500.0,	0.045955657958984375,	0.10850143432617188
5877650625.0,	0.04935455322265625,	0.10696029663085938
5877658750.0,	0.04804229736328125,	0.10726165771484375
5877666875.0,	0.0481719970703125,	0.10987091064453125
5877675000.0,	0.047504425048828125,	0.10642623901367188
5877683125.0,	0.047901153564453125,	0.10802841186523438
5877691250.0,	0.04846954345703125,	0.10666656494140625
5877699375.0,	0.04801177978515625,	0.10847091674804688
5877707500.0,	0.04840850830078125,	0.10844802856445312
5877715625.0,	0.04689788818359375,	0.10869598388671875
5877723750.0,	0.047252655029296875,	0.10853958129882812
5877731875.0,	0.04665374755859375,	0.10889816284179688
5877740000.0,	0.046741485595703125,	0.1077423095703125
5877748125.0,	0.048717498779296875,	0.1069488525390625
5877756250.0,	0.04758453369140625,	0.10637283325195312
5877764375.0,	0.04718017578125,	0.10648345947265625
5877772500.0,	0.047397613525390625,	0.10699081420898438
5877780625.0,	0.048854827880859375,	0.10950088500976562
5877788750.0,	0.046619415283203125,	0.10694122314453125
5877796875.0,	0.04866790771484375,	0.10833358764648438
5877805000.0,	0.04749298095703125,	0.10699462890625
5877813125.0,	0.049846649169921875,	0.1058197021484375
5877821250.0,	0.04857635498046875,	0.10818099975585938
5877829375.0,	0.04680633544921875,	0.10622787475585938
5877837500.0,	0.046764373779296875,	0.10796356201171875
5877845625.0,	0.050670623779296875,	0.10783004760742188
5877853750.0,	0.04779052734375,	0.10908889770507812
5877861875.0,	0.048297882080078125,	0.1089019775390625
5877870000.0,	0.04759979248046875,	0.10609817504882812
5877878125.0,	0.046661376953125,	0.107330322265625
5877886250.0,	0.0484161376953125,	0.10756301879882812
5877894375.0,	0.049480438232421875,	0.10686874389648438
5877902500.0,	0.048259735107421875,	0.10882186889648438
5877910625.0,	0.047252655029296875,	0.10790634155273438
5877918750.0,	0.048919677734375,	0.10828781127929688
5877926875.0,	0.048015594482421875,	0.10902786254882812
5877935000.0,	0.04708099365234375,	0.10776519775390625
5877943125.0,	0.04764556884765625,	0.10902023315429688
5877951250.0,	0.0461578369140625,	0.10739898681640625
5877959375.0,	0.048595428466796875,	0.10869979858398438
5877967500.0,	0.047672271728515625,	0.10804367065429688
5877975625.0,	0.045551300048828125,	0.11043548583984375
5877983750.0,	0.04827117919921875,	0.10734176635742188
5877991875.0,	0.049823760986328125,	0.10709381103515625
5878000000.0,	0.049243927001953125,	0.11045455932617188
