5633008125.0,	0.110382080078125,	0.10613632202148438
5633016250.0,	0.10910415649414062,	0.10501480102539062
5633024375.0,	0.10929489135742188,	0.1068572998046875
5633032500.0,	0.11145782470703125,	0.1060791015625
5633040625.0,	0.10849380493164062,	0.10354232788085938
5633048750.0,	0.11066055297851562,	0.10399627685546875
5633056875.0,	0.11116790771484375,	0.10583114624023438
5633065000.0,	0.10883712768554688,	0.10586166381835938
5633073125.0,	0.10914230346679688,	0.10457992553710938
5633081250.0,	0.11195755004882812,	0.10631942749023438
5633089375.0,	0.11138153076171875,	0.10419082641601562
5633097500.0,	0.10950088500976562,	0.10588455200195312
5633105625.0,	0.11153030395507812,	0.10523605346679688
5633113750.0,	0.10869216918945312,	0.10540771484375
5633121875.0,	0.11200714111328125,	0.10627365112304688
5633130000.0,	0.10918045043945312,	0.10451126098632812
5633138125.0,	0.11329269409179688,	0.10503387451171875
5633146250.0,	0.10988616943359375,	0.10618972778320312
5633154375.0,	0.11020278930664062,	0.10400772094726562
5633162500.0,	0.11104202270507812,	0.10584640502929688
5633170625.0,	0.11151123046875,	0.10391998291015625
5633178750.0,	0.1105194091796875,	0.10661697387695312
5633186875.0,	0.11160659790039062,	0.10503768920898438
5633195000.0,	0.1127471923828125,	0.10364913940429688
5633203125.0,	0.11297607421875,	0.10375595092773438
5633211250.0,	0.1114044189453125,	0.10398483276367188
5633219375.0,	0.11144638061523438,	0.10682296752929688
5633227500.0,	0.11135101318359375,	0.10623550415039062
5633235625.0,	0.1114654541015625,	0.10498428344726562
5633243750.0,	0.11195755004882812,	0.10540390014648438
5633251875.0,	0.110809326171875,	0.1050872802734375
5633260000.0,	0.11125564575195312,	0.10529327392578125
5633268125.0,	0.11371994018554688,	0.10515594482421875
5633276250.0,	0.11199569702148438,	0.105377197265625
5633284375.0,	0.11029815673828125,	0.10529708862304688
5633292500.0,	0.11145401000976562,	0.1055450439453125
5633300625.0,	0.11053085327148438,	0.10773849487304688
5633308750.0,	0.11259841918945312,	0.10601425170898438
5633316875.0,	0.1124267578125,	0.10287857055664062
5633325000.0,	0.1116943359375,	0.104522705078125
5633333125.0,	0.1116943359375,	0.10613250732421875
5633341250.0,	0.11292648315429688,	0.10420989990234375
5633349375.0,	0.1120758056640625,	0.10277175903320312
5633357500.0,	0.1111907958984375,	0.10341644287109375
5633365625.0,	0.1124114990234375,	0.105712890625
5633373750.0,	0.1125030517578125,	0.10566329956054688
5633381875.0,	0.11281585693359375,	0.1042938232421875
5633390000.0,	0.11432647705078125,	0.10530471801757812
5633398125.0,	0.113311767578125,	0.1048431396484375
5633406250.0,	0.11299896240234375,	0.10449600219726562
5633414375.0,	0.1117401123046875,	0.10507583618164062
5633422500.0,	0.11352920532226562,	0.1066741943359375
5633430625.0,	0.11201095581054688,	0.10714340209960938
5633438750.0,	0.11206817626953125,	0.10572433471679688
5633446875.0,	0.1127166748046875,	0.10403060913085938
5633455000.0,	0.11309432983398438,	0.10370635986328125
5633463125.0,	0.11457061767578125,	0.10268402099609375
5633471250.0,	0.11153793334960938,	0.10518646240234375
5633479375.0,	0.11116409301757812,	0.10719680786132812
5633487500.0,	0.11336517333984375,	0.10286712646484375
5633495625.0,	0.1116790771484375,	0.10512161254882812
5633503750.0,	0.11438369750976562,	0.10481643676757812
5633511875.0,	0.11357879638671875,	0.10433578491210938
5633520000.0,	0.11452865600585938,	0.10591888427734375
5633528125.0,	0.1138763427734375,	0.10591506958007812
5633536250.0,	0.1145782470703125,	0.10344314575195312
5633544375.0,	0.11357498168945312,	0.1057586669921875
5633552500.0,	0.11486053466796875,	0.10553741455078125
5633560625.0,	0.11346817016601562,	0.10469818115234375
5633568750.0,	0.1124114990234375,	0.10290145874023438
5633576875.0,	0.11434555053710938,	0.10452651977539062
5633585000.0,	0.11215972900390625,	0.10579299926757812
5633593125.0,	0.11333847045898438,	0.10395050048828125
5633601250.0,	0.11483383178710938,	0.10472488403320312
5633609375.0,	0.11467361450195312,	0.1043853759765625
5633617500.0,	0.1126251220703125,	0.10390853881835938
5633625625.0,	0.11496734619140625,	0.103607177734375
5633633750.0,	0.11415481567382812,	0.1032257080078125
5633641875.0,	0.11207962036132812,	0.10283660888671875
5633650000.0,	0.11460113525390625,	0.10204696655273438
5633658125.0,	0.11472320556640625,	0.1035614013671875
5633666250.0,	0.11379241943359375,	0.10239410400390625
5633674375.0,	0.11121749877929688,	0.10371017456054688
5633682500.0,	0.11381149291992188,	0.105010986328125
5633690625.0,	0.11509323120117188,	0.10357284545898438
5633698750.0,	0.11255264282226562,	0.1043243408203125
5633706875.0,	0.114349365234375,	0.10383987426757812
5633715000.0,	0.11481857299804688,	0.10317611694335938
5633723125.0,	0.1126861572265625,	0.10464096069335938
5633731250.0,	0.11592864990234375,	0.1039581298828125
5633739375.0,	0.1157684326171875,	0.1044921875
5633747500.0,	0.11324691772460938,	0.10302352905273438
5633755625.0,	0.11467742919921875,	0.10463714599609375
5633763750.0,	0.11418914794921875,	0.10463714599609375
5633771875.0,	0.11778640747070312,	0.10292434692382812
5633780000.0,	0.11140060424804688,	0.10274124145507812
5633788125.0,	0.11494064331054688,	0.10355758666992188
5633796250.0,	0.116455078125,	0.103118896484375
5633804375.0,	0.11570358276367188,	0.10447311401367188
5633812500.0,	0.1143035888671875,	0.10345840454101562
5633820625.0,	0.11729812622070312,	0.10265731811523438
5633828750.0,	0.113677978515625,	0.1015167236328125
5633836875.0,	0.11741256713867188,	0.1031951904296875
5633845000.0,	0.1165618896484375,	0.1015625
5633853125.0,	0.11717605590820312,	0.1031494140625
5633861250.0,	0.11562728881835938,	0.1028289794921875
5633869375.0,	0.11472702026367188,	0.10445404052734375
5633877500.0,	0.1153411865234375,	0.10455322265625
5633885625.0,	0.11663055419921875,	0.10507965087890625
5633893750.0,	0.1177978515625,	0.10364151000976562
5633901875.0,	0.11481475830078125,	0.10354995727539062
5633910000.0,	0.114044189453125,	0.10242462158203125
5633918125.0,	0.11639022827148438,	0.10450363159179688
5633926250.0,	0.1143035888671875,	0.10298919677734375
5633934375.0,	0.11550140380859375,	0.10274505615234375
5633942500.0,	0.11618804931640625,	0.10257339477539062
5633950625.0,	0.11553573608398438,	0.10283279418945312
5633958750.0,	0.11553573608398438,	0.10203933715820312
5633966875.0,	0.11683273315429688,	0.10207366943359375
5633975000.0,	0.11586761474609375,	0.103607177734375
5633983125.0,	0.11609649658203125,	0.10407257080078125
5633991250.0,	0.11740493774414062,	0.10366058349609375
5633999375.0,	0.11743545532226562,	0.10189437866210938
5634007500.0,	0.11754226684570312,	0.10298919677734375
5634015625.0,	0.1175384521484375,	0.10432052612304688
5634023750.0,	0.1165924072265625,	0.10328292846679688
5634031875.0,	0.11779403686523438,	0.10240554809570312
5634040000.0,	0.118011474609375,	0.103271484375
5634048125.0,	0.11630630493164062,	0.10285186767578125
5634056250.0,	0.11801910400390625,	0.10252761840820312
5634064375.0,	0.11731719970703125,	0.10335540771484375
5634072500.0,	0.118072509765625,	0.10279083251953125
5634080625.0,	0.119293212890625,	0.10342025756835938
5634088750.0,	0.11608123779296875,	0.104400634765625
5634096875.0,	0.11700439453125,	0.10178756713867188
5634105000.0,	0.11944198608398438,	0.10186386108398438
5634113125.0,	0.11773681640625,	0.10198974609375
5634121250.0,	0.11629867553710938,	0.10342788696289062
5634129375.0,	0.117523193359375,	0.1034393310546875
5634137500.0,	0.11724472045898438,	0.10271835327148438
5634145625.0,	0.11871719360351562,	0.10372161865234375
5634153750.0,	0.11713790893554688,	0.103302001953125
5634161875.0,	0.11851119995117188,	0.10146713256835938
5634170000.0,	0.11869049072265625,	0.10187911987304688
5634178125.0,	0.11944580078125,	0.10374069213867188
5634186250.0,	0.11871337890625,	0.10253524780273438
5634194375.0,	0.11829376220703125,	0.10255050659179688
5634202500.0,	0.11757659912109375,	0.10242843627929688
5634210625.0,	0.11743545532226562,	0.10308074951171875
5634218750.0,	0.11725997924804688,	0.1024322509765625
5634226875.0,	0.11898422241210938,	0.10323715209960938
5634235000.0,	0.1183624267578125,	0.10258865356445312
5634243125.0,	0.120269775390625,	0.10297012329101562
5634251250.0,	0.11933135986328125,	0.10387420654296875
5634259375.0,	0.1191253662109375,	0.1011962890625
5634267500.0,	0.1201324462890625,	0.10299301147460938
5634275625.0,	0.11860275268554688,	0.10312271118164062
5634283750.0,	0.11968612670898438,	0.10244369506835938
5634291875.0,	0.12111282348632812,	0.101654052734375
5634300000.0,	0.11713027954101562,	0.10266494750976562
5634308125.0,	0.11842727661132812,	0.1006927490234375
5634316250.0,	0.11860275268554688,	0.10161590576171875
5634324375.0,	0.1187591552734375,	0.10588455200195312
5634332500.0,	0.12015914916992188,	0.10009002685546875
5634340625.0,	0.12091064453125,	0.10367584228515625
5634348750.0,	0.11944198608398438,	0.10306167602539062
5634356875.0,	0.1205902099609375,	0.10116958618164062
5634365000.0,	0.12017440795898438,	0.10211181640625
5634373125.0,	0.12233734130859375,	0.10279083251953125
5634381250.0,	0.12065505981445312,	0.10398483276367188
5634389375.0,	0.12088775634765625,	0.10245895385742188
5634397500.0,	0.12090301513671875,	0.10179519653320312
5634405625.0,	0.12217330932617188,	0.10250473022460938
5634413750.0,	0.12071990966796875,	0.10253143310546875
5634421875.0,	0.121612548828125,	0.10324859619140625
5634430000.0,	0.11992263793945312,	0.1019287109375
5634438125.0,	0.12314605712890625,	0.1027679443359375
5634446250.0,	0.12183761596679688,	0.10414886474609375
5634454375.0,	0.12090301513671875,	0.10047149658203125
5634462500.0,	0.11963272094726562,	0.10149765014648438
5634470625.0,	0.12124252319335938,	0.10211944580078125
5634478750.0,	0.1241302490234375,	0.10248565673828125
5634486875.0,	0.12067413330078125,	0.100738525390625
5634495000.0,	0.12225723266601562,	0.10207748413085938
5634503125.0,	0.1235198974609375,	0.10185623168945312
5634511250.0,	0.122283935546875,	0.09960556030273438
5634519375.0,	0.12039947509765625,	0.1008148193359375
5634527500.0,	0.12104034423828125,	0.10424041748046875
5634535625.0,	0.121124267578125,	0.1001739501953125
5634543750.0,	0.12221527099609375,	0.1024322509765625
5634551875.0,	0.12192916870117188,	0.101287841796875
5634560000.0,	0.12353515625,	0.10122299194335938
5634568125.0,	0.12364578247070312,	0.101531982421875
5634576250.0,	0.12313461303710938,	0.101806640625
5634584375.0,	0.12296295166015625,	0.10175323486328125
5634592500.0,	0.12384414672851562,	0.100921630859375
5634600625.0,	0.12305068969726562,	0.09949493408203125
5634608750.0,	0.12330245971679688,	0.10177230834960938
5634616875.0,	0.12352752685546875,	0.098907470703125
5634625000.0,	0.12199020385742188,	0.100128173828125
5634633125.0,	0.12447357177734375,	0.09973526000976562
5634641250.0,	0.12126541137695312,	0.102752685546875
5634649375.0,	0.12216567993164062,	0.10085296630859375
5634657500.0,	0.12223434448242188,	0.10059738159179688
5634665625.0,	0.1214447021484375,	0.09926605224609375
5634673750.0,	0.12372207641601562,	0.10110092163085938
5634681875.0,	0.1237335205078125,	0.10196304321289062
5634690000.0,	0.12222671508789062,	0.09933853149414062
5634698125.0,	0.12447738647460938,	0.10103607177734375
5634706250.0,	0.12282562255859375,	0.10150527954101562
5634714375.0,	0.1236419677734375,	0.09963226318359375
5634722500.0,	0.12129592895507812,	0.10129547119140625
5634730625.0,	0.1218109130859375,	0.09967041015625
5634738750.0,	0.1226806640625,	0.09822845458984375
5634746875.0,	0.12273025512695312,	0.09984207153320312
5634755000.0,	0.125213623046875,	0.10106658935546875
5634763125.0,	0.12408447265625,	0.1014862060546875
5634771250.0,	0.1246795654296875,	0.10152053833007812
5634779375.0,	0.12470245361328125,	0.09990692138671875
5634787500.0,	0.12404632568359375,	0.09906768798828125
5634795625.0,	0.126373291015625,	0.10120391845703125
5634803750.0,	0.1238555908203125,	0.100250244140625
5634811875.0,	0.12289810180664062,	0.09919357299804688
5634820000.0,	0.12487411499023438,	0.10161590576171875
5634828125.0,	0.12423324584960938,	0.10097122192382812
5634836250.0,	0.12610626220703125,	0.09972381591796875
5634844375.0,	0.12360000610351562,	0.0990142822265625
5634852500.0,	0.12493515014648438,	0.09987640380859375
5634860625.0,	0.12397384643554688,	0.10063552856445312
5634868750.0,	0.12653350830078125,	0.1014404296875
5634876875.0,	0.12530517578125,	0.1016082763671875
5634885000.0,	0.12570953369140625,	0.0990753173828125
5634893125.0,	0.12389373779296875,	0.09892654418945312
5634901250.0,	0.12471389770507812,	0.09956741333007812
5634909375.0,	0.12621307373046875,	0.1002960205078125
5634917500.0,	0.1246795654296875,	0.09917831420898438
5634925625.0,	0.12497329711914062,	0.09777069091796875
5634933750.0,	0.12535858154296875,	0.09906768798828125
5634941875.0,	0.12581634521484375,	0.09897613525390625
5634950000.0,	0.1258392333984375,	0.0999755859375
5634958125.0,	0.1251983642578125,	0.0992431640625
5634966250.0,	0.12697601318359375,	0.09967041015625
5634974375.0,	0.1262664794921875,	0.097625732421875
5634982500.0,	0.1265869140625,	0.0993194580078125
5634990625.0,	0.1276397705078125,	0.10143280029296875
5634998750.0,	0.12671661376953125,	0.0989227294921875
5635006875.0,	0.12651824951171875,	0.0983123779296875
5635015000.0,	0.1273651123046875,	0.10045623779296875
5635023125.0,	0.1274566650390625,	0.099212646484375
5635031250.0,	0.1296844482421875,	0.10001373291015625
5635039375.0,	0.12712860107421875,	0.099029541015625
5635047500.0,	0.1289825439453125,	0.09737396240234375
5635055625.0,	0.1269683837890625,	0.09940338134765625
5635063750.0,	0.12636566162109375,	0.0971221923828125
5635071875.0,	0.1262359619140625,	0.09975433349609375
5635080000.0,	0.12735748291015625,	0.1008148193359375
5635088125.0,	0.12842559814453125,	0.09951019287109375
5635096250.0,	0.12805938720703125,	0.09881591796875
5635104375.0,	0.12958526611328125,	0.10050201416015625
5635112500.0,	0.12957000732421875,	0.09938812255859375
5635120625.0,	0.1301727294921875,	0.09862518310546875
5635128750.0,	0.130401611328125,	0.09808349609375
5635136875.0,	0.1279144287109375,	0.09752655029296875
5635145000.0,	0.12831878662109375,	0.098663330078125
5635153125.0,	0.1278228759765625,	0.097503662109375
5635161250.0,	0.130584716796875,	0.09824371337890625
5635169375.0,	0.12880706787109375,	0.09763336181640625
5635177500.0,	0.1282958984375,	0.09735870361328125
5635185625.0,	0.130615234375,	0.09841156005859375
5635193750.0,	0.1301116943359375,	0.09827423095703125
5635201875.0,	0.1316986083984375,	0.09737396240234375
5635210000.0,	0.12957000732421875,	0.0977935791015625
5635218125.0,	0.13098907470703125,	0.09703826904296875
5635226250.0,	0.1280670166015625,	0.09735107421875
5635234375.0,	0.1291656494140625,	0.097930908203125
5635242500.0,	0.12969207763671875,	0.09808349609375
5635250625.0,	0.1306610107421875,	0.09761810302734375
5635258750.0,	0.1297149658203125,	0.09807586669921875
5635266875.0,	0.130828857421875,	0.0955810546875
5635275000.0,	0.13031005859375,	0.0994110107421875
5635283125.0,	0.12823486328125,	0.097900390625
5635291250.0,	0.1305389404296875,	0.09796905517578125
5635299375.0,	0.13024139404296875,	0.0981597900390625
5635307500.0,	0.1315765380859375,	0.09693145751953125
5635315625.0,	0.13295745849609375,	0.0950469970703125
5635323750.0,	0.1317901611328125,	0.0976409912109375
5635331875.0,	0.13147735595703125,	0.10114288330078125
5635340000.0,	0.1345062255859375,	0.0970916748046875
5635348125.0,	0.13201904296875,	0.09874725341796875
5635356250.0,	0.1322021484375,	0.09519195556640625
5635364375.0,	0.13114166259765625,	0.09661865234375
5635372500.0,	0.1314697265625,	0.09747314453125
5635380625.0,	0.1324310302734375,	0.09792327880859375
5635388750.0,	0.1320343017578125,	0.09761810302734375
5635396875.0,	0.134185791015625,	0.0955963134765625
5635405000.0,	0.13130950927734375,	0.09716796875
5635413125.0,	0.132049560546875,	0.0978240966796875
5635421250.0,	0.13382720947265625,	0.09574127197265625
5635429375.0,	0.13347625732421875,	0.097137451171875
5635437500.0,	0.1301116943359375,	0.09586334228515625
5635445625.0,	0.13333892822265625,	0.0946044921875
5635453750.0,	0.132904052734375,	0.09571075439453125
5635461875.0,	0.12998199462890625,	0.0963134765625
5635470000.0,	0.13344573974609375,	0.09650421142578125
5635478125.0,	0.13401031494140625,	0.0942535400390625
5635486250.0,	0.1311187744140625,	0.09470367431640625
5635494375.0,	0.13245391845703125,	0.09725189208984375
5635502500.0,	0.13355255126953125,	0.09468841552734375
5635510625.0,	0.13405609130859375,	0.0964508056640625
5635518750.0,	0.132720947265625,	0.09728240966796875
5635526875.0,	0.133148193359375,	0.09427642822265625
5635535000.0,	0.13436126708984375,	0.09575653076171875
5635543125.0,	0.13280487060546875,	0.09540557861328125
5635551250.0,	0.1332550048828125,	0.093353271484375
5635559375.0,	0.1338348388671875,	0.0962982177734375
5635567500.0,	0.136077880859375,	0.094696044921875
5635575625.0,	0.13414764404296875,	0.09454345703125
5635583750.0,	0.13343048095703125,	0.095458984375
5635591875.0,	0.13405609130859375,	0.095947265625
5635600000.0,	0.1331329345703125,	0.09598541259765625
5635608125.0,	0.1347198486328125,	0.09222412109375
5635616250.0,	0.13460540771484375,	0.09432220458984375
5635624375.0,	0.1354827880859375,	0.0942840576171875
5635632500.0,	0.13796234130859375,	0.094146728515625
5635640625.0,	0.13471221923828125,	0.09343719482421875
5635648750.0,	0.13585662841796875,	0.0953521728515625
5635656875.0,	0.1367645263671875,	0.09549713134765625
5635665000.0,	0.13690185546875,	0.0934906005859375
5635673125.0,	0.13704681396484375,	0.09343719482421875
5635681250.0,	0.13411712646484375,	0.09406280517578125
5635689375.0,	0.1377105712890625,	0.09436798095703125
5635697500.0,	0.1365966796875,	0.0937957763671875
5635705625.0,	0.13480377197265625,	0.094512939453125
5635713750.0,	0.1367950439453125,	0.0951385498046875
5635721875.0,	0.13733673095703125,	0.0917816162109375
5635730000.0,	0.1355743408203125,	0.092620849609375
5635738125.0,	0.1375579833984375,	0.09320831298828125
5635746250.0,	0.1366424560546875,	0.09256744384765625
5635754375.0,	0.1364593505859375,	0.093231201171875
5635762500.0,	0.13774871826171875,	0.094696044921875
5635770625.0,	0.13788604736328125,	0.091888427734375
5635778750.0,	0.13825225830078125,	0.0926513671875
5635786875.0,	0.14035797119140625,	0.0943603515625
5635795000.0,	0.13637542724609375,	0.09401702880859375
5635803125.0,	0.1392974853515625,	0.09169769287109375
5635811250.0,	0.13747406005859375,	0.0907745361328125
5635819375.0,	0.1399383544921875,	0.09283447265625
5635827500.0,	0.13968658447265625,	0.0924072265625
5635835625.0,	0.138458251953125,	0.0905914306640625
5635843750.0,	0.13744354248046875,	0.09107208251953125
5635851875.0,	0.13898468017578125,	0.09279632568359375
5635860000.0,	0.13855743408203125,	0.0897064208984375
5635868125.0,	0.1394805908203125,	0.09137725830078125
5635876250.0,	0.138336181640625,	0.09044647216796875
5635884375.0,	0.14044952392578125,	0.09076690673828125
5635892500.0,	0.14229583740234375,	0.09317779541015625
5635900625.0,	0.13907623291015625,	0.09149169921875
5635908750.0,	0.14017486572265625,	0.0926055908203125
5635916875.0,	0.1405181884765625,	0.09090423583984375
5635925000.0,	0.138641357421875,	0.09163665771484375
5635933125.0,	0.14368438720703125,	0.09052276611328125
5635941250.0,	0.14025115966796875,	0.09101104736328125
5635949375.0,	0.14119720458984375,	0.089691162109375
5635957500.0,	0.14337158203125,	0.0926055908203125
5635965625.0,	0.14142608642578125,	0.091033935546875
5635973750.0,	0.14239501953125,	0.0879058837890625
5635981875.0,	0.14272308349609375,	0.0903778076171875
5635990000.0,	0.141693115234375,	0.08954620361328125
5635998125.0,	0.14191436767578125,	0.0894317626953125
5636006250.0,	0.141387939453125,	0.09030914306640625
5636014375.0,	0.1422882080078125,	0.08863067626953125
5636022500.0,	0.14202117919921875,	0.09113311767578125
5636030625.0,	0.14263153076171875,	0.09038543701171875
5636038750.0,	0.142242431640625,	0.08901214599609375
5636046875.0,	0.14273834228515625,	0.0897216796875
5636055000.0,	0.14350128173828125,	0.09149932861328125
5636063125.0,	0.1422271728515625,	0.08856201171875
5636071250.0,	0.14292144775390625,	0.08827972412109375
5636079375.0,	0.14312744140625,	0.08931732177734375
5636087500.0,	0.14293670654296875,	0.08725738525390625
5636095625.0,	0.145721435546875,	0.09072113037109375
5636103750.0,	0.1442108154296875,	0.08773040771484375
5636111875.0,	0.1437835693359375,	0.09012603759765625
5636120000.0,	0.14430999755859375,	0.08589935302734375
5636128125.0,	0.1444854736328125,	0.08789825439453125
5636136250.0,	0.1448516845703125,	0.08721160888671875
5636144375.0,	0.14409637451171875,	0.08661651611328125
5636152500.0,	0.14305877685546875,	0.0865936279296875
5636160625.0,	0.1458282470703125,	0.087677001953125
5636168750.0,	0.14471435546875,	0.0873565673828125
5636176875.0,	0.14581298828125,	0.087249755859375
5636185000.0,	0.1439361572265625,	0.087158203125
5636193125.0,	0.14571380615234375,	0.08676910400390625
5636201250.0,	0.1467437744140625,	0.0850830078125
5636209375.0,	0.14487457275390625,	0.0850677490234375
5636217500.0,	0.14575958251953125,	0.08733367919921875
5636225625.0,	0.14569854736328125,	0.0852203369140625
5636233750.0,	0.146484375,	0.0863189697265625
5636241875.0,	0.14727020263671875,	0.08490753173828125
5636250000.0,	0.1476593017578125,	0.08432769775390625
5636258125.0,	0.14777374267578125,	0.08692169189453125
5636266250.0,	0.1481781005859375,	0.0861968994140625
5636274375.0,	0.14710235595703125,	0.08536529541015625
5636282500.0,	0.14635467529296875,	0.08640289306640625
5636290625.0,	0.14925384521484375,	0.085174560546875
5636298750.0,	0.15007781982421875,	0.083526611328125
5636306875.0,	0.14892578125,	0.0856170654296875
5636315000.0,	0.147857666015625,	0.08556365966796875
5636323125.0,	0.14983367919921875,	0.08257293701171875
5636331250.0,	0.1478118896484375,	0.08422088623046875
5636339375.0,	0.1457061767578125,	0.0836334228515625
5636347500.0,	0.14954376220703125,	0.08460235595703125
5636355625.0,	0.14997100830078125,	0.0819549560546875
5636363750.0,	0.14844512939453125,	0.0835723876953125
5636371875.0,	0.1502227783203125,	0.08242034912109375
5636380000.0,	0.149749755859375,	0.083709716796875
5636388125.0,	0.14892578125,	0.08052825927734375
5636396250.0,	0.1505279541015625,	0.08126068115234375
5636404375.0,	0.15200042724609375,	0.08303070068359375
5636412500.0,	0.15283966064453125,	0.081573486328125
5636420625.0,	0.15081024169921875,	0.0813751220703125
5636428750.0,	0.15036773681640625,	0.0797271728515625
5636436875.0,	0.150482177734375,	0.08026123046875
5636445000.0,	0.15160369873046875,	0.081787109375
5636453125.0,	0.15305328369140625,	0.08086395263671875
5636461250.0,	0.150604248046875,	0.080657958984375
5636469375.0,	0.15118408203125,	0.082244873046875
5636477500.0,	0.15053558349609375,	0.07924652099609375
5636485625.0,	0.1520233154296875,	0.080291748046875
5636493750.0,	0.1538543701171875,	0.07865142822265625
5636501875.0,	0.15338897705078125,	0.0793914794921875
5636510000.0,	0.1536865234375,	0.07762908935546875
5636518125.0,	0.155242919921875,	0.078826904296875
5636526250.0,	0.15204620361328125,	0.07813262939453125
5636534375.0,	0.15291595458984375,	0.0765380859375
5636542500.0,	0.151763916015625,	0.08042144775390625
5636550625.0,	0.1553802490234375,	0.07865142822265625
5636558750.0,	0.15477752685546875,	0.07859039306640625
5636566875.0,	0.1540679931640625,	0.0782623291015625
5636575000.0,	0.15496063232421875,	0.0777587890625
5636583125.0,	0.15447998046875,	0.07707977294921875
5636591250.0,	0.156036376953125,	0.07730865478515625
5636599375.0,	0.15650177001953125,	0.076416015625
5636607500.0,	0.15447235107421875,	0.07317352294921875
5636615625.0,	0.15706634521484375,	0.07537841796875
5636623750.0,	0.15438079833984375,	0.07607269287109375
5636631875.0,	0.153411865234375,	0.0769805908203125
5636640000.0,	0.1562347412109375,	0.0748138427734375
5636648125.0,	0.15594482421875,	0.075958251953125
5636656250.0,	0.1565704345703125,	0.073760986328125
5636664375.0,	0.15802764892578125,	0.0759429931640625
5636672500.0,	0.15683746337890625,	0.07476806640625
5636680625.0,	0.1589508056640625,	0.07421875
5636688750.0,	0.15764617919921875,	0.0747222900390625
5636696875.0,	0.15699005126953125,	0.07231903076171875
5636705000.0,	0.15805816650390625,	0.07135772705078125
5636713125.0,	0.1566314697265625,	0.073883056640625
5636721250.0,	0.15814971923828125,	0.07231903076171875
5636729375.0,	0.1591796875,	0.07335662841796875
5636737500.0,	0.15885162353515625,	0.071746826171875
5636745625.0,	0.1577911376953125,	0.072845458984375
5636753750.0,	0.15845489501953125,	0.07199859619140625
5636761875.0,	0.16009521484375,	0.07004547119140625
5636770000.0,	0.1605224609375,	0.069488525390625
5636778125.0,	0.159088134765625,	0.06838226318359375
5636786250.0,	0.16049957275390625,	0.07093048095703125
5636794375.0,	0.15929412841796875,	0.068939208984375
5636802500.0,	0.1606903076171875,	0.0689697265625
5636810625.0,	0.15975189208984375,	0.0699920654296875
5636818750.0,	0.16086578369140625,	0.06981658935546875
5636826875.0,	0.163055419921875,	0.068328857421875
5636835000.0,	0.1597137451171875,	0.06749725341796875
5636843125.0,	0.16385650634765625,	0.0664215087890625
5636851250.0,	0.16092681884765625,	0.06529998779296875
5636859375.0,	0.1625213623046875,	0.068267822265625
5636867500.0,	0.163238525390625,	0.067291259765625
5636875625.0,	0.16446685791015625,	0.06722259521484375
5636883750.0,	0.16287994384765625,	0.065185546875
5636891875.0,	0.16275787353515625,	0.0645599365234375
5636900000.0,	0.16225433349609375,	0.06453704833984375
5636908125.0,	0.16464996337890625,	0.06580352783203125
5636916250.0,	0.163055419921875,	0.06502532958984375
5636924375.0,	0.16416168212890625,	0.06293487548828125
5636932500.0,	0.16342926025390625,	0.06427764892578125
5636940625.0,	0.16287994384765625,	0.06510162353515625
5636948750.0,	0.16393280029296875,	0.06427764892578125
5636956875.0,	0.1656036376953125,	0.05970001220703125
5636965000.0,	0.16373443603515625,	0.0616607666015625
5636973125.0,	0.16448211669921875,	0.06268310546875
5636981250.0,	0.16571044921875,	0.06209564208984375
5636989375.0,	0.1639404296875,	0.05829620361328125
5636997500.0,	0.16539764404296875,	0.05982208251953125
5637005625.0,	0.1650238037109375,	0.0586395263671875
5637013750.0,	0.165924072265625,	0.0583953857421875
5637021875.0,	0.16440582275390625,	0.0592193603515625
5637030000.0,	0.167205810546875,	0.05727386474609375
5637038125.0,	0.16686248779296875,	0.0605316162109375
5637046250.0,	0.16678619384765625,	0.05629730224609375
5637054375.0,	0.16590118408203125,	0.05718994140625
5637062500.0,	0.16910552978515625,	0.05611419677734375
5637070625.0,	0.16857147216796875,	0.05757904052734375
5637078750.0,	0.16701507568359375,	0.05568695068359375
5637086875.0,	0.16867828369140625,	0.05416107177734375
5637095000.0,	0.1679840087890625,	0.0548553466796875
5637103125.0,	0.169342041015625,	0.05350494384765625
5637111250.0,	0.16854095458984375,	0.05326080322265625
5637119375.0,	0.17132568359375,	0.05239105224609375
5637127500.0,	0.16961669921875,	0.05162811279296875
5637135625.0,	0.1679229736328125,	0.04933929443359375
5637143750.0,	0.16793060302734375,	0.04868316650390625
5637151875.0,	0.16988372802734375,	0.04944610595703125
5637160000.0,	0.16898345947265625,	0.0480804443359375
5637168125.0,	0.171173095703125,	0.04769134521484375
5637176250.0,	0.1670379638671875,	0.048553466796875
5637184375.0,	0.169769287109375,	0.048675537109375
5637192500.0,	0.16925811767578125,	0.04697418212890625
5637200625.0,	0.1721343994140625,	0.047637939453125
5637208750.0,	0.1689453125,	0.045867919921875
5637216875.0,	0.1712646484375,	0.04329681396484375
5637225000.0,	0.169342041015625,	0.04552459716796875
5637233125.0,	0.1698760986328125,	0.04438018798828125
5637241250.0,	0.17118072509765625,	0.044921875
5637249375.0,	0.17071533203125,	0.04241943359375
5637257500.0,	0.17108917236328125,	0.0432891845703125
5637265625.0,	0.1698455810546875,	0.0411224365234375
5637273750.0,	0.170013427734375,	0.0417327880859375
5637281875.0,	0.16945648193359375,	0.0382843017578125
5637290000.0,	0.17147064208984375,	0.039154052734375
5637298125.0,	0.170379638671875,	0.0397186279296875
5637306250.0,	0.1716461181640625,	0.03730010986328125
5637314375.0,	0.1725311279296875,	0.0381317138671875
5637322500.0,	0.17182159423828125,	0.0360107421875
5637330625.0,	0.16949462890625,	0.03595733642578125
5637338750.0,	0.17179107666015625,	0.0379180908203125
5637346875.0,	0.1708526611328125,	0.0337066650390625
5637355000.0,	0.16909027099609375,	0.03214263916015625
5637363125.0,	0.17267608642578125,	0.03136444091796875
5637371250.0,	0.1706390380859375,	0.02971649169921875
5637379375.0,	0.1741943359375,	0.029388427734375
5637387500.0,	0.17130279541015625,	0.02889251708984375
5637395625.0,	0.1708984375,	0.029571533203125
5637403750.0,	0.17368316650390625,	0.02771759033203125
5637411875.0,	0.17263031005859375,	0.02893829345703125
5637420000.0,	0.17266082763671875,	0.0241851806640625
5637428125.0,	0.17327880859375,	0.025299072265625
5637436250.0,	0.1702880859375,	0.02352142333984375
5637444375.0,	0.1728057861328125,	0.0211334228515625
5637452500.0,	0.1714019775390625,	0.0229339599609375
5637460625.0,	0.17093658447265625,	0.02050018310546875
5637468750.0,	0.172149658203125,	0.01914215087890625
5637476875.0,	0.1729888916015625,	0.019195556640625
5637485000.0,	0.17169189453125,	0.01865386962890625
5637493125.0,	0.16854095458984375,	0.01747894287109375
5637501250.0,	0.170623779296875,	0.0164947509765625
5637509375.0,	0.170562744140625,	0.016143798828125
5637517500.0,	0.171600341796875,	0.0157623291015625
5637525625.0,	0.16953277587890625,	0.01558685302734375
5637533750.0,	0.16999053955078125,	0.0128326416015625
5637541875.0,	0.17066192626953125,	0.0118255615234375
5637550000.0,	0.170379638671875,	0.01116943359375
5637558125.0,	0.1682281494140625,	0.01136016845703125
5637566250.0,	0.1688079833984375,	0.00689697265625
5637574375.0,	0.16944122314453125,	0.00844573974609375
5637582500.0,	0.1691741943359375,	0.00719451904296875
5637590625.0,	0.1704864501953125,	0.00411224365234375
5637598750.0,	0.1694793701171875,	0.004302978515625
5637606875.0,	0.1657867431640625,	0.00466156005859375
5637615000.0,	0.16663360595703125,	0.001312255859375
5637623125.0,	0.167633056640625,	0.0032958984375
5637631250.0,	0.16721343994140625,	0.00054931640625
5637639375.0,	0.16619110107421875,	-0.00061798095703125
5637647500.0,	0.16410064697265625,	-0.00200653076171875
5637655625.0,	0.1671905517578125,	-0.001983642578125
5637663750.0,	0.16637420654296875,	-0.00189971923828125
5637671875.0,	0.16461944580078125,	-0.00360870361328125
5637680000.0,	0.1640472412109375,	-0.0070343017578125
5637688125.0,	0.16419219970703125,	-0.008087158203125
5637696250.0,	0.16271209716796875,	-0.00870513916015625
5637704375.0,	0.16185760498046875,	-0.00800323486328125
5637712500.0,	0.16168212890625,	-0.00887298583984375
5637720625.0,	0.16021728515625,	-0.01030731201171875
5637728750.0,	0.15724945068359375,	-0.01129913330078125
5637736875.0,	0.1591033935546875,	-0.0146026611328125
5637745000.0,	0.159912109375,	-0.013916015625
5637753125.0,	0.15703582763671875,	-0.0140533447265625
5637761250.0,	0.157073974609375,	-0.01434326171875
5637769375.0,	0.15686798095703125,	-0.01824188232421875
5637777500.0,	0.153717041015625,	-0.01934814453125
5637785625.0,	0.15439605712890625,	-0.01959991455078125
5637793750.0,	0.15277099609375,	-0.02210235595703125
5637801875.0,	0.1508941650390625,	-0.0211639404296875
5637810000.0,	0.15027618408203125,	-0.022308349609375
5637818125.0,	0.14908599853515625,	-0.025970458984375
5637826250.0,	0.1499786376953125,	-0.0240020751953125
5637834375.0,	0.14713287353515625,	-0.02574920654296875
5637842500.0,	0.14777374267578125,	-0.02622222900390625
5637850625.0,	0.14409637451171875,	-0.026214599609375
5637858750.0,	0.1475067138671875,	-0.02960205078125
5637866875.0,	0.14360809326171875,	-0.02893829345703125
5637875000.0,	0.14306640625,	-0.03015899658203125
5637883125.0,	0.14117431640625,	-0.03128814697265625
5637891250.0,	0.13950347900390625,	-0.0308380126953125
5637899375.0,	0.13660430908203125,	-0.032440185546875
5637907500.0,	0.13825225830078125,	-0.03339385986328125
5637915625.0,	0.1367034912109375,	-0.034210205078125
5637923750.0,	0.1352996826171875,	-0.034423828125
5637931875.0,	0.1331787109375,	-0.03501129150390625
5637940000.0,	0.1321563720703125,	-0.03563690185546875
5637948125.0,	0.13097381591796875,	-0.0364532470703125
5637956250.0,	0.13299560546875,	-0.037078857421875
5637964375.0,	0.1280975341796875,	-0.0359039306640625
5637972500.0,	0.1284637451171875,	-0.0386505126953125
5637980625.0,	0.126007080078125,	-0.04052734375
5637988750.0,	0.12503814697265625,	-0.03868865966796875
5637996875.0,	0.12376022338867188,	-0.041797637939453125
5638005000.0,	0.12251663208007812,	-0.0400543212890625
5638013125.0,	0.12067794799804688,	-0.041065216064453125
5638021250.0,	0.11895751953125,	-0.0401763916015625
5638029375.0,	0.11823654174804688,	-0.043643951416015625
5638037500.0,	0.11554718017578125,	-0.04051971435546875
5638045625.0,	0.11732101440429688,	-0.045867919921875
5638053750.0,	0.11437606811523438,	-0.04300689697265625
5638061875.0,	0.1137542724609375,	-0.043704986572265625
5638070000.0,	0.11102676391601562,	-0.04389190673828125
5638078125.0,	0.1097869873046875,	-0.0438385009765625
5638086250.0,	0.10872650146484375,	-0.044643402099609375
5638094375.0,	0.10535049438476562,	-0.045230865478515625
5638102500.0,	0.10575485229492188,	-0.045009613037109375
5638110625.0,	0.1045684814453125,	-0.04175567626953125
5638118750.0,	0.10420608520507812,	-0.045318603515625
5638126875.0,	0.10214614868164062,	-0.046581268310546875
5638135000.0,	0.10004043579101562,	-0.0470733642578125
5638143125.0,	0.09988784790039062,	-0.0450286865234375
5638151250.0,	0.0973968505859375,	-0.045398712158203125
5638159375.0,	0.09825897216796875,	-0.046535491943359375
5638167500.0,	0.09589767456054688,	-0.048328399658203125
5638175625.0,	0.0930938720703125,	-0.04573822021484375
5638183750.0,	0.09345245361328125,	-0.045520782470703125
5638191875.0,	0.09111404418945312,	-0.04666900634765625
5638200000.0,	0.0904998779296875,	-0.04656982421875
5638208125.0,	0.09022903442382812,	-0.04578399658203125
5638216250.0,	0.0878448486328125,	-0.044895172119140625
5638224375.0,	0.08534622192382812,	-0.0460357666015625
5638232500.0,	0.086456298828125,	-0.045867919921875
5638240625.0,	0.08171463012695312,	-0.044513702392578125
5638248750.0,	0.08309555053710938,	-0.042293548583984375
5638256875.0,	0.08292770385742188,	-0.04694366455078125
5638265000.0,	0.07912826538085938,	-0.045135498046875
5638273125.0,	0.07670211791992188,	-0.0472259521484375
5638281250.0,	0.0766448974609375,	-0.046146392822265625
5638289375.0,	0.07722854614257812,	-0.045200347900390625
5638297500.0,	0.07444000244140625,	-0.043140411376953125
5638305625.0,	0.07311630249023438,	-0.043521881103515625
5638313750.0,	0.07328414916992188,	-0.0434722900390625
5638321875.0,	0.07309341430664062,	-0.043651580810546875
5638330000.0,	0.07076263427734375,	-0.0422210693359375
5638338125.0,	0.06856918334960938,	-0.042827606201171875
5638346250.0,	0.06890106201171875,	-0.04302215576171875
5638354375.0,	0.06758880615234375,	-0.03964996337890625
5638362500.0,	0.06661605834960938,	-0.03863525390625
5638370625.0,	0.06336593627929688,	-0.039264678955078125
5638378750.0,	0.06351089477539062,	-0.038639068603515625
5638386875.0,	0.06178474426269531,	-0.03784942626953125
5638395000.0,	0.06038093566894531,	-0.039150238037109375
5638403125.0,	0.06327056884765625,	-0.0379180908203125
5638411250.0,	0.06099700927734375,	-0.0368194580078125
5638419375.0,	0.0591888427734375,	-0.03679847717285156
5638427500.0,	0.05694770812988281,	-0.03498649597167969
5638435625.0,	0.05458831787109375,	-0.03659629821777344
5638443750.0,	0.056865692138671875,	-0.03456306457519531
5638451875.0,	0.0540771484375,	-0.03425025939941406
5638460000.0,	0.053928375244140625,	-0.0346221923828125
5638468125.0,	0.05363655090332031,	-0.034862518310546875
5638476250.0,	0.05031013488769531,	-0.03385162353515625
5638484375.0,	0.05192756652832031,	-0.031482696533203125
5638492500.0,	0.04926490783691406,	-0.030796051025390625
5638500625.0,	0.04799652099609375,	-0.031026840209960938
5638508750.0,	0.04918479919433594,	-0.029119491577148438
5638516875.0,	0.04781532287597656,	-0.03310966491699219
5638525000.0,	0.046783447265625,	-0.030406951904296875
5638533125.0,	0.04746437072753906,	-0.028367996215820312
5638541250.0,	0.04566764831542969,	-0.027669906616210938
5638549375.0,	0.04447364807128906,	-0.02883148193359375
5638557500.0,	0.04399871826171875,	-0.027322769165039062
5638565625.0,	0.04298973083496094,	-0.02634429931640625
5638573750.0,	0.039794921875,	-0.027692794799804688
5638581875.0,	0.044002532958984375,	-0.021589279174804688
5638590000.0,	0.04025840759277344,	-0.025205612182617188
5638598125.0,	0.040325164794921875,	-0.022615432739257812
5638606250.0,	0.03911781311035156,	-0.021823883056640625
5638614375.0,	0.03900146484375,	-0.022043228149414062
5638622500.0,	0.03825569152832031,	-0.02317047119140625
5638630625.0,	0.037654876708984375,	-0.020944595336914062
5638638750.0,	0.03920555114746094,	-0.019865036010742188
5638646875.0,	0.03797149658203125,	-0.017732620239257812
5638655000.0,	0.033725738525390625,	-0.017652511596679688
5638663125.0,	0.035648345947265625,	-0.017740249633789062
5638671250.0,	0.03406524658203125,	-0.016338348388671875
5638679375.0,	0.03607940673828125,	-0.014514923095703125
5638687500.0,	0.03087615966796875,	-0.014164924621582031
5638695625.0,	0.032878875732421875,	-0.014608383178710938
5638703750.0,	0.03236579895019531,	-0.011945724487304688
5638711875.0,	0.031167984008789062,	-0.012811660766601562
5638720000.0,	0.030763626098632812,	-0.011735916137695312
5638728125.0,	0.027984619140625,	-0.012206077575683594
5638736250.0,	0.029798507690429688,	-0.011673927307128906
5638744375.0,	0.028995513916015625,	-0.009784698486328125
5638752500.0,	0.030928611755371094,	-0.010570526123046875
5638760625.0,	0.030739784240722656,	-0.007513999938964844
5638768750.0,	0.029117584228515625,	-0.006234169006347656
5638776875.0,	0.0277862548828125,	-0.006008148193359375
5638785000.0,	0.026666641235351562,	-0.006716728210449219
5638793125.0,	0.025964736938476562,	-0.0045070648193359375
5638801250.0,	0.026777267456054688,	-0.0036983489990234375
5638809375.0,	0.02801036834716797,	-0.0037021636962890625
5638817500.0,	0.025406837463378906,	-0.0037174224853515625
5638825625.0,	0.028089523315429688,	-0.0034637451171875
5638833750.0,	0.02492046356201172,	-0.004742622375488281
5638841875.0,	0.025015830993652344,	-0.0014066696166992188
5638850000.0,	0.026767730712890625,	0.0008831024169921875
5638858125.0,	0.023810386657714844,	0.0016002655029296875
5638866250.0,	0.02709484100341797,	0.000362396240234375
5638874375.0,	0.024430274963378906,	0.0029735565185546875
5638882500.0,	0.025543212890625,	0.0009632110595703125
5638890625.0,	0.022037506103515625,	0.0025796890258789062
5638898750.0,	0.025360107421875,	0.005661964416503906
5638906875.0,	0.020460128784179688,	0.0023365020751953125
5638915000.0,	0.022217750549316406,	0.0039997100830078125
5638923125.0,	0.02254486083984375,	0.005939483642578125
5638931250.0,	0.022411346435546875,	0.005669593811035156
5638939375.0,	0.02112865447998047,	0.008021354675292969
5638947500.0,	0.023113250732421875,	0.0073642730712890625
5638955625.0,	0.022100448608398438,	0.010766029357910156
5638963750.0,	0.01858234405517578,	0.009633064270019531
5638971875.0,	0.020958900451660156,	0.010488510131835938
5638980000.0,	0.023569107055664062,	0.012131690979003906
5638988125.0,	0.021245956420898438,	0.011826515197753906
5638996250.0,	0.020048141479492188,	0.012964248657226562
5639004375.0,	0.021694183349609375,	0.0134735107421875
5639012500.0,	0.02119159698486328,	0.014828681945800781
5639020625.0,	0.02210521697998047,	0.016144752502441406
5639028750.0,	0.019628524780273438,	0.014899253845214844
5639036875.0,	0.020969390869140625,	0.017882347106933594
5639045000.0,	0.019812583923339844,	0.017719268798828125
5639053125.0,	0.018596649169921875,	0.01801013946533203
5639061250.0,	0.02109241485595703,	0.018497467041015625
5639069375.0,	0.0205078125,	0.01857280731201172
5639077500.0,	0.01944446563720703,	0.02005290985107422
5639085625.0,	0.018090248107910156,	0.019647598266601562
5639093750.0,	0.018369674682617188,	0.0212554931640625
5639101875.0,	0.018564224243164062,	0.02345561981201172
5639110000.0,	0.01947784423828125,	0.022994041442871094
5639118125.0,	0.019830703735351562,	0.023873329162597656
5639126250.0,	0.019911766052246094,	0.023276329040527344
5639134375.0,	0.020519256591796875,	0.02589893341064453
5639142500.0,	0.01858997344970703,	0.02526092529296875
5639150625.0,	0.017973899841308594,	0.024229049682617188
5639158750.0,	0.021079063415527344,	0.02538585662841797
5639166875.0,	0.01953125,	0.027128219604492188
5639175000.0,	0.018774986267089844,	0.028372764587402344
5639183125.0,	0.01978778839111328,	0.027069091796875
5639191250.0,	0.020174026489257812,	0.026154518127441406
5639199375.0,	0.02125072479248047,	0.027573585510253906
5639207500.0,	0.017419815063476562,	0.03142738342285156
5639215625.0,	0.021327972412109375,	0.03225517272949219
5639223750.0,	0.019417762756347656,	0.03094196319580078
5639231875.0,	0.021297454833984375,	0.03199005126953125
5639240000.0,	0.019420623779296875,	0.032032012939453125
5639248125.0,	0.020374298095703125,	0.03401756286621094
5639256250.0,	0.020053863525390625,	0.032642364501953125
5639264375.0,	0.01941680908203125,	0.0341644287109375
5639272500.0,	0.018924713134765625,	0.034648895263671875
5639280625.0,	0.017442703247070312,	0.03522491455078125
5639288750.0,	0.020793914794921875,	0.03437614440917969
5639296875.0,	0.01844024658203125,	0.03354072570800781
5639305000.0,	0.020166397094726562,	0.0370941162109375
5639313125.0,	0.020044326782226562,	0.0355682373046875
5639321250.0,	0.019632339477539062,	0.039569854736328125
5639329375.0,	0.021429061889648438,	0.03777122497558594
5639337500.0,	0.020528793334960938,	0.0411834716796875
5639345625.0,	0.021060943603515625,	0.03774261474609375
5639353750.0,	0.019636154174804688,	0.03965568542480469
5639361875.0,	0.021722793579101562,	0.04175758361816406
5639370000.0,	0.022258758544921875,	0.04332542419433594
5639378125.0,	0.020612716674804688,	0.041614532470703125
5639386250.0,	0.019086837768554688,	0.04235649108886719
5639394375.0,	0.021495819091796875,	0.04341697692871094
5639402500.0,	0.02019500732421875,	0.04290771484375
5639410625.0,	0.021543502807617188,	0.04395294189453125
5639418750.0,	0.020229339599609375,	0.046108245849609375
5639426875.0,	0.022790908813476562,	0.044857025146484375
5639435000.0,	0.021547317504882812,	0.04501914978027344
5639443125.0,	0.023347854614257812,	0.04491615295410156
5639451250.0,	0.021776199340820312,	0.0458984375
5639459375.0,	0.019927978515625,	0.04636383056640625
5639467500.0,	0.021730422973632812,	0.04624748229980469
5639475625.0,	0.020387649536132812,	0.0469207763671875
5639483750.0,	0.022083282470703125,	0.048564910888671875
5639491875.0,	0.02242279052734375,	0.04875373840332031
5639500000.0,	0.02239990234375,	0.048126220703125
5639508125.0,	0.024074554443359375,	0.05101966857910156
5639516250.0,	0.021768569946289062,	0.04758262634277344
5639524375.0,	0.023431777954101562,	0.04860496520996094
5639532500.0,	0.021770477294921875,	0.05161094665527344
5639540625.0,	0.018899917602539062,	0.05271720886230469
5639548750.0,	0.021938323974609375,	0.05146598815917969
5639556875.0,	0.024293899536132812,	0.05309867858886719
5639565000.0,	0.023784637451171875,	0.055179595947265625
5639573125.0,	0.025493621826171875,	0.05180549621582031
5639581250.0,	0.02417755126953125,	0.05148124694824219
5639589375.0,	0.024538040161132812,	0.0517578125
5639597500.0,	0.0234375,	0.0534820556640625
5639605625.0,	0.024427413940429688,	0.05435943603515625
5639613750.0,	0.024188995361328125,	0.0530242919921875
5639621875.0,	0.025142669677734375,	0.05514717102050781
5639630000.0,	0.025262832641601562,	0.05471229553222656
5639638125.0,	0.024713516235351562,	0.053981781005859375
5639646250.0,	0.024206161499023438,	0.0545806884765625
5639654375.0,	0.023464202880859375,	0.05576515197753906
5639662500.0,	0.026958465576171875,	0.05820655822753906
5639670625.0,	0.023424148559570312,	0.05880165100097656
5639678750.0,	0.025442123413085938,	0.05915069580078125
5639686875.0,	0.025304794311523438,	0.05767631530761719
5639695000.0,	0.0261688232421875,	0.05802726745605469
5639703125.0,	0.025058746337890625,	0.05878448486328125
5639711250.0,	0.025360107421875,	0.061069488525390625
5639719375.0,	0.0255126953125,	0.06043243408203125
5639727500.0,	0.026397705078125,	0.058563232421875
5639735625.0,	0.027353286743164062,	0.06041145324707031
5639743750.0,	0.0256195068359375,	0.060016632080078125
5639751875.0,	0.027833938598632812,	0.06018829345703125
5639760000.0,	0.027845382690429688,	0.060054779052734375
5639768125.0,	0.025728225708007812,	0.06045722961425781
5639776250.0,	0.028131484985351562,	0.0612030029296875
5639784375.0,	0.027376174926757812,	0.06139373779296875
5639792500.0,	0.028028488159179688,	0.060726165771484375
5639800625.0,	0.028512954711914062,	0.06202125549316406
5639808750.0,	0.026531219482421875,	0.062774658203125
5639816875.0,	0.02719879150390625,	0.06403732299804688
5639825000.0,	0.02838134765625,	0.060611724853515625
5639833125.0,	0.02874755859375,	0.06328582763671875
5639841250.0,	0.029743194580078125,	0.06294631958007812
5639849375.0,	0.029232025146484375,	0.06592178344726562
5639857500.0,	0.02874755859375,	0.06409072875976562
5639865625.0,	0.027896881103515625,	0.06505584716796875
5639873750.0,	0.031009674072265625,	0.06336593627929688
5639881875.0,	0.029895782470703125,	0.06380844116210938
5639890000.0,	0.0304718017578125,	0.06594085693359375
5639898125.0,	0.029644012451171875,	0.06552505493164062
5639906250.0,	0.02909088134765625,	0.06637954711914062
5639914375.0,	0.029148101806640625,	0.06573104858398438
5639922500.0,	0.031528472900390625,	0.06530380249023438
5639930625.0,	0.0308685302734375,	0.06678390502929688
5639938750.0,	0.032440185546875,	0.06827926635742188
5639946875.0,	0.032154083251953125,	0.06804275512695312
5639955000.0,	0.028827667236328125,	0.06756210327148438
5639963125.0,	0.031307220458984375,	0.0674591064453125
5639971250.0,	0.0311431884765625,	0.06930160522460938
5639979375.0,	0.032634735107421875,	0.06903076171875
5639987500.0,	0.031414031982421875,	0.07086563110351562
5639995625.0,	0.030605316162109375,	0.066986083984375
5640003750.0,	0.032070159912109375,	0.06762313842773438
5640011875.0,	0.031208038330078125,	0.06821441650390625
5640020000.0,	0.031177520751953125,	0.07007980346679688
5640028125.0,	0.0335693359375,	0.07024383544921875
5640036250.0,	0.03411865234375,	0.06903839111328125
5640044375.0,	0.0345916748046875,	0.06870269775390625
5640052500.0,	0.03328704833984375,	0.07026290893554688
5640060625.0,	0.03220367431640625,	0.07131576538085938
5640068750.0,	0.033111572265625,	0.06980133056640625
5640076875.0,	0.03311920166015625,	0.07318496704101562
5640085000.0,	0.032665252685546875,	0.0711212158203125
5640093125.0,	0.032688140869140625,	0.0720062255859375
5640101250.0,	0.034938812255859375,	0.07110595703125
5640109375.0,	0.034778594970703125,	0.07363510131835938
5640117500.0,	0.034862518310546875,	0.07314300537109375
5640125625.0,	0.03427886962890625,	0.07547760009765625
5640133750.0,	0.032978057861328125,	0.07091903686523438
5640141875.0,	0.034786224365234375,	0.0730133056640625
5640150000.0,	0.03435516357421875,	0.0755615234375
5640158125.0,	0.03469085693359375,	0.073394775390625
5640166250.0,	0.035121917724609375,	0.0736083984375
5640174375.0,	0.036273956298828125,	0.07384109497070312
5640182500.0,	0.03692626953125,	0.07488250732421875
5640190625.0,	0.035308837890625,	0.07454299926757812
5640198750.0,	0.03496551513671875,	0.07223892211914062
5640206875.0,	0.037860870361328125,	0.07452011108398438
5640215000.0,	0.035369873046875,	0.07427978515625
5640223125.0,	0.036350250244140625,	0.07335662841796875
5640231250.0,	0.037494659423828125,	0.07645416259765625
5640239375.0,	0.037700653076171875,	0.07423019409179688
5640247500.0,	0.035648345947265625,	0.0758514404296875
5640255625.0,	0.037479400634765625,	0.07339096069335938
5640263750.0,	0.038066864013671875,	0.07500839233398438
5640271875.0,	0.0374755859375,	0.07532882690429688
5640280000.0,	0.038394927978515625,	0.07571029663085938
5640288125.0,	0.038494110107421875,	0.07631301879882812
5640296250.0,	0.037628173828125,	0.07705307006835938
5640304375.0,	0.037303924560546875,	0.0770721435546875
5640312500.0,	0.035877227783203125,	0.07659912109375
5640320625.0,	0.036891937255859375,	0.0763702392578125
5640328750.0,	0.0389251708984375,	0.0771636962890625
5640336875.0,	0.03821563720703125,	0.0772857666015625
5640345000.0,	0.037593841552734375,	0.077880859375
5640353125.0,	0.039417266845703125,	0.07722091674804688
5640361250.0,	0.038898468017578125,	0.0767669677734375
5640369375.0,	0.041141510009765625,	0.07682418823242188
5640377500.0,	0.03879547119140625,	0.075775146484375
5640385625.0,	0.040348052978515625,	0.07814788818359375
5640393750.0,	0.040771484375,	0.0792388916015625
5640401875.0,	0.039463043212890625,	0.079498291015625
5640410000.0,	0.03968048095703125,	0.07901763916015625
5640418125.0,	0.03942108154296875,	0.07856369018554688
5640426250.0,	0.041736602783203125,	0.0797271728515625
5640434375.0,	0.041900634765625,	0.07884597778320312
5640442500.0,	0.040645599365234375,	0.08063125610351562
5640450625.0,	0.0396575927734375,	0.07820892333984375
5640458750.0,	0.04251861572265625,	0.0800628662109375
5640466875.0,	0.039947509765625,	0.08127212524414062
5640475000.0,	0.040340423583984375,	0.08000564575195312
5640483125.0,	0.042812347412109375,	0.07902908325195312
5640491250.0,	0.03937530517578125,	0.0796356201171875
5640499375.0,	0.043834686279296875,	0.08165359497070312
5640507500.0,	0.04091644287109375,	0.08030319213867188
5640515625.0,	0.0434722900390625,	0.08123016357421875
5640523750.0,	0.042911529541015625,	0.08143234252929688
5640531875.0,	0.043056488037109375,	0.08266067504882812
5640540000.0,	0.04437255859375,	0.08062744140625
5640548125.0,	0.0433807373046875,	0.079498291015625
5640556250.0,	0.041568756103515625,	0.08250045776367188
5640564375.0,	0.04317474365234375,	0.08063507080078125
5640572500.0,	0.04351043701171875,	0.08094406127929688
5640580625.0,	0.043331146240234375,	0.08112716674804688
5640588750.0,	0.041980743408203125,	0.0818634033203125
5640596875.0,	0.04367828369140625,	0.08395004272460938
5640605000.0,	0.042949676513671875,	0.08380889892578125
5640613125.0,	0.043170928955078125,	0.08249664306640625
5640621250.0,	0.0443572998046875,	0.08208084106445312
5640629375.0,	0.044887542724609375,	0.081695556640625
5640637500.0,	0.043407440185546875,	0.08145523071289062
5640645625.0,	0.042999267578125,	0.0853118896484375
5640653750.0,	0.04441070556640625,	0.0831298828125
5640661875.0,	0.0450897216796875,	0.08267974853515625
5640670000.0,	0.04270172119140625,	0.08043670654296875
5640678125.0,	0.045520782470703125,	0.08295822143554688
5640686250.0,	0.046337127685546875,	0.08158111572265625
5640694375.0,	0.044147491455078125,	0.081787109375
5640702500.0,	0.04523468017578125,	0.0807952880859375
5640710625.0,	0.04668426513671875,	0.08303070068359375
5640718750.0,	0.046276092529296875,	0.08387374877929688
5640726875.0,	0.042911529541015625,	0.08555221557617188
5640735000.0,	0.045070648193359375,	0.08435821533203125
5640743125.0,	0.045352935791015625,	0.08530044555664062
5640751250.0,	0.0468292236328125,	0.08494186401367188
5640759375.0,	0.04515838623046875,	0.0846405029296875
5640767500.0,	0.04557037353515625,	0.08383560180664062
5640775625.0,	0.046031951904296875,	0.08532333374023438
5640783750.0,	0.04627227783203125,	0.084228515625
5640791875.0,	0.046138763427734375,	0.0849456787109375
5640800000.0,	0.0457611083984375,	0.08567428588867188
5640808125.0,	0.0460662841796875,	0.08514785766601562
5640816250.0,	0.049526214599609375,	0.08269882202148438
5640824375.0,	0.049755096435546875,	0.08507919311523438
5640832500.0,	0.046260833740234375,	0.08729934692382812
5640840625.0,	0.047695159912109375,	0.08571624755859375
5640848750.0,	0.046550750732421875,	0.083099365234375
5640856875.0,	0.047916412353515625,	0.08720779418945312
5640865000.0,	0.04632568359375,	0.08437347412109375
5640873125.0,	0.04631805419921875,	0.08353042602539062
5640881250.0,	0.04803466796875,	0.08652877807617188
5640889375.0,	0.04900360107421875,	0.086029052734375
5640897500.0,	0.0498809814453125,	0.08665084838867188
5640905625.0,	0.046894073486328125,	0.08453369140625
5640913750.0,	0.0471343994140625,	0.08851242065429688
5640921875.0,	0.047367095947265625,	0.0855712890625
5640930000.0,	0.048404693603515625,	0.08609771728515625
5640938125.0,	0.04712677001953125,	0.08573532104492188
5640946250.0,	0.047077178955078125,	0.08581161499023438
5640954375.0,	0.049053192138671875,	0.08680343627929688
5640962500.0,	0.04911041259765625,	0.08702850341796875
5640970625.0,	0.049716949462890625,	0.08630752563476562
5640978750.0,	0.048534393310546875,	0.0865325927734375
5640986875.0,	0.05036163330078125,	0.08634185791015625
5640995000.0,	0.0503692626953125,	0.08450698852539062
5641003125.0,	0.05035400390625,	0.08646774291992188
5641011250.0,	0.0500640869140625,	0.087066650390625
5641019375.0,	0.05072784423828125,	0.08667755126953125
5641027500.0,	0.050052642822265625,	0.08826065063476562
5641035625.0,	0.05145263671875,	0.08776092529296875
5641043750.0,	0.048198699951171875,	0.08770751953125
5641051875.0,	0.050868988037109375,	0.08620452880859375
5641060000.0,	0.051860809326171875,	0.08754730224609375
5641068125.0,	0.051914215087890625,	0.08876419067382812
5641076250.0,	0.050251007080078125,	0.08625030517578125
5641084375.0,	0.050807952880859375,	0.08728790283203125
5641092500.0,	0.049991607666015625,	0.08877944946289062
5641100625.0,	0.049724578857421875,	0.08589553833007812
5641108750.0,	0.049823760986328125,	0.08765411376953125
5641116875.0,	0.050205230712890625,	0.08695602416992188
5641125000.0,	0.050571441650390625,	0.086395263671875
5641133125.0,	0.0515594482421875,	0.08794403076171875
5641141250.0,	0.051544189453125,	0.08600616455078125
5641149375.0,	0.05196380615234375,	0.089385986328125
5641157500.0,	0.05322265625,	0.08963394165039062
5641165625.0,	0.05217742919921875,	0.08809280395507812
5641173750.0,	0.052593231201171875,	0.087921142578125
5641181875.0,	0.051753997802734375,	0.08667755126953125
5641190000.0,	0.053112030029296875,	0.08904266357421875
5641198125.0,	0.053012847900390625,	0.08860397338867188
5641206250.0,	0.053802490234375,	0.0901947021484375
5641214375.0,	0.05272674560546875,	0.08964157104492188
5641222500.0,	0.05213165283203125,	0.08859634399414062
5641230625.0,	0.052822113037109375,	0.08840560913085938
5641238750.0,	0.05268096923828125,	0.08962631225585938
5641246875.0,	0.054111480712890625,	0.0888824462890625
5641255000.0,	0.052539825439453125,	0.09001922607421875
5641263125.0,	0.051300048828125,	0.08943939208984375
5641271250.0,	0.054656982421875,	0.08993911743164062
5641279375.0,	0.054187774658203125,	0.08754730224609375
5641287500.0,	0.053821563720703125,	0.08672714233398438
5641295625.0,	0.05245208740234375,	0.08684921264648438
5641303750.0,	0.05496978759765625,	0.08869171142578125
5641311875.0,	0.05464935302734375,	0.08856201171875
5641320000.0,	0.05406951904296875,	0.0897369384765625
5641328125.0,	0.054660797119140625,	0.09009933471679688
5641336250.0,	0.053943634033203125,	0.08823776245117188
5641344375.0,	0.05310821533203125,	0.09063339233398438
5641352500.0,	0.053009033203125,	0.09009933471679688
5641360625.0,	0.055309295654296875,	0.09071731567382812
5641368750.0,	0.054615020751953125,	0.0897064208984375
5641376875.0,	0.054973602294921875,	0.08987045288085938
5641385000.0,	0.0526885986328125,	0.09124755859375
5641393125.0,	0.054363250732421875,	0.09237289428710938
5641401250.0,	0.05442047119140625,	0.09128952026367188
5641409375.0,	0.05295562744140625,	0.09043121337890625
5641417500.0,	0.055431365966796875,	0.08959197998046875
5641425625.0,	0.052600860595703125,	0.09058380126953125
5641433750.0,	0.05399322509765625,	0.0908203125
5641441875.0,	0.05544281005859375,	0.09054183959960938
5641450000.0,	0.0564117431640625,	0.08823394775390625
5641458125.0,	0.0565948486328125,	0.09025955200195312
5641466250.0,	0.054218292236328125,	0.09125518798828125
5641474375.0,	0.055450439453125,	0.09119033813476562
5641482500.0,	0.055385589599609375,	0.0898284912109375
5641490625.0,	0.0570831298828125,	0.08994674682617188
5641498750.0,	0.05605316162109375,	0.09077835083007812
5641506875.0,	0.056087493896484375,	0.09076309204101562
5641515000.0,	0.0563812255859375,	0.0903472900390625
5641523125.0,	0.054920196533203125,	0.09195327758789062
5641531250.0,	0.056880950927734375,	0.08974456787109375
5641539375.0,	0.0562744140625,	0.09064102172851562
5641547500.0,	0.05748748779296875,	0.09123992919921875
5641555625.0,	0.05767822265625,	0.08934402465820312
5641563750.0,	0.05648040771484375,	0.09045028686523438
5641571875.0,	0.058475494384765625,	0.09004592895507812
5641580000.0,	0.05696868896484375,	0.09011459350585938
5641588125.0,	0.05600738525390625,	0.0907440185546875
5641596250.0,	0.056640625,	0.08964920043945312
5641604375.0,	0.05699920654296875,	0.09260940551757812
5641612500.0,	0.05759429931640625,	0.09255599975585938
5641620625.0,	0.05783843994140625,	0.08951568603515625
5641628750.0,	0.057361602783203125,	0.088043212890625
5641636875.0,	0.056488037109375,	0.09185028076171875
5641645000.0,	0.0572967529296875,	0.091522216796875
5641653125.0,	0.05655670166015625,	0.0920562744140625
5641661250.0,	0.05944061279296875,	0.09135055541992188
5641669375.0,	0.058185577392578125,	0.09132766723632812
5641677500.0,	0.05695343017578125,	0.0926666259765625
5641685625.0,	0.059906005859375,	0.09070205688476562
5641693750.0,	0.05902099609375,	0.09201431274414062
5641701875.0,	0.059841156005859375,	0.08983612060546875
5641710000.0,	0.057285308837890625,	0.091461181640625
5641718125.0,	0.0592041015625,	0.09320068359375
5641726250.0,	0.05837249755859375,	0.09149551391601562
5641734375.0,	0.057735443115234375,	0.09192276000976562
5641742500.0,	0.058643341064453125,	0.09262466430664062
5641750625.0,	0.0592498779296875,	0.0907135009765625
5641758750.0,	0.059230804443359375,	0.0897674560546875
5641766875.0,	0.0566558837890625,	0.09397506713867188
5641775000.0,	0.06006622314453125,	0.0914764404296875
5641783125.0,	0.058040618896484375,	0.09282684326171875
5641791250.0,	0.057842254638671875,	0.0912322998046875
5641799375.0,	0.060703277587890625,	0.09384918212890625
5641807500.0,	0.057216644287109375,	0.09286880493164062
5641815625.0,	0.05976104736328125,	0.09139633178710938
5641823750.0,	0.060085296630859375,	0.0915985107421875
5641831875.0,	0.058933258056640625,	0.09050750732421875
5641840000.0,	0.060546875,	0.09166717529296875
5641848125.0,	0.05750274658203125,	0.09405517578125
5641856250.0,	0.0594024658203125,	0.09186553955078125
5641864375.0,	0.0597076416015625,	0.09235382080078125
5641872500.0,	0.059581756591796875,	0.09333038330078125
5641880625.0,	0.062896728515625,	0.09326171875
5641888750.0,	0.0615692138671875,	0.0922088623046875
5641896875.0,	0.058475494384765625,	0.09357833862304688
5641905000.0,	0.059299468994140625,	0.0921783447265625
5641913125.0,	0.06063079833984375,	0.09369277954101562
5641921250.0,	0.0605010986328125,	0.09186553955078125
5641929375.0,	0.0617218017578125,	0.09176254272460938
5641937500.0,	0.06035614013671875,	0.09288406372070312
5641945625.0,	0.059719085693359375,	0.09195327758789062
5641953750.0,	0.06032562255859375,	0.09344482421875
5641961875.0,	0.060329437255859375,	0.09222030639648438
5641970000.0,	0.05979156494140625,	0.09188079833984375
5641978125.0,	0.059123992919921875,	0.093231201171875
5641986250.0,	0.06107330322265625,	0.09483718872070312
5641994375.0,	0.062255859375,	0.09231185913085938
5642002500.0,	0.061767578125,	0.09174728393554688
5642010625.0,	0.06130218505859375,	0.0928802490234375
5642018750.0,	0.061344146728515625,	0.09196853637695312
5642026875.0,	0.061702728271484375,	0.09257125854492188
5642035000.0,	0.060245513916015625,	0.09326171875
5642043125.0,	0.060222625732421875,	0.09214401245117188
5642051250.0,	0.061511993408203125,	0.09428024291992188
5642059375.0,	0.06180572509765625,	0.093902587890625
5642067500.0,	0.062213897705078125,	0.09461593627929688
5642075625.0,	0.06367874145507812,	0.09407424926757812
5642083750.0,	0.061130523681640625,	0.0916595458984375
5642091875.0,	0.0630950927734375,	0.0909271240234375
5642100000.0,	0.06296920776367188,	0.0945892333984375
5642108125.0,	0.060726165771484375,	0.09197998046875
5642116250.0,	0.062389373779296875,	0.09168624877929688
5642124375.0,	0.06273651123046875,	0.09511566162109375
5642132500.0,	0.06168365478515625,	0.09328842163085938
5642140625.0,	0.060466766357421875,	0.09223556518554688
5642148750.0,	0.060665130615234375,	0.09302902221679688
5642156875.0,	0.06140899658203125,	0.09375381469726562
5642165000.0,	0.0636444091796875,	0.09285354614257812
5642173125.0,	0.06446456909179688,	0.09474563598632812
5642181250.0,	0.06212615966796875,	0.09225845336914062
5642189375.0,	0.063934326171875,	0.09391403198242188
5642197500.0,	0.06169891357421875,	0.09518814086914062
5642205625.0,	0.06426620483398438,	0.09438705444335938
5642213750.0,	0.06281661987304688,	0.09621429443359375
5642221875.0,	0.06355667114257812,	0.09513473510742188
5642230000.0,	0.0635833740234375,	0.09421539306640625
5642238125.0,	0.0632781982421875,	0.09467315673828125
5642246250.0,	0.06480789184570312,	0.09340667724609375
5642254375.0,	0.061065673828125,	0.09276962280273438
5642262500.0,	0.06293869018554688,	0.09206390380859375
5642270625.0,	0.06451034545898438,	0.09316253662109375
5642278750.0,	0.06468582153320312,	0.09374618530273438
5642286875.0,	0.06451034545898438,	0.09340667724609375
5642295000.0,	0.0621795654296875,	0.09471511840820312
5642303125.0,	0.06352615356445312,	0.0930328369140625
5642311250.0,	0.06393051147460938,	0.09497451782226562
5642319375.0,	0.062713623046875,	0.09449386596679688
5642327500.0,	0.06432342529296875,	0.09356307983398438
5642335625.0,	0.06500625610351562,	0.09452056884765625
5642343750.0,	0.06400680541992188,	0.09556198120117188
5642351875.0,	0.06137847900390625,	0.09532546997070312
5642360000.0,	0.06366348266601562,	0.09512710571289062
5642368125.0,	0.064178466796875,	0.09421539306640625
5642376250.0,	0.06439208984375,	0.09302902221679688
5642384375.0,	0.06591796875,	0.09393310546875
5642392500.0,	0.06560897827148438,	0.094635009765625
5642400625.0,	0.06695556640625,	0.09431076049804688
5642408750.0,	0.0648193359375,	0.09354782104492188
5642416875.0,	0.06545257568359375,	0.09591293334960938
5642425000.0,	0.06280899047851562,	0.09100341796875
5642433125.0,	0.0631256103515625,	0.09593582153320312
5642441250.0,	0.0662384033203125,	0.09445571899414062
5642449375.0,	0.06587600708007812,	0.09351348876953125
5642457500.0,	0.06251907348632812,	0.09590530395507812
5642465625.0,	0.06470108032226562,	0.09397506713867188
5642473750.0,	0.06591415405273438,	0.094970703125
5642481875.0,	0.06491470336914062,	0.09553146362304688
5642490000.0,	0.0651397705078125,	0.09492111206054688
5642498125.0,	0.06496429443359375,	0.09310150146484375
5642506250.0,	0.06616592407226562,	0.09366989135742188
5642514375.0,	0.0654144287109375,	0.09444427490234375
5642522500.0,	0.06467056274414062,	0.09490203857421875
5642530625.0,	0.063720703125,	0.09348678588867188
5642538750.0,	0.0659637451171875,	0.09257888793945312
5642546875.0,	0.06492233276367188,	0.09542465209960938
5642555000.0,	0.06777191162109375,	0.092041015625
5642563125.0,	0.06588363647460938,	0.09511947631835938
5642571250.0,	0.06480026245117188,	0.09378814697265625
5642579375.0,	0.0658111572265625,	0.09638595581054688
5642587500.0,	0.06699371337890625,	0.09439849853515625
5642595625.0,	0.06501388549804688,	0.09651565551757812
5642603750.0,	0.06671142578125,	0.09534454345703125
5642611875.0,	0.066131591796875,	0.09500885009765625
5642620000.0,	0.0652008056640625,	0.09516525268554688
5642628125.0,	0.0650482177734375,	0.0958404541015625
5642636250.0,	0.06805038452148438,	0.09547042846679688
5642644375.0,	0.06538772583007812,	0.09468460083007812
5642652500.0,	0.06600189208984375,	0.09273147583007812
5642660625.0,	0.06710433959960938,	0.09658050537109375
5642668750.0,	0.06444549560546875,	0.09352874755859375
5642676875.0,	0.06550216674804688,	0.09302902221679688
5642685000.0,	0.06815338134765625,	0.0956573486328125
5642693125.0,	0.06679153442382812,	0.09563446044921875
5642701250.0,	0.06715011596679688,	0.09501266479492188
5642709375.0,	0.06603240966796875,	0.09481430053710938
5642717500.0,	0.06754684448242188,	0.09421920776367188
5642725625.0,	0.06734466552734375,	0.09492874145507812
5642733750.0,	0.06667709350585938,	0.09261703491210938
5642741875.0,	0.06697463989257812,	0.09578323364257812
5642750000.0,	0.06801223754882812,	0.09417724609375
5642758125.0,	0.06635665893554688,	0.09765625
5642766250.0,	0.0669403076171875,	0.09608078002929688
5642774375.0,	0.0677642822265625,	0.09433746337890625
5642782500.0,	0.06837081909179688,	0.09539794921875
5642790625.0,	0.06637191772460938,	0.0956878662109375
5642798750.0,	0.06927490234375,	0.094573974609375
5642806875.0,	0.06762313842773438,	0.09480667114257812
5642815000.0,	0.0689849853515625,	0.09782028198242188
5642823125.0,	0.0662384033203125,	0.09360122680664062
5642831250.0,	0.06586074829101562,	0.09527969360351562
5642839375.0,	0.06744384765625,	0.093353271484375
5642847500.0,	0.06746292114257812,	0.09333038330078125
5642855625.0,	0.06487655639648438,	0.095062255859375
5642863750.0,	0.06885147094726562,	0.09601211547851562
5642871875.0,	0.06732940673828125,	0.09547805786132812
5642880000.0,	0.069000244140625,	0.0932159423828125
5642888125.0,	0.0675811767578125,	0.09525299072265625
5642896250.0,	0.06638717651367188,	0.09499740600585938
5642904375.0,	0.06887054443359375,	0.09462738037109375
5642912500.0,	0.068206787109375,	0.094696044921875
5642920625.0,	0.06927871704101562,	0.09603500366210938
5642928750.0,	0.0691680908203125,	0.09598541259765625
5642936875.0,	0.0678558349609375,	0.09551239013671875
5642945000.0,	0.06858062744140625,	0.09534072875976562
5642953125.0,	0.06835174560546875,	0.09495162963867188
5642961250.0,	0.06895065307617188,	0.09723281860351562
5642969375.0,	0.0684051513671875,	0.09775161743164062
5642977500.0,	0.068084716796875,	0.09474945068359375
5642985625.0,	0.06779861450195312,	0.09663009643554688
5642993750.0,	0.06831741333007812,	0.09612655639648438
5643001875.0,	0.0688629150390625,	0.09418869018554688
5643010000.0,	0.06950759887695312,	0.09609222412109375
5643018125.0,	0.06821060180664062,	0.09377670288085938
5643026250.0,	0.06869888305664062,	0.096160888671875
5643034375.0,	0.06902313232421875,	0.09662246704101562
5643042500.0,	0.07054519653320312,	0.09528350830078125
5643050625.0,	0.07054901123046875,	0.0967559814453125
5643058750.0,	0.07029342651367188,	0.09391021728515625
5643066875.0,	0.07090377807617188,	0.09598922729492188
5643075000.0,	0.06879043579101562,	0.09656143188476562
5643083125.0,	0.07015228271484375,	0.09500885009765625
5643091250.0,	0.06890869140625,	0.09462738037109375
5643099375.0,	0.06841659545898438,	0.09552764892578125
5643107500.0,	0.07025527954101562,	0.0948638916015625
5643115625.0,	0.07004547119140625,	0.09686660766601562
5643123750.0,	0.06839752197265625,	0.09766387939453125
5643131875.0,	0.069671630859375,	0.0950164794921875
5643140000.0,	0.06931304931640625,	0.0966796875
5643148125.0,	0.06978988647460938,	0.09491348266601562
5643156250.0,	0.06696701049804688,	0.09479904174804688
5643164375.0,	0.07117843627929688,	0.09704208374023438
5643172500.0,	0.07078170776367188,	0.09337234497070312
5643180625.0,	0.0702362060546875,	0.0960540771484375
5643188750.0,	0.06927871704101562,	0.09640884399414062
5643196875.0,	0.06987380981445312,	0.09686660766601562
5643205000.0,	0.07061386108398438,	0.0943450927734375
5643213125.0,	0.07005691528320312,	0.09584808349609375
5643221250.0,	0.07229995727539062,	0.09646224975585938
5643229375.0,	0.07125091552734375,	0.09627151489257812
5643237500.0,	0.07238388061523438,	0.09724044799804688
5643245625.0,	0.07027816772460938,	0.09564208984375
5643253750.0,	0.06919097900390625,	0.0947723388671875
5643261875.0,	0.07061767578125,	0.09502410888671875
5643270000.0,	0.07070159912109375,	0.09666061401367188
5643278125.0,	0.07151031494140625,	0.09574127197265625
5643286250.0,	0.0699310302734375,	0.09637451171875
5643294375.0,	0.06937789916992188,	0.09576416015625
5643302500.0,	0.071502685546875,	0.09503173828125
5643310625.0,	0.07187271118164062,	0.09594345092773438
5643318750.0,	0.0707550048828125,	0.09679412841796875
5643326875.0,	0.07111358642578125,	0.09494400024414062
5643335000.0,	0.06799697875976562,	0.09541702270507812
5643343125.0,	0.07086944580078125,	0.09738922119140625
5643351250.0,	0.07052230834960938,	0.09722137451171875
5643359375.0,	0.07046127319335938,	0.09677505493164062
5643367500.0,	0.06967926025390625,	0.0946044921875
5643375625.0,	0.06977081298828125,	0.09377288818359375
5643383750.0,	0.07060623168945312,	0.0961151123046875
5643391875.0,	0.07178497314453125,	0.09577178955078125
5643400000.0,	0.07234954833984375,	0.09484481811523438
5643408125.0,	0.07041549682617188,	0.09679031372070312
5643416250.0,	0.07112503051757812,	0.09570693969726562
5643424375.0,	0.06994247436523438,	0.09670639038085938
5643432500.0,	0.07049942016601562,	0.0951690673828125
5643440625.0,	0.07157516479492188,	0.09662246704101562
5643448750.0,	0.07254409790039062,	0.09363555908203125
5643456875.0,	0.07056045532226562,	0.0952301025390625
5643465000.0,	0.07047271728515625,	0.09631729125976562
5643473125.0,	0.07345962524414062,	0.09519577026367188
5643481250.0,	0.07267379760742188,	0.0958404541015625
5643489375.0,	0.07126998901367188,	0.09460067749023438
5643497500.0,	0.07162094116210938,	0.09461593627929688
5643505625.0,	0.0721282958984375,	0.09478759765625
5643513750.0,	0.07138442993164062,	0.09373855590820312
5643521875.0,	0.070587158203125,	0.09667587280273438
5643530000.0,	0.07117080688476562,	0.09416580200195312
5643538125.0,	0.07384872436523438,	0.09675216674804688
5643546250.0,	0.07201766967773438,	0.09407806396484375
5643554375.0,	0.07323455810546875,	0.095916748046875
5643562500.0,	0.0718536376953125,	0.09634017944335938
5643570625.0,	0.0718536376953125,	0.0965423583984375
5643578750.0,	0.07147598266601562,	0.09519195556640625
5643586875.0,	0.07097625732421875,	0.09521102905273438
5643595000.0,	0.07308197021484375,	0.09337997436523438
5643603125.0,	0.07218551635742188,	0.0962677001953125
5643611250.0,	0.07205581665039062,	0.09759521484375
5643619375.0,	0.07446670532226562,	0.09690475463867188
5643627500.0,	0.07334136962890625,	0.09637451171875
5643635625.0,	0.07366180419921875,	0.09511947631835938
5643643750.0,	0.07151412963867188,	0.09391403198242188
5643651875.0,	0.07099151611328125,	0.0967559814453125
5643660000.0,	0.0733642578125,	0.09746551513671875
5643668125.0,	0.07446670532226562,	0.0939788818359375
5643676250.0,	0.07459259033203125,	0.09434127807617188
5643684375.0,	0.07115554809570312,	0.09627151489257812
5643692500.0,	0.0708770751953125,	0.09563827514648438
5643700625.0,	0.0737762451171875,	0.09837722778320312
5643708750.0,	0.073516845703125,	0.09619140625
5643716875.0,	0.073974609375,	0.09706878662109375
5643725000.0,	0.07344818115234375,	0.09929656982421875
5643733125.0,	0.07159805297851562,	0.09705734252929688
5643741250.0,	0.07382965087890625,	0.0953216552734375
5643749375.0,	0.07277679443359375,	0.09699249267578125
5643757500.0,	0.07291030883789062,	0.09711074829101562
5643765625.0,	0.07121658325195312,	0.09576797485351562
5643773750.0,	0.072906494140625,	0.09752655029296875
5643781875.0,	0.07294082641601562,	0.09627532958984375
5643790000.0,	0.07208633422851562,	0.0941009521484375
5643798125.0,	0.07414627075195312,	0.09702682495117188
5643806250.0,	0.07234954833984375,	0.09473419189453125
5643814375.0,	0.07605743408203125,	0.0956878662109375
5643822500.0,	0.0733184814453125,	0.096435546875
5643830625.0,	0.07165145874023438,	0.09459304809570312
5643838750.0,	0.07504653930664062,	0.09653091430664062
5643846875.0,	0.073760986328125,	0.09554290771484375
5643855000.0,	0.0736541748046875,	0.09604263305664062
5643863125.0,	0.07614898681640625,	0.0966644287109375
5643871250.0,	0.07297897338867188,	0.09547805786132812
5643879375.0,	0.07464981079101562,	0.09577178955078125
5643887500.0,	0.07198715209960938,	0.09746932983398438
5643895625.0,	0.07299041748046875,	0.09899139404296875
5643903750.0,	0.075836181640625,	0.09640121459960938
5643911875.0,	0.07249832153320312,	0.09658050537109375
5643920000.0,	0.07359695434570312,	0.09498977661132812
5643928125.0,	0.0740203857421875,	0.09618377685546875
5643936250.0,	0.07354736328125,	0.09565353393554688
5643944375.0,	0.07323837280273438,	0.09477615356445312
5643952500.0,	0.07405471801757812,	0.09502792358398438
5643960625.0,	0.07500076293945312,	0.09811782836914062
5643968750.0,	0.07249832153320312,	0.09608078002929688
5643976875.0,	0.0741119384765625,	0.09459686279296875
5643985000.0,	0.07347869873046875,	0.09508895874023438
5643993125.0,	0.07250213623046875,	0.09571456909179688
5644001250.0,	0.07410812377929688,	0.0975494384765625
5644009375.0,	0.07463836669921875,	0.09633636474609375
5644017500.0,	0.07414627075195312,	0.09437179565429688
5644025625.0,	0.0745849609375,	0.09603500366210938
5644033750.0,	0.07493209838867188,	0.09339141845703125
5644041875.0,	0.076904296875,	0.09718704223632812
5644050000.0,	0.07293701171875,	0.09564208984375
5644058125.0,	0.07350540161132812,	0.09753799438476562
5644066250.0,	0.07526779174804688,	0.09770584106445312
5644074375.0,	0.074493408203125,	0.09629440307617188
5644082500.0,	0.07439422607421875,	0.0946807861328125
5644090625.0,	0.07459640502929688,	0.09383392333984375
5644098750.0,	0.0751800537109375,	0.09716033935546875
5644106875.0,	0.07413864135742188,	0.09611129760742188
5644115000.0,	0.07321929931640625,	0.09454345703125
5644123125.0,	0.07504653930664062,	0.09531402587890625
5644131250.0,	0.07457351684570312,	0.09734344482421875
5644139375.0,	0.07324981689453125,	0.096160888671875
5644147500.0,	0.0777587890625,	0.09619140625
5644155625.0,	0.0764617919921875,	0.0975799560546875
5644163750.0,	0.07495498657226562,	0.0965576171875
5644171875.0,	0.07504653930664062,	0.095672607421875
5644180000.0,	0.07241058349609375,	0.09819412231445312
5644188125.0,	0.07487869262695312,	0.09566879272460938
5644196250.0,	0.07733154296875,	0.09783935546875
5644204375.0,	0.07598876953125,	0.09678268432617188
5644212500.0,	0.07687759399414062,	0.09643936157226562
5644220625.0,	0.07470321655273438,	0.09594345092773438
5644228750.0,	0.0742034912109375,	0.09564971923828125
5644236875.0,	0.07425689697265625,	0.0956878662109375
5644245000.0,	0.07207870483398438,	0.09621429443359375
5644253125.0,	0.0754547119140625,	0.09521102905273438
5644261250.0,	0.07733917236328125,	0.09627914428710938
5644269375.0,	0.07403182983398438,	0.09605789184570312
5644277500.0,	0.07823944091796875,	0.09735870361328125
5644285625.0,	0.07508087158203125,	0.09737777709960938
5644293750.0,	0.07550430297851562,	0.0972137451171875
5644301875.0,	0.07510757446289062,	0.09645462036132812
5644310000.0,	0.0765228271484375,	0.09614944458007812
5644318125.0,	0.07845306396484375,	0.09647369384765625
5644326250.0,	0.07550048828125,	0.09664154052734375
5644334375.0,	0.07567214965820312,	0.09680938720703125
5644342500.0,	0.07491302490234375,	0.09775161743164062
5644350625.0,	0.07682037353515625,	0.09680938720703125
5644358750.0,	0.07513046264648438,	0.0964202880859375
5644366875.0,	0.07583999633789062,	0.0972137451171875
5644375000.0,	0.07707977294921875,	0.09673309326171875
5644383125.0,	0.07581710815429688,	0.09557723999023438
5644391250.0,	0.07523345947265625,	0.096649169921875
5644399375.0,	0.07762908935546875,	0.0952911376953125
5644407500.0,	0.07675933837890625,	0.09337997436523438
5644415625.0,	0.07707977294921875,	0.09746551513671875
5644423750.0,	0.0748291015625,	0.09782028198242188
5644431875.0,	0.07535171508789062,	0.09586715698242188
5644440000.0,	0.07718276977539062,	0.09752655029296875
5644448125.0,	0.0772247314453125,	0.09699249267578125
5644456250.0,	0.07450485229492188,	0.09651565551757812
5644464375.0,	0.07601165771484375,	0.09633636474609375
5644472500.0,	0.07669830322265625,	0.09655380249023438
5644480625.0,	0.07789230346679688,	0.09545135498046875
5644488750.0,	0.07744598388671875,	0.09855270385742188
5644496875.0,	0.07485580444335938,	0.0955963134765625
5644505000.0,	0.07552719116210938,	0.09707260131835938
5644513125.0,	0.07604598999023438,	0.09619140625
5644521250.0,	0.07866287231445312,	0.09656524658203125
5644529375.0,	0.07796859741210938,	0.0961151123046875
5644537500.0,	0.07635116577148438,	0.09482955932617188
5644545625.0,	0.0751953125,	0.0977783203125
5644553750.0,	0.07725143432617188,	0.0952606201171875
5644561875.0,	0.07527542114257812,	0.0960235595703125
5644570000.0,	0.07743072509765625,	0.0968780517578125
5644578125.0,	0.0791168212890625,	0.09935760498046875
5644586250.0,	0.07721710205078125,	0.09539794921875
5644594375.0,	0.07666015625,	0.09610366821289062
5644602500.0,	0.07513427734375,	0.09491729736328125
5644610625.0,	0.07466506958007812,	0.09473800659179688
5644618750.0,	0.0756072998046875,	0.097747802734375
5644626875.0,	0.07757568359375,	0.09687042236328125
5644635000.0,	0.07713699340820312,	0.09353256225585938
5644643125.0,	0.07500457763671875,	0.09652328491210938
5644651250.0,	0.07776260375976562,	0.0957489013671875
5644659375.0,	0.07806015014648438,	0.09763336181640625
5644667500.0,	0.0771942138671875,	0.09594345092773438
5644675625.0,	0.07822799682617188,	0.09854888916015625
5644683750.0,	0.07803726196289062,	0.095428466796875
5644691875.0,	0.07794570922851562,	0.09424591064453125
5644700000.0,	0.07748794555664062,	0.0958251953125
5644708125.0,	0.07820510864257812,	0.097747802734375
5644716250.0,	0.07805252075195312,	0.09607696533203125
5644724375.0,	0.07886886596679688,	0.09647750854492188
5644732500.0,	0.076507568359375,	0.09650039672851562
5644740625.0,	0.07826614379882812,	0.09604644775390625
5644748750.0,	0.07708358764648438,	0.0966033935546875
5644756875.0,	0.07952499389648438,	0.09835433959960938
5644765000.0,	0.07884597778320312,	0.09693527221679688
5644773125.0,	0.0768280029296875,	0.09465789794921875
5644781250.0,	0.076416015625,	0.0963897705078125
5644789375.0,	0.07859039306640625,	0.09730148315429688
5644797500.0,	0.0783843994140625,	0.09674453735351562
5644805625.0,	0.07889938354492188,	0.09806442260742188
5644813750.0,	0.0781097412109375,	0.09625625610351562
5644821875.0,	0.07785415649414062,	0.09666061401367188
5644830000.0,	0.07889175415039062,	0.09822845458984375
5644838125.0,	0.07694244384765625,	0.096527099609375
5644846250.0,	0.07720184326171875,	0.0970001220703125
5644854375.0,	0.07910919189453125,	0.0960540771484375
5644862500.0,	0.07799530029296875,	0.09698104858398438
5644870625.0,	0.07737350463867188,	0.09476089477539062
5644878750.0,	0.07786178588867188,	0.09556961059570312
5644886875.0,	0.07869720458984375,	0.09685897827148438
5644895000.0,	0.077545166015625,	0.09554672241210938
5644903125.0,	0.07789230346679688,	0.09533309936523438
5644911250.0,	0.07816696166992188,	0.09599685668945312
5644919375.0,	0.07857513427734375,	0.09588623046875
5644927500.0,	0.07645416259765625,	0.09559249877929688
5644935625.0,	0.07849502563476562,	0.09466552734375
5644943750.0,	0.07863616943359375,	0.09738922119140625
5644951875.0,	0.08129119873046875,	0.09636306762695312
5644960000.0,	0.08031845092773438,	0.09830856323242188
5644968125.0,	0.078765869140625,	0.09820175170898438
5644976250.0,	0.07818603515625,	0.09615707397460938
5644984375.0,	0.0771636962890625,	0.09753799438476562
5644992500.0,	0.07843399047851562,	0.09692001342773438
5645000625.0,	0.07873916625976562,	0.09641265869140625
5645008750.0,	0.08041763305664062,	0.096832275390625
5645016875.0,	0.07954025268554688,	0.09638595581054688
5645025000.0,	0.08004379272460938,	0.09561538696289062
5645033125.0,	0.078643798828125,	0.09664154052734375
5645041250.0,	0.0790252685546875,	0.09416580200195312
5645049375.0,	0.07654571533203125,	0.09556961059570312
5645057500.0,	0.07765579223632812,	0.09542465209960938
5645065625.0,	0.0775146484375,	0.09545135498046875
5645073750.0,	0.07833480834960938,	0.09778213500976562
5645081875.0,	0.08064651489257812,	0.09488296508789062
5645090000.0,	0.07990264892578125,	0.095001220703125
5645098125.0,	0.07748031616210938,	0.09796524047851562
5645106250.0,	0.07836151123046875,	0.09780502319335938
5645114375.0,	0.07830047607421875,	0.09693145751953125
5645122500.0,	0.07882308959960938,	0.09598159790039062
5645130625.0,	0.07830047607421875,	0.09625625610351562
5645138750.0,	0.07907867431640625,	0.09481048583984375
5645146875.0,	0.0805816650390625,	0.09762954711914062
5645155000.0,	0.07894134521484375,	0.09716033935546875
5645163125.0,	0.07867431640625,	0.09816360473632812
5645171250.0,	0.08030319213867188,	0.09601974487304688
5645179375.0,	0.07765579223632812,	0.0955963134765625
5645187500.0,	0.07917022705078125,	0.09665679931640625
5645195625.0,	0.07856369018554688,	0.09676361083984375
5645203750.0,	0.07980728149414062,	0.09727096557617188
5645211875.0,	0.08023834228515625,	0.09540939331054688
5645220000.0,	0.08028793334960938,	0.09655380249023438
5645228125.0,	0.079315185546875,	0.09539031982421875
5645236250.0,	0.08007049560546875,	0.097808837890625
5645244375.0,	0.07709121704101562,	0.09602737426757812
5645252500.0,	0.07986831665039062,	0.0963897705078125
5645260625.0,	0.07931900024414062,	0.096771240234375
5645268750.0,	0.080078125,	0.09646224975585938
5645276875.0,	0.07992172241210938,	0.09673690795898438
5645285000.0,	0.08116912841796875,	0.09605026245117188
5645293125.0,	0.07864761352539062,	0.09661102294921875
5645301250.0,	0.08063125610351562,	0.09784317016601562
5645309375.0,	0.08058547973632812,	0.094085693359375
5645317500.0,	0.07944107055664062,	0.09784698486328125
5645325625.0,	0.08015060424804688,	0.096282958984375
5645333750.0,	0.0805511474609375,	0.096343994140625
5645341875.0,	0.0789947509765625,	0.09732437133789062
5645350000.0,	0.07923126220703125,	0.09847640991210938
5645358125.0,	0.08063888549804688,	0.09809112548828125
5645366250.0,	0.08060073852539062,	0.09442138671875
5645374375.0,	0.07926177978515625,	0.0955963134765625
5645382500.0,	0.08067703247070312,	0.09457015991210938
5645390625.0,	0.07851791381835938,	0.09483718872070312
5645398750.0,	0.0806884765625,	0.09549713134765625
5645406875.0,	0.08060836791992188,	0.0956573486328125
5645415000.0,	0.07899093627929688,	0.096893310546875
5645423125.0,	0.07951736450195312,	0.094268798828125
5645431250.0,	0.07984161376953125,	0.09394073486328125
5645439375.0,	0.08179473876953125,	0.09724807739257812
5645447500.0,	0.08007049560546875,	0.09595108032226562
5645455625.0,	0.08177947998046875,	0.09453201293945312
5645463750.0,	0.07686614990234375,	0.0972137451171875
5645471875.0,	0.07996749877929688,	0.09639358520507812
5645480000.0,	0.07869720458984375,	0.09649276733398438
5645488125.0,	0.07921218872070312,	0.09760284423828125
5645496250.0,	0.080108642578125,	0.09515762329101562
5645504375.0,	0.0808258056640625,	0.09545135498046875
5645512500.0,	0.08068084716796875,	0.0957183837890625
5645520625.0,	0.08054351806640625,	0.0966339111328125
5645528750.0,	0.0831146240234375,	0.09592819213867188
5645536875.0,	0.0806884765625,	0.09588623046875
5645545000.0,	0.07897567749023438,	0.09581375122070312
5645553125.0,	0.08130264282226562,	0.0973052978515625
5645561250.0,	0.0821990966796875,	0.0959930419921875
5645569375.0,	0.07829666137695312,	0.09685516357421875
5645577500.0,	0.08072662353515625,	0.09668731689453125
5645585625.0,	0.0805511474609375,	0.0953216552734375
5645593750.0,	0.07953643798828125,	0.09598541259765625
5645601875.0,	0.08031463623046875,	0.09450149536132812
5645610000.0,	0.0790863037109375,	0.09688949584960938
5645618125.0,	0.08024215698242188,	0.09383010864257812
5645626250.0,	0.08060455322265625,	0.095703125
5645634375.0,	0.07924270629882812,	0.09666824340820312
5645642500.0,	0.08174514770507812,	0.09595489501953125
5645650625.0,	0.08116912841796875,	0.09605789184570312
5645658750.0,	0.08029937744140625,	0.097381591796875
5645666875.0,	0.08180999755859375,	0.096588134765625
5645675000.0,	0.08014297485351562,	0.0966339111328125
5645683125.0,	0.08096694946289062,	0.09401321411132812
5645691250.0,	0.08040618896484375,	0.0950469970703125
5645699375.0,	0.0823516845703125,	0.09654998779296875
5645707500.0,	0.08218765258789062,	0.09798049926757812
5645715625.0,	0.080718994140625,	0.0923004150390625
5645723750.0,	0.08074951171875,	0.09637451171875
5645731875.0,	0.081817626953125,	0.096282958984375
5645740000.0,	0.08179855346679688,	0.09600830078125
5645748125.0,	0.07979583740234375,	0.09478378295898438
5645756250.0,	0.08255767822265625,	0.09704208374023438
5645764375.0,	0.08078765869140625,	0.09747314453125
5645772500.0,	0.08014678955078125,	0.09670639038085938
5645780625.0,	0.07912063598632812,	0.09572982788085938
5645788750.0,	0.07979583740234375,	0.09624862670898438
5645796875.0,	0.08195114135742188,	0.09496307373046875
5645805000.0,	0.08008575439453125,	0.09463882446289062
5645813125.0,	0.08223724365234375,	0.095489501953125
5645821250.0,	0.08112335205078125,	0.0983123779296875
5645829375.0,	0.0815582275390625,	0.09700775146484375
5645837500.0,	0.08099746704101562,	0.094573974609375
5645845625.0,	0.08066558837890625,	0.0962066650390625
5645853750.0,	0.08082199096679688,	0.09416961669921875
5645861875.0,	0.0800933837890625,	0.09439468383789062
5645870000.0,	0.08077239990234375,	0.09485244750976562
5645878125.0,	0.08052825927734375,	0.09580230712890625
5645886250.0,	0.0811767578125,	0.09522628784179688
5645894375.0,	0.08015823364257812,	0.09478759765625
5645902500.0,	0.08165740966796875,	0.09556961059570312
5645910625.0,	0.08182144165039062,	0.0961456298828125
5645918750.0,	0.08135223388671875,	0.09403228759765625
5645926875.0,	0.08308792114257812,	0.096832275390625
5645935000.0,	0.08130264282226562,	0.09608840942382812
5645943125.0,	0.08208847045898438,	0.09556961059570312
5645951250.0,	0.08162307739257812,	0.09427261352539062
5645959375.0,	0.081085205078125,	0.09531784057617188
5645967500.0,	0.08173370361328125,	0.0963897705078125
5645975625.0,	0.08279800415039062,	0.094940185546875
5645983750.0,	0.08137130737304688,	0.09575653076171875
5645991875.0,	0.0816497802734375,	0.09653472900390625
5646000000.0,	0.08171844482421875,	0.096435546875
