5375009375.0,	0.06486892700195312,	0.055225372314453125
5375018750.0,	0.06548690795898438,	0.0529632568359375
5375028125.0,	0.06695938110351562,	0.054424285888671875
5375037500.0,	0.06602096557617188,	0.053668975830078125
5375046875.0,	0.06685638427734375,	0.0528411865234375
5375056250.0,	0.06679534912109375,	0.053478240966796875
5375065625.0,	0.06494903564453125,	0.0531005859375
5375075000.0,	0.06631088256835938,	0.053119659423828125
5375084375.0,	0.06785964965820312,	0.0542755126953125
5375093750.0,	0.06857681274414062,	0.05223846435546875
5375103125.0,	0.06686782836914062,	0.0529937744140625
5375112500.0,	0.068267822265625,	0.053867340087890625
5375121875.0,	0.06733322143554688,	0.051483154296875
5375131250.0,	0.06688690185546875,	0.053485870361328125
5375140625.0,	0.06653213500976562,	0.05318450927734375
5375150000.0,	0.0663299560546875,	0.05376434326171875
5375159375.0,	0.06558609008789062,	0.054187774658203125
5375168750.0,	0.06689834594726562,	0.05419158935546875
5375178125.0,	0.06724929809570312,	0.05267333984375
5375187500.0,	0.0675506591796875,	0.053173065185546875
5375196875.0,	0.06531906127929688,	0.05287933349609375
5375206250.0,	0.06563568115234375,	0.053836822509765625
5375215625.0,	0.06655120849609375,	0.052120208740234375
5375225000.0,	0.0666351318359375,	0.0525970458984375
5375234375.0,	0.0647430419921875,	0.053668975830078125
5375243750.0,	0.06618881225585938,	0.05289459228515625
5375253125.0,	0.06824111938476562,	0.0547027587890625
5375262500.0,	0.06623077392578125,	0.051464080810546875
5375271875.0,	0.06647491455078125,	0.05455780029296875
5375281250.0,	0.066802978515625,	0.0543365478515625
5375290625.0,	0.0671234130859375,	0.05487060546875
5375300000.0,	0.06531143188476562,	0.05300140380859375
5375309375.0,	0.06783676147460938,	0.052490234375
5375318750.0,	0.06718826293945312,	0.054111480712890625
5375328125.0,	0.06654739379882812,	0.0523834228515625
5375337500.0,	0.0655517578125,	0.05511474609375
5375346875.0,	0.0670928955078125,	0.05289459228515625
5375356250.0,	0.06666183471679688,	0.05138397216796875
5375365625.0,	0.06598281860351562,	0.053699493408203125
5375375000.0,	0.06653594970703125,	0.05274200439453125
5375384375.0,	0.06895065307617188,	0.05279541015625
5375393750.0,	0.068084716796875,	0.05406951904296875
5375403125.0,	0.06768035888671875,	0.053195953369140625
5375412500.0,	0.067535400390625,	0.0547943115234375
5375421875.0,	0.06642532348632812,	0.055873870849609375
5375431250.0,	0.06638717651367188,	0.053676605224609375
5375440625.0,	0.06834793090820312,	0.052516937255859375
5375450000.0,	0.0681915283203125,	0.051532745361328125
5375459375.0,	0.06983184814453125,	0.053775787353515625
5375468750.0,	0.067169189453125,	0.052494049072265625
5375478125.0,	0.06680679321289062,	0.051578521728515625
5375487500.0,	0.068267822265625,	0.05377197265625
5375496875.0,	0.07077407836914062,	0.05374908447265625
5375506250.0,	0.06870269775390625,	0.05271148681640625
5375515625.0,	0.06659698486328125,	0.05445098876953125
5375525000.0,	0.06930923461914062,	0.053218841552734375
5375534375.0,	0.06724166870117188,	0.053066253662109375
5375543750.0,	0.0673065185546875,	0.054668426513671875
5375553125.0,	0.06926345825195312,	0.054370880126953125
5375562500.0,	0.06946563720703125,	0.054355621337890625
5375571875.0,	0.06873321533203125,	0.053470611572265625
5375581250.0,	0.06697463989257812,	0.054912567138671875
5375590625.0,	0.06719970703125,	0.052631378173828125
5375600000.0,	0.06735992431640625,	0.052471160888671875
5375609375.0,	0.0678253173828125,	0.0523834228515625
5375618750.0,	0.068115234375,	0.054027557373046875
5375628125.0,	0.0678253173828125,	0.053142547607421875
5375637500.0,	0.06728363037109375,	0.054958343505859375
5375646875.0,	0.0679779052734375,	0.05208587646484375
5375656250.0,	0.0656280517578125,	0.051479339599609375
5375665625.0,	0.06785202026367188,	0.0540313720703125
5375675000.0,	0.06541824340820312,	0.051910400390625
5375684375.0,	0.06955337524414062,	0.0521240234375
5375693750.0,	0.06833267211914062,	0.055431365966796875
5375703125.0,	0.06724166870117188,	0.053752899169921875
5375712500.0,	0.0671234130859375,	0.053241729736328125
5375721875.0,	0.06958389282226562,	0.053073883056640625
5375731250.0,	0.0692596435546875,	0.053989410400390625
5375740625.0,	0.06979751586914062,	0.05182647705078125
5375750000.0,	0.0704345703125,	0.051914215087890625
5375759375.0,	0.06912612915039062,	0.05364990234375
5375768750.0,	0.0687255859375,	0.053802490234375
5375778125.0,	0.06880569458007812,	0.052410125732421875
5375787500.0,	0.0678863525390625,	0.05428314208984375
5375796875.0,	0.06722259521484375,	0.053699493408203125
5375806250.0,	0.0682830810546875,	0.05425262451171875
5375815625.0,	0.06889724731445312,	0.053943634033203125
5375825000.0,	0.06911087036132812,	0.052310943603515625
5375834375.0,	0.06888961791992188,	0.052997589111328125
5375843750.0,	0.067138671875,	0.053928375244140625
5375853125.0,	0.06854248046875,	0.05228424072265625
5375862500.0,	0.0667877197265625,	0.05336761474609375
5375871875.0,	0.06657028198242188,	0.052974700927734375
5375881250.0,	0.06839752197265625,	0.05300140380859375
5375890625.0,	0.06914901733398438,	0.05268096923828125
5375900000.0,	0.06772613525390625,	0.0561981201171875
5375909375.0,	0.06568527221679688,	0.053615570068359375
5375918750.0,	0.06875991821289062,	0.05353546142578125
5375928125.0,	0.06802749633789062,	0.052158355712890625
5375937500.0,	0.06731033325195312,	0.05535125732421875
5375946875.0,	0.06757354736328125,	0.053863525390625
5375956250.0,	0.06594467163085938,	0.05173492431640625
5375965625.0,	0.06795883178710938,	0.0527801513671875
5375975000.0,	0.06914138793945312,	0.05560302734375
5375984375.0,	0.06821060180664062,	0.05353546142578125
5375993750.0,	0.07013702392578125,	0.052738189697265625
5376003125.0,	0.07090377807617188,	0.054363250732421875
5376012500.0,	0.0666351318359375,	0.054355621337890625
5376021875.0,	0.06880950927734375,	0.05319976806640625
5376031250.0,	0.06705474853515625,	0.05260467529296875
5376040625.0,	0.06993865966796875,	0.05347442626953125
5376050000.0,	0.06847000122070312,	0.05425262451171875
5376059375.0,	0.0658416748046875,	0.051975250244140625
5376068750.0,	0.06836318969726562,	0.05263519287109375
5376078125.0,	0.06926345825195312,	0.05224609375
5376087500.0,	0.06711196899414062,	0.05381011962890625
5376096875.0,	0.06764984130859375,	0.0545806884765625
5376106250.0,	0.06948089599609375,	0.053592681884765625
5376115625.0,	0.070709228515625,	0.052032470703125
5376125000.0,	0.06780624389648438,	0.05393218994140625
5376134375.0,	0.06973648071289062,	0.052097320556640625
5376143750.0,	0.06871795654296875,	0.05536651611328125
5376153125.0,	0.06963729858398438,	0.05149078369140625
5376162500.0,	0.0675506591796875,	0.05339813232421875
5376171875.0,	0.0694122314453125,	0.053775787353515625
5376181250.0,	0.06941986083984375,	0.0522613525390625
5376190625.0,	0.06849288940429688,	0.0546722412109375
5376200000.0,	0.069793701171875,	0.054180145263671875
5376209375.0,	0.07067489624023438,	0.052143096923828125
5376218750.0,	0.06845855712890625,	0.05108642578125
5376228125.0,	0.06781387329101562,	0.053890228271484375
5376237500.0,	0.06837081909179688,	0.0503692626953125
5376246875.0,	0.06890487670898438,	0.05506134033203125
5376256250.0,	0.06663131713867188,	0.053180694580078125
5376265625.0,	0.0666656494140625,	0.0555419921875
5376275000.0,	0.07028961181640625,	0.05359649658203125
5376284375.0,	0.06975936889648438,	0.053157806396484375
5376293750.0,	0.06939697265625,	0.05368804931640625
5376303125.0,	0.06801223754882812,	0.052520751953125
5376312500.0,	0.0683135986328125,	0.0532989501953125
5376321875.0,	0.07191085815429688,	0.05435943603515625
5376331250.0,	0.06826019287109375,	0.05435943603515625
5376340625.0,	0.06754302978515625,	0.0522003173828125
5376350000.0,	0.0706939697265625,	0.0517120361328125
5376359375.0,	0.0696563720703125,	0.05524444580078125
5376368750.0,	0.0689544677734375,	0.053127288818359375
5376378125.0,	0.07086944580078125,	0.05484771728515625
5376387500.0,	0.06817626953125,	0.05301666259765625
5376396875.0,	0.070068359375,	0.052974700927734375
5376406250.0,	0.07147979736328125,	0.05593109130859375
5376415625.0,	0.07126235961914062,	0.052867889404296875
5376425000.0,	0.07111740112304688,	0.053150177001953125
5376434375.0,	0.07089614868164062,	0.052764892578125
5376443750.0,	0.06968307495117188,	0.052631378173828125
5376453125.0,	0.06901931762695312,	0.05207061767578125
5376462500.0,	0.07063674926757812,	0.051967620849609375
5376471875.0,	0.0699462890625,	0.05352783203125
5376481250.0,	0.06969070434570312,	0.052600860595703125
5376490625.0,	0.06871795654296875,	0.053371429443359375
5376500000.0,	0.07184600830078125,	0.0534820556640625
5376509375.0,	0.06985092163085938,	0.052600860595703125
5376518750.0,	0.07033920288085938,	0.053863525390625
5376528125.0,	0.07027435302734375,	0.0542755126953125
5376537500.0,	0.0715789794921875,	0.053989410400390625
5376546875.0,	0.069976806640625,	0.0549163818359375
5376556250.0,	0.0724334716796875,	0.05197906494140625
5376565625.0,	0.06982040405273438,	0.054714202880859375
5376575000.0,	0.07110977172851562,	0.052410125732421875
5376584375.0,	0.07009124755859375,	0.053913116455078125
5376593750.0,	0.06866455078125,	0.05274200439453125
5376603125.0,	0.0670928955078125,	0.05255889892578125
5376612500.0,	0.0706634521484375,	0.05263519287109375
5376621875.0,	0.07027816772460938,	0.053348541259765625
5376631250.0,	0.06901168823242188,	0.05219268798828125
5376640625.0,	0.07075119018554688,	0.0544891357421875
5376650000.0,	0.07174301147460938,	0.0531158447265625
5376659375.0,	0.07024765014648438,	0.0533447265625
5376668750.0,	0.071197509765625,	0.054473876953125
5376678125.0,	0.07134628295898438,	0.053142547607421875
5376687500.0,	0.06999969482421875,	0.05335235595703125
5376696875.0,	0.07124710083007812,	0.0539093017578125
5376706250.0,	0.06885528564453125,	0.052005767822265625
5376715625.0,	0.07193756103515625,	0.05255126953125
5376725000.0,	0.0704193115234375,	0.053173065185546875
5376734375.0,	0.07116317749023438,	0.052661895751953125
5376743750.0,	0.0708160400390625,	0.052947998046875
5376753125.0,	0.07027053833007812,	0.052490234375
5376762500.0,	0.07036209106445312,	0.054332733154296875
5376771875.0,	0.07172012329101562,	0.052398681640625
5376781250.0,	0.07091903686523438,	0.052921295166015625
5376790625.0,	0.0709686279296875,	0.05451202392578125
5376800000.0,	0.07051467895507812,	0.0503692626953125
5376809375.0,	0.07004928588867188,	0.052326202392578125
5376818750.0,	0.0693206787109375,	0.054172515869140625
5376828125.0,	0.06999588012695312,	0.05319976806640625
5376837500.0,	0.06992721557617188,	0.05435943603515625
5376846875.0,	0.0711669921875,	0.052616119384765625
5376856250.0,	0.07218170166015625,	0.0533905029296875
5376865625.0,	0.070892333984375,	0.0543670654296875
5376875000.0,	0.071624755859375,	0.052825927734375
5376884375.0,	0.0720367431640625,	0.052783966064453125
5376893750.0,	0.07231903076171875,	0.052204132080078125
5376903125.0,	0.07106781005859375,	0.052509307861328125
5376912500.0,	0.07212066650390625,	0.05229949951171875
5376921875.0,	0.0717620849609375,	0.05422210693359375
5376931250.0,	0.07178115844726562,	0.053112030029296875
5376940625.0,	0.07191848754882812,	0.055606842041015625
5376950000.0,	0.07166290283203125,	0.05341339111328125
5376959375.0,	0.07091522216796875,	0.054412841796875
5376968750.0,	0.07416915893554688,	0.05472564697265625
5376978125.0,	0.07147979736328125,	0.0520172119140625
5376987500.0,	0.07027053833007812,	0.0537872314453125
5376996875.0,	0.07098770141601562,	0.053676605224609375
5377006250.0,	0.07224273681640625,	0.053043365478515625
5377015625.0,	0.07175445556640625,	0.053295135498046875
5377025000.0,	0.071990966796875,	0.053466796875
5377034375.0,	0.07376480102539062,	0.05202484130859375
5377043750.0,	0.07096099853515625,	0.049167633056640625
5377053125.0,	0.07030487060546875,	0.050098419189453125
5377062500.0,	0.07345962524414062,	0.05167388916015625
5377071875.0,	0.07328033447265625,	0.05084991455078125
5377081250.0,	0.073486328125,	0.052150726318359375
5377090625.0,	0.0729522705078125,	0.05287933349609375
5377100000.0,	0.07313156127929688,	0.05228424072265625
5377109375.0,	0.0732269287109375,	0.051727294921875
5377118750.0,	0.071502685546875,	0.05328369140625
5377128125.0,	0.07221603393554688,	0.05362701416015625
5377137500.0,	0.07167434692382812,	0.054149627685546875
5377146875.0,	0.07217788696289062,	0.05120086669921875
5377156250.0,	0.07178878784179688,	0.054195404052734375
5377165625.0,	0.07198333740234375,	0.053981781005859375
5377175000.0,	0.07222366333007812,	0.052337646484375
5377184375.0,	0.07260894775390625,	0.051849365234375
5377193750.0,	0.07255935668945312,	0.052768707275390625
5377203125.0,	0.07268905639648438,	0.053844451904296875
5377212500.0,	0.07206344604492188,	0.0527496337890625
5377221875.0,	0.07389450073242188,	0.051723480224609375
5377231250.0,	0.07162857055664062,	0.0517120361328125
5377240625.0,	0.07557296752929688,	0.054737091064453125
5377250000.0,	0.074310302734375,	0.052478790283203125
5377259375.0,	0.073028564453125,	0.05129241943359375
5377268750.0,	0.0719757080078125,	0.05150604248046875
5377278125.0,	0.0723419189453125,	0.054347991943359375
5377287500.0,	0.07187652587890625,	0.0513458251953125
5377296875.0,	0.07376861572265625,	0.0529327392578125
5377306250.0,	0.07388687133789062,	0.053127288818359375
5377315625.0,	0.07457733154296875,	0.04897308349609375
5377325000.0,	0.07274246215820312,	0.051609039306640625
5377334375.0,	0.07308578491210938,	0.0512237548828125
5377343750.0,	0.07640457153320312,	0.052898406982421875
5377353125.0,	0.07461166381835938,	0.052371978759765625
5377362500.0,	0.07361221313476562,	0.0530853271484375
5377371875.0,	0.07421493530273438,	0.0532989501953125
5377381250.0,	0.07344436645507812,	0.05292510986328125
5377390625.0,	0.07542800903320312,	0.053447723388671875
5377400000.0,	0.07564163208007812,	0.051578521728515625
5377409375.0,	0.07385635375976562,	0.054286956787109375
5377418750.0,	0.07522201538085938,	0.051853179931640625
5377428125.0,	0.07402420043945312,	0.051944732666015625
5377437500.0,	0.07391738891601562,	0.051998138427734375
5377446875.0,	0.07599639892578125,	0.051570892333984375
5377456250.0,	0.07360458374023438,	0.052394866943359375
5377465625.0,	0.07391357421875,	0.0519866943359375
5377475000.0,	0.0762939453125,	0.05165863037109375
5377484375.0,	0.076019287109375,	0.0522003173828125
5377493750.0,	0.07512664794921875,	0.0533599853515625
5377503125.0,	0.07601165771484375,	0.05047607421875
5377512500.0,	0.07434844970703125,	0.05471038818359375
5377521875.0,	0.07369613647460938,	0.0517730712890625
5377531250.0,	0.07398223876953125,	0.0519561767578125
5377540625.0,	0.07525634765625,	0.054027557373046875
5377550000.0,	0.07497406005859375,	0.052379608154296875
5377559375.0,	0.07567977905273438,	0.051967620849609375
5377568750.0,	0.073822021484375,	0.052978515625
5377578125.0,	0.07331466674804688,	0.0519561767578125
5377587500.0,	0.0771331787109375,	0.049350738525390625
5377596875.0,	0.07552337646484375,	0.049945831298828125
5377606250.0,	0.07588958740234375,	0.051967620849609375
5377615625.0,	0.07781600952148438,	0.053386688232421875
5377625000.0,	0.0758514404296875,	0.05078125
5377634375.0,	0.07557296752929688,	0.0522918701171875
5377643750.0,	0.07789993286132812,	0.051418304443359375
5377653125.0,	0.07419204711914062,	0.051250457763671875
5377662500.0,	0.07478713989257812,	0.05025482177734375
5377671875.0,	0.07866287231445312,	0.050197601318359375
5377681250.0,	0.07578277587890625,	0.05233001708984375
5377690625.0,	0.07611465454101562,	0.052459716796875
5377700000.0,	0.078704833984375,	0.05347442626953125
5377709375.0,	0.07811355590820312,	0.05001068115234375
5377718750.0,	0.076263427734375,	0.05141448974609375
5377728125.0,	0.077056884765625,	0.053623199462890625
5377737500.0,	0.07724761962890625,	0.050434112548828125
5377746875.0,	0.07661056518554688,	0.052577972412109375
5377756250.0,	0.074859619140625,	0.049896240234375
5377765625.0,	0.07640457153320312,	0.048534393310546875
5377775000.0,	0.07769012451171875,	0.050777435302734375
5377784375.0,	0.076904296875,	0.050342559814453125
5377793750.0,	0.07724761962890625,	0.049793243408203125
5377803125.0,	0.07797622680664062,	0.052700042724609375
5377812500.0,	0.0772705078125,	0.052196502685546875
5377821875.0,	0.07652664184570312,	0.05171966552734375
5377831250.0,	0.0797576904296875,	0.04969024658203125
5377840625.0,	0.07694244384765625,	0.050075531005859375
5377850000.0,	0.0767822265625,	0.05152130126953125
5377859375.0,	0.07732391357421875,	0.05219268798828125
5377868750.0,	0.07799530029296875,	0.051387786865234375
5377878125.0,	0.07849502563476562,	0.050312042236328125
5377887500.0,	0.07886123657226562,	0.049190521240234375
5377896875.0,	0.07832717895507812,	0.049285888671875
5377906250.0,	0.07985687255859375,	0.05106353759765625
5377915625.0,	0.07818603515625,	0.049243927001953125
5377925000.0,	0.07808303833007812,	0.052387237548828125
5377934375.0,	0.07791900634765625,	0.051815032958984375
5377943750.0,	0.07820892333984375,	0.049770355224609375
5377953125.0,	0.07970428466796875,	0.050815582275390625
5377962500.0,	0.08052825927734375,	0.0490264892578125
5377971875.0,	0.08184432983398438,	0.0514373779296875
5377981250.0,	0.078948974609375,	0.048961639404296875
5377990625.0,	0.078826904296875,	0.0494232177734375
5378000000.0,	0.07790374755859375,	0.048633575439453125
5378009375.0,	0.07802200317382812,	0.050075531005859375
5378018750.0,	0.07833480834960938,	0.050914764404296875
5378028125.0,	0.08038330078125,	0.0499420166015625
5378037500.0,	0.07985305786132812,	0.0487060546875
5378046875.0,	0.080902099609375,	0.048664093017578125
5378056250.0,	0.07954788208007812,	0.0483856201171875
5378065625.0,	0.07933425903320312,	0.05078125
5378075000.0,	0.0807342529296875,	0.046966552734375
5378084375.0,	0.0777435302734375,	0.04778289794921875
5378093750.0,	0.080230712890625,	0.049587249755859375
5378103125.0,	0.08107376098632812,	0.049045562744140625
5378112500.0,	0.08181381225585938,	0.048656463623046875
5378121875.0,	0.08145523071289062,	0.048427581787109375
5378131250.0,	0.0813446044921875,	0.04693603515625
5378140625.0,	0.08129501342773438,	0.046916961669921875
5378150000.0,	0.07961654663085938,	0.048915863037109375
5378159375.0,	0.07912445068359375,	0.047954559326171875
5378168750.0,	0.08097076416015625,	0.0462646484375
5378178125.0,	0.07938003540039062,	0.04825592041015625
5378187500.0,	0.079437255859375,	0.047718048095703125
5378196875.0,	0.08315277099609375,	0.04692840576171875
5378206250.0,	0.0818328857421875,	0.049503326416015625
5378215625.0,	0.08290481567382812,	0.047267913818359375
5378225000.0,	0.08097076416015625,	0.04747772216796875
5378234375.0,	0.08278656005859375,	0.050662994384765625
5378243750.0,	0.07889938354492188,	0.046871185302734375
5378253125.0,	0.0847625732421875,	0.04730987548828125
5378262500.0,	0.08184814453125,	0.048542022705078125
5378271875.0,	0.08301925659179688,	0.0450897216796875
5378281250.0,	0.08373260498046875,	0.048076629638671875
5378290625.0,	0.08441925048828125,	0.04749298095703125
5378300000.0,	0.08243560791015625,	0.047908782958984375
5378309375.0,	0.08236312866210938,	0.051044464111328125
5378318750.0,	0.08387374877929688,	0.043704986572265625
5378328125.0,	0.08304977416992188,	0.047115325927734375
5378337500.0,	0.0833282470703125,	0.04610443115234375
5378346875.0,	0.08414459228515625,	0.0457763671875
5378356250.0,	0.082000732421875,	0.046222686767578125
5378365625.0,	0.08583450317382812,	0.0470733642578125
5378375000.0,	0.082855224609375,	0.045078277587890625
5378384375.0,	0.08485794067382812,	0.045391082763671875
5378393750.0,	0.08466720581054688,	0.046520233154296875
5378403125.0,	0.08391189575195312,	0.048328399658203125
5378412500.0,	0.08241653442382812,	0.045505523681640625
5378421875.0,	0.08285903930664062,	0.044429779052734375
5378431250.0,	0.08362579345703125,	0.043727874755859375
5378440625.0,	0.08557510375976562,	0.04479217529296875
5378450000.0,	0.08304595947265625,	0.04273223876953125
5378459375.0,	0.08527755737304688,	0.0467987060546875
5378468750.0,	0.08623504638671875,	0.044750213623046875
5378478125.0,	0.08606338500976562,	0.0440826416015625
5378487500.0,	0.08681488037109375,	0.042446136474609375
5378496875.0,	0.08490371704101562,	0.043560028076171875
5378506250.0,	0.08551788330078125,	0.043933868408203125
5378515625.0,	0.08517837524414062,	0.04413604736328125
5378525000.0,	0.08708953857421875,	0.042926788330078125
5378534375.0,	0.08537673950195312,	0.04400634765625
5378543750.0,	0.08745956420898438,	0.043476104736328125
5378553125.0,	0.08687973022460938,	0.04273223876953125
5378562500.0,	0.0840606689453125,	0.04286956787109375
5378571875.0,	0.08641815185546875,	0.04259490966796875
5378581250.0,	0.08702850341796875,	0.042049407958984375
5378590625.0,	0.08745574951171875,	0.042797088623046875
5378600000.0,	0.08890914916992188,	0.042530059814453125
5378609375.0,	0.08999252319335938,	0.0423126220703125
5378618750.0,	0.08701324462890625,	0.042926788330078125
5378628125.0,	0.0886993408203125,	0.042888641357421875
5378637500.0,	0.09081649780273438,	0.0417022705078125
5378646875.0,	0.08953094482421875,	0.041568756103515625
5378656250.0,	0.08870697021484375,	0.039760589599609375
5378665625.0,	0.08880233764648438,	0.04053497314453125
5378675000.0,	0.0880584716796875,	0.03804779052734375
5378684375.0,	0.09117507934570312,	0.038921356201171875
5378693750.0,	0.09011459350585938,	0.040851593017578125
5378703125.0,	0.08975982666015625,	0.03849029541015625
5378712500.0,	0.08909225463867188,	0.03816986083984375
5378721875.0,	0.08999252319335938,	0.03960418701171875
5378731250.0,	0.08992385864257812,	0.038722991943359375
5378740625.0,	0.09012603759765625,	0.036834716796875
5378750000.0,	0.08933258056640625,	0.0394134521484375
5378759375.0,	0.0910491943359375,	0.037139892578125
5378768750.0,	0.0912933349609375,	0.038135528564453125
5378778125.0,	0.091064453125,	0.03821563720703125
5378787500.0,	0.0916595458984375,	0.037326812744140625
5378796875.0,	0.09128570556640625,	0.036563873291015625
5378806250.0,	0.09206771850585938,	0.0370025634765625
5378815625.0,	0.0896759033203125,	0.03609466552734375
5378825000.0,	0.09220123291015625,	0.035953521728515625
5378834375.0,	0.09231948852539062,	0.0356597900390625
5378843750.0,	0.08943939208984375,	0.035491943359375
5378853125.0,	0.09440231323242188,	0.0343475341796875
5378862500.0,	0.09379959106445312,	0.03375244140625
5378871875.0,	0.0907135009765625,	0.03337860107421875
5378881250.0,	0.09199905395507812,	0.0339202880859375
5378890625.0,	0.09244918823242188,	0.033588409423828125
5378900000.0,	0.09399032592773438,	0.032970428466796875
5378909375.0,	0.09261703491210938,	0.033206939697265625
5378918750.0,	0.09307861328125,	0.033176422119140625
5378928125.0,	0.0921173095703125,	0.03148651123046875
5378937500.0,	0.09501266479492188,	0.030963897705078125
5378946875.0,	0.09348678588867188,	0.031368255615234375
5378956250.0,	0.09229278564453125,	0.028331756591796875
5378965625.0,	0.093994140625,	0.031017303466796875
5378975000.0,	0.09358596801757812,	0.0306396484375
5378984375.0,	0.09363174438476562,	0.028133392333984375
5378993750.0,	0.09392929077148438,	0.02820587158203125
5379003125.0,	0.09417343139648438,	0.02530670166015625
5379012500.0,	0.094146728515625,	0.026828765869140625
5379021875.0,	0.09317398071289062,	0.026950836181640625
5379031250.0,	0.09402847290039062,	0.026302337646484375
5379040625.0,	0.0962371826171875,	0.024471282958984375
5379050000.0,	0.09512710571289062,	0.0272979736328125
5379059375.0,	0.09662246704101562,	0.024135589599609375
5379068750.0,	0.09462356567382812,	0.023624420166015625
5379078125.0,	0.09389877319335938,	0.02222442626953125
5379087500.0,	0.09368515014648438,	0.022136688232421875
5379096875.0,	0.09421920776367188,	0.019557952880859375
5379106250.0,	0.09363937377929688,	0.022708892822265625
5379115625.0,	0.09449005126953125,	0.02027130126953125
5379125000.0,	0.09323883056640625,	0.020244598388671875
5379134375.0,	0.09322357177734375,	0.01862335205078125
5379143750.0,	0.09363937377929688,	0.01822662353515625
5379153125.0,	0.09461212158203125,	0.017566680908203125
5379162500.0,	0.0943450927734375,	0.016956329345703125
5379171875.0,	0.09288406372070312,	0.018463134765625
5379181250.0,	0.09503936767578125,	0.0172576904296875
5379190625.0,	0.092041015625,	0.017566680908203125
5379200000.0,	0.09222793579101562,	0.014312744140625
5379209375.0,	0.09403610229492188,	0.01477813720703125
5379218750.0,	0.09572601318359375,	0.0123138427734375
5379228125.0,	0.09272384643554688,	0.01351165771484375
5379237500.0,	0.0917816162109375,	0.01308441162109375
5379246875.0,	0.09285736083984375,	0.013027191162109375
5379256250.0,	0.0920257568359375,	0.011280059814453125
5379265625.0,	0.0920562744140625,	0.009998321533203125
5379275000.0,	0.09062957763671875,	0.007579803466796875
5379284375.0,	0.09249496459960938,	0.00848388671875
5379293750.0,	0.09050750732421875,	0.009464263916015625
5379303125.0,	0.09178543090820312,	0.0074310302734375
5379312500.0,	0.0890350341796875,	0.003025054931640625
5379321875.0,	0.08903121948242188,	0.006687164306640625
5379331250.0,	0.09086227416992188,	0.004840850830078125
5379340625.0,	0.08880233764648438,	0.003345489501953125
5379350000.0,	0.08962249755859375,	0.00511932373046875
5379359375.0,	0.08559799194335938,	-0.00165557861328125
5379368750.0,	0.087066650390625,	0.001094818115234375
5379378125.0,	0.08781814575195312,	-0.000263214111328125
5379387500.0,	0.08370208740234375,	0.000736236572265625
5379396875.0,	0.08331298828125,	0.0003814697265625
5379406250.0,	0.08408355712890625,	-0.001811981201171875
5379415625.0,	0.08580398559570312,	-0.002044677734375
5379425000.0,	0.08567047119140625,	-0.000331878662109375
5379434375.0,	0.08263778686523438,	-0.004611968994140625
5379443750.0,	0.082733154296875,	-0.006500244140625
5379453125.0,	0.07992935180664062,	-0.00534820556640625
5379462500.0,	0.08002090454101562,	-0.004413604736328125
5379471875.0,	0.0795745849609375,	-0.00460052490234375
5379481250.0,	0.0791015625,	-0.0047149658203125
5379490625.0,	0.07900238037109375,	-0.007160186767578125
5379500000.0,	0.07818222045898438,	-0.005352020263671875
5379509375.0,	0.07581329345703125,	-0.008281707763671875
5379518750.0,	0.07670211791992188,	-0.008823394775390625
5379528125.0,	0.07548904418945312,	-0.00791168212890625
5379537500.0,	0.07477188110351562,	-0.010936737060546875
5379546875.0,	0.07117843627929688,	-0.011112213134765625
5379556250.0,	0.07241058349609375,	-0.00945281982421875
5379565625.0,	0.07133102416992188,	-0.008991241455078125
5379575000.0,	0.0702972412109375,	-0.010456085205078125
5379584375.0,	0.06826400756835938,	-0.0123138427734375
5379593750.0,	0.06973648071289062,	-0.0099029541015625
5379603125.0,	0.06781387329101562,	-0.013580322265625
5379612500.0,	0.06756591796875,	-0.01202392578125
5379621875.0,	0.06723403930664062,	-0.013519287109375
5379631250.0,	0.06247901916503906,	-0.011022567749023438
5379640625.0,	0.06420135498046875,	-0.01145172119140625
5379650000.0,	0.06291961669921875,	-0.01055908203125
5379659375.0,	0.05931663513183594,	-0.010639190673828125
5379668750.0,	0.0609893798828125,	-0.013063430786132812
5379678125.0,	0.05803489685058594,	-0.010951995849609375
5379687500.0,	0.06095314025878906,	-0.011651992797851562
5379696875.0,	0.057769775390625,	-0.010747909545898438
5379706250.0,	0.05697822570800781,	-0.012559890747070312
5379715625.0,	0.05739784240722656,	-0.011980056762695312
5379725000.0,	0.05572700500488281,	-0.01195526123046875
5379734375.0,	0.053668975830078125,	-0.011232376098632812
5379743750.0,	0.05397224426269531,	-0.01181793212890625
5379753125.0,	0.05236053466796875,	-0.010406494140625
5379762500.0,	0.052097320556640625,	-0.010845184326171875
5379771875.0,	0.05292510986328125,	-0.008998870849609375
5379781250.0,	0.04958915710449219,	-0.009189605712890625
5379790625.0,	0.05150604248046875,	-0.012006759643554688
5379800000.0,	0.05089378356933594,	-0.009843826293945312
5379809375.0,	0.048213958740234375,	-0.01137542724609375
5379818750.0,	0.04945945739746094,	-0.008485794067382812
5379828125.0,	0.04717254638671875,	-0.007106781005859375
5379837500.0,	0.04686927795410156,	-0.008037567138671875
5379846875.0,	0.04631233215332031,	-0.009424209594726562
5379856250.0,	0.04509925842285156,	-0.008089065551757812
5379865625.0,	0.04498100280761719,	-0.009786605834960938
5379875000.0,	0.04345703125,	-0.00940704345703125
5379884375.0,	0.042812347412109375,	-0.007305145263671875
5379893750.0,	0.042449951171875,	-0.0069217681884765625
5379903125.0,	0.040950775146484375,	-0.006549835205078125
5379912500.0,	0.041614532470703125,	-0.0065441131591796875
5379921875.0,	0.04095649719238281,	-0.0055294036865234375
5379931250.0,	0.03863334655761719,	-0.006591796875
5379940625.0,	0.03821563720703125,	-0.0059986114501953125
5379950000.0,	0.038257598876953125,	-0.0053253173828125
5379959375.0,	0.03903388977050781,	-0.0042247772216796875
5379968750.0,	0.039012908935546875,	-0.005634307861328125
5379978125.0,	0.03793525695800781,	-0.0031452178955078125
5379987500.0,	0.03977775573730469,	-0.002185821533203125
5379996875.0,	0.035091400146484375,	-0.0032901763916015625
5380006250.0,	0.03649330139160156,	-0.0003261566162109375
5380015625.0,	0.035305023193359375,	-0.0011463165283203125
5380025000.0,	0.034748077392578125,	-0.001861572265625
5380034375.0,	0.03534698486328125,	0.0001583099365234375
5380043750.0,	0.034610748291015625,	-0.0007038116455078125
5380053125.0,	0.03417205810546875,	-0.0005855560302734375
5380062500.0,	0.032779693603515625,	0.0010395050048828125
5380071875.0,	0.03311347961425781,	0.00366973876953125
5380081250.0,	0.03283119201660156,	0.000499725341796875
5380090625.0,	0.03186798095703125,	0.0020580291748046875
5380100000.0,	0.032665252685546875,	0.0001049041748046875
5380109375.0,	0.03097248077392578,	0.003833770751953125
5380118750.0,	0.03183174133300781,	0.003765106201171875
5380128125.0,	0.03169059753417969,	0.003505706787109375
5380137500.0,	0.03071117401123047,	0.0037841796875
5380146875.0,	0.02960968017578125,	0.005839347839355469
5380156250.0,	0.02989959716796875,	0.006422996520996094
5380165625.0,	0.02812957763671875,	0.005015373229980469
5380175000.0,	0.030614852905273438,	0.00786590576171875
5380184375.0,	0.028573036193847656,	0.007361412048339844
5380193750.0,	0.028995513916015625,	0.007233619689941406
5380203125.0,	0.030242919921875,	0.00724029541015625
5380212500.0,	0.028743743896484375,	0.008807182312011719
5380221875.0,	0.028253555297851562,	0.008588790893554688
5380231250.0,	0.028263092041015625,	0.007411003112792969
5380240625.0,	0.029226303100585938,	0.010256767272949219
5380250000.0,	0.027862548828125,	0.009584426879882812
5380259375.0,	0.02562236785888672,	0.012200355529785156
5380268750.0,	0.025615692138671875,	0.012216567993164062
5380278125.0,	0.026869773864746094,	0.01241302490234375
5380287500.0,	0.027121543884277344,	0.012010574340820312
5380296875.0,	0.02723407745361328,	0.012951850891113281
5380306250.0,	0.026256561279296875,	0.012763023376464844
5380315625.0,	0.023988723754882812,	0.011767387390136719
5380325000.0,	0.027706146240234375,	0.012843132019042969
5380334375.0,	0.029763221740722656,	0.0126495361328125
5380343750.0,	0.026613235473632812,	0.014665603637695312
5380353125.0,	0.027701377868652344,	0.012990951538085938
5380362500.0,	0.026041030883789062,	0.014998435974121094
5380371875.0,	0.02735614776611328,	0.01743793487548828
5380381250.0,	0.025421142578125,	0.015506744384765625
5380390625.0,	0.0260772705078125,	0.01496124267578125
5380400000.0,	0.024811744689941406,	0.017333984375
5380409375.0,	0.024756431579589844,	0.01764202117919922
5380418750.0,	0.024658203125,	0.019745826721191406
5380428125.0,	0.025751113891601562,	0.017119407653808594
5380437500.0,	0.026592254638671875,	0.01809978485107422
5380446875.0,	0.023708343505859375,	0.01890277862548828
5380456250.0,	0.02475261688232422,	0.017580032348632812
5380465625.0,	0.02803516387939453,	0.020079612731933594
5380475000.0,	0.02637767791748047,	0.020951271057128906
5380484375.0,	0.02445220947265625,	0.02158832550048828
5380493750.0,	0.023987770080566406,	0.021162986755371094
5380503125.0,	0.02722644805908203,	0.022890090942382812
5380512500.0,	0.02231597900390625,	0.02242755889892578
5380521875.0,	0.024785995483398438,	0.02218151092529297
5380531250.0,	0.02631855010986328,	0.020239830017089844
5380540625.0,	0.024565696716308594,	0.02300739288330078
5380550000.0,	0.025396347045898438,	0.021767616271972656
5380559375.0,	0.02568531036376953,	0.023578643798828125
5380568750.0,	0.024507522583007812,	0.021796226501464844
5380578125.0,	0.024666786193847656,	0.02279186248779297
5380587500.0,	0.02471446990966797,	0.023351669311523438
5380596875.0,	0.02663707733154297,	0.025468826293945312
5380606250.0,	0.024913787841796875,	0.024542808532714844
5380615625.0,	0.025133132934570312,	0.02687549591064453
5380625000.0,	0.02781963348388672,	0.02518177032470703
5380634375.0,	0.025275230407714844,	0.028206825256347656
5380643750.0,	0.025400161743164062,	0.026566505432128906
5380653125.0,	0.02407550811767578,	0.02604961395263672
5380662500.0,	0.02607250213623047,	0.027505874633789062
5380671875.0,	0.02658367156982422,	0.026315689086914062
5380681250.0,	0.026124000549316406,	0.02778911590576172
5380690625.0,	0.024484634399414062,	0.024976730346679688
5380700000.0,	0.02533435821533203,	0.02980518341064453
5380709375.0,	0.027441024780273438,	0.027307510375976562
5380718750.0,	0.025632858276367188,	0.02756977081298828
5380728125.0,	0.026765823364257812,	0.029073715209960938
5380737500.0,	0.025257110595703125,	0.028794288635253906
5380746875.0,	0.025320053100585938,	0.028882980346679688
5380756250.0,	0.025781631469726562,	0.0297698974609375
5380765625.0,	0.027147293090820312,	0.02850818634033203
5380775000.0,	0.026477813720703125,	0.03198051452636719
5380784375.0,	0.026688575744628906,	0.03014087677001953
5380793750.0,	0.024394989013671875,	0.03126335144042969
5380803125.0,	0.024461746215820312,	0.03181266784667969
5380812500.0,	0.026721954345703125,	0.03143882751464844
5380821875.0,	0.026090621948242188,	0.03048419952392578
5380831250.0,	0.027406692504882812,	0.031673431396484375
5380840625.0,	0.028459548950195312,	0.034458160400390625
5380850000.0,	0.026414871215820312,	0.032497406005859375
5380859375.0,	0.027967453002929688,	0.031589508056640625
5380868750.0,	0.027675628662109375,	0.03182220458984375
5380878125.0,	0.0279388427734375,	0.03166007995605469
5380887500.0,	0.026088714599609375,	0.03295707702636719
5380896875.0,	0.028394699096679688,	0.03309440612792969
5380906250.0,	0.025302886962890625,	0.03326606750488281
5380915625.0,	0.027034759521484375,	0.03467750549316406
5380925000.0,	0.027872085571289062,	0.031833648681640625
5380934375.0,	0.028032302856445312,	0.03423309326171875
5380943750.0,	0.028097152709960938,	0.033123016357421875
5380953125.0,	0.03003692626953125,	0.03403282165527344
5380962500.0,	0.027101516723632812,	0.03638458251953125
5380971875.0,	0.027309417724609375,	0.033817291259765625
5380981250.0,	0.028863906860351562,	0.035594940185546875
5380990625.0,	0.028482437133789062,	0.03582572937011719
5381000000.0,	0.03105926513671875,	0.036376953125
5381009375.0,	0.026157379150390625,	0.03637123107910156
5381018750.0,	0.029664993286132812,	0.03676033020019531
5381028125.0,	0.030477523803710938,	0.03589820861816406
5381037500.0,	0.027917861938476562,	0.03697395324707031
5381046875.0,	0.02870941162109375,	0.03620338439941406
5381056250.0,	0.0275421142578125,	0.03759002685546875
5381065625.0,	0.028749465942382812,	0.03697395324707031
5381075000.0,	0.02899932861328125,	0.037139892578125
5381084375.0,	0.028516769409179688,	0.03697395324707031
5381093750.0,	0.02729034423828125,	0.03618049621582031
5381103125.0,	0.027418136596679688,	0.03700447082519531
5381112500.0,	0.028347015380859375,	0.03841400146484375
5381121875.0,	0.029216766357421875,	0.038112640380859375
5381131250.0,	0.02813720703125,	0.039752960205078125
5381140625.0,	0.030942916870117188,	0.03847503662109375
5381150000.0,	0.029232025146484375,	0.038898468017578125
5381159375.0,	0.027780532836914062,	0.0387725830078125
5381168750.0,	0.030103683471679688,	0.0399322509765625
5381178125.0,	0.030729293823242188,	0.03746223449707031
5381187500.0,	0.026378631591796875,	0.03917884826660156
5381196875.0,	0.028596878051757812,	0.04067230224609375
5381206250.0,	0.029195785522460938,	0.03901863098144531
5381215625.0,	0.029415130615234375,	0.04069328308105469
5381225000.0,	0.030633926391601562,	0.03978538513183594
5381234375.0,	0.028049468994140625,	0.04036712646484375
5381243750.0,	0.029874801635742188,	0.04152488708496094
5381253125.0,	0.030107498168945312,	0.03906440734863281
5381262500.0,	0.02911376953125,	0.04224967956542969
5381271875.0,	0.0291595458984375,	0.039798736572265625
5381281250.0,	0.028608322143554688,	0.04202461242675781
5381290625.0,	0.03092193603515625,	0.038066864013671875
5381300000.0,	0.03070831298828125,	0.04163360595703125
5381309375.0,	0.030033111572265625,	0.042057037353515625
5381318750.0,	0.030015945434570312,	0.04133415222167969
5381328125.0,	0.029638290405273438,	0.04048919677734375
5381337500.0,	0.03170013427734375,	0.04080963134765625
5381346875.0,	0.03049468994140625,	0.04112052917480469
5381356250.0,	0.02869415283203125,	0.04028511047363281
5381365625.0,	0.03198051452636719,	0.03970527648925781
5381375000.0,	0.029201507568359375,	0.04209136962890625
5381384375.0,	0.0293731689453125,	0.04005241394042969
5381393750.0,	0.029787063598632812,	0.042530059814453125
5381403125.0,	0.02811431884765625,	0.04399299621582031
5381412500.0,	0.031118392944335938,	0.04251289367675781
5381421875.0,	0.032566070556640625,	0.04248237609863281
5381431250.0,	0.030126571655273438,	0.040546417236328125
5381440625.0,	0.032100677490234375,	0.04137611389160156
5381450000.0,	0.0299072265625,	0.04143714904785156
5381459375.0,	0.03190040588378906,	0.04162025451660156
5381468750.0,	0.031726837158203125,	0.04119873046875
5381478125.0,	0.03426551818847656,	0.041477203369140625
5381487500.0,	0.0304107666015625,	0.04540061950683594
5381496875.0,	0.03161048889160156,	0.04384422302246094
5381506250.0,	0.03195762634277344,	0.042850494384765625
5381515625.0,	0.033565521240234375,	0.04250335693359375
5381525000.0,	0.02988433837890625,	0.04314422607421875
5381534375.0,	0.032451629638671875,	0.04559135437011719
5381543750.0,	0.030643463134765625,	0.04161643981933594
5381553125.0,	0.03389930725097656,	0.04548454284667969
5381562500.0,	0.03247642517089844,	0.0446319580078125
5381571875.0,	0.03179740905761719,	0.04199409484863281
5381581250.0,	0.03277015686035156,	0.04300689697265625
5381590625.0,	0.03106689453125,	0.04631805419921875
5381600000.0,	0.032623291015625,	0.04308319091796875
5381609375.0,	0.03342437744140625,	0.04474449157714844
5381618750.0,	0.033565521240234375,	0.044826507568359375
5381628125.0,	0.032958984375,	0.04680061340332031
5381637500.0,	0.03218650817871094,	0.045574188232421875
5381646875.0,	0.03207969665527344,	0.045131683349609375
5381656250.0,	0.03206443786621094,	0.04532432556152344
5381665625.0,	0.03414726257324219,	0.044605255126953125
5381675000.0,	0.033916473388671875,	0.04452705383300781
5381684375.0,	0.0339813232421875,	0.04547309875488281
5381693750.0,	0.03382110595703125,	0.0455474853515625
5381703125.0,	0.032619476318359375,	0.04532814025878906
5381712500.0,	0.03151512145996094,	0.04548835754394531
5381721875.0,	0.032012939453125,	0.04590606689453125
5381731250.0,	0.034564971923828125,	0.04455757141113281
5381740625.0,	0.033111572265625,	0.0445404052734375
5381750000.0,	0.033573150634765625,	0.04552459716796875
5381759375.0,	0.03403472900390625,	0.044055938720703125
5381768750.0,	0.03357505798339844,	0.0449981689453125
5381778125.0,	0.032817840576171875,	0.0443115234375
5381787500.0,	0.032947540283203125,	0.04468727111816406
5381796875.0,	0.03158378601074219,	0.04482460021972656
5381806250.0,	0.03427886962890625,	0.04344749450683594
5381815625.0,	0.03148078918457031,	0.04520416259765625
5381825000.0,	0.033756256103515625,	0.04759025573730469
5381834375.0,	0.03325462341308594,	0.04612541198730469
5381843750.0,	0.03380012512207031,	0.04630279541015625
5381853125.0,	0.03343772888183594,	0.044952392578125
5381862500.0,	0.03260612487792969,	0.04785728454589844
5381871875.0,	0.03380775451660156,	0.04693603515625
5381881250.0,	0.032917022705078125,	0.04784584045410156
5381890625.0,	0.03313636779785156,	0.046939849853515625
5381900000.0,	0.03502655029296875,	0.045101165771484375
5381909375.0,	0.034542083740234375,	0.04414176940917969
5381918750.0,	0.034275054931640625,	0.04765510559082031
5381928125.0,	0.03580284118652344,	0.0465087890625
5381937500.0,	0.03372001647949219,	0.045238494873046875
5381946875.0,	0.033477783203125,	0.04593849182128906
5381956250.0,	0.03488731384277344,	0.04730033874511719
5381965625.0,	0.032993316650390625,	0.04713630676269531
5381975000.0,	0.03380584716796875,	0.04659271240234375
5381984375.0,	0.03469276428222656,	0.04720115661621094
5381993750.0,	0.03409767150878906,	0.04679679870605469
5382003125.0,	0.03474617004394531,	0.046726226806640625
5382012500.0,	0.03426361083984375,	0.04839324951171875
5382021875.0,	0.03573417663574219,	0.047710418701171875
5382031250.0,	0.03336334228515625,	0.047550201416015625
5382040625.0,	0.033878326416015625,	0.046863555908203125
5382050000.0,	0.0359344482421875,	0.04520225524902344
5382059375.0,	0.03472328186035156,	0.04871177673339844
5382068750.0,	0.03433418273925781,	0.04822349548339844
5382078125.0,	0.03568458557128906,	0.04668426513671875
5382087500.0,	0.03548240661621094,	0.04777717590332031
5382096875.0,	0.034297943115234375,	0.048709869384765625
5382106250.0,	0.034160614013671875,	0.04636955261230469
5382115625.0,	0.0367279052734375,	0.0485992431640625
5382125000.0,	0.03497505187988281,	0.045475006103515625
5382134375.0,	0.03568077087402344,	0.04714012145996094
5382143750.0,	0.03617668151855469,	0.047809600830078125
5382153125.0,	0.0364532470703125,	0.047088623046875
5382162500.0,	0.03752326965332031,	0.049072265625
5382171875.0,	0.03435707092285156,	0.04784584045410156
5382181250.0,	0.03540611267089844,	0.04953765869140625
5382190625.0,	0.03420066833496094,	0.04842567443847656
5382200000.0,	0.03645896911621094,	0.04576683044433594
5382209375.0,	0.03594207763671875,	0.04683876037597656
5382218750.0,	0.033634185791015625,	0.047794342041015625
5382228125.0,	0.03617286682128906,	0.04760551452636719
5382237500.0,	0.03782844543457031,	0.047149658203125
5382246875.0,	0.03462791442871094,	0.0482940673828125
5382256250.0,	0.03735160827636719,	0.04906654357910156
5382265625.0,	0.03439521789550781,	0.05069732666015625
5382275000.0,	0.03642845153808594,	0.05018424987792969
5382284375.0,	0.0357666015625,	0.04817390441894531
5382293750.0,	0.03662109375,	0.04991340637207031
5382303125.0,	0.03438758850097656,	0.049388885498046875
5382312500.0,	0.034313201904296875,	0.048824310302734375
5382321875.0,	0.03594779968261719,	0.04944038391113281
5382331250.0,	0.03577423095703125,	0.04772758483886719
5382340625.0,	0.03719139099121094,	0.04996299743652344
5382350000.0,	0.035739898681640625,	0.04891014099121094
5382359375.0,	0.038982391357421875,	0.0495147705078125
5382368750.0,	0.0350189208984375,	0.048053741455078125
5382378125.0,	0.036449432373046875,	0.04998970031738281
5382387500.0,	0.037567138671875,	0.04822540283203125
5382396875.0,	0.03675079345703125,	0.04958152770996094
5382406250.0,	0.03664207458496094,	0.049533843994140625
5382415625.0,	0.03661918640136719,	0.04612541198730469
5382425000.0,	0.03783988952636719,	0.05041313171386719
5382434375.0,	0.03627777099609375,	0.04877281188964844
5382443750.0,	0.03826713562011719,	0.04981040954589844
5382453125.0,	0.03497314453125,	0.04940032958984375
5382462500.0,	0.037441253662109375,	0.050506591796875
5382471875.0,	0.03868293762207031,	0.04784393310546875
5382481250.0,	0.03739356994628906,	0.049835205078125
5382490625.0,	0.038936614990234375,	0.04581260681152344
5382500000.0,	0.03727912902832031,	0.04769325256347656
5382509375.0,	0.037296295166015625,	0.049297332763671875
5382518750.0,	0.03609466552734375,	0.0499267578125
5382528125.0,	0.037181854248046875,	0.04982948303222656
5382537500.0,	0.03844451904296875,	0.04813194274902344
5382546875.0,	0.038082122802734375,	0.048641204833984375
5382556250.0,	0.036529541015625,	0.049861907958984375
5382565625.0,	0.03904151916503906,	0.04931831359863281
5382575000.0,	0.035083770751953125,	0.051357269287109375
5382584375.0,	0.035594940185546875,	0.04728126525878906
5382593750.0,	0.038059234619140625,	0.04924201965332031
5382603125.0,	0.036624908447265625,	0.05175209045410156
5382612500.0,	0.038829803466796875,	0.04993438720703125
5382621875.0,	0.037868499755859375,	0.05006599426269531
5382631250.0,	0.03818511962890625,	0.04970741271972656
5382640625.0,	0.03748893737792969,	0.04946136474609375
5382650000.0,	0.03792762756347656,	0.04955863952636719
5382659375.0,	0.040248870849609375,	0.05008697509765625
5382668750.0,	0.0372314453125,	0.050495147705078125
5382678125.0,	0.03594017028808594,	0.05054473876953125
5382687500.0,	0.039478302001953125,	0.05152320861816406
5382696875.0,	0.03854560852050781,	0.048526763916015625
5382706250.0,	0.03798866271972656,	0.04962730407714844
5382715625.0,	0.037670135498046875,	0.05240058898925781
5382725000.0,	0.03790855407714844,	0.049640655517578125
5382734375.0,	0.03858375549316406,	0.047969818115234375
5382743750.0,	0.03719902038574219,	0.049163818359375
5382753125.0,	0.03583335876464844,	0.05029106140136719
5382762500.0,	0.03885650634765625,	0.05048179626464844
5382771875.0,	0.039455413818359375,	0.05187225341796875
5382781250.0,	0.03774452209472656,	0.04877471923828125
5382790625.0,	0.03816986083984375,	0.04916572570800781
5382800000.0,	0.03728675842285156,	0.05113792419433594
5382809375.0,	0.03769493103027344,	0.049594879150390625
5382818750.0,	0.039310455322265625,	0.05091667175292969
5382828125.0,	0.03810310363769531,	0.05223846435546875
5382837500.0,	0.03705596923828125,	0.05122566223144531
5382846875.0,	0.0375213623046875,	0.048366546630859375
5382856250.0,	0.0394439697265625,	0.05183982849121094
5382865625.0,	0.039257049560546875,	0.049648284912109375
5382875000.0,	0.03729820251464844,	0.05073738098144531
5382884375.0,	0.03730010986328125,	0.05129814147949219
5382893750.0,	0.03849220275878906,	0.051677703857421875
5382903125.0,	0.03934288024902344,	0.05035591125488281
5382912500.0,	0.03948020935058594,	0.0497894287109375
5382921875.0,	0.03774452209472656,	0.05130577087402344
5382931250.0,	0.03736686706542969,	0.04968452453613281
5382940625.0,	0.03827667236328125,	0.05127716064453125
5382950000.0,	0.039875030517578125,	0.049449920654296875
5382959375.0,	0.0375823974609375,	0.05027198791503906
5382968750.0,	0.037960052490234375,	0.050380706787109375
5382978125.0,	0.03907012939453125,	0.050533294677734375
5382987500.0,	0.0396728515625,	0.05232048034667969
5382996875.0,	0.03802490234375,	0.053005218505859375
5383006250.0,	0.03883552551269531,	0.05184364318847656
5383015625.0,	0.03772544860839844,	0.05037879943847656
5383025000.0,	0.0386962890625,	0.052982330322265625
5383034375.0,	0.04028892517089844,	0.05167198181152344
5383043750.0,	0.03867912292480469,	0.05124473571777344
5383053125.0,	0.03941154479980469,	0.05142021179199219
5383062500.0,	0.040996551513671875,	0.05242156982421875
5383071875.0,	0.03977394104003906,	0.05135154724121094
5383081250.0,	0.03716468811035156,	0.05298042297363281
5383090625.0,	0.03941917419433594,	0.04916954040527344
5383100000.0,	0.03778266906738281,	0.05239105224609375
5383109375.0,	0.03811836242675781,	0.05110931396484375
5383118750.0,	0.038562774658203125,	0.05211067199707031
5383128125.0,	0.04015159606933594,	0.05116844177246094
5383137500.0,	0.04046058654785156,	0.05119514465332031
5383146875.0,	0.03946876525878906,	0.05180931091308594
5383156250.0,	0.0391082763671875,	0.05051994323730469
5383165625.0,	0.039043426513671875,	0.05158424377441406
5383175000.0,	0.03822135925292969,	0.04965400695800781
5383184375.0,	0.039470672607421875,	0.05359649658203125
5383193750.0,	0.041168212890625,	0.05299186706542969
5383203125.0,	0.041065216064453125,	0.05191230773925781
5383212500.0,	0.038120269775390625,	0.051280975341796875
5383221875.0,	0.0385894775390625,	0.050304412841796875
5383231250.0,	0.03998565673828125,	0.05074501037597656
5383240625.0,	0.03705787658691406,	0.053539276123046875
5383250000.0,	0.03946495056152344,	0.05091094970703125
5383259375.0,	0.039516448974609375,	0.05091667175292969
5383268750.0,	0.040897369384765625,	0.05230140686035156
5383278125.0,	0.038539886474609375,	0.05148124694824219
5383287500.0,	0.038585662841796875,	0.05304908752441406
5383296875.0,	0.03927040100097656,	0.051273345947265625
5383306250.0,	0.03880882263183594,	0.05160713195800781
5383315625.0,	0.041194915771484375,	0.05330085754394531
5383325000.0,	0.04107093811035156,	0.052516937255859375
5383334375.0,	0.040569305419921875,	0.0522613525390625
5383343750.0,	0.039432525634765625,	0.0512237548828125
5383353125.0,	0.03992271423339844,	0.05182838439941406
5383362500.0,	0.04128074645996094,	0.053653717041015625
5383371875.0,	0.04146385192871094,	0.05257415771484375
5383381250.0,	0.04021263122558594,	0.050952911376953125
5383390625.0,	0.03952598571777344,	0.053157806396484375
5383400000.0,	0.04131889343261719,	0.052677154541015625
5383409375.0,	0.04090118408203125,	0.05385398864746094
5383418750.0,	0.03817176818847656,	0.052764892578125
5383428125.0,	0.03941535949707031,	0.051837921142578125
5383437500.0,	0.03936004638671875,	0.05156707763671875
5383446875.0,	0.04177665710449219,	0.05380439758300781
5383456250.0,	0.040607452392578125,	0.05177116394042969
5383465625.0,	0.04046440124511719,	0.04973793029785156
5383475000.0,	0.04051399230957031,	0.051883697509765625
5383484375.0,	0.04086494445800781,	0.05245208740234375
5383493750.0,	0.03851509094238281,	0.05255317687988281
5383503125.0,	0.03887176513671875,	0.05282783508300781
5383512500.0,	0.04161643981933594,	0.051113128662109375
5383521875.0,	0.040283203125,	0.05127143859863281
5383531250.0,	0.03897285461425781,	0.05239105224609375
5383540625.0,	0.04089927673339844,	0.05031013488769531
5383550000.0,	0.04117012023925781,	0.05300331115722656
5383559375.0,	0.038341522216796875,	0.05279541015625
5383568750.0,	0.04113006591796875,	0.05305290222167969
5383578125.0,	0.04105567932128906,	0.05293083190917969
5383587500.0,	0.04170417785644531,	0.0523681640625
5383596875.0,	0.039775848388671875,	0.05269813537597656
5383606250.0,	0.040622711181640625,	0.05221366882324219
5383615625.0,	0.04091072082519531,	0.05193138122558594
5383625000.0,	0.038478851318359375,	0.05338287353515625
5383634375.0,	0.040836334228515625,	0.05571746826171875
5383643750.0,	0.03971672058105469,	0.052982330322265625
5383653125.0,	0.03919029235839844,	0.0544891357421875
5383662500.0,	0.04046821594238281,	0.05019187927246094
5383671875.0,	0.04012298583984375,	0.05377006530761719
5383681250.0,	0.03896903991699219,	0.05392265319824219
5383690625.0,	0.040195465087890625,	0.05174827575683594
5383700000.0,	0.040851593017578125,	0.05177879333496094
5383709375.0,	0.04018974304199219,	0.05211448669433594
5383718750.0,	0.04072761535644531,	0.054141998291015625
5383728125.0,	0.03869438171386719,	0.052211761474609375
5383737500.0,	0.03954315185546875,	0.05170249938964844
5383746875.0,	0.03928947448730469,	0.05331993103027344
5383756250.0,	0.0406951904296875,	0.05316162109375
5383765625.0,	0.041072845458984375,	0.0549468994140625
5383775000.0,	0.04006767272949219,	0.05226325988769531
5383784375.0,	0.040233612060546875,	0.05301856994628906
5383793750.0,	0.04239082336425781,	0.052764892578125
5383803125.0,	0.0397186279296875,	0.0533905029296875
5383812500.0,	0.03822135925292969,	0.05420494079589844
5383821875.0,	0.041843414306640625,	0.05181694030761719
5383831250.0,	0.04165840148925781,	0.05400276184082031
5383840625.0,	0.04210853576660156,	0.053192138671875
5383850000.0,	0.041900634765625,	0.051609039306640625
5383859375.0,	0.04068565368652344,	0.053958892822265625
5383868750.0,	0.040191650390625,	0.05309486389160156
5383878125.0,	0.0435028076171875,	0.054168701171875
5383887500.0,	0.03988838195800781,	0.055171966552734375
5383896875.0,	0.040927886962890625,	0.052364349365234375
5383906250.0,	0.039066314697265625,	0.05288887023925781
5383915625.0,	0.039398193359375,	0.05288887023925781
5383925000.0,	0.03884696960449219,	0.05297088623046875
5383934375.0,	0.04187774658203125,	0.05342674255371094
5383943750.0,	0.041294097900390625,	0.05197715759277344
5383953125.0,	0.0409698486328125,	0.05302619934082031
5383962500.0,	0.040164947509765625,	0.0537261962890625
5383971875.0,	0.039455413818359375,	0.054279327392578125
5383981250.0,	0.040950775146484375,	0.052196502685546875
5383990625.0,	0.040828704833984375,	0.054676055908203125
5384000000.0,	0.042583465576171875,	0.054393768310546875
5384009375.0,	0.041652679443359375,	0.05377197265625
5384018750.0,	0.04123878479003906,	0.05258941650390625
5384028125.0,	0.04156303405761719,	0.05394554138183594
5384037500.0,	0.040767669677734375,	0.054630279541015625
5384046875.0,	0.04051399230957031,	0.0524139404296875
5384056250.0,	0.042652130126953125,	0.05321502685546875
5384065625.0,	0.03973388671875,	0.05546760559082031
5384075000.0,	0.041259765625,	0.052394866943359375
5384084375.0,	0.04240608215332031,	0.05377197265625
5384093750.0,	0.04107856750488281,	0.05310630798339844
5384103125.0,	0.041179656982421875,	0.05399131774902344
5384112500.0,	0.04145240783691406,	0.05352020263671875
5384121875.0,	0.04077911376953125,	0.052982330322265625
5384131250.0,	0.042354583740234375,	0.05590057373046875
5384140625.0,	0.04231071472167969,	0.0546112060546875
5384150000.0,	0.03943824768066406,	0.0539398193359375
5384159375.0,	0.04046058654785156,	0.0537261962890625
5384168750.0,	0.042057037353515625,	0.052974700927734375
5384178125.0,	0.04242706298828125,	0.05347633361816406
5384187500.0,	0.041393280029296875,	0.0531463623046875
5384196875.0,	0.03977394104003906,	0.05254554748535156
5384206250.0,	0.03975868225097656,	0.0531158447265625
5384215625.0,	0.0419769287109375,	0.052860260009765625
5384225000.0,	0.04209136962890625,	0.05333900451660156
5384234375.0,	0.04246330261230469,	0.052494049072265625
5384243750.0,	0.04202461242675781,	0.05472373962402344
5384253125.0,	0.041934967041015625,	0.0551910400390625
5384262500.0,	0.039897918701171875,	0.053546905517578125
5384271875.0,	0.04097557067871094,	0.0523529052734375
5384281250.0,	0.041469573974609375,	0.05363655090332031
5384290625.0,	0.04244804382324219,	0.05208587646484375
5384300000.0,	0.04253578186035156,	0.0542449951171875
5384309375.0,	0.04100990295410156,	0.05619239807128906
5384318750.0,	0.04165458679199219,	0.05392265319824219
5384328125.0,	0.040851593017578125,	0.054615020751953125
5384337500.0,	0.041797637939453125,	0.054412841796875
5384346875.0,	0.0414276123046875,	0.054042816162109375
5384356250.0,	0.042236328125,	0.0538330078125
5384365625.0,	0.040019989013671875,	0.05477714538574219
5384375000.0,	0.04246330261230469,	0.05497932434082031
5384384375.0,	0.041355133056640625,	0.05286979675292969
5384393750.0,	0.041561126708984375,	0.05396842956542969
5384403125.0,	0.04062843322753906,	0.053348541259765625
5384412500.0,	0.0394744873046875,	0.05160331726074219
5384421875.0,	0.04141426086425781,	0.0537567138671875
5384431250.0,	0.04161834716796875,	0.054203033447265625
5384440625.0,	0.03937530517578125,	0.05365180969238281
5384450000.0,	0.043720245361328125,	0.054721832275390625
5384459375.0,	0.04059600830078125,	0.055278778076171875
5384468750.0,	0.04064750671386719,	0.05608177185058594
5384478125.0,	0.04247093200683594,	0.05482292175292969
5384487500.0,	0.04252433776855469,	0.05333709716796875
5384496875.0,	0.043163299560546875,	0.054412841796875
5384506250.0,	0.04132843017578125,	0.056186676025390625
5384515625.0,	0.040821075439453125,	0.053478240966796875
5384525000.0,	0.0428924560546875,	0.055110931396484375
5384534375.0,	0.04108238220214844,	0.055328369140625
5384543750.0,	0.042896270751953125,	0.05577850341796875
5384553125.0,	0.04241943359375,	0.05291557312011719
5384562500.0,	0.04265403747558594,	0.054534912109375
5384571875.0,	0.04080772399902344,	0.05495452880859375
5384581250.0,	0.04071807861328125,	0.05475425720214844
5384590625.0,	0.041507720947265625,	0.051959991455078125
5384600000.0,	0.04199028015136719,	0.054851531982421875
5384609375.0,	0.04146766662597656,	0.05280303955078125
5384618750.0,	0.04226112365722656,	0.05412864685058594
5384628125.0,	0.041255950927734375,	0.05458259582519531
5384637500.0,	0.04151153564453125,	0.05334281921386719
5384646875.0,	0.041210174560546875,	0.05529594421386719
5384656250.0,	0.04493522644042969,	0.0543975830078125
5384665625.0,	0.04286003112792969,	0.05421257019042969
5384675000.0,	0.0400238037109375,	0.055629730224609375
5384684375.0,	0.04152488708496094,	0.05458641052246094
5384693750.0,	0.04006385803222656,	0.055805206298828125
5384703125.0,	0.04025459289550781,	0.05444908142089844
5384712500.0,	0.04298210144042969,	0.05255126953125
5384721875.0,	0.04315948486328125,	0.054882049560546875
5384731250.0,	0.041259765625,	0.055599212646484375
5384740625.0,	0.04143714904785156,	0.0553741455078125
5384750000.0,	0.040802001953125,	0.05444145202636719
5384759375.0,	0.04306793212890625,	0.055110931396484375
5384768750.0,	0.0431671142578125,	0.05511474609375
5384778125.0,	0.03991889953613281,	0.054134368896484375
5384787500.0,	0.042232513427734375,	0.054141998291015625
5384796875.0,	0.0418853759765625,	0.05373191833496094
5384806250.0,	0.04348564147949219,	0.055255889892578125
5384815625.0,	0.04262351989746094,	0.05498313903808594
5384825000.0,	0.044826507568359375,	0.05526924133300781
5384834375.0,	0.04163360595703125,	0.053607940673828125
5384843750.0,	0.0406951904296875,	0.05550384521484375
5384853125.0,	0.0400848388671875,	0.0543060302734375
5384862500.0,	0.04484367370605469,	0.05420875549316406
5384871875.0,	0.04399299621582031,	0.05560493469238281
5384881250.0,	0.04164314270019531,	0.05782318115234375
5384890625.0,	0.043048858642578125,	0.05468559265136719
5384900000.0,	0.04329872131347656,	0.05571937561035156
5384909375.0,	0.04121208190917969,	0.05569267272949219
5384918750.0,	0.04023933410644531,	0.05449104309082031
5384928125.0,	0.04116630554199219,	0.053676605224609375
5384937500.0,	0.04169654846191406,	0.05617523193359375
5384946875.0,	0.041656494140625,	0.05544853210449219
5384956250.0,	0.04146575927734375,	0.055477142333984375
5384965625.0,	0.0416412353515625,	0.054683685302734375
5384975000.0,	0.043365478515625,	0.055416107177734375
5384984375.0,	0.04440879821777344,	0.05381584167480469
5384993750.0,	0.041660308837890625,	0.05433845520019531
5385003125.0,	0.04200553894042969,	0.05606842041015625
5385012500.0,	0.0427093505859375,	0.05687904357910156
5385021875.0,	0.042877197265625,	0.053104400634765625
5385031250.0,	0.04229736328125,	0.053882598876953125
5385040625.0,	0.041748046875,	0.05533790588378906
5385050000.0,	0.04080009460449219,	0.05423545837402344
5385059375.0,	0.04317665100097656,	0.05622291564941406
5385068750.0,	0.04213142395019531,	0.05705833435058594
5385078125.0,	0.04129791259765625,	0.05468177795410156
5385087500.0,	0.042911529541015625,	0.05727577209472656
5385096875.0,	0.04134368896484375,	0.05608940124511719
5385106250.0,	0.04230308532714844,	0.055423736572265625
5385115625.0,	0.04351615905761719,	0.05343818664550781
5385125000.0,	0.043407440185546875,	0.05464935302734375
5385134375.0,	0.04193687438964844,	0.05541229248046875
5385143750.0,	0.04205322265625,	0.054882049560546875
5385153125.0,	0.03968620300292969,	0.05548095703125
5385162500.0,	0.04434394836425781,	0.05461883544921875
5385171875.0,	0.04370307922363281,	0.05429649353027344
5385181250.0,	0.04176521301269531,	0.05734443664550781
5385190625.0,	0.04225349426269531,	0.05603599548339844
5385200000.0,	0.04244232177734375,	0.054821014404296875
5385209375.0,	0.04172325134277344,	0.055637359619140625
5385218750.0,	0.0406494140625,	0.05302619934082031
5385228125.0,	0.04210090637207031,	0.053333282470703125
5385237500.0,	0.04149055480957031,	0.05328178405761719
5385246875.0,	0.04408836364746094,	0.053066253662109375
5385256250.0,	0.04472923278808594,	0.055828094482421875
5385265625.0,	0.04197120666503906,	0.05432319641113281
5385275000.0,	0.04062843322753906,	0.05516624450683594
5385284375.0,	0.04337882995605469,	0.054485321044921875
5385293750.0,	0.04059600830078125,	0.05425262451171875
5385303125.0,	0.043354034423828125,	0.05490303039550781
5385312500.0,	0.0415191650390625,	0.054897308349609375
5385321875.0,	0.04230690002441406,	0.05531120300292969
5385331250.0,	0.043842315673828125,	0.05431175231933594
5385340625.0,	0.044811248779296875,	0.05318260192871094
5385350000.0,	0.042682647705078125,	0.0554962158203125
5385359375.0,	0.040313720703125,	0.054901123046875
5385368750.0,	0.04377937316894531,	0.05470848083496094
5385378125.0,	0.04147148132324219,	0.05465507507324219
5385387500.0,	0.04343223571777344,	0.05575752258300781
5385396875.0,	0.043025970458984375,	0.0533599853515625
5385406250.0,	0.04205894470214844,	0.05560111999511719
5385415625.0,	0.042842864990234375,	0.05687904357910156
5385425000.0,	0.04182624816894531,	0.057437896728515625
5385434375.0,	0.04270362854003906,	0.056720733642578125
5385443750.0,	0.04316520690917969,	0.05693626403808594
5385453125.0,	0.04212760925292969,	0.054615020751953125
5385462500.0,	0.04419136047363281,	0.05341529846191406
5385471875.0,	0.0406036376953125,	0.056854248046875
5385481250.0,	0.04294013977050781,	0.05709266662597656
5385490625.0,	0.04260444641113281,	0.05609893798828125
5385500000.0,	0.043121337890625,	0.057468414306640625
5385509375.0,	0.041408538818359375,	0.05576896667480469
5385518750.0,	0.04441070556640625,	0.05463600158691406
5385528125.0,	0.04379463195800781,	0.055049896240234375
5385537500.0,	0.04167366027832031,	0.05455780029296875
5385546875.0,	0.04280853271484375,	0.05529975891113281
5385556250.0,	0.041942596435546875,	0.05447196960449219
5385565625.0,	0.04107856750488281,	0.05471229553222656
5385575000.0,	0.04203605651855469,	0.05621910095214844
5385584375.0,	0.042194366455078125,	0.05451774597167969
5385593750.0,	0.04464149475097656,	0.057018280029296875
5385603125.0,	0.043453216552734375,	0.05677032470703125
5385612500.0,	0.0440521240234375,	0.0565185546875
5385621875.0,	0.04342079162597656,	0.05397605895996094
5385631250.0,	0.04391670227050781,	0.05654144287109375
5385640625.0,	0.04476165771484375,	0.05547523498535156
5385650000.0,	0.044193267822265625,	0.05502128601074219
5385659375.0,	0.04249763488769531,	0.05335235595703125
5385668750.0,	0.04216766357421875,	0.05541419982910156
5385678125.0,	0.04241943359375,	0.05347442626953125
5385687500.0,	0.04372215270996094,	0.05608940124511719
5385696875.0,	0.044422149658203125,	0.05564117431640625
5385706250.0,	0.04339599609375,	0.05578041076660156
5385715625.0,	0.04161262512207031,	0.05567359924316406
5385725000.0,	0.04215431213378906,	0.053447723388671875
5385734375.0,	0.04374504089355469,	0.056163787841796875
5385743750.0,	0.04228782653808594,	0.05772590637207031
5385753125.0,	0.04500579833984375,	0.05584144592285156
5385762500.0,	0.041576385498046875,	0.055118560791015625
5385771875.0,	0.04277992248535156,	0.056964874267578125
5385781250.0,	0.04251289367675781,	0.05474281311035156
5385790625.0,	0.04102897644042969,	0.05686187744140625
5385800000.0,	0.04351234436035156,	0.05614471435546875
5385809375.0,	0.04257011413574219,	0.05426788330078125
5385818750.0,	0.04408073425292969,	0.056964874267578125
5385828125.0,	0.04067039489746094,	0.05701637268066406
5385837500.0,	0.04102325439453125,	0.05486869812011719
5385846875.0,	0.04175567626953125,	0.05448150634765625
5385856250.0,	0.04372978210449219,	0.054962158203125
5385865625.0,	0.042125701904296875,	0.055511474609375
5385875000.0,	0.04313087463378906,	0.05697822570800781
5385884375.0,	0.0427703857421875,	0.05505180358886719
5385893750.0,	0.04463958740234375,	0.056392669677734375
5385903125.0,	0.041744232177734375,	0.056865692138671875
5385912500.0,	0.04273223876953125,	0.05583000183105469
5385921875.0,	0.04374504089355469,	0.05933380126953125
5385931250.0,	0.04076957702636719,	0.055171966552734375
5385940625.0,	0.04372406005859375,	0.05567169189453125
5385950000.0,	0.04340362548828125,	0.053314208984375
5385959375.0,	0.0457763671875,	0.05508232116699219
5385968750.0,	0.04369354248046875,	0.056751251220703125
5385978125.0,	0.04381561279296875,	0.0545654296875
5385987500.0,	0.04552459716796875,	0.05631256103515625
5385996875.0,	0.04178810119628906,	0.05499267578125
5386006250.0,	0.04581451416015625,	0.055110931396484375
5386015625.0,	0.043109893798828125,	0.05657768249511719
5386025000.0,	0.043487548828125,	0.05650520324707031
5386034375.0,	0.04400062561035156,	0.05536079406738281
5386043750.0,	0.045589447021484375,	0.05521583557128906
5386053125.0,	0.04471588134765625,	0.05487632751464844
5386062500.0,	0.04403114318847656,	0.055789947509765625
5386071875.0,	0.0444793701171875,	0.054500579833984375
5386081250.0,	0.04330253601074219,	0.056362152099609375
5386090625.0,	0.04469490051269531,	0.05560302734375
5386100000.0,	0.044765472412109375,	0.054080963134765625
5386109375.0,	0.04361152648925781,	0.05654335021972656
5386118750.0,	0.04267692565917969,	0.05439186096191406
5386128125.0,	0.043804168701171875,	0.05843353271484375
5386137500.0,	0.044055938720703125,	0.05715179443359375
5386146875.0,	0.043239593505859375,	0.053073883056640625
5386156250.0,	0.04167366027832031,	0.05697822570800781
5386165625.0,	0.04204559326171875,	0.05600547790527344
5386175000.0,	0.04084014892578125,	0.05710792541503906
5386184375.0,	0.04284095764160156,	0.05629730224609375
5386193750.0,	0.04513740539550781,	0.05652618408203125
5386203125.0,	0.044002532958984375,	0.055698394775390625
5386212500.0,	0.04377555847167969,	0.057521820068359375
5386221875.0,	0.04313468933105469,	0.057628631591796875
5386231250.0,	0.04282379150390625,	0.05760765075683594
5386240625.0,	0.042835235595703125,	0.05478668212890625
5386250000.0,	0.042144775390625,	0.056453704833984375
5386259375.0,	0.042484283447265625,	0.055713653564453125
5386268750.0,	0.04268836975097656,	0.057338714599609375
5386278125.0,	0.04276084899902344,	0.05510520935058594
5386287500.0,	0.043071746826171875,	0.05634880065917969
5386296875.0,	0.04166221618652344,	0.05507659912109375
5386306250.0,	0.045871734619140625,	0.05582237243652344
5386315625.0,	0.04316902160644531,	0.05779457092285156
5386325000.0,	0.041065216064453125,	0.05711174011230469
5386334375.0,	0.04278755187988281,	0.056056976318359375
5386343750.0,	0.04083824157714844,	0.05666542053222656
5386353125.0,	0.0439910888671875,	0.05776023864746094
5386362500.0,	0.044345855712890625,	0.05566215515136719
5386371875.0,	0.044101715087890625,	0.05656623840332031
5386381250.0,	0.04224205017089844,	0.057971954345703125
5386390625.0,	0.042865753173828125,	0.05652046203613281
5386400000.0,	0.04354286193847656,	0.05482292175292969
5386409375.0,	0.04500770568847656,	0.05520439147949219
5386418750.0,	0.04402923583984375,	0.0552520751953125
5386428125.0,	0.04413032531738281,	0.05935096740722656
5386437500.0,	0.04209327697753906,	0.05683135986328125
5386446875.0,	0.04466056823730469,	0.05446815490722656
5386456250.0,	0.04202461242675781,	0.05735015869140625
5386465625.0,	0.04485130310058594,	0.05681419372558594
5386475000.0,	0.042972564697265625,	0.056636810302734375
5386484375.0,	0.044582366943359375,	0.057514190673828125
5386493750.0,	0.042438507080078125,	0.05632591247558594
5386503125.0,	0.0433349609375,	0.05668067932128906
5386512500.0,	0.04482078552246094,	0.056732177734375
5386521875.0,	0.044734954833984375,	0.056369781494140625
5386531250.0,	0.04522895812988281,	0.057765960693359375
5386540625.0,	0.0434722900390625,	0.05564689636230469
5386550000.0,	0.04439353942871094,	0.055877685546875
5386559375.0,	0.04435157775878906,	0.05794715881347656
5386568750.0,	0.0424957275390625,	0.057056427001953125
5386578125.0,	0.0427703857421875,	0.05662727355957031
5386587500.0,	0.04374504089355469,	0.055477142333984375
5386596875.0,	0.045413970947265625,	0.05761146545410156
5386606250.0,	0.04351043701171875,	0.05656242370605469
5386615625.0,	0.04364013671875,	0.05733299255371094
5386625000.0,	0.041736602783203125,	0.0579376220703125
5386634375.0,	0.04170799255371094,	0.05679130554199219
5386643750.0,	0.043720245361328125,	0.059490203857421875
5386653125.0,	0.045696258544921875,	0.05663490295410156
5386662500.0,	0.04551506042480469,	0.055080413818359375
5386671875.0,	0.04429054260253906,	0.057376861572265625
5386681250.0,	0.043231964111328125,	0.05803871154785156
5386690625.0,	0.045257568359375,	0.05588722229003906
5386700000.0,	0.04362678527832031,	0.05598258972167969
5386709375.0,	0.04512596130371094,	0.05394744873046875
5386718750.0,	0.0438690185546875,	0.055149078369140625
5386728125.0,	0.041164398193359375,	0.05713653564453125
5386737500.0,	0.044036865234375,	0.05676460266113281
5386746875.0,	0.04450225830078125,	0.05941200256347656
5386756250.0,	0.043560028076171875,	0.05530738830566406
5386765625.0,	0.04332733154296875,	0.05781745910644531
5386775000.0,	0.04258155822753906,	0.05796623229980469
5386784375.0,	0.043239593505859375,	0.05706024169921875
5386793750.0,	0.043399810791015625,	0.055782318115234375
5386803125.0,	0.044406890869140625,	0.05664253234863281
5386812500.0,	0.044124603271484375,	0.05685615539550781
5386821875.0,	0.042377471923828125,	0.05620384216308594
5386831250.0,	0.045475006103515625,	0.056976318359375
5386840625.0,	0.04331016540527344,	0.0561370849609375
5386850000.0,	0.04296302795410156,	0.05612754821777344
5386859375.0,	0.04285621643066406,	0.05730628967285156
5386868750.0,	0.04393959045410156,	0.0561981201171875
5386878125.0,	0.04311943054199219,	0.056674957275390625
5386887500.0,	0.04278564453125,	0.05692291259765625
5386896875.0,	0.042392730712890625,	0.056545257568359375
5386906250.0,	0.04135704040527344,	0.05666351318359375
5386915625.0,	0.04482078552246094,	0.057247161865234375
5386925000.0,	0.042575836181640625,	0.0548248291015625
5386934375.0,	0.04404640197753906,	0.05743598937988281
5386943750.0,	0.044403076171875,	0.05663490295410156
5386953125.0,	0.04408073425292969,	0.05554771423339844
5386962500.0,	0.042255401611328125,	0.05804443359375
5386971875.0,	0.04292869567871094,	0.056209564208984375
5386981250.0,	0.04351806640625,	0.054840087890625
5386990625.0,	0.04300117492675781,	0.05397224426269531
5387000000.0,	0.0415496826171875,	0.05793952941894531
5387009375.0,	0.043415069580078125,	0.05657958984375
5387018750.0,	0.04137229919433594,	0.05804634094238281
5387028125.0,	0.04428291320800781,	0.05774116516113281
5387037500.0,	0.04314422607421875,	0.05790519714355469
5387046875.0,	0.04382133483886719,	0.05694389343261719
5387056250.0,	0.043231964111328125,	0.05734062194824219
5387065625.0,	0.043666839599609375,	0.056720733642578125
5387075000.0,	0.04528045654296875,	0.05544853210449219
5387084375.0,	0.04461669921875,	0.057331085205078125
5387093750.0,	0.04573822021484375,	0.05696678161621094
5387103125.0,	0.04557609558105469,	0.05741119384765625
5387112500.0,	0.04449272155761719,	0.05600166320800781
5387121875.0,	0.043491363525390625,	0.05812835693359375
5387131250.0,	0.044048309326171875,	0.058971405029296875
5387140625.0,	0.04468536376953125,	0.05706214904785156
5387150000.0,	0.04387474060058594,	0.056793212890625
5387159375.0,	0.04417228698730469,	0.055332183837890625
5387168750.0,	0.04372215270996094,	0.05684471130371094
5387178125.0,	0.043651580810546875,	0.05658149719238281
5387187500.0,	0.04398536682128906,	0.05854034423828125
5387196875.0,	0.043659210205078125,	0.05677032470703125
5387206250.0,	0.044178009033203125,	0.05589485168457031
5387215625.0,	0.0447235107421875,	0.05828857421875
5387225000.0,	0.043415069580078125,	0.05735588073730469
5387234375.0,	0.04319572448730469,	0.056549072265625
5387243750.0,	0.04162406921386719,	0.056148529052734375
5387253125.0,	0.04451179504394531,	0.05790138244628906
5387262500.0,	0.043193817138671875,	0.05919456481933594
5387271875.0,	0.043918609619140625,	0.05541419982910156
5387281250.0,	0.04372215270996094,	0.057159423828125
5387290625.0,	0.04328346252441406,	0.05781364440917969
5387300000.0,	0.04337120056152344,	0.05698394775390625
5387309375.0,	0.044281005859375,	0.055530548095703125
5387318750.0,	0.04599189758300781,	0.0567626953125
5387328125.0,	0.04543495178222656,	0.057220458984375
5387337500.0,	0.043487548828125,	0.05671119689941406
5387346875.0,	0.04409980773925781,	0.0568389892578125
5387356250.0,	0.04421806335449219,	0.05596733093261719
5387365625.0,	0.04313087463378906,	0.05708885192871094
5387375000.0,	0.04517364501953125,	0.05838966369628906
5387384375.0,	0.0450286865234375,	0.057674407958984375
5387393750.0,	0.045803070068359375,	0.05479621887207031
5387403125.0,	0.04426002502441406,	0.057201385498046875
5387412500.0,	0.04390144348144531,	0.05637168884277344
5387421875.0,	0.043781280517578125,	0.05688285827636719
5387431250.0,	0.0452728271484375,	0.05672264099121094
5387440625.0,	0.04442787170410156,	0.05943489074707031
5387450000.0,	0.044002532958984375,	0.05685997009277344
5387459375.0,	0.04412078857421875,	0.0561981201171875
5387468750.0,	0.04467582702636719,	0.05542182922363281
5387478125.0,	0.04604339599609375,	0.057102203369140625
5387487500.0,	0.04252815246582031,	0.05702781677246094
5387496875.0,	0.04427146911621094,	0.05682945251464844
5387506250.0,	0.045345306396484375,	0.057018280029296875
5387515625.0,	0.0448760986328125,	0.05661773681640625
5387525000.0,	0.04440498352050781,	0.05929756164550781
5387534375.0,	0.04488372802734375,	0.05861473083496094
5387543750.0,	0.041126251220703125,	0.05653953552246094
5387553125.0,	0.0433349609375,	0.05767059326171875
5387562500.0,	0.043369293212890625,	0.058002471923828125
5387571875.0,	0.04467010498046875,	0.05741310119628906
5387581250.0,	0.044086456298828125,	0.056560516357421875
5387590625.0,	0.04357337951660156,	0.05670166015625
5387600000.0,	0.04373741149902344,	0.05657958984375
5387609375.0,	0.04417991638183594,	0.056560516357421875
5387618750.0,	0.0416412353515625,	0.05718040466308594
5387628125.0,	0.0430145263671875,	0.05730247497558594
5387637500.0,	0.0418548583984375,	0.057491302490234375
5387646875.0,	0.043239593505859375,	0.05771446228027344
5387656250.0,	0.04331207275390625,	0.05707550048828125
5387665625.0,	0.04436302185058594,	0.05704307556152344
5387675000.0,	0.044612884521484375,	0.05537605285644531
5387684375.0,	0.043857574462890625,	0.05989265441894531
5387693750.0,	0.04311370849609375,	0.05751800537109375
5387703125.0,	0.045055389404296875,	0.05878639221191406
5387712500.0,	0.04445648193359375,	0.05820465087890625
5387721875.0,	0.043094635009765625,	0.05610847473144531
5387731250.0,	0.04602241516113281,	0.05746650695800781
5387740625.0,	0.04386711120605469,	0.05715179443359375
5387750000.0,	0.04237556457519531,	0.05686378479003906
5387759375.0,	0.04369354248046875,	0.05629730224609375
5387768750.0,	0.044651031494140625,	0.05812644958496094
5387778125.0,	0.0440216064453125,	0.05654144287109375
5387787500.0,	0.044677734375,	0.057586669921875
5387796875.0,	0.04546165466308594,	0.056812286376953125
5387806250.0,	0.04409980773925781,	0.05652046203613281
5387815625.0,	0.04326629638671875,	0.05920219421386719
5387825000.0,	0.04502296447753906,	0.05707740783691406
5387834375.0,	0.0438232421875,	0.05748176574707031
5387843750.0,	0.04251861572265625,	0.057857513427734375
5387853125.0,	0.04383277893066406,	0.05712127685546875
5387862500.0,	0.04301261901855469,	0.05771636962890625
5387871875.0,	0.04379081726074219,	0.05581092834472656
5387881250.0,	0.04551506042480469,	0.05936241149902344
5387890625.0,	0.044952392578125,	0.05787467956542969
5387900000.0,	0.043994903564453125,	0.05855560302734375
5387909375.0,	0.04472160339355469,	0.058319091796875
5387918750.0,	0.04505348205566406,	0.057861328125
5387928125.0,	0.04194068908691406,	0.05803871154785156
5387937500.0,	0.04508781433105469,	0.05666160583496094
5387946875.0,	0.044147491455078125,	0.05751991271972656
5387956250.0,	0.041912078857421875,	0.058544158935546875
5387965625.0,	0.042377471923828125,	0.05841064453125
5387975000.0,	0.04425048828125,	0.05780601501464844
5387984375.0,	0.042995452880859375,	0.057750701904296875
5387993750.0,	0.04299163818359375,	0.05886077880859375
5388003125.0,	0.04258155822753906,	0.05475616455078125
5388012500.0,	0.0435638427734375,	0.06073951721191406
5388021875.0,	0.04386711120605469,	0.05758094787597656
5388031250.0,	0.04364013671875,	0.05681610107421875
5388040625.0,	0.04261970520019531,	0.05858421325683594
5388050000.0,	0.044830322265625,	0.05609321594238281
5388059375.0,	0.04470634460449219,	0.05509757995605469
5388068750.0,	0.04398536682128906,	0.05909538269042969
5388078125.0,	0.04385566711425781,	0.05734825134277344
5388087500.0,	0.044475555419921875,	0.057178497314453125
5388096875.0,	0.04509162902832031,	0.05827903747558594
5388106250.0,	0.04504585266113281,	0.05784034729003906
5388115625.0,	0.04402351379394531,	0.056720733642578125
5388125000.0,	0.043552398681640625,	0.056133270263671875
5388134375.0,	0.04339027404785156,	0.05788230895996094
5388143750.0,	0.042575836181640625,	0.057697296142578125
5388153125.0,	0.04340362548828125,	0.05933952331542969
5388162500.0,	0.0457611083984375,	0.05921173095703125
5388171875.0,	0.04474830627441406,	0.05684471130371094
5388181250.0,	0.04481697082519531,	0.06027793884277344
5388190625.0,	0.04405021667480469,	0.05803489685058594
5388200000.0,	0.04598045349121094,	0.05811119079589844
5388209375.0,	0.045623779296875,	0.05733489990234375
5388218750.0,	0.043743133544921875,	0.05600929260253906
5388228125.0,	0.04386138916015625,	0.05778694152832031
5388237500.0,	0.04479408264160156,	0.05983161926269531
5388246875.0,	0.04399681091308594,	0.056915283203125
5388256250.0,	0.04598236083984375,	0.05673980712890625
5388265625.0,	0.04353904724121094,	0.057880401611328125
5388275000.0,	0.043224334716796875,	0.05620002746582031
5388284375.0,	0.04379463195800781,	0.05586051940917969
5388293750.0,	0.0440826416015625,	0.058837890625
5388303125.0,	0.041164398193359375,	0.05753898620605469
5388312500.0,	0.04345130920410156,	0.05933570861816406
5388321875.0,	0.04581642150878906,	0.05760765075683594
5388331250.0,	0.04351615905761719,	0.05762481689453125
5388340625.0,	0.04785919189453125,	0.05722236633300781
5388350000.0,	0.04333686828613281,	0.05835533142089844
5388359375.0,	0.04466819763183594,	0.05879783630371094
5388368750.0,	0.04289817810058594,	0.057125091552734375
5388378125.0,	0.0424652099609375,	0.05565834045410156
5388387500.0,	0.0448455810546875,	0.0576324462890625
5388396875.0,	0.0433197021484375,	0.05838775634765625
5388406250.0,	0.04434776306152344,	0.05708503723144531
5388415625.0,	0.04339790344238281,	0.05921363830566406
5388425000.0,	0.044521331787109375,	0.05676841735839844
5388434375.0,	0.045917510986328125,	0.057308197021484375
5388443750.0,	0.044902801513671875,	0.05692100524902344
5388453125.0,	0.04458045959472656,	0.0589599609375
5388462500.0,	0.045055389404296875,	0.0573577880859375
5388471875.0,	0.04298210144042969,	0.05732536315917969
5388481250.0,	0.04490089416503906,	0.05824470520019531
5388490625.0,	0.04545783996582031,	0.058582305908203125
5388500000.0,	0.044574737548828125,	0.05960655212402344
5388509375.0,	0.044307708740234375,	0.0585479736328125
5388518750.0,	0.04389381408691406,	0.05665779113769531
5388528125.0,	0.04565238952636719,	0.060016632080078125
5388537500.0,	0.04493141174316406,	0.058979034423828125
5388546875.0,	0.04450035095214844,	0.05863761901855469
5388556250.0,	0.04630851745605469,	0.059352874755859375
5388565625.0,	0.0430145263671875,	0.05782890319824219
5388575000.0,	0.043773651123046875,	0.05811309814453125
5388584375.0,	0.045787811279296875,	0.05928230285644531
5388593750.0,	0.04537010192871094,	0.058963775634765625
5388603125.0,	0.045154571533203125,	0.05835533142089844
5388612500.0,	0.044559478759765625,	0.05619239807128906
5388621875.0,	0.04485893249511719,	0.05647850036621094
5388631250.0,	0.04475975036621094,	0.058574676513671875
5388640625.0,	0.04578971862792969,	0.05872344970703125
5388650000.0,	0.04290962219238281,	0.057415008544921875
5388659375.0,	0.04474830627441406,	0.05707359313964844
5388668750.0,	0.04349327087402344,	0.05834197998046875
5388678125.0,	0.04434394836425781,	0.05814361572265625
5388687500.0,	0.04483795166015625,	0.05892181396484375
5388696875.0,	0.04340171813964844,	0.05773353576660156
5388706250.0,	0.043720245361328125,	0.057918548583984375
5388715625.0,	0.043590545654296875,	0.05753135681152344
5388725000.0,	0.04508399963378906,	0.05908966064453125
5388734375.0,	0.042606353759765625,	0.05748748779296875
5388743750.0,	0.04444122314453125,	0.05740547180175781
5388753125.0,	0.04601097106933594,	0.05780982971191406
5388762500.0,	0.04601097106933594,	0.06038475036621094
5388771875.0,	0.044940948486328125,	0.05764007568359375
5388781250.0,	0.04252433776855469,	0.05536651611328125
5388790625.0,	0.0438690185546875,	0.058559417724609375
5388800000.0,	0.04520225524902344,	0.06033515930175781
5388809375.0,	0.04567527770996094,	0.05787467956542969
5388818750.0,	0.044284820556640625,	0.059055328369140625
5388828125.0,	0.04328727722167969,	0.05914497375488281
5388837500.0,	0.04394340515136719,	0.05807304382324219
5388846875.0,	0.04382133483886719,	0.06043243408203125
5388856250.0,	0.04386138916015625,	0.057582855224609375
5388865625.0,	0.045352935791015625,	0.05681037902832031
5388875000.0,	0.04487037658691406,	0.05652618408203125
5388884375.0,	0.04619789123535156,	0.0578765869140625
5388893750.0,	0.04437255859375,	0.0567474365234375
5388903125.0,	0.04608917236328125,	0.05848884582519531
5388912500.0,	0.04496955871582031,	0.0589752197265625
5388921875.0,	0.04502296447753906,	0.05699729919433594
5388931250.0,	0.044651031494140625,	0.05922126770019531
5388940625.0,	0.04257965087890625,	0.0588226318359375
5388950000.0,	0.04373359680175781,	0.05838203430175781
5388959375.0,	0.044681549072265625,	0.05725669860839844
5388968750.0,	0.0432891845703125,	0.05864143371582031
5388978125.0,	0.0441436767578125,	0.05762672424316406
5388987500.0,	0.04460716247558594,	0.05778312683105469
5388996875.0,	0.04504966735839844,	0.05982780456542969
5389006250.0,	0.043537139892578125,	0.05715370178222656
5389015625.0,	0.04261207580566406,	0.059299468994140625
5389025000.0,	0.04483222961425781,	0.058589935302734375
5389034375.0,	0.046230316162109375,	0.058807373046875
5389043750.0,	0.04493141174316406,	0.05840110778808594
5389053125.0,	0.043659210205078125,	0.06009864807128906
5389062500.0,	0.045185089111328125,	0.05686759948730469
5389071875.0,	0.044086456298828125,	0.0595550537109375
5389081250.0,	0.04147148132324219,	0.058917999267578125
5389090625.0,	0.04431343078613281,	0.05853271484375
5389100000.0,	0.04213523864746094,	0.056095123291015625
5389109375.0,	0.046161651611328125,	0.05645561218261719
5389118750.0,	0.0438385009765625,	0.057209014892578125
5389128125.0,	0.04387664794921875,	0.05808448791503906
5389137500.0,	0.04523658752441406,	0.05903053283691406
5389146875.0,	0.04424858093261719,	0.05586433410644531
5389156250.0,	0.0444488525390625,	0.05893707275390625
5389165625.0,	0.04568290710449219,	0.05682373046875
5389175000.0,	0.04394340515136719,	0.05790901184082031
5389184375.0,	0.0450286865234375,	0.06041526794433594
5389193750.0,	0.045360565185546875,	0.057559967041015625
5389203125.0,	0.044147491455078125,	0.05837440490722656
5389212500.0,	0.047023773193359375,	0.05812835693359375
5389221875.0,	0.043285369873046875,	0.05988883972167969
5389231250.0,	0.04382133483886719,	0.05819129943847656
5389240625.0,	0.04679107666015625,	0.0571136474609375
5389250000.0,	0.04472923278808594,	0.059535980224609375
5389259375.0,	0.046070098876953125,	0.05966949462890625
5389268750.0,	0.044956207275390625,	0.05939292907714844
5389278125.0,	0.04331207275390625,	0.057628631591796875
5389287500.0,	0.04538154602050781,	0.05990028381347656
5389296875.0,	0.044063568115234375,	0.056850433349609375
5389306250.0,	0.045650482177734375,	0.059490203857421875
5389315625.0,	0.04431724548339844,	0.057464599609375
5389325000.0,	0.04170799255371094,	0.05799102783203125
5389334375.0,	0.04518318176269531,	0.06081581115722656
5389343750.0,	0.04373741149902344,	0.05773735046386719
5389353125.0,	0.04680061340332031,	0.05896759033203125
5389362500.0,	0.04455757141113281,	0.057865142822265625
5389371875.0,	0.04451751708984375,	0.0583343505859375
5389381250.0,	0.045475006103515625,	0.05792808532714844
5389390625.0,	0.04508399963378906,	0.06050682067871094
5389400000.0,	0.04508399963378906,	0.058292388916015625
5389409375.0,	0.04294013977050781,	0.058742523193359375
5389418750.0,	0.044429779052734375,	0.0583648681640625
5389428125.0,	0.04593658447265625,	0.05914497375488281
5389437500.0,	0.04564476013183594,	0.058807373046875
5389446875.0,	0.04496955871582031,	0.05622673034667969
5389456250.0,	0.044818878173828125,	0.059295654296875
5389465625.0,	0.0440216064453125,	0.058086395263671875
5389475000.0,	0.04561424255371094,	0.05900382995605469
5389484375.0,	0.042240142822265625,	0.05853271484375
5389493750.0,	0.04368400573730469,	0.05848884582519531
5389503125.0,	0.04543495178222656,	0.0595855712890625
5389512500.0,	0.04278564453125,	0.05811119079589844
5389521875.0,	0.04366302490234375,	0.05744361877441406
5389531250.0,	0.044086456298828125,	0.0578765869140625
5389540625.0,	0.04461860656738281,	0.05782508850097656
5389550000.0,	0.04427146911621094,	0.060428619384765625
5389559375.0,	0.04466438293457031,	0.056552886962890625
5389568750.0,	0.04429054260253906,	0.05713462829589844
5389578125.0,	0.04518890380859375,	0.05782127380371094
5389587500.0,	0.04550361633300781,	0.057636260986328125
5389596875.0,	0.04582977294921875,	0.05877685546875
5389606250.0,	0.04376029968261719,	0.059337615966796875
5389615625.0,	0.04670906066894531,	0.058837890625
5389625000.0,	0.04345893859863281,	0.059101104736328125
5389634375.0,	0.04552268981933594,	0.06056785583496094
5389643750.0,	0.04411125183105469,	0.058746337890625
5389653125.0,	0.04462432861328125,	0.05948829650878906
5389662500.0,	0.04423713684082031,	0.0586700439453125
5389671875.0,	0.04599761962890625,	0.05955696105957031
5389681250.0,	0.042659759521484375,	0.059833526611328125
5389690625.0,	0.04418182373046875,	0.05880928039550781
5389700000.0,	0.04370880126953125,	0.05781364440917969
5389709375.0,	0.04482269287109375,	0.058635711669921875
5389718750.0,	0.045352935791015625,	0.0579681396484375
5389728125.0,	0.04270172119140625,	0.05625724792480469
5389737500.0,	0.04479408264160156,	0.0572357177734375
5389746875.0,	0.044147491455078125,	0.057544708251953125
5389756250.0,	0.04305267333984375,	0.057605743408203125
5389765625.0,	0.04478263854980469,	0.059253692626953125
5389775000.0,	0.04375267028808594,	0.05663871765136719
5389784375.0,	0.04443931579589844,	0.05797576904296875
5389793750.0,	0.04434967041015625,	0.0593414306640625
5389803125.0,	0.04324531555175781,	0.06174468994140625
5389812500.0,	0.04735755920410156,	0.05904960632324219
5389821875.0,	0.045719146728515625,	0.057758331298828125
5389831250.0,	0.04296302795410156,	0.05625343322753906
5389840625.0,	0.04531669616699219,	0.05848503112792969
5389850000.0,	0.044315338134765625,	0.05782890319824219
5389859375.0,	0.04473114013671875,	0.059185028076171875
5389868750.0,	0.04348564147949219,	0.058940887451171875
5389878125.0,	0.0441741943359375,	0.05987358093261719
5389887500.0,	0.04444122314453125,	0.05925178527832031
5389896875.0,	0.044742584228515625,	0.05769157409667969
5389906250.0,	0.04259490966796875,	0.05914878845214844
5389915625.0,	0.04359626770019531,	0.05741310119628906
5389925000.0,	0.04591941833496094,	0.059360504150390625
5389934375.0,	0.04435157775878906,	0.060199737548828125
5389943750.0,	0.04587554931640625,	0.05995941162109375
5389953125.0,	0.04384422302246094,	0.06042671203613281
5389962500.0,	0.04187583923339844,	0.06009101867675781
5389971875.0,	0.0439453125,	0.05805015563964844
5389981250.0,	0.04431915283203125,	0.05801582336425781
5389990625.0,	0.04440879821777344,	0.059497833251953125
5390000000.0,	0.04650115966796875,	0.05793952941894531
