5333014375.0,	0.06341171264648438,	0.05865478515625
5333028750.0,	0.06238555908203125,	0.057666778564453125
5333043125.0,	0.06328201293945312,	0.0598297119140625
5333057500.0,	0.0631866455078125,	0.05597686767578125
5333071875.0,	0.06311416625976562,	0.0576324462890625
5333086250.0,	0.0642547607421875,	0.06006622314453125
5333100625.0,	0.061748504638671875,	0.0587158203125
5333115000.0,	0.06160926818847656,	0.05732917785644531
5333129375.0,	0.06235694885253906,	0.057117462158203125
5333143750.0,	0.062896728515625,	0.056766510009765625
5333158125.0,	0.06198692321777344,	0.05866241455078125
5333172500.0,	0.062145233154296875,	0.05925750732421875
5333186875.0,	0.06280517578125,	0.056446075439453125
5333201250.0,	0.061351776123046875,	0.05518341064453125
5333215625.0,	0.06386566162109375,	0.055934906005859375
5333230000.0,	0.06366348266601562,	0.0577850341796875
5333244375.0,	0.06455230712890625,	0.058193206787109375
5333258750.0,	0.06266021728515625,	0.056854248046875
5333273125.0,	0.0617828369140625,	0.05727195739746094
5333287500.0,	0.06189537048339844,	0.058135986328125
5333301875.0,	0.06300735473632812,	0.058238983154296875
5333316250.0,	0.063079833984375,	0.058254241943359375
5333330625.0,	0.06578445434570312,	0.05547332763671875
5333345000.0,	0.06087684631347656,	0.055263519287109375
5333359375.0,	0.06322097778320312,	0.05902862548828125
5333373750.0,	0.06201934814453125,	0.05616950988769531
5333388125.0,	0.06432342529296875,	0.057098388671875
5333402500.0,	0.06189537048339844,	0.058135986328125
5333416875.0,	0.06250381469726562,	0.056640625
5333431250.0,	0.062347412109375,	0.05534172058105469
5333445625.0,	0.06395339965820312,	0.056545257568359375
5333460000.0,	0.06200981140136719,	0.05870246887207031
5333474375.0,	0.06127166748046875,	0.056781768798828125
5333488750.0,	0.0622711181640625,	0.05608940124511719
5333503125.0,	0.06533050537109375,	0.054889678955078125
5333517500.0,	0.061435699462890625,	0.057659149169921875
5333531875.0,	0.0605926513671875,	0.05609130859375
5333546250.0,	0.06266021728515625,	0.056819915771484375
5333560625.0,	0.06338119506835938,	0.05644989013671875
5333575000.0,	0.06254196166992188,	0.057281494140625
5333589375.0,	0.063201904296875,	0.05634307861328125
5333603750.0,	0.06325149536132812,	0.056728363037109375
5333618125.0,	0.06175994873046875,	0.055644989013671875
5333632500.0,	0.0642852783203125,	0.055591583251953125
5333646875.0,	0.06268310546875,	0.05637359619140625
5333661250.0,	0.06361770629882812,	0.0574493408203125
5333675625.0,	0.06293487548828125,	0.059886932373046875
5333690000.0,	0.06084442138671875,	0.0565643310546875
5333704375.0,	0.06201171875,	0.05691337585449219
5333718750.0,	0.0640716552734375,	0.058139801025390625
5333733125.0,	0.06083106994628906,	0.05712318420410156
5333747500.0,	0.061794281005859375,	0.05630683898925781
5333761875.0,	0.063018798828125,	0.057956695556640625
5333776250.0,	0.06403350830078125,	0.055110931396484375
5333790625.0,	0.06244468688964844,	0.058353424072265625
5333805000.0,	0.0631561279296875,	0.056423187255859375
5333819375.0,	0.06213569641113281,	0.05537223815917969
5333833750.0,	0.06528472900390625,	0.057037353515625
5333848125.0,	0.06347274780273438,	0.05535125732421875
5333862500.0,	0.06331253051757812,	0.05599212646484375
5333876875.0,	0.0626373291015625,	0.05599212646484375
5333891250.0,	0.06255340576171875,	0.05780029296875
5333905625.0,	0.06343841552734375,	0.05759429931640625
5333920000.0,	0.062713623046875,	0.0567169189453125
5333934375.0,	0.06255340576171875,	0.056735992431640625
5333948750.0,	0.06250381469726562,	0.054309844970703125
5333963125.0,	0.06352615356445312,	0.0570831298828125
5333977500.0,	0.061885833740234375,	0.054523468017578125
5333991875.0,	0.0641632080078125,	0.056858062744140625
5334006250.0,	0.06332015991210938,	0.0577392578125
5334020625.0,	0.06343841552734375,	0.054828643798828125
5334035000.0,	0.06453704833984375,	0.057971954345703125
5334049375.0,	0.0638885498046875,	0.05577850341796875
5334063750.0,	0.06435012817382812,	0.05750274658203125
5334078125.0,	0.0626373291015625,	0.055934906005859375
5334092500.0,	0.06470870971679688,	0.0558319091796875
5334106875.0,	0.06388473510742188,	0.054981231689453125
5334121250.0,	0.06072998046875,	0.058502197265625
5334135625.0,	0.06222343444824219,	0.055683135986328125
5334150000.0,	0.06500625610351562,	0.05590057373046875
5334164375.0,	0.06352996826171875,	0.055652618408203125
5334178750.0,	0.0622711181640625,	0.05459022521972656
5334193125.0,	0.06237030029296875,	0.0549468994140625
5334207500.0,	0.06250381469726562,	0.05719757080078125
5334221875.0,	0.06097221374511719,	0.05697822570800781
5334236250.0,	0.06484603881835938,	0.054866790771484375
5334250625.0,	0.06436538696289062,	0.05519866943359375
5334265000.0,	0.06509780883789062,	0.05689239501953125
5334279375.0,	0.06322860717773438,	0.056247711181640625
5334293750.0,	0.06157493591308594,	0.05605506896972656
5334308125.0,	0.06392288208007812,	0.056812286376953125
5334322500.0,	0.06342315673828125,	0.05596923828125
5334336875.0,	0.06452560424804688,	0.05583953857421875
5334351250.0,	0.06249046325683594,	0.0542144775390625
5334365625.0,	0.06610488891601562,	0.056735992431640625
5334380000.0,	0.06270599365234375,	0.05518341064453125
5334394375.0,	0.061893463134765625,	0.0541839599609375
5334408750.0,	0.06343841552734375,	0.05425262451171875
5334423125.0,	0.06290435791015625,	0.055450439453125
5334437500.0,	0.06357955932617188,	0.054553985595703125
5334451875.0,	0.06410980224609375,	0.05782318115234375
5334466250.0,	0.06453323364257812,	0.05560302734375
5334480625.0,	0.062374114990234375,	0.053852081298828125
5334495000.0,	0.06377410888671875,	0.05747222900390625
5334509375.0,	0.0641326904296875,	0.0557708740234375
5334523750.0,	0.062404632568359375,	0.0546875
5334538125.0,	0.06431198120117188,	0.05321502685546875
5334552500.0,	0.06374740600585938,	0.05518341064453125
5334566875.0,	0.06566619873046875,	0.055355072021484375
5334581250.0,	0.065032958984375,	0.05644989013671875
5334595625.0,	0.06616973876953125,	0.057514190673828125
5334610000.0,	0.06328201293945312,	0.054790496826171875
5334624375.0,	0.06327438354492188,	0.05469512939453125
5334638750.0,	0.06433868408203125,	0.05615997314453125
5334653125.0,	0.06229972839355469,	0.056262969970703125
5334667500.0,	0.06190681457519531,	0.05355262756347656
5334681875.0,	0.06241416931152344,	0.05374717712402344
5334696250.0,	0.06341552734375,	0.055328369140625
5334710625.0,	0.06271743774414062,	0.054256439208984375
5334725000.0,	0.06196022033691406,	0.05413246154785156
5334739375.0,	0.06468963623046875,	0.05478668212890625
5334753750.0,	0.063568115234375,	0.05373382568359375
5334768125.0,	0.06434249877929688,	0.05432891845703125
5334782500.0,	0.06270980834960938,	0.053447723388671875
5334796875.0,	0.06280517578125,	0.0554046630859375
5334811250.0,	0.06612014770507812,	0.055347442626953125
5334825625.0,	0.06246185302734375,	0.0554046630859375
5334840000.0,	0.06266021728515625,	0.0548248291015625
5334854375.0,	0.06365203857421875,	0.055507659912109375
5334868750.0,	0.06359481811523438,	0.0554351806640625
5334883125.0,	0.0653533935546875,	0.05504608154296875
5334897500.0,	0.062652587890625,	0.055553436279296875
5334911875.0,	0.06307220458984375,	0.054302215576171875
5334926250.0,	0.06409835815429688,	0.054920196533203125
5334940625.0,	0.0648193359375,	0.056396484375
5334955000.0,	0.06395339965820312,	0.054901123046875
5334969375.0,	0.0642852783203125,	0.052822113037109375
5334983750.0,	0.06440353393554688,	0.054164886474609375
5334998125.0,	0.06423568725585938,	0.0549163818359375
5335012500.0,	0.062343597412109375,	0.05341148376464844
5335026875.0,	0.06182289123535156,	0.054340362548828125
5335041250.0,	0.06418991088867188,	0.056941986083984375
5335055625.0,	0.06354522705078125,	0.055816650390625
5335070000.0,	0.06425857543945312,	0.05657958984375
5335084375.0,	0.06337738037109375,	0.053741455078125
5335098750.0,	0.06315231323242188,	0.054599761962890625
5335113125.0,	0.06393051147460938,	0.05396270751953125
5335127500.0,	0.06415939331054688,	0.0551300048828125
5335141875.0,	0.063812255859375,	0.05339813232421875
5335156250.0,	0.06436538696289062,	0.05472564697265625
5335170625.0,	0.0659332275390625,	0.055576324462890625
5335185000.0,	0.06488037109375,	0.055934906005859375
5335199375.0,	0.06397628784179688,	0.053592681884765625
5335213750.0,	0.06348800659179688,	0.055084228515625
5335228125.0,	0.0626068115234375,	0.05454254150390625
5335242500.0,	0.06361770629882812,	0.0528717041015625
5335256875.0,	0.06143951416015625,	0.05634307861328125
5335271250.0,	0.06470489501953125,	0.05481719970703125
5335285625.0,	0.06420516967773438,	0.051753997802734375
5335300000.0,	0.06453704833984375,	0.055820465087890625
5335314375.0,	0.06373977661132812,	0.054019927978515625
5335328750.0,	0.0635223388671875,	0.054065704345703125
5335343125.0,	0.06506729125976562,	0.052921295166015625
5335357500.0,	0.0632171630859375,	0.055286407470703125
5335371875.0,	0.0630950927734375,	0.05365753173828125
5335386250.0,	0.06357192993164062,	0.05319976806640625
5335400625.0,	0.06426239013671875,	0.05554962158203125
5335415000.0,	0.06309890747070312,	0.0535736083984375
5335429375.0,	0.06400680541992188,	0.05408477783203125
5335443750.0,	0.06193733215332031,	0.05219268798828125
5335458125.0,	0.06258392333984375,	0.0545654296875
5335472500.0,	0.06482315063476562,	0.051876068115234375
5335486875.0,	0.063018798828125,	0.05573272705078125
5335501250.0,	0.064239501953125,	0.054317474365234375
5335515625.0,	0.06472015380859375,	0.052402496337890625
5335530000.0,	0.0639190673828125,	0.052814483642578125
5335544375.0,	0.06439208984375,	0.054164886474609375
5335558750.0,	0.06360244750976562,	0.055171966552734375
5335573125.0,	0.06464004516601562,	0.054378509521484375
5335587500.0,	0.06456375122070312,	0.056468963623046875
5335601875.0,	0.06137275695800781,	0.054729461669921875
5335616250.0,	0.06417465209960938,	0.05323028564453125
5335630625.0,	0.063751220703125,	0.05261993408203125
5335645000.0,	0.06259918212890625,	0.054279327392578125
5335659375.0,	0.06345748901367188,	0.054645538330078125
5335673750.0,	0.06346893310546875,	0.053524017333984375
5335688125.0,	0.06238365173339844,	0.05256080627441406
5335702500.0,	0.06412506103515625,	0.053165435791015625
5335716875.0,	0.06551742553710938,	0.0528106689453125
5335731250.0,	0.064178466796875,	0.05471038818359375
5335745625.0,	0.06440353393554688,	0.0541534423828125
5335760000.0,	0.06300735473632812,	0.052165985107421875
5335774375.0,	0.06542205810546875,	0.0532989501953125
5335788750.0,	0.06501388549804688,	0.054779052734375
5335803125.0,	0.06714630126953125,	0.053386688232421875
5335817500.0,	0.06412124633789062,	0.05347442626953125
5335831875.0,	0.06369781494140625,	0.0554046630859375
5335846250.0,	0.06567764282226562,	0.052959442138671875
5335860625.0,	0.06456756591796875,	0.055572509765625
5335875000.0,	0.0643463134765625,	0.051959991455078125
5335889375.0,	0.06464385986328125,	0.052181243896484375
5335903750.0,	0.06311416625976562,	0.053752899169921875
5335918125.0,	0.06642532348632812,	0.052417755126953125
5335932500.0,	0.06540298461914062,	0.0554962158203125
5335946875.0,	0.06368255615234375,	0.055385589599609375
5335961250.0,	0.06418228149414062,	0.05224609375
5335975625.0,	0.06622695922851562,	0.05255126953125
5335990000.0,	0.0626068115234375,	0.0510711669921875
5336004375.0,	0.06222724914550781,	0.052947998046875
5336018750.0,	0.06315994262695312,	0.052585601806640625
5336033125.0,	0.06561660766601562,	0.051464080810546875
5336047500.0,	0.06389617919921875,	0.053890228271484375
5336061875.0,	0.0655059814453125,	0.052013397216796875
5336076250.0,	0.0649261474609375,	0.052642822265625
5336090625.0,	0.06632614135742188,	0.051151275634765625
5336105000.0,	0.06400299072265625,	0.0532379150390625
5336119375.0,	0.06475448608398438,	0.052135467529296875
5336133750.0,	0.06288909912109375,	0.052898406982421875
5336148125.0,	0.064849853515625,	0.05292510986328125
5336162500.0,	0.06540298461914062,	0.051975250244140625
5336176875.0,	0.06325531005859375,	0.0545806884765625
5336191250.0,	0.06554794311523438,	0.052677154541015625
5336205625.0,	0.062397003173828125,	0.05185699462890625
5336220000.0,	0.06290435791015625,	0.051532745361328125
5336234375.0,	0.06386184692382812,	0.052654266357421875
5336248750.0,	0.06513595581054688,	0.05442047119140625
5336263125.0,	0.06467437744140625,	0.053791046142578125
5336277500.0,	0.06592178344726562,	0.052265167236328125
5336291875.0,	0.06259536743164062,	0.0519561767578125
5336306250.0,	0.06353759765625,	0.0530853271484375
5336320625.0,	0.06534194946289062,	0.05410003662109375
5336335000.0,	0.062488555908203125,	0.05415534973144531
5336349375.0,	0.06264114379882812,	0.051502227783203125
5336363750.0,	0.06409072875976562,	0.052356719970703125
5336378125.0,	0.063690185546875,	0.051555633544921875
5336392500.0,	0.062000274658203125,	0.05171966552734375
5336406875.0,	0.06491851806640625,	0.050586700439453125
5336421250.0,	0.06341171264648438,	0.0517578125
5336435625.0,	0.06395721435546875,	0.0522613525390625
5336450000.0,	0.06357955932617188,	0.05239105224609375
5336464375.0,	0.06494140625,	0.04991912841796875
5336478750.0,	0.06394577026367188,	0.05025482177734375
5336493125.0,	0.06456756591796875,	0.050876617431640625
5336507500.0,	0.06607437133789062,	0.052188873291015625
5336521875.0,	0.06506729125976562,	0.053775787353515625
5336536250.0,	0.06273651123046875,	0.052021026611328125
5336550625.0,	0.064239501953125,	0.05001068115234375
5336565000.0,	0.06459808349609375,	0.052265167236328125
5336579375.0,	0.0646209716796875,	0.052982330322265625
5336593750.0,	0.062435150146484375,	0.052154541015625
5336608125.0,	0.06563568115234375,	0.0523681640625
5336622500.0,	0.06459426879882812,	0.052471160888671875
5336636875.0,	0.063201904296875,	0.050205230712890625
5336651250.0,	0.0635986328125,	0.0505828857421875
5336665625.0,	0.06270217895507812,	0.053409576416015625
5336680000.0,	0.06383514404296875,	0.05146026611328125
5336694375.0,	0.06410980224609375,	0.05088043212890625
5336708750.0,	0.06287002563476562,	0.051937103271484375
5336723125.0,	0.06500244140625,	0.052394866943359375
5336737500.0,	0.06353759765625,	0.05057525634765625
5336751875.0,	0.062774658203125,	0.050052642822265625
5336766250.0,	0.06158256530761719,	0.050823211669921875
5336780625.0,	0.06432342529296875,	0.050594329833984375
5336795000.0,	0.06388473510742188,	0.05091094970703125
5336809375.0,	0.06492996215820312,	0.051082611083984375
5336823750.0,	0.06239509582519531,	0.05023384094238281
5336838125.0,	0.06322860717773438,	0.049358367919921875
5336852500.0,	0.06332015991210938,	0.0530853271484375
5336866875.0,	0.06528472900390625,	0.051891326904296875
5336881250.0,	0.06453704833984375,	0.050434112548828125
5336895625.0,	0.06511688232421875,	0.05120849609375
5336910000.0,	0.06463623046875,	0.051586151123046875
5336924375.0,	0.06368637084960938,	0.051029205322265625
5336938750.0,	0.06270217895507812,	0.051494598388671875
5336953125.0,	0.06545257568359375,	0.0528106689453125
5336967500.0,	0.06313705444335938,	0.0489044189453125
5336981875.0,	0.06459808349609375,	0.048946380615234375
5336996250.0,	0.06296157836914062,	0.052082061767578125
5337010625.0,	0.06481552124023438,	0.0519866943359375
5337025000.0,	0.06540679931640625,	0.051288604736328125
5337039375.0,	0.06459808349609375,	0.051433563232421875
5337053750.0,	0.06342315673828125,	0.04949951171875
5337068125.0,	0.06539535522460938,	0.05034637451171875
5337082500.0,	0.0637969970703125,	0.04901123046875
5337096875.0,	0.06409454345703125,	0.04758453369140625
5337111250.0,	0.06326675415039062,	0.05083465576171875
5337125625.0,	0.06658554077148438,	0.0499420166015625
5337140000.0,	0.06462478637695312,	0.050189971923828125
5337154375.0,	0.06467437744140625,	0.052516937255859375
5337168750.0,	0.0635528564453125,	0.05206298828125
5337183125.0,	0.06233978271484375,	0.04985618591308594
5337197500.0,	0.06383514404296875,	0.05161285400390625
5337211875.0,	0.06375503540039062,	0.05049896240234375
5337226250.0,	0.06299591064453125,	0.04918670654296875
5337240625.0,	0.06290054321289062,	0.04900360107421875
5337255000.0,	0.06383895874023438,	0.050418853759765625
5337269375.0,	0.06415557861328125,	0.050891876220703125
5337283750.0,	0.06334304809570312,	0.052150726318359375
5337298125.0,	0.063446044921875,	0.050079345703125
5337312500.0,	0.06277084350585938,	0.049388885498046875
5337326875.0,	0.06463241577148438,	0.050121307373046875
5337341250.0,	0.06443023681640625,	0.049503326416015625
5337355625.0,	0.06421279907226562,	0.049427032470703125
5337370000.0,	0.06145477294921875,	0.04949951171875
5337384375.0,	0.06370162963867188,	0.0510101318359375
5337398750.0,	0.06304550170898438,	0.04972076416015625
5337413125.0,	0.06252288818359375,	0.04891204833984375
5337427500.0,	0.06423187255859375,	0.048603057861328125
5337441875.0,	0.06298065185546875,	0.051422119140625
5337456250.0,	0.06309127807617188,	0.04706573486328125
5337470625.0,	0.06453323364257812,	0.049587249755859375
5337485000.0,	0.06307220458984375,	0.049152374267578125
5337499375.0,	0.06560897827148438,	0.050846099853515625
5337513750.0,	0.06416702270507812,	0.048625946044921875
5337528125.0,	0.06413650512695312,	0.050769805908203125
5337542500.0,	0.06409072875976562,	0.0499267578125
5337556875.0,	0.06486892700195312,	0.049671173095703125
5337571250.0,	0.0639495849609375,	0.052646636962890625
5337585625.0,	0.06653213500976562,	0.05023193359375
5337600000.0,	0.06255340576171875,	0.048969268798828125
5337614375.0,	0.06300735473632812,	0.051204681396484375
5337628750.0,	0.062046051025390625,	0.049488067626953125
5337643125.0,	0.06513214111328125,	0.050029754638671875
5337657500.0,	0.06360626220703125,	0.04975128173828125
5337671875.0,	0.062164306640625,	0.04864692687988281
5337686250.0,	0.06242179870605469,	0.05003929138183594
5337700625.0,	0.06354522705078125,	0.04827880859375
5337715000.0,	0.0655975341796875,	0.0478057861328125
5337729375.0,	0.06099510192871094,	0.04977226257324219
5337743750.0,	0.0639190673828125,	0.049968719482421875
5337758125.0,	0.06481552124023438,	0.0477447509765625
5337772500.0,	0.06224250793457031,	0.048519134521484375
5337786875.0,	0.06285476684570312,	0.04799652099609375
5337801250.0,	0.064361572265625,	0.047588348388671875
5337815625.0,	0.0638580322265625,	0.048946380615234375
5337830000.0,	0.06341171264648438,	0.049327850341796875
5337844375.0,	0.06403350830078125,	0.047229766845703125
5337858750.0,	0.06268692016601562,	0.049755096435546875
5337873125.0,	0.06311416625976562,	0.048366546630859375
5337887500.0,	0.06615829467773438,	0.0487060546875
5337901875.0,	0.06217002868652344,	0.04920387268066406
5337916250.0,	0.063812255859375,	0.04831695556640625
5337930625.0,	0.06242179870605469,	0.04697990417480469
5337945000.0,	0.062347412109375,	0.048130035400390625
5337959375.0,	0.0648651123046875,	0.04721832275390625
5337973750.0,	0.06264495849609375,	0.048107147216796875
5337988125.0,	0.06119728088378906,	0.048877716064453125
5338002500.0,	0.06420135498046875,	0.049602508544921875
5338016875.0,	0.06380462646484375,	0.04732513427734375
5338031250.0,	0.06265640258789062,	0.04750823974609375
5338045625.0,	0.06404495239257812,	0.047328948974609375
5338060000.0,	0.06319046020507812,	0.049144744873046875
5338074375.0,	0.064971923828125,	0.046558380126953125
5338088750.0,	0.06303787231445312,	0.04860687255859375
5338103125.0,	0.06390380859375,	0.04796600341796875
5338117500.0,	0.062408447265625,	0.047695159912109375
5338131875.0,	0.06510162353515625,	0.049968719482421875
5338146250.0,	0.06306076049804688,	0.05016326904296875
5338160625.0,	0.062957763671875,	0.0475616455078125
5338175000.0,	0.06283187866210938,	0.046871185302734375
5338189375.0,	0.06327056884765625,	0.047046661376953125
5338203750.0,	0.06307220458984375,	0.04750823974609375
5338218125.0,	0.06195831298828125,	0.04461669921875
5338232500.0,	0.06296157836914062,	0.046783447265625
5338246875.0,	0.06353759765625,	0.0470428466796875
5338261250.0,	0.06456756591796875,	0.048450469970703125
5338275625.0,	0.0638885498046875,	0.04749298095703125
5338290000.0,	0.06304931640625,	0.045810699462890625
5338304375.0,	0.06317520141601562,	0.0480804443359375
5338318750.0,	0.06365203857421875,	0.045299530029296875
5338333125.0,	0.0628509521484375,	0.047199249267578125
5338347500.0,	0.06435012817382812,	0.049297332763671875
5338361875.0,	0.062320709228515625,	0.04623222351074219
5338376250.0,	0.06053352355957031,	0.04612922668457031
5338390625.0,	0.06288909912109375,	0.049007415771484375
5338405000.0,	0.06152153015136719,	0.045879364013671875
5338419375.0,	0.065704345703125,	0.046550750732421875
5338433750.0,	0.06273269653320312,	0.046672821044921875
5338448125.0,	0.06226539611816406,	0.04624176025390625
5338462500.0,	0.06204986572265625,	0.049015045166015625
5338476875.0,	0.06335830688476562,	0.045383453369140625
5338491250.0,	0.06314849853515625,	0.04557037353515625
5338505625.0,	0.06468582153320312,	0.046634674072265625
5338520000.0,	0.06360244750976562,	0.046878814697265625
5338534375.0,	0.06391525268554688,	0.0458526611328125
5338548750.0,	0.06182098388671875,	0.0480499267578125
5338563125.0,	0.06336212158203125,	0.047454833984375
5338577500.0,	0.06298065185546875,	0.04754638671875
5338591875.0,	0.06171989440917969,	0.04383087158203125
5338606250.0,	0.06204032897949219,	0.04538917541503906
5338620625.0,	0.06179618835449219,	0.046115875244140625
5338635000.0,	0.06331253051757812,	0.046573638916015625
5338649375.0,	0.06351089477539062,	0.045124053955078125
5338663750.0,	0.0638275146484375,	0.0452117919921875
5338678125.0,	0.062267303466796875,	0.04610252380371094
5338692500.0,	0.06029319763183594,	0.04718589782714844
5338706875.0,	0.062236785888671875,	0.047786712646484375
5338721250.0,	0.062305450439453125,	0.04599571228027344
5338735625.0,	0.06296539306640625,	0.04566192626953125
5338750000.0,	0.06332778930664062,	0.043453216552734375
5338764375.0,	0.06560134887695312,	0.046779632568359375
5338778750.0,	0.06256866455078125,	0.046329498291015625
5338793125.0,	0.06494140625,	0.045803070068359375
5338807500.0,	0.06245231628417969,	0.04631996154785156
5338821875.0,	0.06158638000488281,	0.046535491943359375
5338836250.0,	0.06290054321289062,	0.04573822021484375
5338850625.0,	0.062274932861328125,	0.04468727111816406
5338865000.0,	0.0625457763671875,	0.045673370361328125
5338879375.0,	0.06267547607421875,	0.043781280517578125
5338893750.0,	0.0638427734375,	0.04410552978515625
5338908125.0,	0.060306549072265625,	0.04352378845214844
5338922500.0,	0.06285476684570312,	0.045345306396484375
5338936875.0,	0.0638427734375,	0.045658111572265625
5338951250.0,	0.06087684631347656,	0.045726776123046875
5338965625.0,	0.06441879272460938,	0.044231414794921875
5338980000.0,	0.0628509521484375,	0.041408538818359375
5338994375.0,	0.06309127807617188,	0.043903350830078125
5339008750.0,	0.062835693359375,	0.045803070068359375
5339023125.0,	0.06303024291992188,	0.045604705810546875
5339037500.0,	0.06126976013183594,	0.043460845947265625
5339051875.0,	0.06052589416503906,	0.044834136962890625
5339066250.0,	0.0632781982421875,	0.04547882080078125
5339080625.0,	0.06240653991699219,	0.04686927795410156
5339095000.0,	0.062221527099609375,	0.044521331787109375
5339109375.0,	0.06332778930664062,	0.043666839599609375
5339123750.0,	0.062175750732421875,	0.04532432556152344
5339138125.0,	0.06415176391601562,	0.044078826904296875
5339152500.0,	0.06329727172851562,	0.04312896728515625
5339166875.0,	0.06091117858886719,	0.043300628662109375
5339181250.0,	0.06073570251464844,	0.04397392272949219
5339195625.0,	0.06159400939941406,	0.04527854919433594
5339210000.0,	0.0633392333984375,	0.0423431396484375
5339224375.0,	0.06326675415039062,	0.045314788818359375
5339238750.0,	0.060558319091796875,	0.04350852966308594
5339253125.0,	0.06243896484375,	0.04429435729980469
5339267500.0,	0.06340789794921875,	0.043590545654296875
5339281875.0,	0.06268692016601562,	0.045806884765625
5339296250.0,	0.06168937683105469,	0.04486846923828125
5339310625.0,	0.0627593994140625,	0.04571533203125
5339325000.0,	0.06182289123535156,	0.04560661315917969
5339339375.0,	0.0649871826171875,	0.04395294189453125
5339353750.0,	0.06238746643066406,	0.04273223876953125
5339368125.0,	0.06204032897949219,	0.045993804931640625
5339382500.0,	0.06217765808105469,	0.04409599304199219
5339396875.0,	0.06301116943359375,	0.04360198974609375
5339411250.0,	0.06191253662109375,	0.04024696350097656
5339425625.0,	0.06166839599609375,	0.042812347412109375
5339440000.0,	0.06325912475585938,	0.043018341064453125
5339454375.0,	0.06310272216796875,	0.04366302490234375
5339468750.0,	0.06144523620605469,	0.04217338562011719
5339483125.0,	0.06215667724609375,	0.041973114013671875
5339497500.0,	0.06259918212890625,	0.041492462158203125
5339511875.0,	0.062252044677734375,	0.04260063171386719
5339526250.0,	0.06229209899902344,	0.04429054260253906
5339540625.0,	0.061908721923828125,	0.04265022277832031
5339555000.0,	0.06213188171386719,	0.04311370849609375
5339569375.0,	0.058742523193359375,	0.04143524169921875
5339583750.0,	0.061901092529296875,	0.04039192199707031
5339598125.0,	0.0621490478515625,	0.044483184814453125
5339612500.0,	0.061191558837890625,	0.04150390625
5339626875.0,	0.06165313720703125,	0.040050506591796875
5339641250.0,	0.06258010864257812,	0.043575286865234375
5339655625.0,	0.06015968322753906,	0.04165840148925781
5339670000.0,	0.06072235107421875,	0.0430450439453125
5339684375.0,	0.060787200927734375,	0.041858673095703125
5339698750.0,	0.06189727783203125,	0.04166984558105469
5339713125.0,	0.06017494201660156,	0.04176902770996094
5339727500.0,	0.05859375,	0.04113578796386719
5339741875.0,	0.06068229675292969,	0.041385650634765625
5339756250.0,	0.06051063537597656,	0.041107177734375
5339770625.0,	0.05943489074707031,	0.04122161865234375
5339785000.0,	0.0606231689453125,	0.04248237609863281
5339799375.0,	0.061794281005859375,	0.041576385498046875
5339813750.0,	0.060359954833984375,	0.04266357421875
5339828125.0,	0.061130523681640625,	0.04161643981933594
5339842500.0,	0.06158447265625,	0.043880462646484375
5339856875.0,	0.059978485107421875,	0.04168701171875
5339871250.0,	0.06285476684570312,	0.041347503662109375
5339885625.0,	0.06057929992675781,	0.042591094970703125
5339900000.0,	0.06056976318359375,	0.0394439697265625
5339914375.0,	0.05832481384277344,	0.04239845275878906
5339928750.0,	0.05975151062011719,	0.04223823547363281
5339943125.0,	0.06052589416503906,	0.03944587707519531
5339957500.0,	0.06087493896484375,	0.039890289306640625
5339971875.0,	0.05947303771972656,	0.0437164306640625
5339986250.0,	0.059047698974609375,	0.039638519287109375
5340000625.0,	0.05976104736328125,	0.04025459289550781
5340015000.0,	0.0625457763671875,	0.041744232177734375
5340029375.0,	0.05805015563964844,	0.04137992858886719
5340043750.0,	0.06118202209472656,	0.03920555114746094
5340058125.0,	0.061767578125,	0.04179191589355469
5340072500.0,	0.06150054931640625,	0.041439056396484375
5340086875.0,	0.059169769287109375,	0.03984642028808594
5340101250.0,	0.061283111572265625,	0.041866302490234375
5340115625.0,	0.05925559997558594,	0.040752410888671875
5340130000.0,	0.06357574462890625,	0.04116058349609375
5340144375.0,	0.05887603759765625,	0.04104042053222656
5340158750.0,	0.059368133544921875,	0.04100608825683594
5340173125.0,	0.05959510803222656,	0.0385284423828125
5340187500.0,	0.0600433349609375,	0.03822135925292969
5340201875.0,	0.05993461608886719,	0.03974342346191406
5340216250.0,	0.05932807922363281,	0.03993034362792969
5340230625.0,	0.05963706970214844,	0.040828704833984375
5340245000.0,	0.060394287109375,	0.038234710693359375
5340259375.0,	0.05973625183105469,	0.0401763916015625
5340273750.0,	0.059291839599609375,	0.03767204284667969
5340288125.0,	0.06027793884277344,	0.04093170166015625
5340302500.0,	0.05927276611328125,	0.03949928283691406
5340316875.0,	0.06025505065917969,	0.03911781311035156
5340331250.0,	0.05998802185058594,	0.040584564208984375
5340345625.0,	0.05970573425292969,	0.03909111022949219
5340360000.0,	0.06059837341308594,	0.04004859924316406
5340374375.0,	0.059478759765625,	0.03942298889160156
5340388750.0,	0.05939483642578125,	0.03899192810058594
5340403125.0,	0.05925178527832031,	0.038421630859375
5340417500.0,	0.058429718017578125,	0.03866767883300781
5340431875.0,	0.05929756164550781,	0.03830909729003906
5340446250.0,	0.06036949157714844,	0.041149139404296875
5340460625.0,	0.06011009216308594,	0.037017822265625
5340475000.0,	0.05602264404296875,	0.04105949401855469
5340489375.0,	0.059688568115234375,	0.03907585144042969
5340503750.0,	0.05918121337890625,	0.0383758544921875
5340518125.0,	0.061550140380859375,	0.037242889404296875
5340532500.0,	0.05933952331542969,	0.03986930847167969
5340546875.0,	0.0576629638671875,	0.03897285461425781
5340561250.0,	0.06056976318359375,	0.037624359130859375
5340575625.0,	0.057979583740234375,	0.03884696960449219
5340590000.0,	0.059314727783203125,	0.037540435791015625
5340604375.0,	0.05743408203125,	0.0386505126953125
5340618750.0,	0.0606689453125,	0.039173126220703125
5340633125.0,	0.05826568603515625,	0.03991127014160156
5340647500.0,	0.05799674987792969,	0.03736686706542969
5340661875.0,	0.0566253662109375,	0.03765678405761719
5340676250.0,	0.05951118469238281,	0.04080963134765625
5340690625.0,	0.06152153015136719,	0.037319183349609375
5340705000.0,	0.057743072509765625,	0.037906646728515625
5340719375.0,	0.05885124206542969,	0.03555488586425781
5340733750.0,	0.058177947998046875,	0.036930084228515625
5340748125.0,	0.05512809753417969,	0.0359954833984375
5340762500.0,	0.057552337646484375,	0.03635406494140625
5340776875.0,	0.058475494384765625,	0.035495758056640625
5340791250.0,	0.05763816833496094,	0.035495758056640625
5340805625.0,	0.05883979797363281,	0.036212921142578125
5340820000.0,	0.055973052978515625,	0.036060333251953125
5340834375.0,	0.06093025207519531,	0.03462409973144531
5340848750.0,	0.05750274658203125,	0.03568077087402344
5340863125.0,	0.056720733642578125,	0.037097930908203125
5340877500.0,	0.05597496032714844,	0.03668785095214844
5340891875.0,	0.058910369873046875,	0.03654289245605469
5340906250.0,	0.05692100524902344,	0.0382232666015625
5340920625.0,	0.05868339538574219,	0.03479194641113281
5340935000.0,	0.059673309326171875,	0.03585624694824219
5340949375.0,	0.05727577209472656,	0.03343772888183594
5340963750.0,	0.057933807373046875,	0.037899017333984375
5340978125.0,	0.059200286865234375,	0.03520393371582031
5340992500.0,	0.058441162109375,	0.035549163818359375
5341006875.0,	0.056743621826171875,	0.03723335266113281
5341021250.0,	0.05806159973144531,	0.03582000732421875
5341035625.0,	0.05660057067871094,	0.03530693054199219
5341050000.0,	0.05605316162109375,	0.03436279296875
5341064375.0,	0.05602073669433594,	0.035999298095703125
5341078750.0,	0.05507850646972656,	0.03493309020996094
5341093125.0,	0.05677223205566406,	0.03485679626464844
5341107500.0,	0.05370330810546875,	0.03491401672363281
5341121875.0,	0.05544853210449219,	0.03581428527832031
5341136250.0,	0.05678558349609375,	0.036884307861328125
5341150625.0,	0.05765533447265625,	0.03474617004394531
5341165000.0,	0.05741119384765625,	0.03632545471191406
5341179375.0,	0.055828094482421875,	0.034343719482421875
5341193750.0,	0.05507850646972656,	0.03399467468261719
5341208125.0,	0.05563163757324219,	0.03474998474121094
5341222500.0,	0.05590629577636719,	0.035430908203125
5341236875.0,	0.055065155029296875,	0.03528785705566406
5341251250.0,	0.054595947265625,	0.03360557556152344
5341265625.0,	0.055362701416015625,	0.03405189514160156
5341280000.0,	0.055995941162109375,	0.03286552429199219
5341294375.0,	0.058322906494140625,	0.034236907958984375
5341308750.0,	0.05585670471191406,	0.03574943542480469
5341323125.0,	0.05676078796386719,	0.03437614440917969
5341337500.0,	0.05481910705566406,	0.032855987548828125
5341351875.0,	0.05526542663574219,	0.03357505798339844
5341366250.0,	0.05468559265136719,	0.034332275390625
5341380625.0,	0.05553436279296875,	0.032314300537109375
5341395000.0,	0.05378913879394531,	0.034900665283203125
5341409375.0,	0.055572509765625,	0.03355598449707031
5341423750.0,	0.05427360534667969,	0.03261375427246094
5341438125.0,	0.05344390869140625,	0.03368186950683594
5341452500.0,	0.05410194396972656,	0.03140068054199219
5341466875.0,	0.05443572998046875,	0.030500411987304688
5341481250.0,	0.055355072021484375,	0.031475067138671875
5341495625.0,	0.05484199523925781,	0.0322418212890625
5341510000.0,	0.05388450622558594,	0.03326225280761719
5341524375.0,	0.053714752197265625,	0.03130149841308594
5341538750.0,	0.05284881591796875,	0.03138160705566406
5341553125.0,	0.053462982177734375,	0.03227424621582031
5341567500.0,	0.05367279052734375,	0.03141975402832031
5341581875.0,	0.05301666259765625,	0.033725738525390625
5341596250.0,	0.05316162109375,	0.031681060791015625
5341610625.0,	0.05324363708496094,	0.032672882080078125
5341625000.0,	0.05382537841796875,	0.03172492980957031
5341639375.0,	0.053211212158203125,	0.03212165832519531
5341653750.0,	0.05288887023925781,	0.03084564208984375
5341668125.0,	0.05379676818847656,	0.03108978271484375
5341682500.0,	0.05279541015625,	0.029584884643554688
5341696875.0,	0.05258369445800781,	0.03138923645019531
5341711250.0,	0.05214118957519531,	0.03203010559082031
5341725625.0,	0.05250740051269531,	0.030702590942382812
5341740000.0,	0.05119514465332031,	0.030038833618164062
5341754375.0,	0.05114173889160156,	0.032337188720703125
5341768750.0,	0.05347633361816406,	0.030618667602539062
5341783125.0,	0.05028343200683594,	0.03118896484375
5341797500.0,	0.05258750915527344,	0.029535293579101562
5341811875.0,	0.05068778991699219,	0.032215118408203125
5341826250.0,	0.05317878723144531,	0.0292205810546875
5341840625.0,	0.05224609375,	0.030935287475585938
5341855000.0,	0.05042266845703125,	0.029783248901367188
5341869375.0,	0.05150413513183594,	0.030727386474609375
5341883750.0,	0.04971885681152344,	0.033473968505859375
5341898125.0,	0.051654815673828125,	0.02895355224609375
5341912500.0,	0.051334381103515625,	0.029481887817382812
5341926875.0,	0.05168914794921875,	0.02867889404296875
5341941250.0,	0.05042266845703125,	0.029254913330078125
5341955625.0,	0.051113128662109375,	0.029020309448242188
5341970000.0,	0.051242828369140625,	0.03035736083984375
5341984375.0,	0.049777984619140625,	0.03175544738769531
5341998750.0,	0.0496368408203125,	0.031375885009765625
5342013125.0,	0.048686981201171875,	0.028772354125976562
5342027500.0,	0.05079078674316406,	0.028409957885742188
5342041875.0,	0.04900169372558594,	0.027835845947265625
5342056250.0,	0.0482177734375,	0.028001785278320312
5342070625.0,	0.05090141296386719,	0.029327392578125
5342085000.0,	0.0498046875,	0.028062820434570312
5342099375.0,	0.05066680908203125,	0.029033660888671875
5342113750.0,	0.049816131591796875,	0.027118682861328125
5342128125.0,	0.0476837158203125,	0.029104232788085938
5342142500.0,	0.04958915710449219,	0.02710723876953125
5342156875.0,	0.0493011474609375,	0.026742935180664062
5342171250.0,	0.04816246032714844,	0.029384613037109375
5342185625.0,	0.049877166748046875,	0.027093887329101562
5342200000.0,	0.0483551025390625,	0.028955459594726562
5342214375.0,	0.047275543212890625,	0.02820587158203125
5342228750.0,	0.04527473449707031,	0.027944564819335938
5342243125.0,	0.04858589172363281,	0.027841567993164062
5342257500.0,	0.04829216003417969,	0.02541351318359375
5342271875.0,	0.04601097106933594,	0.026857376098632812
5342286250.0,	0.046630859375,	0.029214859008789062
5342300625.0,	0.0459136962890625,	0.027252197265625
5342315000.0,	0.04567909240722656,	0.025571823120117188
5342329375.0,	0.04724311828613281,	0.027557373046875
5342343750.0,	0.05007362365722656,	0.0285186767578125
5342358125.0,	0.047054290771484375,	0.0271759033203125
5342372500.0,	0.04677391052246094,	0.022378921508789062
5342386875.0,	0.044811248779296875,	0.026615142822265625
5342401250.0,	0.04496955871582031,	0.02756500244140625
5342415625.0,	0.0449371337890625,	0.02693939208984375
5342430000.0,	0.04289817810058594,	0.025838851928710938
5342444375.0,	0.0454559326171875,	0.024890899658203125
5342458750.0,	0.04565238952636719,	0.026308059692382812
5342473125.0,	0.0456390380859375,	0.023981094360351562
5342487500.0,	0.0436859130859375,	0.02814483642578125
5342501875.0,	0.04498100280761719,	0.025524139404296875
5342516250.0,	0.04300117492675781,	0.02422332763671875
5342530625.0,	0.04442596435546875,	0.02574920654296875
5342545000.0,	0.0433502197265625,	0.024923324584960938
5342559375.0,	0.042911529541015625,	0.02428436279296875
5342573750.0,	0.044330596923828125,	0.023525238037109375
5342588125.0,	0.04222297668457031,	0.024753570556640625
5342602500.0,	0.04397773742675781,	0.027154922485351562
5342616875.0,	0.042346954345703125,	0.026281356811523438
5342631250.0,	0.044765472412109375,	0.026277542114257812
5342645625.0,	0.04414558410644531,	0.02478790283203125
5342660000.0,	0.04240226745605469,	0.025304794311523438
5342674375.0,	0.04107475280761719,	0.023862838745117188
5342688750.0,	0.04073905944824219,	0.0243377685546875
5342703125.0,	0.03954124450683594,	0.023298263549804688
5342717500.0,	0.04083824157714844,	0.024682998657226562
5342731875.0,	0.04027557373046875,	0.023939132690429688
5342746250.0,	0.04071235656738281,	0.023073196411132812
5342760625.0,	0.04096031188964844,	0.021610260009765625
5342775000.0,	0.03974151611328125,	0.0230560302734375
5342789375.0,	0.038726806640625,	0.021776199340820312
5342803750.0,	0.03818321228027344,	0.024383544921875
5342818125.0,	0.0397796630859375,	0.021539688110351562
5342832500.0,	0.040191650390625,	0.02326202392578125
5342846875.0,	0.04050254821777344,	0.022745132446289062
5342861250.0,	0.03725433349609375,	0.023050308227539062
5342875625.0,	0.040142059326171875,	0.023378372192382812
5342890000.0,	0.03942680358886719,	0.022386550903320312
5342904375.0,	0.037689208984375,	0.0212554931640625
5342918750.0,	0.03767585754394531,	0.021028518676757812
5342933125.0,	0.03701972961425781,	0.023874282836914062
5342947500.0,	0.036724090576171875,	0.021074295043945312
5342961875.0,	0.03599357604980469,	0.02426910400390625
5342976250.0,	0.03813362121582031,	0.021913528442382812
5342990625.0,	0.036739349365234375,	0.021610260009765625
5343005000.0,	0.035938262939453125,	0.021001815795898438
5343019375.0,	0.03610038757324219,	0.021579742431640625
5343033750.0,	0.03516578674316406,	0.021707534790039062
5343048125.0,	0.035430908203125,	0.018611907958984375
5343062500.0,	0.03580665588378906,	0.021261215209960938
5343076875.0,	0.0330963134765625,	0.021566390991210938
5343091250.0,	0.033740997314453125,	0.020559310913085938
5343105625.0,	0.03233528137207031,	0.021863937377929688
5343120000.0,	0.03299522399902344,	0.022218704223632812
5343134375.0,	0.033817291259765625,	0.020856857299804688
5343148750.0,	0.033649444580078125,	0.021884918212890625
5343163125.0,	0.0333099365234375,	0.021747589111328125
5343177500.0,	0.02957630157470703,	0.022413253784179688
5343191875.0,	0.03268241882324219,	0.019550323486328125
5343206250.0,	0.03063678741455078,	0.020247459411621094
5343220625.0,	0.029979705810546875,	0.02082061767578125
5343235000.0,	0.03157997131347656,	0.020366668701171875
5343249375.0,	0.030127525329589844,	0.022095680236816406
5343263750.0,	0.02802562713623047,	0.020318984985351562
5343278125.0,	0.0284423828125,	0.01803302764892578
5343292500.0,	0.028438568115234375,	0.02083301544189453
5343306875.0,	0.030202865600585938,	0.0195770263671875
5343321250.0,	0.028044700622558594,	0.019260406494140625
5343335625.0,	0.029399871826171875,	0.02013874053955078
5343350000.0,	0.028371810913085938,	0.01998615264892578
5343364375.0,	0.026460647583007812,	0.01858806610107422
5343378750.0,	0.024918556213378906,	0.022130966186523438
5343393125.0,	0.026947021484375,	0.01981067657470703
5343407500.0,	0.024596214294433594,	0.019369125366210938
5343421875.0,	0.02408885955810547,	0.017978668212890625
5343436250.0,	0.027116775512695312,	0.022212982177734375
5343450625.0,	0.02415752410888672,	0.019643783569335938
5343465000.0,	0.02511310577392578,	0.021844863891601562
5343479375.0,	0.02306842803955078,	0.017693519592285156
5343493750.0,	0.023591041564941406,	0.01895618438720703
5343508125.0,	0.023860931396484375,	0.01930522918701172
5343522500.0,	0.021694183349609375,	0.01906871795654297
5343536875.0,	0.020944595336914062,	0.019804954528808594
5343551250.0,	0.021242141723632812,	0.019637107849121094
5343565625.0,	0.021416664123535156,	0.017996788024902344
5343580000.0,	0.02114105224609375,	0.019201278686523438
5343594375.0,	0.0200347900390625,	0.01721954345703125
5343608750.0,	0.020732879638671875,	0.019887924194335938
5343623125.0,	0.01827716827392578,	0.01953125
5343637500.0,	0.018416404724121094,	0.01753520965576172
5343651875.0,	0.019330978393554688,	0.01827526092529297
5343666250.0,	0.017627716064453125,	0.01809406280517578
5343680625.0,	0.016681671142578125,	0.017076492309570312
5343695000.0,	0.013619422912597656,	0.02077770233154297
5343709375.0,	0.017766952514648438,	0.020441055297851562
5343723750.0,	0.016613006591796875,	0.02037811279296875
5343738125.0,	0.015931129455566406,	0.01866912841796875
5343752500.0,	0.015855789184570312,	0.01947498321533203
5343766875.0,	0.012781143188476562,	0.018976211547851562
5343781250.0,	0.014666557312011719,	0.020951271057128906
5343795625.0,	0.013895034790039062,	0.020424842834472656
5343810000.0,	0.012640953063964844,	0.020097732543945312
5343824375.0,	0.013209342956542969,	0.020299911499023438
5343838750.0,	0.010319709777832031,	0.019681930541992188
5343853125.0,	0.010860443115234375,	0.021867752075195312
5343867500.0,	0.009393692016601562,	0.018636703491210938
5343881875.0,	0.0073528289794921875,	0.017014503479003906
5343896250.0,	0.009015083312988281,	0.02192401885986328
5343910625.0,	0.007769584655761719,	0.022246360778808594
5343925000.0,	0.010354995727539062,	0.01817035675048828
5343939375.0,	0.007100105285644531,	0.022057533264160156
5343953750.0,	0.004741668701171875,	0.021782875061035156
5343968125.0,	0.006548881530761719,	0.02024078369140625
5343982500.0,	0.006417274475097656,	0.02070140838623047
5343996875.0,	0.00518798828125,	0.020262718200683594
5344011250.0,	0.004027366638183594,	0.020465850830078125
5344025625.0,	0.003299713134765625,	0.02167034149169922
5344040000.0,	0.0032720565795898438,	0.020534515380859375
5344054375.0,	0.0013942718505859375,	0.022360801696777344
5344068750.0,	0.001422882080078125,	0.020626068115234375
5344083125.0,	0.0009489059448242188,	0.021747589111328125
5344097500.0,	0.001689910888671875,	0.023488998413085938
5344111875.0,	0.0013332366943359375,	0.022089004516601562
5344126250.0,	-0.0009908676147460938,	0.02162456512451172
5344140625.0,	-0.0023899078369140625,	0.022382736206054688
5344155000.0,	-0.0017681121826171875,	0.023836135864257812
5344169375.0,	-0.0029697418212890625,	0.024927139282226562
5344183750.0,	-0.00383758544921875,	0.023815155029296875
5344198125.0,	-0.004810333251953125,	0.02324199676513672
5344212500.0,	-0.005013465881347656,	0.02638530731201172
5344226875.0,	-0.0041255950927734375,	0.026636123657226562
5344241250.0,	-0.004469871520996094,	0.025208473205566406
5344255625.0,	-0.0076656341552734375,	0.02429962158203125
5344270000.0,	-0.009781837463378906,	0.026922225952148438
5344284375.0,	-0.009119033813476562,	0.02891254425048828
5344298750.0,	-0.011138916015625,	0.027280807495117188
5344313125.0,	-0.011621475219726562,	0.02643871307373047
5344327500.0,	-0.00982666015625,	0.028829574584960938
5344341875.0,	-0.010839462280273438,	0.027810096740722656
5344356250.0,	-0.012303352355957031,	0.029824256896972656
5344370625.0,	-0.015369415283203125,	0.03000640869140625
5344385000.0,	-0.014171600341796875,	0.03153800964355469
5344399375.0,	-0.01655292510986328,	0.02890777587890625
5344413750.0,	-0.014910697937011719,	0.03026866912841797
5344428125.0,	-0.017734527587890625,	0.031210899353027344
5344442500.0,	-0.016580581665039062,	0.03203582763671875
5344456875.0,	-0.017580032348632812,	0.033390045166015625
5344471250.0,	-0.017887115478515625,	0.032619476318359375
5344485625.0,	-0.020051956176757812,	0.0345916748046875
5344500000.0,	-0.018892288208007812,	0.03613471984863281
5344514375.0,	-0.021032333374023438,	0.03493499755859375
5344528750.0,	-0.020841598510742188,	0.036792755126953125
5344543125.0,	-0.021381378173828125,	0.04002189636230469
5344557500.0,	-0.021169662475585938,	0.038471221923828125
5344571875.0,	-0.021371841430664062,	0.038394927978515625
5344586250.0,	-0.022319793701171875,	0.04128837585449219
5344600625.0,	-0.024747848510742188,	0.03958320617675781
5344615000.0,	-0.024082183837890625,	0.04125213623046875
5344629375.0,	-0.02642059326171875,	0.03931617736816406
5344643750.0,	-0.028825759887695312,	0.04100799560546875
5344658125.0,	-0.02797698974609375,	0.043483734130859375
5344672500.0,	-0.028308868408203125,	0.044292449951171875
5344686875.0,	-0.029388427734375,	0.045429229736328125
5344701250.0,	-0.027158737182617188,	0.04642486572265625
5344715625.0,	-0.029920578002929688,	0.04702186584472656
5344730000.0,	-0.030080795288085938,	0.04846954345703125
5344744375.0,	-0.029941558837890625,	0.04909706115722656
5344758750.0,	-0.032024383544921875,	0.04982185363769531
5344773125.0,	-0.0319366455078125,	0.05108833312988281
5344787500.0,	-0.03153038024902344,	0.05153465270996094
5344801875.0,	-0.032623291015625,	0.052471160888671875
5344816250.0,	-0.03450775146484375,	0.05400657653808594
5344830625.0,	-0.03429412841796875,	0.05419349670410156
5344845000.0,	-0.03329658508300781,	0.05716514587402344
5344859375.0,	-0.03564453125,	0.05530357360839844
5344873750.0,	-0.03734016418457031,	0.05865669250488281
5344888125.0,	-0.03629493713378906,	0.059009552001953125
5344902500.0,	-0.035854339599609375,	0.060749053955078125
5344916875.0,	-0.0367431640625,	0.060527801513671875
5344931250.0,	-0.0370941162109375,	0.06301116943359375
5344945625.0,	-0.035839080810546875,	0.06320953369140625
5344960000.0,	-0.035961151123046875,	0.06763458251953125
5344974375.0,	-0.038547515869140625,	0.06837081909179688
5344988750.0,	-0.0356903076171875,	0.0692901611328125
5345003125.0,	-0.035930633544921875,	0.06976699829101562
5345017500.0,	-0.036434173583984375,	0.0736846923828125
5345031875.0,	-0.0397796630859375,	0.07075119018554688
5345046250.0,	-0.037647247314453125,	0.07346343994140625
5345060625.0,	-0.03780364990234375,	0.07450103759765625
5345075000.0,	-0.036701202392578125,	0.07734298706054688
5345089375.0,	-0.036128997802734375,	0.07928848266601562
5345103750.0,	-0.037235260009765625,	0.08151626586914062
5345118125.0,	-0.03730010986328125,	0.08104324340820312
5345132500.0,	-0.037841796875,	0.08304595947265625
5345146875.0,	-0.03545379638671875,	0.08435440063476562
5345161250.0,	-0.036937713623046875,	0.08263397216796875
5345175625.0,	-0.03705596923828125,	0.08465194702148438
5345190000.0,	-0.035663604736328125,	0.08716964721679688
5345204375.0,	-0.03841400146484375,	0.088409423828125
5345218750.0,	-0.03554534912109375,	0.08836746215820312
5345233125.0,	-0.03499603271484375,	0.09255218505859375
5345247500.0,	-0.035884857177734375,	0.09371566772460938
5345261875.0,	-0.03522491455078125,	0.09350204467773438
5345276250.0,	-0.03458404541015625,	0.09814071655273438
5345290625.0,	-0.0365142822265625,	0.0961761474609375
5345305000.0,	-0.032314300537109375,	0.09811019897460938
5345319375.0,	-0.0334930419921875,	0.09747314453125
5345333750.0,	-0.0331878662109375,	0.10047531127929688
5345348125.0,	-0.03118133544921875,	0.100830078125
5345362500.0,	-0.0322265625,	0.1023101806640625
5345376875.0,	-0.03076171875,	0.10201644897460938
5345391250.0,	-0.028804779052734375,	0.10305404663085938
5345405625.0,	-0.0291900634765625,	0.10747146606445312
5345420000.0,	-0.02825164794921875,	0.1060943603515625
5345434375.0,	-0.030055999755859375,	0.10903167724609375
5345448750.0,	-0.02860260009765625,	0.1090087890625
5345463125.0,	-0.0271453857421875,	0.11116790771484375
5345477500.0,	-0.025020599365234375,	0.110870361328125
5345491875.0,	-0.025390625,	0.11300277709960938
5345506250.0,	-0.02312469482421875,	0.11265945434570312
5345520625.0,	-0.022449493408203125,	0.114959716796875
5345535000.0,	-0.021167755126953125,	0.11292266845703125
5345549375.0,	-0.02175140380859375,	0.11797332763671875
5345563750.0,	-0.021800994873046875,	0.11658859252929688
5345578125.0,	-0.021175384521484375,	0.11733245849609375
5345592500.0,	-0.01850128173828125,	0.1183319091796875
5345606875.0,	-0.018436431884765625,	0.1214599609375
5345621250.0,	-0.015941619873046875,	0.1192169189453125
5345635625.0,	-0.01685333251953125,	0.12067794799804688
5345650000.0,	-0.01428985595703125,	0.12262344360351562
5345664375.0,	-0.015079498291015625,	0.1216278076171875
5345678750.0,	-0.013156890869140625,	0.12278366088867188
5345693125.0,	-0.014312744140625,	0.12173080444335938
5345707500.0,	-0.010501861572265625,	0.12432861328125
5345721875.0,	-0.01214599609375,	0.12682342529296875
5345736250.0,	-0.0099945068359375,	0.12542724609375
5345750625.0,	-0.00911712646484375,	0.12579345703125
5345765000.0,	-0.0072174072265625,	0.1252899169921875
5345779375.0,	-0.007110595703125,	0.12657928466796875
5345793750.0,	-0.00510406494140625,	0.1291351318359375
5345808125.0,	-0.0059814453125,	0.12929534912109375
5345822500.0,	-0.003662109375,	0.1299285888671875
5345836875.0,	-0.00251007080078125,	0.13031768798828125
5345851250.0,	-0.00133514404296875,	0.1291046142578125
5345865625.0,	0.00054931640625,	0.1301422119140625
5345880000.0,	0.00203704833984375,	0.13164520263671875
5345894375.0,	0.00225067138671875,	0.13062286376953125
5345908750.0,	0.0025177001953125,	0.13348388671875
5345923125.0,	0.00225830078125,	0.1317138671875
5345937500.0,	0.00531768798828125,	0.131683349609375
5345951875.0,	0.0065765380859375,	0.13059234619140625
5345966250.0,	0.005828857421875,	0.132537841796875
5345980625.0,	0.0076446533203125,	0.13254547119140625
5345995000.0,	0.00868988037109375,	0.13297271728515625
5346009375.0,	0.0080413818359375,	0.13149261474609375
5346023750.0,	0.01081085205078125,	0.1323699951171875
5346038125.0,	0.00965118408203125,	0.1318511962890625
5346052500.0,	0.01299285888671875,	0.13286590576171875
5346066875.0,	0.01335906982421875,	0.13177490234375
5346081250.0,	0.013519287109375,	0.133331298828125
5346095625.0,	0.0137786865234375,	0.13442230224609375
5346110000.0,	0.01505279541015625,	0.13231658935546875
5346124375.0,	0.0155181884765625,	0.13417816162109375
5346138750.0,	0.01723480224609375,	0.1353302001953125
5346153125.0,	0.01839447021484375,	0.13324737548828125
5346167500.0,	0.0196075439453125,	0.1342010498046875
5346181875.0,	0.01824188232421875,	0.1346435546875
5346196250.0,	0.0218048095703125,	0.1332550048828125
5346210625.0,	0.02262115478515625,	0.13553619384765625
5346225000.0,	0.02454376220703125,	0.13571929931640625
5346239375.0,	0.02465057373046875,	0.13282012939453125
5346253750.0,	0.0225982666015625,	0.13309478759765625
5346268125.0,	0.02691650390625,	0.1330413818359375
5346282500.0,	0.02675628662109375,	0.13312530517578125
5346296875.0,	0.02629852294921875,	0.1334686279296875
5346311250.0,	0.02794647216796875,	0.132476806640625
5346325625.0,	0.029571533203125,	0.13298797607421875
5346340000.0,	0.03026580810546875,	0.1327667236328125
5346354375.0,	0.03041839599609375,	0.133575439453125
5346368750.0,	0.03012847900390625,	0.13507843017578125
5346383125.0,	0.03191375732421875,	0.1346588134765625
5346397500.0,	0.03206634521484375,	0.1345672607421875
5346411875.0,	0.03343963623046875,	0.13330841064453125
5346426250.0,	0.033050537109375,	0.1330718994140625
5346440625.0,	0.0342254638671875,	0.13378143310546875
5346455000.0,	0.03461456298828125,	0.13187408447265625
5346469375.0,	0.03530120849609375,	0.1333465576171875
5346483750.0,	0.03656005859375,	0.133544921875
5346498125.0,	0.03740692138671875,	0.1316070556640625
5346512500.0,	0.0379638671875,	0.13039398193359375
5346526875.0,	0.03821563720703125,	0.1311492919921875
5346541250.0,	0.0374755859375,	0.13228607177734375
5346555625.0,	0.04097747802734375,	0.13101959228515625
5346570000.0,	0.0415191650390625,	0.12990570068359375
5346584375.0,	0.0393829345703125,	0.12985992431640625
5346598750.0,	0.0438232421875,	0.1298980712890625
5346613125.0,	0.04323577880859375,	0.13182830810546875
5346627500.0,	0.0424346923828125,	0.12999725341796875
5346641875.0,	0.0438690185546875,	0.12973785400390625
5346656250.0,	0.044586181640625,	0.13027191162109375
5346670625.0,	0.04352569580078125,	0.12813568115234375
5346685000.0,	0.04424285888671875,	0.13037109375
5346699375.0,	0.0470123291015625,	0.12949371337890625
5346713750.0,	0.04494476318359375,	0.12845611572265625
5346728125.0,	0.0467987060546875,	0.1282501220703125
5346742500.0,	0.04761505126953125,	0.12949371337890625
5346756875.0,	0.0476837158203125,	0.128326416015625
5346771250.0,	0.04817962646484375,	0.12860870361328125
5346785625.0,	0.048980712890625,	0.12636566162109375
5346800000.0,	0.04817962646484375,	0.126495361328125
5346814375.0,	0.04986572265625,	0.1255645751953125
5346828750.0,	0.0496978759765625,	0.1251373291015625
5346843125.0,	0.05034637451171875,	0.12580108642578125
5346857500.0,	0.04836273193359375,	0.12535858154296875
5346871875.0,	0.0524139404296875,	0.12518310546875
5346886250.0,	0.04956817626953125,	0.125457763671875
5346900625.0,	0.052692413330078125,	0.1244964599609375
5346915000.0,	0.051219940185546875,	0.12353897094726562
5346929375.0,	0.0532684326171875,	0.12344741821289062
5346943750.0,	0.0539093017578125,	0.12424850463867188
5346958125.0,	0.05350494384765625,	0.12450027465820312
5346972500.0,	0.055339813232421875,	0.12346649169921875
5346986875.0,	0.054119110107421875,	0.12289810180664062
5347001250.0,	0.05599212646484375,	0.1225128173828125
5347015625.0,	0.0554656982421875,	0.126434326171875
5347030000.0,	0.059116363525390625,	0.12255859375
5347044375.0,	0.05560302734375,	0.12049102783203125
5347058750.0,	0.057132720947265625,	0.12218856811523438
5347073125.0,	0.057769775390625,	0.12400054931640625
5347087500.0,	0.058917999267578125,	0.12115859985351562
5347101875.0,	0.056060791015625,	0.12186813354492188
5347116250.0,	0.058563232421875,	0.1180877685546875
5347130625.0,	0.058437347412109375,	0.1197662353515625
5347145000.0,	0.05863189697265625,	0.122833251953125
5347159375.0,	0.06011199951171875,	0.11993408203125
5347173750.0,	0.0604705810546875,	0.12230682373046875
5347188125.0,	0.06102752685546875,	0.12145233154296875
5347202500.0,	0.0597686767578125,	0.11785125732421875
5347216875.0,	0.060604095458984375,	0.11896896362304688
5347231250.0,	0.060619354248046875,	0.11954498291015625
5347245625.0,	0.06188201904296875,	0.11847305297851562
5347260000.0,	0.061855316162109375,	0.12111282348632812
5347274375.0,	0.0606689453125,	0.11741256713867188
5347288750.0,	0.062015533447265625,	0.11795806884765625
5347303125.0,	0.058940887451171875,	0.11801910400390625
5347317500.0,	0.06284713745117188,	0.11660003662109375
5347331875.0,	0.062427520751953125,	0.11667251586914062
5347346250.0,	0.061977386474609375,	0.11612319946289062
5347360625.0,	0.0630340576171875,	0.1173858642578125
5347375000.0,	0.0632171630859375,	0.1163787841796875
5347389375.0,	0.06285476684570312,	0.11454010009765625
5347403750.0,	0.0646514892578125,	0.11588668823242188
5347418125.0,	0.06374359130859375,	0.1142120361328125
5347432500.0,	0.06476211547851562,	0.1156768798828125
5347446875.0,	0.06485748291015625,	0.11475372314453125
5347461250.0,	0.06624984741210938,	0.11537933349609375
5347475625.0,	0.0647125244140625,	0.11305999755859375
5347490000.0,	0.06634140014648438,	0.1156005859375
5347504375.0,	0.06442642211914062,	0.11292648315429688
5347518750.0,	0.065216064453125,	0.11216354370117188
5347533125.0,	0.06583786010742188,	0.111419677734375
5347547500.0,	0.06492233276367188,	0.1111297607421875
5347561875.0,	0.0646514892578125,	0.1136474609375
5347576250.0,	0.06745147705078125,	0.11120986938476562
5347590625.0,	0.0675811767578125,	0.11048507690429688
5347605000.0,	0.06689453125,	0.11040878295898438
5347619375.0,	0.06592941284179688,	0.11125564575195312
5347633750.0,	0.06784439086914062,	0.11013412475585938
5347648125.0,	0.067962646484375,	0.11089324951171875
5347662500.0,	0.06805038452148438,	0.10897445678710938
5347676875.0,	0.06938934326171875,	0.11066055297851562
5347691250.0,	0.068878173828125,	0.10826492309570312
5347705625.0,	0.06737899780273438,	0.10933685302734375
5347720000.0,	0.067657470703125,	0.11130142211914062
5347734375.0,	0.06891250610351562,	0.10848236083984375
5347748750.0,	0.06880569458007812,	0.10988616943359375
5347763125.0,	0.06635284423828125,	0.10860824584960938
5347777500.0,	0.06829452514648438,	0.10723495483398438
5347791875.0,	0.0682830810546875,	0.10855484008789062
5347806250.0,	0.069488525390625,	0.10823440551757812
5347820625.0,	0.06977081298828125,	0.1095428466796875
5347835000.0,	0.07223129272460938,	0.10894775390625
5347849375.0,	0.07209396362304688,	0.10644912719726562
5347863750.0,	0.07060623168945312,	0.10550308227539062
5347878125.0,	0.06976318359375,	0.10797500610351562
5347892500.0,	0.06876373291015625,	0.10547637939453125
5347906875.0,	0.070556640625,	0.10606765747070312
5347921250.0,	0.07036590576171875,	0.10520172119140625
5347935625.0,	0.07027053833007812,	0.10647964477539062
5347950000.0,	0.06935501098632812,	0.10729217529296875
5347964375.0,	0.07188796997070312,	0.104278564453125
5347978750.0,	0.0730133056640625,	0.105712890625
5347993125.0,	0.07101821899414062,	0.10583114624023438
5348007500.0,	0.0695953369140625,	0.10550689697265625
5348021875.0,	0.0706939697265625,	0.1038055419921875
5348036250.0,	0.07291793823242188,	0.1052093505859375
5348050625.0,	0.07328033447265625,	0.10406875610351562
5348065000.0,	0.06927490234375,	0.106781005859375
5348079375.0,	0.07210540771484375,	0.10303497314453125
5348093750.0,	0.07167434692382812,	0.10246658325195312
5348108125.0,	0.07254791259765625,	0.1046600341796875
5348122500.0,	0.07384872436523438,	0.10443115234375
5348136875.0,	0.0721282958984375,	0.10348892211914062
5348151250.0,	0.073638916015625,	0.10297775268554688
5348165625.0,	0.07250213623046875,	0.1051483154296875
5348180000.0,	0.07250213623046875,	0.10270309448242188
5348194375.0,	0.07331085205078125,	0.1024932861328125
5348208750.0,	0.07402801513671875,	0.10194015502929688
5348223125.0,	0.0707550048828125,	0.10215377807617188
5348237500.0,	0.07228469848632812,	0.10144805908203125
5348251875.0,	0.0732879638671875,	0.10137939453125
5348266250.0,	0.07193374633789062,	0.10199356079101562
5348280625.0,	0.07515716552734375,	0.10030746459960938
5348295000.0,	0.07362747192382812,	0.10228729248046875
5348309375.0,	0.07369613647460938,	0.10079574584960938
5348323750.0,	0.0734100341796875,	0.10122299194335938
5348338125.0,	0.07296371459960938,	0.09910964965820312
5348352500.0,	0.07387542724609375,	0.10048675537109375
5348366875.0,	0.0742950439453125,	0.10153961181640625
5348381250.0,	0.075775146484375,	0.10031890869140625
5348395625.0,	0.074249267578125,	0.09901809692382812
5348410000.0,	0.07339859008789062,	0.10063934326171875
5348424375.0,	0.07273483276367188,	0.09775924682617188
5348438750.0,	0.07617568969726562,	0.09787368774414062
5348453125.0,	0.07609176635742188,	0.09725570678710938
5348467500.0,	0.07395553588867188,	0.10042190551757812
5348481875.0,	0.07490921020507812,	0.09682083129882812
5348496250.0,	0.07503128051757812,	0.09809112548828125
5348510625.0,	0.07404327392578125,	0.096771240234375
5348525000.0,	0.07462692260742188,	0.09847259521484375
5348539375.0,	0.07511138916015625,	0.09563446044921875
5348553750.0,	0.0760650634765625,	0.09798812866210938
5348568125.0,	0.0733184814453125,	0.09757614135742188
5348582500.0,	0.07411956787109375,	0.09846878051757812
5348596875.0,	0.07488632202148438,	0.09850311279296875
5348611250.0,	0.07815170288085938,	0.09723281860351562
5348625625.0,	0.07690048217773438,	0.096771240234375
5348640000.0,	0.07600784301757812,	0.09686660766601562
5348654375.0,	0.0767974853515625,	0.09519577026367188
5348668750.0,	0.07509231567382812,	0.09666824340820312
5348683125.0,	0.077880859375,	0.09471893310546875
5348697500.0,	0.07669830322265625,	0.09668350219726562
5348711875.0,	0.075469970703125,	0.096649169921875
5348726250.0,	0.07581329345703125,	0.09659957885742188
5348740625.0,	0.07636260986328125,	0.09608840942382812
5348755000.0,	0.07659530639648438,	0.09460067749023438
5348769375.0,	0.07642745971679688,	0.09481048583984375
5348783750.0,	0.07701492309570312,	0.09590530395507812
5348798125.0,	0.07333755493164062,	0.096649169921875
5348812500.0,	0.07566452026367188,	0.09281158447265625
5348826875.0,	0.07610321044921875,	0.09438705444335938
5348841250.0,	0.07844924926757812,	0.0929107666015625
5348855625.0,	0.07589340209960938,	0.0962677001953125
5348870000.0,	0.07557296752929688,	0.09513092041015625
5348884375.0,	0.07633209228515625,	0.096099853515625
5348898750.0,	0.07680511474609375,	0.09478759765625
5348913125.0,	0.07675933837890625,	0.09285736083984375
5348927500.0,	0.07573318481445312,	0.0946807861328125
5348941875.0,	0.07623291015625,	0.0948944091796875
5348956250.0,	0.07624435424804688,	0.09229278564453125
5348970625.0,	0.07657623291015625,	0.093780517578125
5348985000.0,	0.07769393920898438,	0.09367752075195312
5348999375.0,	0.07708358764648438,	0.09292221069335938
5349013750.0,	0.07703018188476562,	0.09256744384765625
5349028125.0,	0.07567596435546875,	0.09330368041992188
5349042500.0,	0.07590484619140625,	0.09293365478515625
5349056875.0,	0.07654190063476562,	0.09283828735351562
5349071250.0,	0.07652664184570312,	0.09239578247070312
5349085625.0,	0.07677841186523438,	0.09155654907226562
5349100000.0,	0.07867813110351562,	0.0929412841796875
5349114375.0,	0.07805633544921875,	0.0936737060546875
5349128750.0,	0.07747650146484375,	0.09104537963867188
5349143125.0,	0.07821273803710938,	0.08965301513671875
5349157500.0,	0.0786590576171875,	0.09033584594726562
5349171875.0,	0.07772064208984375,	0.09041213989257812
5349186250.0,	0.07781219482421875,	0.0916900634765625
5349200625.0,	0.07739639282226562,	0.09061813354492188
5349215000.0,	0.07933425903320312,	0.09140777587890625
5349229375.0,	0.0776824951171875,	0.09020614624023438
5349243750.0,	0.07547760009765625,	0.09096145629882812
5349258125.0,	0.07777023315429688,	0.09054183959960938
5349272500.0,	0.07867813110351562,	0.09051132202148438
5349286875.0,	0.07920455932617188,	0.09248733520507812
5349301250.0,	0.07900238037109375,	0.09099578857421875
5349315625.0,	0.07628631591796875,	0.08934783935546875
5349330000.0,	0.078125,	0.08993911743164062
5349344375.0,	0.07762527465820312,	0.08831024169921875
5349358750.0,	0.08037185668945312,	0.08798599243164062
5349373125.0,	0.07762527465820312,	0.08981704711914062
5349387500.0,	0.07819747924804688,	0.09055709838867188
5349401875.0,	0.07866287231445312,	0.08871078491210938
5349416250.0,	0.07799148559570312,	0.08850479125976562
5349430625.0,	0.07856369018554688,	0.08855056762695312
5349445000.0,	0.07635116577148438,	0.09056472778320312
5349459375.0,	0.07769012451171875,	0.08901596069335938
5349473750.0,	0.07617950439453125,	0.0886383056640625
5349488125.0,	0.07675933837890625,	0.08863449096679688
5349502500.0,	0.07666015625,	0.08748245239257812
5349516875.0,	0.0783233642578125,	0.08726119995117188
5349531250.0,	0.07918930053710938,	0.0866546630859375
5349545625.0,	0.079254150390625,	0.0888671875
5349560000.0,	0.07930374145507812,	0.08576202392578125
5349574375.0,	0.07611083984375,	0.08899688720703125
5349588750.0,	0.0778045654296875,	0.08826446533203125
5349603125.0,	0.07820892333984375,	0.0865020751953125
5349617500.0,	0.07767868041992188,	0.08747482299804688
5349631875.0,	0.08052444458007812,	0.08629989624023438
5349646250.0,	0.07868576049804688,	0.08740615844726562
5349660625.0,	0.07757186889648438,	0.08602142333984375
5349675000.0,	0.07796096801757812,	0.0856170654296875
5349689375.0,	0.07783126831054688,	0.08535385131835938
5349703750.0,	0.07790374755859375,	0.0881805419921875
5349718125.0,	0.07520675659179688,	0.08742523193359375
5349732500.0,	0.0782012939453125,	0.08744049072265625
5349746875.0,	0.08060455322265625,	0.08768463134765625
5349761250.0,	0.07882308959960938,	0.0872039794921875
5349775625.0,	0.07915878295898438,	0.08605575561523438
5349790000.0,	0.07825469970703125,	0.0873260498046875
5349804375.0,	0.07931900024414062,	0.08686065673828125
5349818750.0,	0.08092880249023438,	0.08513259887695312
5349833125.0,	0.07950210571289062,	0.08365631103515625
5349847500.0,	0.0781707763671875,	0.08610916137695312
5349861875.0,	0.077972412109375,	0.0852508544921875
5349876250.0,	0.07769775390625,	0.08578872680664062
5349890625.0,	0.0791778564453125,	0.08604049682617188
5349905000.0,	0.08069610595703125,	0.08378219604492188
5349919375.0,	0.07735061645507812,	0.08575057983398438
5349933750.0,	0.07802200317382812,	0.08400726318359375
5349948125.0,	0.07967758178710938,	0.08538055419921875
5349962500.0,	0.07951736450195312,	0.08568954467773438
5349976875.0,	0.07746505737304688,	0.08403778076171875
5349991250.0,	0.07894134521484375,	0.08448028564453125
5350005625.0,	0.07984542846679688,	0.08259963989257812
5350020000.0,	0.0784759521484375,	0.08339309692382812
5350034375.0,	0.08150863647460938,	0.0835113525390625
5350048750.0,	0.0782623291015625,	0.0836181640625
5350063125.0,	0.07870101928710938,	0.08282089233398438
5350077500.0,	0.07905197143554688,	0.08102035522460938
5350091875.0,	0.07918930053710938,	0.08454513549804688
5350106250.0,	0.07825088500976562,	0.08350372314453125
5350120625.0,	0.07871246337890625,	0.08294296264648438
5350135000.0,	0.07753753662109375,	0.08344268798828125
5350149375.0,	0.07863235473632812,	0.08262252807617188
5350163750.0,	0.07907485961914062,	0.08234024047851562
5350178125.0,	0.07741546630859375,	0.08116912841796875
5350192500.0,	0.08047866821289062,	0.08216476440429688
5350206875.0,	0.07937240600585938,	0.0828399658203125
5350221250.0,	0.07973861694335938,	0.080810546875
5350235625.0,	0.07755279541015625,	0.08212661743164062
5350250000.0,	0.07606124877929688,	0.0821075439453125
5350264375.0,	0.07860565185546875,	0.08264541625976562
5350278750.0,	0.079833984375,	0.08249664306640625
5350293125.0,	0.076995849609375,	0.08310317993164062
5350307500.0,	0.078155517578125,	0.08255767822265625
5350321875.0,	0.07736968994140625,	0.08130264282226562
5350336250.0,	0.08045196533203125,	0.0821075439453125
5350350625.0,	0.08178329467773438,	0.080963134765625
5350365000.0,	0.08063125610351562,	0.08212661743164062
5350379375.0,	0.076934814453125,	0.08200836181640625
5350393750.0,	0.07979965209960938,	0.08176422119140625
5350408125.0,	0.08208465576171875,	0.08137130737304688
5350422500.0,	0.08083724975585938,	0.08175277709960938
5350436875.0,	0.0778350830078125,	0.08224868774414062
5350451250.0,	0.08147048950195312,	0.08167648315429688
5350465625.0,	0.07721710205078125,	0.07973861694335938
5350480000.0,	0.077789306640625,	0.07994461059570312
5350494375.0,	0.08048629760742188,	0.07912063598632812
5350508750.0,	0.08020401000976562,	0.07974624633789062
5350523125.0,	0.07863235473632812,	0.0806884765625
5350537500.0,	0.07931137084960938,	0.0812225341796875
5350551875.0,	0.07906723022460938,	0.08026885986328125
5350566250.0,	0.08048248291015625,	0.07993316650390625
5350580625.0,	0.07913589477539062,	0.08075332641601562
5350595000.0,	0.08177947998046875,	0.08167648315429688
5350609375.0,	0.07910537719726562,	0.08121871948242188
5350623750.0,	0.07851028442382812,	0.07889175415039062
5350638125.0,	0.07930755615234375,	0.0801544189453125
5350652500.0,	0.07820892333984375,	0.081695556640625
5350666875.0,	0.0790557861328125,	0.08050537109375
5350681250.0,	0.07808303833007812,	0.0808258056640625
5350695625.0,	0.07762527465820312,	0.078887939453125
5350710000.0,	0.080322265625,	0.08005523681640625
5350724375.0,	0.0804595947265625,	0.0786590576171875
5350738750.0,	0.08121490478515625,	0.079925537109375
5350753125.0,	0.0781402587890625,	0.07857894897460938
5350767500.0,	0.07923126220703125,	0.07860565185546875
5350781875.0,	0.07664108276367188,	0.07869720458984375
5350796250.0,	0.07968902587890625,	0.07950973510742188
5350810625.0,	0.0777130126953125,	0.078857421875
5350825000.0,	0.07902908325195312,	0.0808563232421875
5350839375.0,	0.07947158813476562,	0.07971572875976562
5350853750.0,	0.07831573486328125,	0.080078125
5350868125.0,	0.079742431640625,	0.07895278930664062
5350882500.0,	0.07978439331054688,	0.07941436767578125
5350896875.0,	0.07886123657226562,	0.07630538940429688
5350911250.0,	0.0792083740234375,	0.07880020141601562
5350925625.0,	0.078704833984375,	0.07879257202148438
5350940000.0,	0.07922744750976562,	0.07865142822265625
5350954375.0,	0.07999038696289062,	0.078155517578125
5350968750.0,	0.07994842529296875,	0.0774383544921875
5350983125.0,	0.08077239990234375,	0.07964324951171875
5350997500.0,	0.07884979248046875,	0.07891082763671875
5351011875.0,	0.0801239013671875,	0.07701873779296875
5351026250.0,	0.0775146484375,	0.07788848876953125
5351040625.0,	0.0780487060546875,	0.07555770874023438
5351055000.0,	0.07788848876953125,	0.07861328125
5351069375.0,	0.07801437377929688,	0.07715225219726562
5351083750.0,	0.08209991455078125,	0.07891464233398438
5351098125.0,	0.0805206298828125,	0.07759475708007812
5351112500.0,	0.0786590576171875,	0.07651519775390625
5351126875.0,	0.08075714111328125,	0.0772247314453125
5351141250.0,	0.0798797607421875,	0.07930755615234375
5351155625.0,	0.0779876708984375,	0.07685470581054688
5351170000.0,	0.07996368408203125,	0.07731246948242188
5351184375.0,	0.07994842529296875,	0.07605361938476562
5351198750.0,	0.07950592041015625,	0.0776519775390625
5351213125.0,	0.07876205444335938,	0.0777435302734375
5351227500.0,	0.07929611206054688,	0.07831573486328125
5351241875.0,	0.0766754150390625,	0.07735061645507812
5351256250.0,	0.07975387573242188,	0.07754898071289062
5351270625.0,	0.07904815673828125,	0.07564544677734375
5351285000.0,	0.08039093017578125,	0.07726287841796875
5351299375.0,	0.0797119140625,	0.0784759521484375
5351313750.0,	0.08047103881835938,	0.07779693603515625
5351328125.0,	0.078399658203125,	0.07582855224609375
5351342500.0,	0.08007049560546875,	0.07955551147460938
5351356875.0,	0.0806884765625,	0.0775909423828125
5351371250.0,	0.08008956909179688,	0.0776214599609375
5351385625.0,	0.0806121826171875,	0.0778961181640625
5351400000.0,	0.0806121826171875,	0.0760345458984375
5351414375.0,	0.078369140625,	0.07558441162109375
5351428750.0,	0.080596923828125,	0.07567977905273438
5351443125.0,	0.07675552368164062,	0.07780838012695312
5351457500.0,	0.07993698120117188,	0.07612991333007812
5351471875.0,	0.081329345703125,	0.07519912719726562
5351486250.0,	0.07950210571289062,	0.0765533447265625
5351500625.0,	0.07960128784179688,	0.07518768310546875
5351515000.0,	0.07812881469726562,	0.07649993896484375
5351529375.0,	0.0796356201171875,	0.07606124877929688
5351543750.0,	0.07856369018554688,	0.07692337036132812
5351558125.0,	0.0794677734375,	0.07526779174804688
5351572500.0,	0.0785675048828125,	0.07509994506835938
5351586875.0,	0.07849884033203125,	0.07415390014648438
5351601250.0,	0.07916641235351562,	0.0769805908203125
5351615625.0,	0.07894515991210938,	0.07577896118164062
5351630000.0,	0.07930374145507812,	0.07410049438476562
5351644375.0,	0.079254150390625,	0.07497406005859375
5351658750.0,	0.07870864868164062,	0.07326889038085938
5351673125.0,	0.08080291748046875,	0.075836181640625
5351687500.0,	0.07884597778320312,	0.074249267578125
5351701875.0,	0.07963180541992188,	0.07509231567382812
5351716250.0,	0.07904052734375,	0.07449722290039062
5351730625.0,	0.07745361328125,	0.07686614990234375
5351745000.0,	0.08049774169921875,	0.07454299926757812
5351759375.0,	0.0790863037109375,	0.07373428344726562
5351773750.0,	0.07950973510742188,	0.0733489990234375
5351788125.0,	0.0790863037109375,	0.07501983642578125
5351802500.0,	0.07793426513671875,	0.07439422607421875
5351816875.0,	0.078399658203125,	0.07222366333007812
5351831250.0,	0.08023452758789062,	0.07312774658203125
5351845625.0,	0.08090591430664062,	0.07299423217773438
5351860000.0,	0.07872772216796875,	0.07334518432617188
5351874375.0,	0.078643798828125,	0.07603073120117188
5351888750.0,	0.07957839965820312,	0.07434463500976562
5351903125.0,	0.07889175415039062,	0.07407760620117188
5351917500.0,	0.078033447265625,	0.07294082641601562
5351931875.0,	0.07870864868164062,	0.07381057739257812
5351946250.0,	0.07790374755859375,	0.07383346557617188
5351960625.0,	0.07912445068359375,	0.0737152099609375
5351975000.0,	0.0792236328125,	0.0748443603515625
5351989375.0,	0.0781707763671875,	0.07369232177734375
5352003750.0,	0.07968902587890625,	0.07290267944335938
5352018125.0,	0.07854080200195312,	0.07328414916992188
5352032500.0,	0.07925796508789062,	0.07367706298828125
5352046875.0,	0.08027267456054688,	0.071197509765625
5352061250.0,	0.07995223999023438,	0.07471084594726562
5352075625.0,	0.07934188842773438,	0.0710601806640625
5352090000.0,	0.08034515380859375,	0.07086181640625
5352104375.0,	0.0796051025390625,	0.07297134399414062
5352118750.0,	0.07913589477539062,	0.071319580078125
5352133125.0,	0.078277587890625,	0.07195663452148438
5352147500.0,	0.0819854736328125,	0.07493209838867188
5352161875.0,	0.07728195190429688,	0.074554443359375
5352176250.0,	0.08048248291015625,	0.0728759765625
5352190625.0,	0.08073043823242188,	0.07415008544921875
5352205000.0,	0.07815933227539062,	0.071380615234375
5352219375.0,	0.07982635498046875,	0.07161712646484375
5352233750.0,	0.08002090454101562,	0.07327651977539062
5352248125.0,	0.07895278930664062,	0.074127197265625
5352262500.0,	0.07932662963867188,	0.07207107543945312
5352276875.0,	0.08106231689453125,	0.07227706909179688
5352291250.0,	0.07880401611328125,	0.07172775268554688
5352305625.0,	0.07940292358398438,	0.07155227661132812
5352320000.0,	0.07931900024414062,	0.07388687133789062
5352334375.0,	0.08007049560546875,	0.07220840454101562
5352348750.0,	0.07917404174804688,	0.07195663452148438
5352363125.0,	0.08073043823242188,	0.07094955444335938
5352377500.0,	0.07871246337890625,	0.07117843627929688
5352391875.0,	0.07919692993164062,	0.07207489013671875
5352406250.0,	0.08092498779296875,	0.071380615234375
5352420625.0,	0.0774078369140625,	0.0731353759765625
5352435000.0,	0.07984542846679688,	0.071685791015625
5352449375.0,	0.07875823974609375,	0.07017135620117188
5352463750.0,	0.07873916625976562,	0.071014404296875
5352478125.0,	0.0800628662109375,	0.072296142578125
5352492500.0,	0.08007049560546875,	0.07164764404296875
5352506875.0,	0.0787506103515625,	0.06983566284179688
5352521250.0,	0.07703399658203125,	0.07144927978515625
5352535625.0,	0.07850265502929688,	0.0692596435546875
5352550000.0,	0.0792236328125,	0.06960678100585938
5352564375.0,	0.07895660400390625,	0.07136917114257812
5352578750.0,	0.07909393310546875,	0.06949615478515625
5352593125.0,	0.08095932006835938,	0.06994247436523438
5352607500.0,	0.07951736450195312,	0.07277297973632812
5352621875.0,	0.0801849365234375,	0.07069015502929688
5352636250.0,	0.0793609619140625,	0.07194900512695312
5352650625.0,	0.07834625244140625,	0.06976318359375
5352665000.0,	0.07987213134765625,	0.07122039794921875
5352679375.0,	0.0777740478515625,	0.071807861328125
5352693750.0,	0.08007049560546875,	0.07024002075195312
5352708125.0,	0.07987594604492188,	0.06964492797851562
5352722500.0,	0.0813751220703125,	0.07163238525390625
5352736875.0,	0.07955551147460938,	0.07089614868164062
5352751250.0,	0.07812118530273438,	0.07031631469726562
5352765625.0,	0.07892608642578125,	0.06988906860351562
5352780000.0,	0.07795333862304688,	0.06856918334960938
5352794375.0,	0.07839202880859375,	0.07068252563476562
5352808750.0,	0.07941818237304688,	0.07035064697265625
5352823125.0,	0.07649612426757812,	0.07147598266601562
5352837500.0,	0.079071044921875,	0.07155609130859375
5352851875.0,	0.07899856567382812,	0.06922149658203125
5352866250.0,	0.08053207397460938,	0.07082366943359375
5352880625.0,	0.07934188842773438,	0.06905364990234375
5352895000.0,	0.07909011840820312,	0.06971359252929688
5352909375.0,	0.07857894897460938,	0.07045745849609375
5352923750.0,	0.07990646362304688,	0.0707855224609375
5352938125.0,	0.07901763916015625,	0.06972885131835938
5352952500.0,	0.08053207397460938,	0.0719757080078125
5352966875.0,	0.07738113403320312,	0.06906890869140625
5352981250.0,	0.07769012451171875,	0.0686492919921875
5352995625.0,	0.0788726806640625,	0.06840896606445312
5353010000.0,	0.08022689819335938,	0.0707550048828125
5353024375.0,	0.07957077026367188,	0.06917190551757812
5353038750.0,	0.0779876708984375,	0.06890869140625
5353053125.0,	0.0797882080078125,	0.071624755859375
5353067500.0,	0.079833984375,	0.06919479370117188
5353081875.0,	0.07980728149414062,	0.0693817138671875
5353096250.0,	0.0800628662109375,	0.06964492797851562
5353110625.0,	0.07976150512695312,	0.0697174072265625
5353125000.0,	0.07867050170898438,	0.06753921508789062
5353139375.0,	0.07823944091796875,	0.0694122314453125
5353153750.0,	0.0781707763671875,	0.06938934326171875
5353168125.0,	0.08133316040039062,	0.0691375732421875
5353182500.0,	0.07869338989257812,	0.06834793090820312
5353196875.0,	0.08014678955078125,	0.06939697265625
5353211250.0,	0.07855224609375,	0.06665802001953125
5353225625.0,	0.07738113403320312,	0.0704345703125
5353240000.0,	0.07886886596679688,	0.0691680908203125
5353254375.0,	0.07869720458984375,	0.06930923461914062
5353268750.0,	0.07843780517578125,	0.06832122802734375
5353283125.0,	0.07806777954101562,	0.06783294677734375
5353297500.0,	0.07999420166015625,	0.06888961791992188
5353311875.0,	0.07997894287109375,	0.06895828247070312
5353326250.0,	0.077728271484375,	0.06789398193359375
5353340625.0,	0.07798004150390625,	0.06675338745117188
5353355000.0,	0.08002471923828125,	0.0681610107421875
5353369375.0,	0.0781097412109375,	0.06900787353515625
5353383750.0,	0.07699966430664062,	0.06812286376953125
5353398125.0,	0.07932662963867188,	0.07048416137695312
5353412500.0,	0.07898330688476562,	0.06624221801757812
5353426875.0,	0.07955551147460938,	0.06866455078125
5353441250.0,	0.07984542846679688,	0.06658554077148438
5353455625.0,	0.07937240600585938,	0.06832122802734375
5353470000.0,	0.0776824951171875,	0.068634033203125
5353484375.0,	0.077911376953125,	0.06840133666992188
5353498750.0,	0.07910537719726562,	0.06840133666992188
5353513125.0,	0.07872772216796875,	0.06732177734375
5353527500.0,	0.07875442504882812,	0.0672607421875
5353541875.0,	0.07806015014648438,	0.068389892578125
5353556250.0,	0.07883453369140625,	0.06970977783203125
5353570625.0,	0.07843017578125,	0.06781005859375
5353585000.0,	0.07897567749023438,	0.06918716430664062
5353599375.0,	0.0794219970703125,	0.06796646118164062
5353613750.0,	0.07937240600585938,	0.06899642944335938
5353628125.0,	0.0785064697265625,	0.0683135986328125
5353642500.0,	0.07810592651367188,	0.06616592407226562
5353656875.0,	0.07874298095703125,	0.06728744506835938
5353671250.0,	0.07907485961914062,	0.06879043579101562
5353685625.0,	0.0773162841796875,	0.06613922119140625
5353700000.0,	0.07810211181640625,	0.06579208374023438
5353714375.0,	0.07773971557617188,	0.06602859497070312
5353728750.0,	0.07806396484375,	0.06825637817382812
5353743125.0,	0.07865142822265625,	0.0667266845703125
5353757500.0,	0.0767364501953125,	0.07027816772460938
5353771875.0,	0.07946395874023438,	0.06673812866210938
5353786250.0,	0.08028793334960938,	0.06891250610351562
5353800625.0,	0.07622528076171875,	0.06829452514648438
5353815000.0,	0.07630157470703125,	0.06701278686523438
5353829375.0,	0.07804489135742188,	0.06586074829101562
5353843750.0,	0.07960891723632812,	0.06708526611328125
5353858125.0,	0.07852554321289062,	0.0669708251953125
5353872500.0,	0.07905960083007812,	0.06580352783203125
5353886875.0,	0.08057403564453125,	0.06781387329101562
5353901250.0,	0.07990264892578125,	0.06645584106445312
5353915625.0,	0.077423095703125,	0.06728363037109375
5353930000.0,	0.07769775390625,	0.0662994384765625
5353944375.0,	0.07868576049804688,	0.0681610107421875
5353958750.0,	0.07889556884765625,	0.06488418579101562
5353973125.0,	0.07836532592773438,	0.06645584106445312
5353987500.0,	0.07735824584960938,	0.06573867797851562
5354001875.0,	0.0786285400390625,	0.0643463134765625
5354016250.0,	0.0785064697265625,	0.0671844482421875
5354030625.0,	0.0781402587890625,	0.06543731689453125
5354045000.0,	0.07678985595703125,	0.06703948974609375
5354059375.0,	0.076904296875,	0.0648193359375
5354073750.0,	0.0785064697265625,	0.06575775146484375
5354088125.0,	0.08029556274414062,	0.06898117065429688
5354102500.0,	0.07630538940429688,	0.06486129760742188
5354116875.0,	0.07889556884765625,	0.0674285888671875
5354131250.0,	0.077423095703125,	0.0652618408203125
5354145625.0,	0.07846832275390625,	0.06597900390625
5354160000.0,	0.07933807373046875,	0.06735992431640625
5354174375.0,	0.077239990234375,	0.06557464599609375
5354188750.0,	0.07709503173828125,	0.06745529174804688
5354203125.0,	0.07906341552734375,	0.0667724609375
5354217500.0,	0.07879257202148438,	0.0658111572265625
5354231875.0,	0.07728195190429688,	0.0676116943359375
5354246250.0,	0.07759475708007812,	0.06542587280273438
5354260625.0,	0.08064651489257812,	0.06636810302734375
5354275000.0,	0.07770156860351562,	0.06714248657226562
5354289375.0,	0.07889556884765625,	0.06806564331054688
5354303750.0,	0.07743453979492188,	0.06452560424804688
5354318125.0,	0.07880020141601562,	0.06652069091796875
5354332500.0,	0.07627487182617188,	0.06512069702148438
5354346875.0,	0.0773468017578125,	0.065399169921875
5354361250.0,	0.0791778564453125,	0.06592178344726562
5354375625.0,	0.07727813720703125,	0.06516647338867188
5354390000.0,	0.07856369018554688,	0.06662368774414062
5354404375.0,	0.07955551147460938,	0.06671524047851562
5354418750.0,	0.07686614990234375,	0.06586837768554688
5354433125.0,	0.0793609619140625,	0.06631851196289062
5354447500.0,	0.0765838623046875,	0.06636428833007812
5354461875.0,	0.07659912109375,	0.06465530395507812
5354476250.0,	0.07807540893554688,	0.066009521484375
5354490625.0,	0.07588577270507812,	0.065399169921875
5354505000.0,	0.0762939453125,	0.0666351318359375
5354519375.0,	0.07769012451171875,	0.06637191772460938
5354533750.0,	0.07624053955078125,	0.062343597412109375
5354548125.0,	0.07739639282226562,	0.06506729125976562
5354562500.0,	0.07733535766601562,	0.06681060791015625
5354576875.0,	0.07578277587890625,	0.06537628173828125
5354591250.0,	0.07744216918945312,	0.06562423706054688
5354605625.0,	0.0770416259765625,	0.06745147705078125
5354620000.0,	0.07880401611328125,	0.06398773193359375
5354634375.0,	0.07957839965820312,	0.06525039672851562
5354648750.0,	0.07834625244140625,	0.0670013427734375
5354663125.0,	0.07966995239257812,	0.06391143798828125
5354677500.0,	0.076019287109375,	0.06630325317382812
5354691875.0,	0.07823944091796875,	0.0646820068359375
5354706250.0,	0.0782012939453125,	0.06586074829101562
5354720625.0,	0.079986572265625,	0.063232421875
5354735000.0,	0.0774688720703125,	0.06377029418945312
5354749375.0,	0.0750885009765625,	0.061687469482421875
5354763750.0,	0.07629776000976562,	0.06482696533203125
5354778125.0,	0.07847213745117188,	0.06424331665039062
5354792500.0,	0.07767105102539062,	0.06476593017578125
5354806875.0,	0.07865142822265625,	0.06615829467773438
5354821250.0,	0.07632827758789062,	0.06466293334960938
5354835625.0,	0.07865142822265625,	0.063385009765625
5354850000.0,	0.07661819458007812,	0.06428146362304688
5354864375.0,	0.0769805908203125,	0.06397247314453125
5354878750.0,	0.07785415649414062,	0.06595230102539062
5354893125.0,	0.07677459716796875,	0.06446075439453125
5354907500.0,	0.07743072509765625,	0.06320953369140625
5354921875.0,	0.075958251953125,	0.0634918212890625
5354936250.0,	0.07703018188476562,	0.06613540649414062
5354950625.0,	0.07823944091796875,	0.065704345703125
5354965000.0,	0.07785415649414062,	0.06316375732421875
5354979375.0,	0.07769012451171875,	0.06441497802734375
5354993750.0,	0.07678985595703125,	0.06339645385742188
5355008125.0,	0.07487869262695312,	0.062328338623046875
5355022500.0,	0.07751083374023438,	0.06441497802734375
5355036875.0,	0.0780487060546875,	0.06371688842773438
5355051250.0,	0.0774688720703125,	0.062469482421875
5355065625.0,	0.07774734497070312,	0.063568115234375
5355080000.0,	0.07708740234375,	0.06287765502929688
5355094375.0,	0.07733535766601562,	0.061557769775390625
5355108750.0,	0.07513427734375,	0.06383514404296875
5355123125.0,	0.07493972778320312,	0.062480926513671875
5355137500.0,	0.078216552734375,	0.06547927856445312
5355151875.0,	0.07932662963867188,	0.06322097778320312
5355166250.0,	0.0778350830078125,	0.0640716552734375
5355180625.0,	0.0764007568359375,	0.06329345703125
5355195000.0,	0.07680892944335938,	0.06372833251953125
5355209375.0,	0.07697296142578125,	0.06270217895507812
5355223750.0,	0.07735824584960938,	0.061428070068359375
5355238125.0,	0.07538986206054688,	0.06314468383789062
5355252500.0,	0.0779876708984375,	0.06622314453125
5355266875.0,	0.07613754272460938,	0.06392288208007812
5355281250.0,	0.07457351684570312,	0.062744140625
5355295625.0,	0.07733917236328125,	0.063079833984375
5355310000.0,	0.07628250122070312,	0.06316375732421875
5355324375.0,	0.07641220092773438,	0.06298446655273438
5355338750.0,	0.07646942138671875,	0.06496429443359375
5355353125.0,	0.07553482055664062,	0.06290817260742188
5355367500.0,	0.07737350463867188,	0.06275177001953125
5355381875.0,	0.07638168334960938,	0.06212615966796875
5355396250.0,	0.07789993286132812,	0.0645599365234375
5355410625.0,	0.0771331787109375,	0.063201904296875
5355425000.0,	0.07513809204101562,	0.06512832641601562
5355439375.0,	0.07892227172851562,	0.06489181518554688
5355453750.0,	0.077484130859375,	0.06443023681640625
5355468125.0,	0.07886505126953125,	0.06323623657226562
5355482500.0,	0.0789031982421875,	0.06313323974609375
5355496875.0,	0.07593536376953125,	0.062473297119140625
5355511250.0,	0.07709503173828125,	0.06477737426757812
5355525625.0,	0.07574081420898438,	0.061756134033203125
5355540000.0,	0.07745361328125,	0.064239501953125
5355554375.0,	0.07849884033203125,	0.0618133544921875
5355568750.0,	0.076202392578125,	0.059337615966796875
5355583125.0,	0.077392578125,	0.06270217895507812
5355597500.0,	0.07688140869140625,	0.06353759765625
5355611875.0,	0.07520294189453125,	0.06611251831054688
5355626250.0,	0.07695388793945312,	0.06500625610351562
5355640625.0,	0.0751800537109375,	0.06254196166992188
5355655000.0,	0.07770919799804688,	0.06307220458984375
5355669375.0,	0.0786285400390625,	0.06102752685546875
5355683750.0,	0.07758331298828125,	0.0620880126953125
5355698125.0,	0.077362060546875,	0.06480789184570312
5355712500.0,	0.07542037963867188,	0.0637664794921875
5355726875.0,	0.07522964477539062,	0.06490325927734375
5355741250.0,	0.07837677001953125,	0.06395339965820312
5355755625.0,	0.07657623291015625,	0.06335830688476562
5355770000.0,	0.07541656494140625,	0.0620880126953125
5355784375.0,	0.0765838623046875,	0.0626983642578125
5355798750.0,	0.07575225830078125,	0.061679840087890625
5355813125.0,	0.07672119140625,	0.0637969970703125
5355827500.0,	0.07879257202148438,	0.06352615356445312
5355841875.0,	0.07608795166015625,	0.06293106079101562
5355856250.0,	0.0786285400390625,	0.06290435791015625
5355870625.0,	0.07735061645507812,	0.06253814697265625
5355885000.0,	0.07727813720703125,	0.06274032592773438
5355899375.0,	0.07711029052734375,	0.062030792236328125
5355913750.0,	0.07866668701171875,	0.0630340576171875
5355928125.0,	0.076904296875,	0.06310272216796875
5355942500.0,	0.07561492919921875,	0.061054229736328125
5355956875.0,	0.07434844970703125,	0.06201171875
5355971250.0,	0.07700729370117188,	0.06268310546875
5355985625.0,	0.0762481689453125,	0.0612030029296875
5356000000.0,	0.07592010498046875,	0.062267303466796875
