5633008125.0,	0.11049270629882812,	0.10597991943359375
5633016250.0,	0.11188125610351562,	0.10425949096679688
5633024375.0,	0.11013412475585938,	0.105438232421875
5633032500.0,	0.11119842529296875,	0.10524749755859375
5633040625.0,	0.10844802856445312,	0.10730361938476562
5633048750.0,	0.11201858520507812,	0.10705184936523438
5633056875.0,	0.11309432983398438,	0.10628509521484375
5633065000.0,	0.11302947998046875,	0.1040496826171875
5633073125.0,	0.11205673217773438,	0.105377197265625
5633081250.0,	0.11170578002929688,	0.10474014282226562
5633089375.0,	0.11138916015625,	0.10792160034179688
5633097500.0,	0.11018753051757812,	0.10451507568359375
5633105625.0,	0.1135711669921875,	0.1043243408203125
5633113750.0,	0.11200332641601562,	0.10541915893554688
5633121875.0,	0.11300277709960938,	0.10454177856445312
5633130000.0,	0.11175537109375,	0.10468292236328125
5633138125.0,	0.11186599731445312,	0.1037445068359375
5633146250.0,	0.11411666870117188,	0.10640335083007812
5633154375.0,	0.11305618286132812,	0.10664749145507812
5633162500.0,	0.11171722412109375,	0.10506439208984375
5633170625.0,	0.11191558837890625,	0.10464096069335938
5633178750.0,	0.11388397216796875,	0.1037750244140625
5633186875.0,	0.11378097534179688,	0.10361862182617188
5633195000.0,	0.11089324951171875,	0.10480117797851562
5633203125.0,	0.11333465576171875,	0.10630416870117188
5633211250.0,	0.11327362060546875,	0.10498046875
5633219375.0,	0.11533355712890625,	0.10512161254882812
5633227500.0,	0.11098480224609375,	0.10527801513671875
5633235625.0,	0.11051559448242188,	0.10578536987304688
5633243750.0,	0.11302947998046875,	0.10374069213867188
5633251875.0,	0.11414337158203125,	0.10698699951171875
5633260000.0,	0.11479949951171875,	0.10516357421875
5633268125.0,	0.11094284057617188,	0.1051788330078125
5633276250.0,	0.11305618286132812,	0.10471725463867188
5633284375.0,	0.11419296264648438,	0.105438232421875
5633292500.0,	0.1121673583984375,	0.105072021484375
5633300625.0,	0.11067581176757812,	0.10544967651367188
5633308750.0,	0.11336898803710938,	0.10338592529296875
5633316875.0,	0.11477279663085938,	0.10617828369140625
5633325000.0,	0.11419677734375,	0.10522842407226562
5633333125.0,	0.11280441284179688,	0.10565567016601562
5633341250.0,	0.11658859252929688,	0.10621261596679688
5633349375.0,	0.11483383178710938,	0.10478973388671875
5633357500.0,	0.11344528198242188,	0.10355377197265625
5633365625.0,	0.11502838134765625,	0.10565948486328125
5633373750.0,	0.11341476440429688,	0.10397720336914062
5633381875.0,	0.113250732421875,	0.10504531860351562
5633390000.0,	0.11280441284179688,	0.10357284545898438
5633398125.0,	0.11280441284179688,	0.1055145263671875
5633406250.0,	0.11443710327148438,	0.10393905639648438
5633414375.0,	0.11287307739257812,	0.10345840454101562
5633422500.0,	0.11503219604492188,	0.1057281494140625
5633430625.0,	0.11342239379882812,	0.10443496704101562
5633438750.0,	0.1123504638671875,	0.10479354858398438
5633446875.0,	0.11520004272460938,	0.104339599609375
5633455000.0,	0.11235809326171875,	0.10604095458984375
5633463125.0,	0.11273956298828125,	0.10427093505859375
5633471250.0,	0.11349868774414062,	0.10264205932617188
5633479375.0,	0.11336898803710938,	0.10228347778320312
5633487500.0,	0.11482620239257812,	0.10452651977539062
5633495625.0,	0.11346435546875,	0.10364913940429688
5633503750.0,	0.11491775512695312,	0.10518264770507812
5633511875.0,	0.1146392822265625,	0.10552978515625
5633520000.0,	0.11375045776367188,	0.1061859130859375
5633528125.0,	0.11357498168945312,	0.10422897338867188
5633536250.0,	0.11565780639648438,	0.102874755859375
5633544375.0,	0.1155242919921875,	0.10552215576171875
5633552500.0,	0.11338424682617188,	0.10461807250976562
5633560625.0,	0.11549758911132812,	0.10520553588867188
5633568750.0,	0.11401748657226562,	0.10347366333007812
5633576875.0,	0.11633682250976562,	0.10420608520507812
5633585000.0,	0.11661148071289062,	0.10407638549804688
5633593125.0,	0.11533355712890625,	0.10306930541992188
5633601250.0,	0.11654281616210938,	0.10447311401367188
5633609375.0,	0.11397552490234375,	0.10321807861328125
5633617500.0,	0.11648941040039062,	0.10475921630859375
5633625625.0,	0.11544036865234375,	0.1034393310546875
5633633750.0,	0.11403656005859375,	0.10379791259765625
5633641875.0,	0.1137847900390625,	0.10070419311523438
5633650000.0,	0.11544418334960938,	0.1045989990234375
5633658125.0,	0.11738967895507812,	0.1028594970703125
5633666250.0,	0.11547470092773438,	0.10348129272460938
5633674375.0,	0.11645889282226562,	0.10302352905273438
5633682500.0,	0.11480712890625,	0.1035919189453125
5633690625.0,	0.11583709716796875,	0.10366439819335938
5633698750.0,	0.11602783203125,	0.10306930541992188
5633706875.0,	0.11496353149414062,	0.10457229614257812
5633715000.0,	0.11655426025390625,	0.10449981689453125
5633723125.0,	0.11646270751953125,	0.10398483276367188
5633731250.0,	0.11608505249023438,	0.10360336303710938
5633739375.0,	0.11658859252929688,	0.10306549072265625
5633747500.0,	0.11568069458007812,	0.10322189331054688
5633755625.0,	0.1159820556640625,	0.10355377197265625
5633763750.0,	0.115692138671875,	0.10393524169921875
5633771875.0,	0.11659622192382812,	0.1056365966796875
5633780000.0,	0.116546630859375,	0.10260391235351562
5633788125.0,	0.11792755126953125,	0.10308837890625
5633796250.0,	0.1164093017578125,	0.10455703735351562
5633804375.0,	0.11588668823242188,	0.10317230224609375
5633812500.0,	0.11738204956054688,	0.10518646240234375
5633820625.0,	0.1167449951171875,	0.10355377197265625
5633828750.0,	0.11629486083984375,	0.1038055419921875
5633836875.0,	0.1173553466796875,	0.10456085205078125
5633845000.0,	0.11584091186523438,	0.104736328125
5633853125.0,	0.11850357055664062,	0.10371780395507812
5633861250.0,	0.11658096313476562,	0.10267257690429688
5633869375.0,	0.11541366577148438,	0.10494613647460938
5633877500.0,	0.11661148071289062,	0.10417556762695312
5633885625.0,	0.11902999877929688,	0.1050872802734375
5633893750.0,	0.116424560546875,	0.1030426025390625
5633901875.0,	0.11757278442382812,	0.10397720336914062
5633910000.0,	0.1195831298828125,	0.10267257690429688
5633918125.0,	0.12158203125,	0.10498046875
5633926250.0,	0.119598388671875,	0.10218048095703125
5633934375.0,	0.11798858642578125,	0.10425949096679688
5633942500.0,	0.1173248291015625,	0.10277175903320312
5633950625.0,	0.11793136596679688,	0.10577774047851562
5633958750.0,	0.11576080322265625,	0.10215377807617188
5633966875.0,	0.11859130859375,	0.10205459594726562
5633975000.0,	0.11822128295898438,	0.10297012329101562
5633983125.0,	0.1189422607421875,	0.1038360595703125
5633991250.0,	0.1190643310546875,	0.10329437255859375
5633999375.0,	0.11937332153320312,	0.10501861572265625
5634007500.0,	0.11970138549804688,	0.1031341552734375
5634015625.0,	0.118896484375,	0.10381698608398438
5634023750.0,	0.1179351806640625,	0.10021209716796875
5634031875.0,	0.11925506591796875,	0.10186767578125
5634040000.0,	0.11938095092773438,	0.1016845703125
5634048125.0,	0.11882400512695312,	0.1033477783203125
5634056250.0,	0.12084197998046875,	0.10310745239257812
5634064375.0,	0.12009429931640625,	0.10148239135742188
5634072500.0,	0.11942291259765625,	0.10334014892578125
5634080625.0,	0.11658096313476562,	0.10336685180664062
5634088750.0,	0.12038421630859375,	0.10402297973632812
5634096875.0,	0.11736297607421875,	0.10258865356445312
5634105000.0,	0.119659423828125,	0.10564422607421875
5634113125.0,	0.11935043334960938,	0.10385513305664062
5634121250.0,	0.12142181396484375,	0.10358810424804688
5634129375.0,	0.11989974975585938,	0.10383987426757812
5634137500.0,	0.1203155517578125,	0.10326004028320312
5634145625.0,	0.1186676025390625,	0.10188674926757812
5634153750.0,	0.12024307250976562,	0.10017776489257812
5634161875.0,	0.12005233764648438,	0.10304641723632812
5634170000.0,	0.1221160888671875,	0.10299301147460938
5634178125.0,	0.11966705322265625,	0.10555648803710938
5634186250.0,	0.11995315551757812,	0.10217666625976562
5634194375.0,	0.1212921142578125,	0.10110855102539062
5634202500.0,	0.12086105346679688,	0.10244369506835938
5634210625.0,	0.12169647216796875,	0.10193252563476562
5634218750.0,	0.12002944946289062,	0.10101699829101562
5634226875.0,	0.12266159057617188,	0.10291671752929688
5634235000.0,	0.12134933471679688,	0.10294723510742188
5634243125.0,	0.12160110473632812,	0.10132217407226562
5634251250.0,	0.12117385864257812,	0.10181045532226562
5634259375.0,	0.12070846557617188,	0.09963607788085938
5634267500.0,	0.1199951171875,	0.10184478759765625
5634275625.0,	0.11983108520507812,	0.10266876220703125
5634283750.0,	0.122467041015625,	0.10207748413085938
5634291875.0,	0.12335968017578125,	0.10208511352539062
5634300000.0,	0.12126922607421875,	0.1023101806640625
5634308125.0,	0.12108230590820312,	0.09993743896484375
5634316250.0,	0.12044143676757812,	0.10229873657226562
5634324375.0,	0.12068939208984375,	0.103424072265625
5634332500.0,	0.122589111328125,	0.10151290893554688
5634340625.0,	0.12110519409179688,	0.10180282592773438
5634348750.0,	0.12234115600585938,	0.10182952880859375
5634356875.0,	0.12238311767578125,	0.10137176513671875
5634365000.0,	0.12206649780273438,	0.10004425048828125
5634373125.0,	0.1225433349609375,	0.10219192504882812
5634381250.0,	0.12154006958007812,	0.10206985473632812
5634389375.0,	0.12412643432617188,	0.10013961791992188
5634397500.0,	0.12154006958007812,	0.1025543212890625
5634405625.0,	0.12160873413085938,	0.10089492797851562
5634413750.0,	0.12258529663085938,	0.10206985473632812
5634421875.0,	0.12412643432617188,	0.10142898559570312
5634430000.0,	0.12079620361328125,	0.10026931762695312
5634438125.0,	0.12362289428710938,	0.1020050048828125
5634446250.0,	0.12295150756835938,	0.10113906860351562
5634454375.0,	0.12118911743164062,	0.10183334350585938
5634462500.0,	0.12310409545898438,	0.10305023193359375
5634470625.0,	0.12451171875,	0.1014404296875
5634478750.0,	0.12345123291015625,	0.10241317749023438
5634486875.0,	0.12499237060546875,	0.10165023803710938
5634495000.0,	0.12409591674804688,	0.0999298095703125
5634503125.0,	0.12204360961914062,	0.10195159912109375
5634511250.0,	0.12552642822265625,	0.10262298583984375
5634519375.0,	0.12284088134765625,	0.101409912109375
5634527500.0,	0.12372207641601562,	0.10125350952148438
5634535625.0,	0.12346649169921875,	0.10170745849609375
5634543750.0,	0.12364959716796875,	0.10089111328125
5634551875.0,	0.12475204467773438,	0.101409912109375
5634560000.0,	0.124359130859375,	0.10076141357421875
5634568125.0,	0.12737274169921875,	0.1031494140625
5634576250.0,	0.12452316284179688,	0.10229110717773438
5634584375.0,	0.12371063232421875,	0.10062789916992188
5634592500.0,	0.12511444091796875,	0.09935760498046875
5634600625.0,	0.1256561279296875,	0.10186767578125
5634608750.0,	0.1233673095703125,	0.10005569458007812
5634616875.0,	0.12424087524414062,	0.10041427612304688
5634625000.0,	0.1248321533203125,	0.09975814819335938
5634633125.0,	0.12552642822265625,	0.09784698486328125
5634641250.0,	0.1258697509765625,	0.099212646484375
5634649375.0,	0.1236724853515625,	0.10012435913085938
5634657500.0,	0.12253952026367188,	0.1007843017578125
5634665625.0,	0.1258544921875,	0.0992279052734375
5634673750.0,	0.12689971923828125,	0.101348876953125
5634681875.0,	0.12477493286132812,	0.1006622314453125
5634690000.0,	0.1247406005859375,	0.10015869140625
5634698125.0,	0.12465286254882812,	0.0990142822265625
5634706250.0,	0.12395477294921875,	0.09946060180664062
5634714375.0,	0.12621307373046875,	0.0998077392578125
5634722500.0,	0.1277923583984375,	0.100494384765625
5634730625.0,	0.12514495849609375,	0.098297119140625
5634738750.0,	0.12461090087890625,	0.10070419311523438
5634746875.0,	0.1270599365234375,	0.09964752197265625
5634755000.0,	0.12660980224609375,	0.09922027587890625
5634763125.0,	0.126556396484375,	0.100982666015625
5634771250.0,	0.1270599365234375,	0.099273681640625
5634779375.0,	0.12946319580078125,	0.10076904296875
5634787500.0,	0.12928009033203125,	0.09995269775390625
5634795625.0,	0.125518798828125,	0.09818267822265625
5634803750.0,	0.12866973876953125,	0.1003570556640625
5634811875.0,	0.12664031982421875,	0.099517822265625
5634820000.0,	0.1251068115234375,	0.10060882568359375
5634828125.0,	0.1290435791015625,	0.097503662109375
5634836250.0,	0.12703704833984375,	0.1006927490234375
5634844375.0,	0.12744903564453125,	0.1000518798828125
5634852500.0,	0.12738037109375,	0.09647369384765625
5634860625.0,	0.1282958984375,	0.10128021240234375
5634868750.0,	0.12751007080078125,	0.09810638427734375
5634876875.0,	0.127410888671875,	0.0987091064453125
5634885000.0,	0.129150390625,	0.09804534912109375
5634893125.0,	0.12532806396484375,	0.1009521484375
5634901250.0,	0.12779998779296875,	0.098968505859375
5634909375.0,	0.12703704833984375,	0.0980987548828125
5634917500.0,	0.12824249267578125,	0.0994415283203125
5634925625.0,	0.12833404541015625,	0.0992889404296875
5634933750.0,	0.1308746337890625,	0.099761962890625
5634941875.0,	0.1289215087890625,	0.0977935791015625
5634950000.0,	0.131134033203125,	0.09796142578125
5634958125.0,	0.12737274169921875,	0.09918212890625
5634966250.0,	0.1299591064453125,	0.09958648681640625
5634974375.0,	0.13043975830078125,	0.09786224365234375
5634982500.0,	0.12772369384765625,	0.09722137451171875
5634990625.0,	0.127838134765625,	0.10039520263671875
5634998750.0,	0.12941741943359375,	0.09896087646484375
5635006875.0,	0.1320037841796875,	0.0992584228515625
5635015000.0,	0.12934112548828125,	0.09746551513671875
5635023125.0,	0.1297607421875,	0.0980987548828125
5635031250.0,	0.12877655029296875,	0.09915924072265625
5635039375.0,	0.13173675537109375,	0.098358154296875
5635047500.0,	0.1302947998046875,	0.097137451171875
5635055625.0,	0.1304168701171875,	0.09761810302734375
5635063750.0,	0.1305084228515625,	0.099639892578125
5635071875.0,	0.1318511962890625,	0.09568023681640625
5635080000.0,	0.13167572021484375,	0.09600830078125
5635088125.0,	0.12900543212890625,	0.0968780517578125
5635096250.0,	0.13346099853515625,	0.09825897216796875
5635104375.0,	0.1326141357421875,	0.09783172607421875
5635112500.0,	0.13149261474609375,	0.0996551513671875
5635120625.0,	0.13043975830078125,	0.09593963623046875
5635128750.0,	0.13207244873046875,	0.0980682373046875
5635136875.0,	0.13152313232421875,	0.09641265869140625
5635145000.0,	0.1300048828125,	0.096710205078125
5635153125.0,	0.1314544677734375,	0.0982513427734375
5635161250.0,	0.132598876953125,	0.096588134765625
5635169375.0,	0.13059234619140625,	0.097686767578125
5635177500.0,	0.13165283203125,	0.09665679931640625
5635185625.0,	0.131927490234375,	0.09667205810546875
5635193750.0,	0.132232666015625,	0.09702301025390625
5635201875.0,	0.13352203369140625,	0.0965728759765625
5635210000.0,	0.1316070556640625,	0.09650421142578125
5635218125.0,	0.13251495361328125,	0.0986175537109375
5635226250.0,	0.1316375732421875,	0.09774017333984375
5635234375.0,	0.13323974609375,	0.0959014892578125
5635242500.0,	0.1333160400390625,	0.09630584716796875
5635250625.0,	0.13211822509765625,	0.09792327880859375
5635258750.0,	0.1331939697265625,	0.097625732421875
5635266875.0,	0.1337127685546875,	0.09571075439453125
5635275000.0,	0.13434600830078125,	0.0955047607421875
5635283125.0,	0.13239288330078125,	0.09619140625
5635291250.0,	0.13360595703125,	0.09336090087890625
5635299375.0,	0.1340789794921875,	0.09661102294921875
5635307500.0,	0.1336669921875,	0.0955352783203125
5635315625.0,	0.13773345947265625,	0.09626007080078125
5635323750.0,	0.1343841552734375,	0.09548187255859375
5635331875.0,	0.1349639892578125,	0.09558868408203125
5635340000.0,	0.13555145263671875,	0.09466552734375
5635348125.0,	0.134552001953125,	0.094696044921875
5635356250.0,	0.13504791259765625,	0.09535980224609375
5635364375.0,	0.136749267578125,	0.09436798095703125
5635372500.0,	0.137237548828125,	0.09513092041015625
5635380625.0,	0.13465118408203125,	0.0958099365234375
5635388750.0,	0.1378021240234375,	0.09476470947265625
5635396875.0,	0.134307861328125,	0.0947723388671875
5635405000.0,	0.13564300537109375,	0.0960845947265625
5635413125.0,	0.13768768310546875,	0.09639739990234375
5635421250.0,	0.1373748779296875,	0.09429931640625
5635429375.0,	0.13645172119140625,	0.0923614501953125
5635437500.0,	0.13611602783203125,	0.094268798828125
5635445625.0,	0.13716888427734375,	0.0929718017578125
5635453750.0,	0.1346435546875,	0.09358978271484375
5635461875.0,	0.137969970703125,	0.09230804443359375
5635470000.0,	0.13770294189453125,	0.093841552734375
5635478125.0,	0.13771820068359375,	0.0951080322265625
5635486250.0,	0.1376800537109375,	0.0958709716796875
5635494375.0,	0.13652801513671875,	0.09366607666015625
5635502500.0,	0.13620758056640625,	0.0926513671875
5635510625.0,	0.13775634765625,	0.09293365478515625
5635518750.0,	0.13571929931640625,	0.093963623046875
5635526875.0,	0.138824462890625,	0.09354400634765625
5635535000.0,	0.138671875,	0.092803955078125
5635543125.0,	0.13834381103515625,	0.0919036865234375
5635551250.0,	0.1403350830078125,	0.09358978271484375
5635559375.0,	0.1365814208984375,	0.094696044921875
5635567500.0,	0.13683319091796875,	0.0922698974609375
5635575625.0,	0.1368408203125,	0.09172821044921875
5635583750.0,	0.13899993896484375,	0.09264373779296875
5635591875.0,	0.1401519775390625,	0.09183502197265625
5635600000.0,	0.1398468017578125,	0.094512939453125
5635608125.0,	0.138824462890625,	0.09438323974609375
5635616250.0,	0.13812255859375,	0.0927886962890625
5635624375.0,	0.14032745361328125,	0.0929412841796875
5635632500.0,	0.13936614990234375,	0.09137725830078125
5635640625.0,	0.13808441162109375,	0.0923004150390625
5635648750.0,	0.1392364501953125,	0.092071533203125
5635656875.0,	0.13959503173828125,	0.09162139892578125
5635665000.0,	0.1408538818359375,	0.09014892578125
5635673125.0,	0.14029693603515625,	0.09358978271484375
5635681250.0,	0.14192962646484375,	0.09204864501953125
5635689375.0,	0.14263153076171875,	0.0889434814453125
5635697500.0,	0.14119720458984375,	0.0908203125
5635705625.0,	0.14234161376953125,	0.090576171875
5635713750.0,	0.1431427001953125,	0.0908660888671875
5635721875.0,	0.14124298095703125,	0.089324951171875
5635730000.0,	0.1381988525390625,	0.09020233154296875
5635738125.0,	0.14113616943359375,	0.09062957763671875
5635746250.0,	0.14150238037109375,	0.09401702880859375
5635754375.0,	0.14013671875,	0.09267425537109375
5635762500.0,	0.14078521728515625,	0.08986663818359375
5635770625.0,	0.143402099609375,	0.08997344970703125
5635778750.0,	0.14229583740234375,	0.08850860595703125
5635786875.0,	0.14282989501953125,	0.0907745361328125
5635795000.0,	0.14312744140625,	0.08876800537109375
5635803125.0,	0.1434326171875,	0.088470458984375
5635811250.0,	0.14339447021484375,	0.08953857421875
5635819375.0,	0.14223480224609375,	0.0877838134765625
5635827500.0,	0.14472198486328125,	0.08910369873046875
5635835625.0,	0.14430999755859375,	0.0869293212890625
5635843750.0,	0.14247894287109375,	0.08721923828125
5635851875.0,	0.14495086669921875,	0.08705902099609375
5635860000.0,	0.143798828125,	0.08950042724609375
5635868125.0,	0.1426544189453125,	0.0868377685546875
5635876250.0,	0.14199066162109375,	0.08780670166015625
5635884375.0,	0.1441650390625,	0.08795928955078125
5635892500.0,	0.14307403564453125,	0.08730316162109375
5635900625.0,	0.14542388916015625,	0.087860107421875
5635908750.0,	0.14429473876953125,	0.087127685546875
5635916875.0,	0.14609527587890625,	0.086578369140625
5635925000.0,	0.1467742919921875,	0.08672332763671875
5635933125.0,	0.1465301513671875,	0.088043212890625
5635941250.0,	0.1444244384765625,	0.08650970458984375
5635949375.0,	0.146026611328125,	0.08563995361328125
5635957500.0,	0.14550018310546875,	0.0852813720703125
5635965625.0,	0.1463470458984375,	0.0862579345703125
5635973750.0,	0.14715576171875,	0.0857391357421875
5635981875.0,	0.1463623046875,	0.0875091552734375
5635990000.0,	0.14702606201171875,	0.08575439453125
5635998125.0,	0.1466522216796875,	0.08606719970703125
5636006250.0,	0.1474609375,	0.08545684814453125
5636014375.0,	0.14791107177734375,	0.0871429443359375
5636022500.0,	0.1473541259765625,	0.083099365234375
5636030625.0,	0.1494293212890625,	0.08408355712890625
5636038750.0,	0.14795684814453125,	0.084503173828125
5636046875.0,	0.14855194091796875,	0.08261871337890625
5636055000.0,	0.14597320556640625,	0.08563232421875
5636063125.0,	0.1496734619140625,	0.085296630859375
5636071250.0,	0.15024566650390625,	0.08277130126953125
5636079375.0,	0.149383544921875,	0.0854339599609375
5636087500.0,	0.1492156982421875,	0.08420562744140625
5636095625.0,	0.14868927001953125,	0.08399200439453125
5636103750.0,	0.14952850341796875,	0.08403778076171875
5636111875.0,	0.147979736328125,	0.0839996337890625
5636120000.0,	0.14852142333984375,	0.0819854736328125
5636128125.0,	0.15006256103515625,	0.0840301513671875
5636136250.0,	0.15094757080078125,	0.082611083984375
5636144375.0,	0.150299072265625,	0.08068084716796875
5636152500.0,	0.148284912109375,	0.0795745849609375
5636160625.0,	0.151275634765625,	0.08217620849609375
5636168750.0,	0.1494903564453125,	0.08013916015625
5636176875.0,	0.15117645263671875,	0.080108642578125
5636185000.0,	0.1517486572265625,	0.08061981201171875
5636193125.0,	0.15213775634765625,	0.0817413330078125
5636201250.0,	0.1516571044921875,	0.0777435302734375
5636209375.0,	0.1506805419921875,	0.08187103271484375
5636217500.0,	0.1501617431640625,	0.07872772216796875
5636225625.0,	0.15256500244140625,	0.0792694091796875
5636233750.0,	0.151763916015625,	0.07820892333984375
5636241875.0,	0.15477752685546875,	0.08039093017578125
5636250000.0,	0.15157318115234375,	0.07949066162109375
5636258125.0,	0.15088653564453125,	0.07785797119140625
5636266250.0,	0.1530303955078125,	0.07799530029296875
5636274375.0,	0.15599822998046875,	0.0790557861328125
5636282500.0,	0.15372467041015625,	0.078155517578125
5636290625.0,	0.15531158447265625,	0.0780029296875
5636298750.0,	0.151824951171875,	0.07684326171875
5636306875.0,	0.1536407470703125,	0.0782470703125
5636315000.0,	0.154022216796875,	0.07595062255859375
5636323125.0,	0.15520477294921875,	0.07648468017578125
5636331250.0,	0.1556396484375,	0.07672882080078125
5636339375.0,	0.15412139892578125,	0.0753326416015625
5636347500.0,	0.15549468994140625,	0.07635498046875
5636355625.0,	0.15493011474609375,	0.0743865966796875
5636363750.0,	0.15502166748046875,	0.07326507568359375
5636371875.0,	0.15543365478515625,	0.07276153564453125
5636380000.0,	0.1555938720703125,	0.07291412353515625
5636388125.0,	0.15508270263671875,	0.07480621337890625
5636396250.0,	0.15671539306640625,	0.0717926025390625
5636404375.0,	0.15866851806640625,	0.0738983154296875
5636412500.0,	0.15756988525390625,	0.0756988525390625
5636420625.0,	0.15648651123046875,	0.0724029541015625
5636428750.0,	0.15793609619140625,	0.07260894775390625
5636436875.0,	0.15909576416015625,	0.072998046875
5636445000.0,	0.1573486328125,	0.070343017578125
5636453125.0,	0.15622711181640625,	0.07010650634765625
5636461250.0,	0.1572265625,	0.07180023193359375
5636469375.0,	0.15775299072265625,	0.07080078125
5636477500.0,	0.1595306396484375,	0.06999969482421875
5636485625.0,	0.158203125,	0.0703582763671875
5636493750.0,	0.1590728759765625,	0.068572998046875
5636501875.0,	0.1598663330078125,	0.0688323974609375
5636510000.0,	0.15990447998046875,	0.068511962890625
5636518125.0,	0.15921783447265625,	0.0685882568359375
5636526250.0,	0.15936279296875,	0.07019805908203125
5636534375.0,	0.15814208984375,	0.06845855712890625
5636542500.0,	0.1595458984375,	0.0651397705078125
5636550625.0,	0.1600494384765625,	0.067138671875
5636558750.0,	0.16214752197265625,	0.06744384765625
5636566875.0,	0.161834716796875,	0.06620025634765625
5636575000.0,	0.16001129150390625,	0.0653076171875
5636583125.0,	0.162017822265625,	0.065887451171875
5636591250.0,	0.163055419921875,	0.06444549560546875
5636599375.0,	0.16192626953125,	0.066192626953125
5636607500.0,	0.1583709716796875,	0.06250762939453125
5636615625.0,	0.16222381591796875,	0.06426239013671875
5636623750.0,	0.1597137451171875,	0.063446044921875
5636631875.0,	0.16120147705078125,	0.062469482421875
5636640000.0,	0.16338348388671875,	0.06418609619140625
5636648125.0,	0.1628265380859375,	0.062255859375
5636656250.0,	0.16069793701171875,	0.060546875
5636664375.0,	0.1631317138671875,	0.061431884765625
5636672500.0,	0.16132354736328125,	0.06072998046875
5636680625.0,	0.1631927490234375,	0.06110382080078125
5636688750.0,	0.16384124755859375,	0.0606231689453125
5636696875.0,	0.162200927734375,	0.05962371826171875
5636705000.0,	0.1639404296875,	0.06009674072265625
5636713125.0,	0.16481781005859375,	0.0597686767578125
5636721250.0,	0.16448974609375,	0.05652618408203125
5636729375.0,	0.16342926025390625,	0.05883026123046875
5636737500.0,	0.1631317138671875,	0.05623626708984375
5636745625.0,	0.16405487060546875,	0.05574798583984375
5636753750.0,	0.163360595703125,	0.05765533447265625
5636761875.0,	0.1643218994140625,	0.054840087890625
5636770000.0,	0.162841796875,	0.055694580078125
5636778125.0,	0.165252685546875,	0.05413818359375
5636786250.0,	0.164398193359375,	0.05255126953125
5636794375.0,	0.162567138671875,	0.05388641357421875
5636802500.0,	0.16558837890625,	0.05258941650390625
5636810625.0,	0.1641998291015625,	0.0511322021484375
5636818750.0,	0.1654052734375,	0.05057525634765625
5636826875.0,	0.166717529296875,	0.05187225341796875
5636835000.0,	0.16628265380859375,	0.0506744384765625
5636843125.0,	0.16277313232421875,	0.04817962646484375
5636851250.0,	0.16623687744140625,	0.04807281494140625
5636859375.0,	0.16420745849609375,	0.046844482421875
5636867500.0,	0.1663360595703125,	0.04932403564453125
5636875625.0,	0.1647796630859375,	0.0467681884765625
5636883750.0,	0.1664886474609375,	0.04621124267578125
5636891875.0,	0.16796112060546875,	0.04738616943359375
5636900000.0,	0.1660003662109375,	0.04557037353515625
5636908125.0,	0.1673736572265625,	0.04734039306640625
5636916250.0,	0.1655731201171875,	0.0443878173828125
5636924375.0,	0.1676483154296875,	0.0448455810546875
5636932500.0,	0.16716766357421875,	0.0447540283203125
5636940625.0,	0.16721343994140625,	0.04331207275390625
5636948750.0,	0.16768646240234375,	0.04132843017578125
5636956875.0,	0.16625213623046875,	0.03997802734375
5636965000.0,	0.1670684814453125,	0.03985595703125
5636973125.0,	0.16696929931640625,	0.03963470458984375
5636981250.0,	0.16709136962890625,	0.03795623779296875
5636989375.0,	0.16765594482421875,	0.03515625
5636997500.0,	0.167022705078125,	0.036834716796875
5637005625.0,	0.16567230224609375,	0.03437042236328125
5637013750.0,	0.16751861572265625,	0.03633880615234375
5637021875.0,	0.1692047119140625,	0.036102294921875
5637030000.0,	0.16680908203125,	0.03374481201171875
5637038125.0,	0.16778564453125,	0.0342864990234375
5637046250.0,	0.1696319580078125,	0.0311431884765625
5637054375.0,	0.1678009033203125,	0.03228759765625
5637062500.0,	0.16777801513671875,	0.0288238525390625
5637070625.0,	0.16701507568359375,	0.029266357421875
5637078750.0,	0.1662750244140625,	0.02916717529296875
5637086875.0,	0.16611480712890625,	0.02780914306640625
5637095000.0,	0.16631317138671875,	0.028594970703125
5637103125.0,	0.16521453857421875,	0.0278167724609375
5637111250.0,	0.1674346923828125,	0.02374267578125
5637119375.0,	0.16555023193359375,	0.022705078125
5637127500.0,	0.16705322265625,	0.02190399169921875
5637135625.0,	0.1643524169921875,	0.02281951904296875
5637143750.0,	0.16620635986328125,	0.0208740234375
5637151875.0,	0.166015625,	0.0203399658203125
5637160000.0,	0.16553497314453125,	0.0213775634765625
5637168125.0,	0.164337158203125,	0.0178070068359375
5637176250.0,	0.16509246826171875,	0.0177764892578125
5637184375.0,	0.1640625,	0.018218994140625
5637192500.0,	0.1637420654296875,	0.015594482421875
5637200625.0,	0.16260528564453125,	0.0138092041015625
5637208750.0,	0.16355133056640625,	0.01401519775390625
5637216875.0,	0.16168975830078125,	0.01360321044921875
5637225000.0,	0.162811279296875,	0.012054443359375
5637233125.0,	0.16411590576171875,	0.00917816162109375
5637241250.0,	0.16211700439453125,	0.009002685546875
5637249375.0,	0.16457366943359375,	0.00757598876953125
5637257500.0,	0.16092681884765625,	0.008575439453125
5637265625.0,	0.15993499755859375,	0.00711822509765625
5637273750.0,	0.161773681640625,	0.00626373291015625
5637281875.0,	0.15923309326171875,	0.0035858154296875
5637290000.0,	0.1598052978515625,	0.004058837890625
5637298125.0,	0.16068267822265625,	0.00202178955078125
5637306250.0,	0.15579986572265625,	0.002349853515625
5637314375.0,	0.15704345703125,	0.001007080078125
5637322500.0,	0.15472412109375,	-0.00018310546875
5637330625.0,	0.156341552734375,	-0.00026702880859375
5637338750.0,	0.1556854248046875,	-0.00395965576171875
5637346875.0,	0.1535491943359375,	-0.00396728515625
5637355000.0,	0.1538543701171875,	-0.00542449951171875
5637363125.0,	0.152587890625,	-0.0045623779296875
5637371250.0,	0.1526336669921875,	-0.00677490234375
5637379375.0,	0.15139007568359375,	-0.007720947265625
5637387500.0,	0.1493988037109375,	-0.009521484375
5637395625.0,	0.15082550048828125,	-0.00966644287109375
5637403750.0,	0.1506805419921875,	-0.00876617431640625
5637411875.0,	0.14862823486328125,	-0.00969696044921875
5637420000.0,	0.1460113525390625,	-0.0119171142578125
5637428125.0,	0.14569854736328125,	-0.01351165771484375
5637436250.0,	0.14386749267578125,	-0.0123443603515625
5637444375.0,	0.145660400390625,	-0.01678466796875
5637452500.0,	0.14244842529296875,	-0.01676177978515625
5637460625.0,	0.14251708984375,	-0.018829345703125
5637468750.0,	0.1419525146484375,	-0.018280029296875
5637476875.0,	0.14068603515625,	-0.018798828125
5637485000.0,	0.13991546630859375,	-0.019134521484375
5637493125.0,	0.1372222900390625,	-0.01990509033203125
5637501250.0,	0.1361236572265625,	-0.0197906494140625
5637509375.0,	0.135955810546875,	-0.02079010009765625
5637517500.0,	0.1364288330078125,	-0.02294921875
5637525625.0,	0.13498687744140625,	-0.0245513916015625
5637533750.0,	0.1321258544921875,	-0.02342987060546875
5637541875.0,	0.1329193115234375,	-0.0249176025390625
5637550000.0,	0.12941741943359375,	-0.02471923828125
5637558125.0,	0.12914276123046875,	-0.02459716796875
5637566250.0,	0.12574005126953125,	-0.0254364013671875
5637574375.0,	0.1269989013671875,	-0.02632904052734375
5637582500.0,	0.12490463256835938,	-0.0275421142578125
5637590625.0,	0.1251983642578125,	-0.0292510986328125
5637598750.0,	0.1236572265625,	-0.0277252197265625
5637606875.0,	0.12299346923828125,	-0.029003143310546875
5637615000.0,	0.11946868896484375,	-0.030605316162109375
5637623125.0,	0.11842727661132812,	-0.02846527099609375
5637631250.0,	0.120391845703125,	-0.02953338623046875
5637639375.0,	0.11682510375976562,	-0.03050994873046875
5637647500.0,	0.11594772338867188,	-0.030559539794921875
5637655625.0,	0.11394882202148438,	-0.031536102294921875
5637663750.0,	0.11536407470703125,	-0.0299224853515625
5637671875.0,	0.11190414428710938,	-0.030368804931640625
5637680000.0,	0.11281585693359375,	-0.033588409423828125
5637688125.0,	0.11015701293945312,	-0.0303192138671875
5637696250.0,	0.10915374755859375,	-0.031970977783203125
5637704375.0,	0.10585403442382812,	-0.03272247314453125
5637712500.0,	0.10776138305664062,	-0.032413482666015625
5637720625.0,	0.10478973388671875,	-0.031078338623046875
5637728750.0,	0.10425186157226562,	-0.033596038818359375
5637736875.0,	0.10452651977539062,	-0.034576416015625
5637745000.0,	0.10291290283203125,	-0.033782958984375
5637753125.0,	0.1020355224609375,	-0.031757354736328125
5637761250.0,	0.10088348388671875,	-0.03371429443359375
5637769375.0,	0.10116958618164062,	-0.032764434814453125
5637777500.0,	0.09821319580078125,	-0.033416748046875
5637785625.0,	0.09619140625,	-0.032154083251953125
5637793750.0,	0.09605789184570312,	-0.0328521728515625
5637801875.0,	0.09481430053710938,	-0.034900665283203125
5637810000.0,	0.09387588500976562,	-0.033477783203125
5637818125.0,	0.09294509887695312,	-0.03304290771484375
5637826250.0,	0.08997344970703125,	-0.0330810546875
5637834375.0,	0.088592529296875,	-0.03375244140625
5637842500.0,	0.09008407592773438,	-0.03433990478515625
5637850625.0,	0.08838653564453125,	-0.032215118408203125
5637858750.0,	0.08695220947265625,	-0.03360748291015625
5637866875.0,	0.08696365356445312,	-0.035472869873046875
5637875000.0,	0.086578369140625,	-0.03462982177734375
5637883125.0,	0.0841217041015625,	-0.033184051513671875
5637891250.0,	0.0829315185546875,	-0.03211212158203125
5637899375.0,	0.08031845092773438,	-0.032146453857421875
5637907500.0,	0.07955169677734375,	-0.03148651123046875
5637915625.0,	0.08112335205078125,	-0.03234100341796875
5637923750.0,	0.0770263671875,	-0.031490325927734375
5637931875.0,	0.07829666137695312,	-0.031688690185546875
5637940000.0,	0.07537841796875,	-0.033535003662109375
5637948125.0,	0.07532501220703125,	-0.032634735107421875
5637956250.0,	0.07175827026367188,	-0.031391143798828125
5637964375.0,	0.07196426391601562,	-0.030857086181640625
5637972500.0,	0.07433319091796875,	-0.03289031982421875
5637980625.0,	0.07191848754882812,	-0.031917572021484375
5637988750.0,	0.070587158203125,	-0.0288848876953125
5637996875.0,	0.07028579711914062,	-0.0289154052734375
5638005000.0,	0.0696563720703125,	-0.029102325439453125
5638013125.0,	0.0681610107421875,	-0.030017852783203125
5638021250.0,	0.06816864013671875,	-0.028354644775390625
5638029375.0,	0.06435394287109375,	-0.027950286865234375
5638037500.0,	0.06569671630859375,	-0.02738189697265625
5638045625.0,	0.06392669677734375,	-0.027873992919921875
5638053750.0,	0.06381988525390625,	-0.027400970458984375
5638061875.0,	0.06381607055664062,	-0.026988983154296875
5638070000.0,	0.06153678894042969,	-0.02873992919921875
5638078125.0,	0.0609283447265625,	-0.0244293212890625
5638086250.0,	0.0595703125,	-0.02416229248046875
5638094375.0,	0.06020545959472656,	-0.024446487426757812
5638102500.0,	0.05800628662109375,	-0.026517868041992188
5638110625.0,	0.059291839599609375,	-0.023824691772460938
5638118750.0,	0.05645751953125,	-0.024677276611328125
5638126875.0,	0.05541229248046875,	-0.023895263671875
5638135000.0,	0.05763435363769531,	-0.0229339599609375
5638143125.0,	0.052486419677734375,	-0.022233963012695312
5638151250.0,	0.054225921630859375,	-0.021802902221679688
5638159375.0,	0.0548858642578125,	-0.02155303955078125
5638167500.0,	0.052211761474609375,	-0.021383285522460938
5638175625.0,	0.054046630859375,	-0.019351959228515625
5638183750.0,	0.052135467529296875,	-0.019777297973632812
5638191875.0,	0.050018310546875,	-0.019008636474609375
5638200000.0,	0.05119895935058594,	-0.018796920776367188
5638208125.0,	0.050785064697265625,	-0.018003463745117188
5638216250.0,	0.050868988037109375,	-0.017852783203125
5638224375.0,	0.04953575134277344,	-0.017423629760742188
5638232500.0,	0.04803657531738281,	-0.018228530883789062
5638240625.0,	0.04837989807128906,	-0.016876220703125
5638248750.0,	0.04611778259277344,	-0.01676177978515625
5638256875.0,	0.0471649169921875,	-0.015171051025390625
5638265000.0,	0.044521331787109375,	-0.01641845703125
5638273125.0,	0.04415130615234375,	-0.0147857666015625
5638281250.0,	0.04340362548828125,	-0.01332855224609375
5638289375.0,	0.0408935546875,	-0.012228012084960938
5638297500.0,	0.04106330871582031,	-0.013233184814453125
5638305625.0,	0.041713714599609375,	-0.011600494384765625
5638313750.0,	0.043064117431640625,	-0.012502670288085938
5638321875.0,	0.0386505126953125,	-0.00907135009765625
5638330000.0,	0.03955650329589844,	-0.01148223876953125
5638338125.0,	0.03996086120605469,	-0.010345458984375
5638346250.0,	0.0391082763671875,	-0.0085296630859375
5638354375.0,	0.03909873962402344,	-0.007907867431640625
5638362500.0,	0.03841400146484375,	-0.008817672729492188
5638370625.0,	0.03845787048339844,	-0.00872802734375
5638378750.0,	0.03661346435546875,	-0.0065135955810546875
5638386875.0,	0.03603363037109375,	-0.008386611938476562
5638395000.0,	0.03719329833984375,	-0.0047454833984375
5638403125.0,	0.03551292419433594,	-0.0046024322509765625
5638411250.0,	0.03323936462402344,	-0.004970550537109375
5638419375.0,	0.03446006774902344,	-0.0033626556396484375
5638427500.0,	0.036113739013671875,	-0.0029277801513671875
5638435625.0,	0.034637451171875,	-0.0022068023681640625
5638443750.0,	0.03220939636230469,	-0.000743865966796875
5638451875.0,	0.033477783203125,	-0.0008869171142578125
5638460000.0,	0.03424072265625,	-0.0007152557373046875
5638468125.0,	0.033660888671875,	0.0012683868408203125
5638476250.0,	0.0326690673828125,	0.000606536865234375
5638484375.0,	0.032840728759765625,	-0.0002193450927734375
5638492500.0,	0.033687591552734375,	0.00185394287109375
5638500625.0,	0.032291412353515625,	0.00215911865234375
5638508750.0,	0.031084060668945312,	0.0034189224243164062
5638516875.0,	0.030213356018066406,	0.005423545837402344
5638525000.0,	0.032123565673828125,	0.0059833526611328125
5638533125.0,	0.030762672424316406,	0.0044460296630859375
5638541250.0,	0.030153274536132812,	0.0055446624755859375
5638549375.0,	0.02815723419189453,	0.0052642822265625
5638557500.0,	0.0284576416015625,	0.008449554443359375
5638565625.0,	0.030289649963378906,	0.006848335266113281
5638573750.0,	0.029648780822753906,	0.007428169250488281
5638581875.0,	0.0303955078125,	0.006285667419433594
5638590000.0,	0.029074668884277344,	0.009621620178222656
5638598125.0,	0.02702808380126953,	0.009749412536621094
5638606250.0,	0.02845287322998047,	0.010815620422363281
5638614375.0,	0.02680683135986328,	0.010013580322265625
5638622500.0,	0.02672290802001953,	0.009434700012207031
5638630625.0,	0.02766895294189453,	0.011430740356445312
5638638750.0,	0.026513099670410156,	0.012401580810546875
5638646875.0,	0.028825759887695312,	0.01166534423828125
5638655000.0,	0.02431964874267578,	0.012080192565917969
5638663125.0,	0.029056549072265625,	0.014858245849609375
5638671250.0,	0.026580810546875,	0.0149993896484375
5638679375.0,	0.024657249450683594,	0.014028549194335938
5638687500.0,	0.02609729766845703,	0.016936302185058594
5638695625.0,	0.025885581970214844,	0.017137527465820312
5638703750.0,	0.026311874389648438,	0.018652915954589844
5638711875.0,	0.02507781982421875,	0.018209457397460938
5638720000.0,	0.02579212188720703,	0.01786327362060547
5638728125.0,	0.023714065551757812,	0.018743515014648438
5638736250.0,	0.02586078643798828,	0.018136024475097656
5638744375.0,	0.024135589599609375,	0.0203399658203125
5638752500.0,	0.025293350219726562,	0.01947307586669922
5638760625.0,	0.024541854858398438,	0.021104812622070312
5638768750.0,	0.025793075561523438,	0.022336959838867188
5638776875.0,	0.02357769012451172,	0.021274566650390625
5638785000.0,	0.024580001831054688,	0.02263355255126953
5638793125.0,	0.02366924285888672,	0.024637222290039062
5638801250.0,	0.025468826293945312,	0.021454811096191406
5638809375.0,	0.022118568420410156,	0.023863792419433594
5638817500.0,	0.02306842803955078,	0.024898529052734375
5638825625.0,	0.02434253692626953,	0.027004241943359375
5638833750.0,	0.02602100372314453,	0.024148941040039062
5638841875.0,	0.0245208740234375,	0.025712966918945312
5638850000.0,	0.021694183349609375,	0.025295257568359375
5638858125.0,	0.0222015380859375,	0.027557373046875
5638866250.0,	0.025282859802246094,	0.028290748596191406
5638874375.0,	0.0252838134765625,	0.028562545776367188
5638882500.0,	0.02559185028076172,	0.02893543243408203
5638890625.0,	0.024392127990722656,	0.029649734497070312
5638898750.0,	0.023176193237304688,	0.03065776824951172
5638906875.0,	0.024715423583984375,	0.03209114074707031
5638915000.0,	0.0249481201171875,	0.03222846984863281
5638923125.0,	0.024084091186523438,	0.03296852111816406
5638931250.0,	0.02269744873046875,	0.03314781188964844
5638939375.0,	0.021150588989257812,	0.03293800354003906
5638947500.0,	0.023118972778320312,	0.033428192138671875
5638955625.0,	0.021852493286132812,	0.03518867492675781
5638963750.0,	0.0233306884765625,	0.03338813781738281
5638971875.0,	0.025106430053710938,	0.03606414794921875
5638980000.0,	0.021276473999023438,	0.036121368408203125
5638988125.0,	0.023370742797851562,	0.03646659851074219
5638996250.0,	0.021154403686523438,	0.03600883483886719
5639004375.0,	0.02158355712890625,	0.037570953369140625
5639012500.0,	0.022527694702148438,	0.03788566589355469
5639020625.0,	0.02292633056640625,	0.03974151611328125
5639028750.0,	0.02337646484375,	0.03900146484375
5639036875.0,	0.02196502685546875,	0.03849983215332031
5639045000.0,	0.0257415771484375,	0.03942298889160156
5639053125.0,	0.023870468139648438,	0.04020500183105469
5639061250.0,	0.024707794189453125,	0.04311943054199219
5639069375.0,	0.023593902587890625,	0.04045677185058594
5639077500.0,	0.025226593017578125,	0.040325164794921875
5639085625.0,	0.024183273315429688,	0.04299736022949219
5639093750.0,	0.024036407470703125,	0.043224334716796875
5639101875.0,	0.025592803955078125,	0.04259681701660156
5639110000.0,	0.026397705078125,	0.045024871826171875
5639118125.0,	0.024610519409179688,	0.04628562927246094
5639126250.0,	0.0265045166015625,	0.045383453369140625
5639134375.0,	0.0260467529296875,	0.04515266418457031
5639142500.0,	0.024450302124023438,	0.04580879211425781
5639150625.0,	0.024627685546875,	0.045497894287109375
5639158750.0,	0.024349212646484375,	0.047515869140625
5639166875.0,	0.022928237915039062,	0.0472259521484375
5639175000.0,	0.024179458618164062,	0.04580116271972656
5639183125.0,	0.02404022216796875,	0.04628181457519531
5639191250.0,	0.024522781372070312,	0.048305511474609375
5639199375.0,	0.0255279541015625,	0.0503082275390625
5639207500.0,	0.024560928344726562,	0.04596138000488281
5639215625.0,	0.023189544677734375,	0.04987525939941406
5639223750.0,	0.025037765502929688,	0.049533843994140625
5639231875.0,	0.025152206420898438,	0.050769805908203125
5639240000.0,	0.027326583862304688,	0.050403594970703125
5639248125.0,	0.026006698608398438,	0.05100440979003906
5639256250.0,	0.025482177734375,	0.05068016052246094
5639264375.0,	0.027782440185546875,	0.05064201354980469
5639272500.0,	0.025363922119140625,	0.051479339599609375
5639280625.0,	0.026254653930664062,	0.05241966247558594
5639288750.0,	0.025983810424804688,	0.05258369445800781
5639296875.0,	0.026214599609375,	0.05196189880371094
5639305000.0,	0.024921417236328125,	0.05290794372558594
5639313125.0,	0.025468826293945312,	0.0532379150390625
5639321250.0,	0.02718353271484375,	0.052974700927734375
5639329375.0,	0.027835845947265625,	0.05278778076171875
5639337500.0,	0.026758193969726562,	0.0541534423828125
5639345625.0,	0.028650283813476562,	0.05512809753417969
5639353750.0,	0.027467727661132812,	0.05508995056152344
5639361875.0,	0.026706695556640625,	0.05561065673828125
5639370000.0,	0.025011062622070312,	0.05509757995605469
5639378125.0,	0.025211334228515625,	0.05770111083984375
5639386250.0,	0.027528762817382812,	0.05732536315917969
5639394375.0,	0.027631759643554688,	0.05620384216308594
5639402500.0,	0.029653549194335938,	0.0562896728515625
5639410625.0,	0.030042648315429688,	0.05689048767089844
5639418750.0,	0.028627395629882812,	0.05733680725097656
5639426875.0,	0.02719879150390625,	0.05866813659667969
5639435000.0,	0.026540756225585938,	0.059467315673828125
5639443125.0,	0.0275421142578125,	0.05708503723144531
5639451250.0,	0.02846527099609375,	0.05973052978515625
5639459375.0,	0.030048370361328125,	0.060283660888671875
5639467500.0,	0.02834320068359375,	0.06206703186035156
5639475625.0,	0.02892303466796875,	0.059604644775390625
5639483750.0,	0.02721405029296875,	0.06032371520996094
5639491875.0,	0.0289154052734375,	0.05950927734375
5639500000.0,	0.026233673095703125,	0.06247711181640625
5639508125.0,	0.028903961181640625,	0.06368637084960938
5639516250.0,	0.029600143432617188,	0.062164306640625
5639524375.0,	0.030979156494140625,	0.06346511840820312
5639532500.0,	0.031246185302734375,	0.06347274780273438
5639540625.0,	0.029903411865234375,	0.0646514892578125
5639548750.0,	0.031803131103515625,	0.06341934204101562
5639556875.0,	0.03003692626953125,	0.06351089477539062
5639565000.0,	0.0300140380859375,	0.06378555297851562
5639573125.0,	0.03350067138671875,	0.06368637084960938
5639581250.0,	0.030765533447265625,	0.06523513793945312
5639589375.0,	0.03155517578125,	0.06560897827148438
5639597500.0,	0.031147003173828125,	0.0654144287109375
5639605625.0,	0.0313720703125,	0.066375732421875
5639613750.0,	0.02997589111328125,	0.0626678466796875
5639621875.0,	0.033885955810546875,	0.06504058837890625
5639630000.0,	0.03301239013671875,	0.06467056274414062
5639638125.0,	0.031482696533203125,	0.06427764892578125
5639646250.0,	0.032230377197265625,	0.06450653076171875
5639654375.0,	0.0321044921875,	0.06687545776367188
5639662500.0,	0.030689239501953125,	0.06647872924804688
5639670625.0,	0.032806396484375,	0.06769180297851562
5639678750.0,	0.032848358154296875,	0.06829071044921875
5639686875.0,	0.033329010009765625,	0.06641006469726562
5639695000.0,	0.03347015380859375,	0.06618881225585938
5639703125.0,	0.032039642333984375,	0.0695037841796875
5639711250.0,	0.03143310546875,	0.06834030151367188
5639719375.0,	0.033294677734375,	0.06827926635742188
5639727500.0,	0.033550262451171875,	0.06963348388671875
5639735625.0,	0.032482147216796875,	0.06714630126953125
5639743750.0,	0.0338897705078125,	0.07011795043945312
5639751875.0,	0.03327178955078125,	0.06999588012695312
5639760000.0,	0.03430938720703125,	0.06941604614257812
5639768125.0,	0.034252166748046875,	0.06896209716796875
5639776250.0,	0.033599853515625,	0.06946563720703125
5639784375.0,	0.034107208251953125,	0.07132720947265625
5639792500.0,	0.0357208251953125,	0.0703582763671875
5639800625.0,	0.034244537353515625,	0.07159423828125
5639808750.0,	0.03543853759765625,	0.0699615478515625
5639816875.0,	0.03433990478515625,	0.07117462158203125
5639825000.0,	0.034854888916015625,	0.07198715209960938
5639833125.0,	0.03379058837890625,	0.0738525390625
5639841250.0,	0.03511810302734375,	0.07477188110351562
5639849375.0,	0.03433990478515625,	0.07203292846679688
5639857500.0,	0.034877777099609375,	0.0721588134765625
5639865625.0,	0.038105010986328125,	0.07188796997070312
5639873750.0,	0.03565216064453125,	0.07380294799804688
5639881875.0,	0.035747528076171875,	0.07396697998046875
5639890000.0,	0.035137176513671875,	0.0735015869140625
5639898125.0,	0.034637451171875,	0.07178497314453125
5639906250.0,	0.0368499755859375,	0.07285690307617188
5639914375.0,	0.035762786865234375,	0.07360458374023438
5639922500.0,	0.03615570068359375,	0.07426071166992188
5639930625.0,	0.037616729736328125,	0.07516098022460938
5639938750.0,	0.03784942626953125,	0.07292938232421875
5639946875.0,	0.0374908447265625,	0.07568740844726562
5639955000.0,	0.037441253662109375,	0.07563400268554688
5639963125.0,	0.037761688232421875,	0.07443618774414062
5639971250.0,	0.03556060791015625,	0.07500076293945312
5639979375.0,	0.036712646484375,	0.07550811767578125
5639987500.0,	0.038379669189453125,	0.07621383666992188
5639995625.0,	0.03516387939453125,	0.07719802856445312
5640003750.0,	0.03643035888671875,	0.07651901245117188
5640011875.0,	0.0381011962890625,	0.07709503173828125
5640020000.0,	0.03856658935546875,	0.07525253295898438
5640028125.0,	0.038604736328125,	0.0765838623046875
5640036250.0,	0.0376129150390625,	0.07517623901367188
5640044375.0,	0.040012359619140625,	0.0767822265625
5640052500.0,	0.0406494140625,	0.07700347900390625
5640060625.0,	0.03949737548828125,	0.07764816284179688
5640068750.0,	0.03818511962890625,	0.07622909545898438
5640076875.0,	0.039333343505859375,	0.07892990112304688
5640085000.0,	0.037792205810546875,	0.0770263671875
5640093125.0,	0.039608001708984375,	0.07881546020507812
5640101250.0,	0.0413818359375,	0.07600021362304688
5640109375.0,	0.039913177490234375,	0.077972412109375
5640117500.0,	0.039524078369140625,	0.07609176635742188
5640125625.0,	0.039493560791015625,	0.07665634155273438
5640133750.0,	0.04070281982421875,	0.07796096801757812
5640141875.0,	0.040740966796875,	0.07948684692382812
5640150000.0,	0.041049957275390625,	0.07710647583007812
5640158125.0,	0.04143524169921875,	0.07867813110351562
5640166250.0,	0.04080963134765625,	0.07842254638671875
5640174375.0,	0.04038238525390625,	0.07833480834960938
5640182500.0,	0.039997100830078125,	0.07880401611328125
5640190625.0,	0.04094696044921875,	0.07863616943359375
5640198750.0,	0.043060302734375,	0.08082199096679688
5640206875.0,	0.040714263916015625,	0.08153533935546875
5640215000.0,	0.04296112060546875,	0.07927322387695312
5640223125.0,	0.04003143310546875,	0.08164215087890625
5640231250.0,	0.04250335693359375,	0.0797882080078125
5640239375.0,	0.0418701171875,	0.08035659790039062
5640247500.0,	0.043163299560546875,	0.08024978637695312
5640255625.0,	0.043701171875,	0.07927703857421875
5640263750.0,	0.042964935302734375,	0.081268310546875
5640271875.0,	0.041347503662109375,	0.079345703125
5640280000.0,	0.040592193603515625,	0.08098220825195312
5640288125.0,	0.043369293212890625,	0.07786941528320312
5640296250.0,	0.043735504150390625,	0.082672119140625
5640304375.0,	0.043193817138671875,	0.08147048950195312
5640312500.0,	0.042964935302734375,	0.08178329467773438
5640320625.0,	0.043975830078125,	0.081390380859375
5640328750.0,	0.044681549072265625,	0.08284759521484375
5640336875.0,	0.0440521240234375,	0.08265304565429688
5640345000.0,	0.04271697998046875,	0.08221054077148438
5640353125.0,	0.042263031005859375,	0.08215713500976562
5640361250.0,	0.043514251708984375,	0.0820159912109375
5640369375.0,	0.0447998046875,	0.08182907104492188
5640377500.0,	0.0434112548828125,	0.0825347900390625
5640385625.0,	0.044097900390625,	0.08333206176757812
5640393750.0,	0.045612335205078125,	0.080718994140625
5640401875.0,	0.045040130615234375,	0.083892822265625
5640410000.0,	0.04364776611328125,	0.08118057250976562
5640418125.0,	0.045459747314453125,	0.08451080322265625
5640426250.0,	0.043659210205078125,	0.0819854736328125
5640434375.0,	0.044673919677734375,	0.08132171630859375
5640442500.0,	0.04535675048828125,	0.08091354370117188
5640450625.0,	0.04627227783203125,	0.08313369750976562
5640458750.0,	0.044979095458984375,	0.08525466918945312
5640466875.0,	0.04727935791015625,	0.0840606689453125
5640475000.0,	0.044818878173828125,	0.08448410034179688
5640483125.0,	0.046482086181640625,	0.08249664306640625
5640491250.0,	0.04540252685546875,	0.08296585083007812
5640499375.0,	0.048007965087890625,	0.0840301513671875
5640507500.0,	0.04511260986328125,	0.0856475830078125
5640515625.0,	0.04412078857421875,	0.08323287963867188
5640523750.0,	0.046314239501953125,	0.08658981323242188
5640531875.0,	0.048282623291015625,	0.0832061767578125
5640540000.0,	0.048458099365234375,	0.08446502685546875
5640548125.0,	0.046619415283203125,	0.08618545532226562
5640556250.0,	0.04706573486328125,	0.08256149291992188
5640564375.0,	0.0478057861328125,	0.08530044555664062
5640572500.0,	0.047191619873046875,	0.08575439453125
5640580625.0,	0.04846954345703125,	0.082794189453125
5640588750.0,	0.046230316162109375,	0.08426284790039062
5640596875.0,	0.046840667724609375,	0.08554840087890625
5640605000.0,	0.047718048095703125,	0.0876617431640625
5640613125.0,	0.0488739013671875,	0.08539962768554688
5640621250.0,	0.04758453369140625,	0.0849151611328125
5640629375.0,	0.047214508056640625,	0.0865631103515625
5640637500.0,	0.0474853515625,	0.08510589599609375
5640645625.0,	0.048015594482421875,	0.08467864990234375
5640653750.0,	0.048595428466796875,	0.08553314208984375
5640661875.0,	0.046306610107421875,	0.08584213256835938
5640670000.0,	0.048458099365234375,	0.08695220947265625
5640678125.0,	0.050113677978515625,	0.08460617065429688
5640686250.0,	0.050457000732421875,	0.085968017578125
5640694375.0,	0.04956817626953125,	0.08602142333984375
5640702500.0,	0.049835205078125,	0.0865478515625
5640710625.0,	0.05175018310546875,	0.08636093139648438
5640718750.0,	0.049358367919921875,	0.08544921875
5640726875.0,	0.049228668212890625,	0.08684158325195312
5640735000.0,	0.0483245849609375,	0.08652114868164062
5640743125.0,	0.049694061279296875,	0.08480072021484375
5640751250.0,	0.048358917236328125,	0.08642959594726562
5640759375.0,	0.049320220947265625,	0.08625030517578125
5640767500.0,	0.050811767578125,	0.08649826049804688
5640775625.0,	0.04909515380859375,	0.08680343627929688
5640783750.0,	0.05028533935546875,	0.08648300170898438
5640791875.0,	0.050670623779296875,	0.08771133422851562
5640800000.0,	0.05104827880859375,	0.08483123779296875
5640808125.0,	0.047756195068359375,	0.0876312255859375
5640816250.0,	0.051868438720703125,	0.0880889892578125
5640824375.0,	0.051151275634765625,	0.08940505981445312
5640832500.0,	0.049816131591796875,	0.08643722534179688
5640840625.0,	0.05031585693359375,	0.08559417724609375
5640848750.0,	0.05103302001953125,	0.08861541748046875
5640856875.0,	0.052608489990234375,	0.08646011352539062
5640865000.0,	0.050762176513671875,	0.0882415771484375
5640873125.0,	0.049839019775390625,	0.0863189697265625
5640881250.0,	0.05081939697265625,	0.08709335327148438
5640889375.0,	0.052349090576171875,	0.0885009765625
5640897500.0,	0.0527191162109375,	0.0888214111328125
5640905625.0,	0.051357269287109375,	0.08568954467773438
5640913750.0,	0.05214691162109375,	0.08798599243164062
5640921875.0,	0.050502777099609375,	0.08736801147460938
5640930000.0,	0.050449371337890625,	0.08843231201171875
5640938125.0,	0.051181793212890625,	0.08942031860351562
5640946250.0,	0.051967620849609375,	0.089111328125
5640954375.0,	0.0511627197265625,	0.08826065063476562
5640962500.0,	0.0520172119140625,	0.08957290649414062
5640970625.0,	0.052288055419921875,	0.08806991577148438
5640978750.0,	0.053466796875,	0.08715438842773438
5640986875.0,	0.052337646484375,	0.09022903442382812
5640995000.0,	0.051666259765625,	0.0894927978515625
5641003125.0,	0.053524017333984375,	0.0882110595703125
5641011250.0,	0.054340362548828125,	0.08945465087890625
5641019375.0,	0.053417205810546875,	0.08858871459960938
5641027500.0,	0.0546112060546875,	0.0901641845703125
5641035625.0,	0.052581787109375,	0.08825302124023438
5641043750.0,	0.05278778076171875,	0.08855056762695312
5641051875.0,	0.053302764892578125,	0.089813232421875
5641060000.0,	0.0532379150390625,	0.0881805419921875
5641068125.0,	0.0529327392578125,	0.08929061889648438
5641076250.0,	0.052642822265625,	0.09060287475585938
5641084375.0,	0.055042266845703125,	0.08756256103515625
5641092500.0,	0.053924560546875,	0.09115982055664062
5641100625.0,	0.054439544677734375,	0.08798980712890625
5641108750.0,	0.052829742431640625,	0.09055328369140625
5641116875.0,	0.05664825439453125,	0.08929824829101562
5641125000.0,	0.054927825927734375,	0.08954238891601562
5641133125.0,	0.05350494384765625,	0.08964920043945312
5641141250.0,	0.052455902099609375,	0.08940887451171875
5641149375.0,	0.055938720703125,	0.08882904052734375
5641157500.0,	0.053577423095703125,	0.0893402099609375
5641165625.0,	0.054088592529296875,	0.09044647216796875
5641173750.0,	0.054248809814453125,	0.08905792236328125
5641181875.0,	0.0550537109375,	0.08972549438476562
5641190000.0,	0.054920196533203125,	0.09048080444335938
5641198125.0,	0.05391693115234375,	0.0898284912109375
5641206250.0,	0.055683135986328125,	0.09052276611328125
5641214375.0,	0.056568145751953125,	0.08902740478515625
5641222500.0,	0.056293487548828125,	0.08967971801757812
5641230625.0,	0.055568695068359375,	0.08958053588867188
5641238750.0,	0.054935455322265625,	0.09173583984375
5641246875.0,	0.0559234619140625,	0.091583251953125
5641255000.0,	0.057292938232421875,	0.09122467041015625
5641263125.0,	0.0571746826171875,	0.0905303955078125
5641271250.0,	0.0546417236328125,	0.08954620361328125
5641279375.0,	0.055362701416015625,	0.08844757080078125
5641287500.0,	0.056262969970703125,	0.09151458740234375
5641295625.0,	0.056735992431640625,	0.0908050537109375
5641303750.0,	0.056243896484375,	0.0914764404296875
5641311875.0,	0.05814361572265625,	0.09036636352539062
5641320000.0,	0.0560760498046875,	0.09095382690429688
5641328125.0,	0.05559539794921875,	0.0898590087890625
5641336250.0,	0.05701446533203125,	0.09012222290039062
5641344375.0,	0.055789947509765625,	0.09050369262695312
5641352500.0,	0.0573883056640625,	0.09177017211914062
5641360625.0,	0.05908966064453125,	0.09255218505859375
5641368750.0,	0.057987213134765625,	0.0917816162109375
5641376875.0,	0.058841705322265625,	0.09255218505859375
5641385000.0,	0.057308197021484375,	0.09236907958984375
5641393125.0,	0.0585784912109375,	0.09200668334960938
5641401250.0,	0.05877685546875,	0.09244537353515625
5641409375.0,	0.056987762451171875,	0.09123611450195312
5641417500.0,	0.05617523193359375,	0.09234237670898438
5641425625.0,	0.056995391845703125,	0.08997344970703125
5641433750.0,	0.056427001953125,	0.0884552001953125
5641441875.0,	0.057659149169921875,	0.090911865234375
5641450000.0,	0.056621551513671875,	0.0910797119140625
5641458125.0,	0.056667327880859375,	0.09124755859375
5641466250.0,	0.05701446533203125,	0.0927734375
5641474375.0,	0.057231903076171875,	0.09348678588867188
5641482500.0,	0.05879974365234375,	0.09217071533203125
5641490625.0,	0.057373046875,	0.09183502197265625
5641498750.0,	0.057163238525390625,	0.09302139282226562
5641506875.0,	0.058612823486328125,	0.0931243896484375
5641515000.0,	0.05809783935546875,	0.09256362915039062
5641523125.0,	0.060588836669921875,	0.09133148193359375
5641531250.0,	0.05924224853515625,	0.09233856201171875
5641539375.0,	0.05948638916015625,	0.09260177612304688
5641547500.0,	0.05980682373046875,	0.09186935424804688
5641555625.0,	0.059650421142578125,	0.09461593627929688
5641563750.0,	0.059429168701171875,	0.09405517578125
5641571875.0,	0.06018829345703125,	0.09014511108398438
5641580000.0,	0.059844970703125,	0.0912322998046875
5641588125.0,	0.059902191162109375,	0.09537887573242188
5641596250.0,	0.05663299560546875,	0.0916748046875
5641604375.0,	0.06105804443359375,	0.09381103515625
5641612500.0,	0.059642791748046875,	0.09305191040039062
5641620625.0,	0.057918548583984375,	0.09263229370117188
5641628750.0,	0.0610504150390625,	0.09223175048828125
5641636875.0,	0.059284210205078125,	0.09160614013671875
5641645000.0,	0.057605743408203125,	0.09280014038085938
5641653125.0,	0.06026458740234375,	0.09270095825195312
5641661250.0,	0.06050872802734375,	0.09429168701171875
5641669375.0,	0.059436798095703125,	0.09261703491210938
5641677500.0,	0.061946868896484375,	0.09379959106445312
5641685625.0,	0.059566497802734375,	0.09261703491210938
5641693750.0,	0.059474945068359375,	0.0935821533203125
5641701875.0,	0.060390472412109375,	0.09231948852539062
5641710000.0,	0.059906005859375,	0.09469985961914062
5641718125.0,	0.061191558837890625,	0.09159088134765625
5641726250.0,	0.06066131591796875,	0.09386444091796875
5641734375.0,	0.059452056884765625,	0.09430313110351562
5641742500.0,	0.06053924560546875,	0.09093093872070312
5641750625.0,	0.060848236083984375,	0.0950469970703125
5641758750.0,	0.06072998046875,	0.09396743774414062
5641766875.0,	0.06166839599609375,	0.09328079223632812
5641775000.0,	0.059680938720703125,	0.09296417236328125
5641783125.0,	0.059894561767578125,	0.09313583374023438
5641791250.0,	0.062053680419921875,	0.09204864501953125
5641799375.0,	0.058444976806640625,	0.09310531616210938
5641807500.0,	0.062229156494140625,	0.09203338623046875
5641815625.0,	0.060207366943359375,	0.0917205810546875
5641823750.0,	0.060428619384765625,	0.09453582763671875
5641831875.0,	0.06291961669921875,	0.09523391723632812
5641840000.0,	0.06201171875,	0.09489059448242188
5641848125.0,	0.060245513916015625,	0.095062255859375
5641856250.0,	0.062168121337890625,	0.09105682373046875
5641864375.0,	0.06263351440429688,	0.09113311767578125
5641872500.0,	0.061676025390625,	0.09315109252929688
5641880625.0,	0.060466766357421875,	0.0945281982421875
5641888750.0,	0.063385009765625,	0.09110260009765625
5641896875.0,	0.060821533203125,	0.095458984375
5641905000.0,	0.06168365478515625,	0.09605789184570312
5641913125.0,	0.06208038330078125,	0.0941619873046875
5641921250.0,	0.06060791015625,	0.09431838989257812
5641929375.0,	0.06231689453125,	0.0927276611328125
5641937500.0,	0.06137847900390625,	0.09482574462890625
5641945625.0,	0.062427520751953125,	0.09472274780273438
5641953750.0,	0.064422607421875,	0.094146728515625
5641961875.0,	0.06324386596679688,	0.093597412109375
5641970000.0,	0.06321334838867188,	0.09552001953125
5641978125.0,	0.06393051147460938,	0.095977783203125
5641986250.0,	0.06189727783203125,	0.0931549072265625
5641994375.0,	0.062397003173828125,	0.09471511840820312
5642002500.0,	0.06300735473632812,	0.09326553344726562
5642010625.0,	0.06134796142578125,	0.09567642211914062
5642018750.0,	0.06417465209960938,	0.09313201904296875
5642026875.0,	0.06361007690429688,	0.09429550170898438
5642035000.0,	0.059535980224609375,	0.09459686279296875
5642043125.0,	0.06352615356445312,	0.09496307373046875
5642051250.0,	0.06496810913085938,	0.09360504150390625
5642059375.0,	0.06312179565429688,	0.09290313720703125
5642067500.0,	0.060726165771484375,	0.09350967407226562
5642075625.0,	0.06284713745117188,	0.09314346313476562
5642083750.0,	0.06322479248046875,	0.09475326538085938
5642091875.0,	0.06344223022460938,	0.095306396484375
5642100000.0,	0.062957763671875,	0.09496688842773438
5642108125.0,	0.064361572265625,	0.0944976806640625
5642116250.0,	0.061962127685546875,	0.0961761474609375
5642124375.0,	0.0624542236328125,	0.0950927734375
5642132500.0,	0.06427383422851562,	0.09503173828125
5642140625.0,	0.0641632080078125,	0.09536361694335938
5642148750.0,	0.064483642578125,	0.09600448608398438
5642156875.0,	0.06438827514648438,	0.0923004150390625
5642165000.0,	0.06537628173828125,	0.09830093383789062
5642173125.0,	0.06407546997070312,	0.09570693969726562
5642181250.0,	0.06591796875,	0.09361648559570312
5642189375.0,	0.06410598754882812,	0.09494400024414062
5642197500.0,	0.0655364990234375,	0.09433746337890625
5642205625.0,	0.06595993041992188,	0.09561920166015625
5642213750.0,	0.0639495849609375,	0.09382247924804688
5642221875.0,	0.06688690185546875,	0.0925140380859375
5642230000.0,	0.06804275512695312,	0.09397125244140625
5642238125.0,	0.06620025634765625,	0.09442901611328125
5642246250.0,	0.06536483764648438,	0.09386825561523438
5642254375.0,	0.06441497802734375,	0.09473037719726562
5642262500.0,	0.06506729125976562,	0.09474563598632812
5642270625.0,	0.06615066528320312,	0.0943603515625
5642278750.0,	0.06454086303710938,	0.09662246704101562
5642286875.0,	0.06641387939453125,	0.09402847290039062
5642295000.0,	0.06705093383789062,	0.09350967407226562
5642303125.0,	0.06467819213867188,	0.09400177001953125
5642311250.0,	0.0667266845703125,	0.09507369995117188
5642319375.0,	0.06579208374023438,	0.09490585327148438
5642327500.0,	0.06433868408203125,	0.09516525268554688
5642335625.0,	0.06594085693359375,	0.09491348266601562
5642343750.0,	0.064300537109375,	0.09259033203125
5642351875.0,	0.06764984130859375,	0.09576797485351562
5642360000.0,	0.06591033935546875,	0.09427642822265625
5642368125.0,	0.06367111206054688,	0.094146728515625
5642376250.0,	0.0645294189453125,	0.094940185546875
5642384375.0,	0.06842422485351562,	0.0959930419921875
5642392500.0,	0.06660842895507812,	0.0959320068359375
5642400625.0,	0.06639480590820312,	0.095489501953125
5642408750.0,	0.06493759155273438,	0.09637451171875
5642416875.0,	0.065765380859375,	0.09535980224609375
5642425000.0,	0.066070556640625,	0.09513092041015625
5642433125.0,	0.06742477416992188,	0.09619522094726562
5642441250.0,	0.06412124633789062,	0.09554290771484375
5642449375.0,	0.06804275512695312,	0.095428466796875
5642457500.0,	0.06831741333007812,	0.094879150390625
5642465625.0,	0.06534957885742188,	0.09525680541992188
5642473750.0,	0.06715011596679688,	0.09441375732421875
5642481875.0,	0.06718826293945312,	0.0959014892578125
5642490000.0,	0.06652069091796875,	0.09586334228515625
5642498125.0,	0.06592941284179688,	0.09495162963867188
5642506250.0,	0.06870269775390625,	0.09674453735351562
5642514375.0,	0.06545639038085938,	0.09528732299804688
5642522500.0,	0.06701278686523438,	0.094329833984375
5642530625.0,	0.06606292724609375,	0.09537887573242188
5642538750.0,	0.0675811767578125,	0.09602737426757812
5642546875.0,	0.06894302368164062,	0.09594345092773438
5642555000.0,	0.06945037841796875,	0.09667587280273438
5642563125.0,	0.06693649291992188,	0.09603118896484375
5642571250.0,	0.06673431396484375,	0.09513092041015625
5642579375.0,	0.06806182861328125,	0.09609222412109375
5642587500.0,	0.06900787353515625,	0.09934616088867188
5642595625.0,	0.06421661376953125,	0.09410476684570312
5642603750.0,	0.06776046752929688,	0.09698486328125
5642611875.0,	0.06591415405273438,	0.09635543823242188
5642620000.0,	0.06863784790039062,	0.09593963623046875
5642628125.0,	0.06777191162109375,	0.09614944458007812
5642636250.0,	0.0655670166015625,	0.09657669067382812
5642644375.0,	0.06798934936523438,	0.09739303588867188
5642652500.0,	0.06928253173828125,	0.09532928466796875
5642660625.0,	0.06791305541992188,	0.09682846069335938
5642668750.0,	0.06809234619140625,	0.09812164306640625
5642676875.0,	0.06608963012695312,	0.09505462646484375
5642685000.0,	0.06859970092773438,	0.0962371826171875
5642693125.0,	0.06858444213867188,	0.09556198120117188
5642701250.0,	0.06782913208007812,	0.09508895874023438
5642709375.0,	0.06808090209960938,	0.09546279907226562
5642717500.0,	0.070709228515625,	0.0959930419921875
5642725625.0,	0.06806182861328125,	0.09508514404296875
5642733750.0,	0.06834793090820312,	0.09570693969726562
5642741875.0,	0.06946182250976562,	0.09775543212890625
5642750000.0,	0.06896209716796875,	0.09490585327148438
5642758125.0,	0.06771087646484375,	0.09442520141601562
5642766250.0,	0.07037734985351562,	0.09505462646484375
5642774375.0,	0.06890487670898438,	0.09559249877929688
5642782500.0,	0.06630325317382812,	0.09711074829101562
5642790625.0,	0.06775665283203125,	0.0972137451171875
5642798750.0,	0.0663299560546875,	0.09636306762695312
5642806875.0,	0.07056808471679688,	0.096343994140625
5642815000.0,	0.06822586059570312,	0.094696044921875
5642823125.0,	0.06918716430664062,	0.09662628173828125
5642831250.0,	0.07027435302734375,	0.09592819213867188
5642839375.0,	0.06866455078125,	0.0960845947265625
5642847500.0,	0.06917953491210938,	0.09656143188476562
5642855625.0,	0.06914138793945312,	0.09668731689453125
5642863750.0,	0.07035446166992188,	0.095062255859375
5642871875.0,	0.06783294677734375,	0.09454345703125
5642880000.0,	0.0708465576171875,	0.09772109985351562
5642888125.0,	0.06969070434570312,	0.09647369384765625
5642896250.0,	0.06805419921875,	0.0959625244140625
5642904375.0,	0.07036590576171875,	0.09518814086914062
5642912500.0,	0.069366455078125,	0.09557342529296875
5642920625.0,	0.0676422119140625,	0.09755706787109375
5642928750.0,	0.070770263671875,	0.09345626831054688
5642936875.0,	0.06923294067382812,	0.09606552124023438
5642945000.0,	0.06988143920898438,	0.0957794189453125
5642953125.0,	0.069061279296875,	0.09595870971679688
5642961250.0,	0.06995010375976562,	0.09534454345703125
5642969375.0,	0.070709228515625,	0.0961761474609375
5642977500.0,	0.06731414794921875,	0.09463882446289062
5642985625.0,	0.0704803466796875,	0.09697723388671875
5642993750.0,	0.0696868896484375,	0.098236083984375
5643001875.0,	0.06967544555664062,	0.09605026245117188
5643010000.0,	0.0698394775390625,	0.09753799438476562
5643018125.0,	0.06989669799804688,	0.09549331665039062
5643026250.0,	0.07064056396484375,	0.09616851806640625
5643034375.0,	0.06969070434570312,	0.0958251953125
5643042500.0,	0.06996917724609375,	0.09737014770507812
5643050625.0,	0.06818389892578125,	0.09572601318359375
5643058750.0,	0.07183074951171875,	0.0958709716796875
5643066875.0,	0.06833267211914062,	0.09674835205078125
5643075000.0,	0.06893157958984375,	0.09725189208984375
5643083125.0,	0.06972885131835938,	0.0965576171875
5643091250.0,	0.07114410400390625,	0.0956268310546875
5643099375.0,	0.0700531005859375,	0.09552764892578125
5643107500.0,	0.07024383544921875,	0.09627151489257812
5643115625.0,	0.07087326049804688,	0.09705352783203125
5643123750.0,	0.07094955444335938,	0.09697341918945312
5643131875.0,	0.07048416137695312,	0.09642410278320312
5643140000.0,	0.06992721557617188,	0.09479522705078125
5643148125.0,	0.07051467895507812,	0.09619903564453125
5643156250.0,	0.06929397583007812,	0.09717178344726562
5643164375.0,	0.06887054443359375,	0.09750747680664062
5643172500.0,	0.06980514526367188,	0.0973358154296875
5643180625.0,	0.07184219360351562,	0.09740066528320312
5643188750.0,	0.07194900512695312,	0.09712982177734375
5643196875.0,	0.07045364379882812,	0.09673690795898438
5643205000.0,	0.07101058959960938,	0.09797286987304688
5643213125.0,	0.07183074951171875,	0.09618759155273438
5643221250.0,	0.07120895385742188,	0.09774398803710938
5643229375.0,	0.07093048095703125,	0.09702301025390625
5643237500.0,	0.06905746459960938,	0.09453964233398438
5643245625.0,	0.07003402709960938,	0.09850692749023438
5643253750.0,	0.07100677490234375,	0.09630203247070312
5643261875.0,	0.069305419921875,	0.0965728759765625
5643270000.0,	0.07291030883789062,	0.09866714477539062
5643278125.0,	0.0735626220703125,	0.09712982177734375
5643286250.0,	0.07015228271484375,	0.09655380249023438
5643294375.0,	0.06985855102539062,	0.09668731689453125
5643302500.0,	0.07074737548828125,	0.09650039672851562
5643310625.0,	0.07165908813476562,	0.09654998779296875
5643318750.0,	0.07297134399414062,	0.09691238403320312
5643326875.0,	0.07260513305664062,	0.09757614135742188
5643335000.0,	0.07262420654296875,	0.0975494384765625
5643343125.0,	0.07388687133789062,	0.09732437133789062
5643351250.0,	0.07188796997070312,	0.09680938720703125
5643359375.0,	0.073333740234375,	0.09546661376953125
5643367500.0,	0.071197509765625,	0.0982513427734375
5643375625.0,	0.069854736328125,	0.09760284423828125
5643383750.0,	0.07199478149414062,	0.09574508666992188
5643391875.0,	0.07213973999023438,	0.09694671630859375
5643400000.0,	0.07497787475585938,	0.09801101684570312
5643408125.0,	0.07222366333007812,	0.09694671630859375
5643416250.0,	0.07161331176757812,	0.0961456298828125
5643424375.0,	0.070709228515625,	0.09553909301757812
5643432500.0,	0.07308197021484375,	0.09662628173828125
5643440625.0,	0.07322311401367188,	0.0956573486328125
5643448750.0,	0.07360458374023438,	0.09612274169921875
5643456875.0,	0.0712432861328125,	0.098724365234375
5643465000.0,	0.07393646240234375,	0.094024658203125
5643473125.0,	0.0734405517578125,	0.09960174560546875
5643481250.0,	0.07314682006835938,	0.0979156494140625
5643489375.0,	0.07090377807617188,	0.09562301635742188
5643497500.0,	0.07387924194335938,	0.09873199462890625
5643505625.0,	0.07117462158203125,	0.09762191772460938
5643513750.0,	0.07163619995117188,	0.09605789184570312
5643521875.0,	0.07404708862304688,	0.09778213500976562
5643530000.0,	0.07390975952148438,	0.09622573852539062
5643538125.0,	0.07212448120117188,	0.09685516357421875
5643546250.0,	0.0728759765625,	0.09746170043945312
5643554375.0,	0.07405853271484375,	0.09616470336914062
5643562500.0,	0.073333740234375,	0.09756088256835938
5643570625.0,	0.07324981689453125,	0.0984649658203125
5643578750.0,	0.07269668579101562,	0.09798431396484375
5643586875.0,	0.07284927368164062,	0.09749221801757812
5643595000.0,	0.07337570190429688,	0.09305191040039062
5643603125.0,	0.07183074951171875,	0.09548187255859375
5643611250.0,	0.07459259033203125,	0.09771728515625
5643619375.0,	0.07219696044921875,	0.0991973876953125
5643627500.0,	0.0729522705078125,	0.09555816650390625
5643635625.0,	0.07325363159179688,	0.09590530395507812
5643643750.0,	0.07353591918945312,	0.0964202880859375
5643651875.0,	0.0717926025390625,	0.09999465942382812
5643660000.0,	0.07268142700195312,	0.0950775146484375
5643668125.0,	0.07294464111328125,	0.09718704223632812
5643676250.0,	0.0740814208984375,	0.09732437133789062
5643684375.0,	0.0740814208984375,	0.095306396484375
5643692500.0,	0.0733489990234375,	0.09967422485351562
5643700625.0,	0.07458114624023438,	0.09641265869140625
5643708750.0,	0.07531356811523438,	0.097747802734375
5643716875.0,	0.07176589965820312,	0.09712982177734375
5643725000.0,	0.07494354248046875,	0.0974578857421875
5643733125.0,	0.07448196411132812,	0.09576034545898438
5643741250.0,	0.07392501831054688,	0.098602294921875
5643749375.0,	0.0752105712890625,	0.09737396240234375
5643757500.0,	0.07509613037109375,	0.09829330444335938
5643765625.0,	0.075408935546875,	0.09576034545898438
5643773750.0,	0.07532501220703125,	0.09935760498046875
5643781875.0,	0.07354354858398438,	0.099761962890625
5643790000.0,	0.07361221313476562,	0.09828567504882812
5643798125.0,	0.07497024536132812,	0.0975494384765625
5643806250.0,	0.07496261596679688,	0.09755706787109375
5643814375.0,	0.07218170166015625,	0.09569549560546875
5643822500.0,	0.0750274658203125,	0.09658050537109375
5643830625.0,	0.073089599609375,	0.09827041625976562
5643838750.0,	0.07497024536132812,	0.09737396240234375
5643846875.0,	0.07279205322265625,	0.09671401977539062
5643855000.0,	0.07437896728515625,	0.09651947021484375
5643863125.0,	0.07493209838867188,	0.09583663940429688
5643871250.0,	0.07582473754882812,	0.09709548950195312
5643879375.0,	0.07444381713867188,	0.09784698486328125
5643887500.0,	0.0718536376953125,	0.09691238403320312
5643895625.0,	0.07334136962890625,	0.09560394287109375
5643903750.0,	0.07255935668945312,	0.09719467163085938
5643911875.0,	0.07491302490234375,	0.09804153442382812
5643920000.0,	0.07590103149414062,	0.09608078002929688
5643928125.0,	0.07349777221679688,	0.097991943359375
5643936250.0,	0.07480239868164062,	0.09664154052734375
5643944375.0,	0.07622909545898438,	0.096649169921875
5643952500.0,	0.07528305053710938,	0.09751510620117188
5643960625.0,	0.0731964111328125,	0.0980224609375
5643968750.0,	0.07494354248046875,	0.09823989868164062
5643976875.0,	0.07385635375976562,	0.09799575805664062
5643985000.0,	0.07513809204101562,	0.09784698486328125
5643993125.0,	0.07573318481445312,	0.09729766845703125
5644001250.0,	0.07495880126953125,	0.097991943359375
5644009375.0,	0.07386016845703125,	0.09825515747070312
5644017500.0,	0.07559967041015625,	0.09649276733398438
5644025625.0,	0.0738983154296875,	0.09605789184570312
5644033750.0,	0.07707595825195312,	0.09939956665039062
5644041875.0,	0.07465362548828125,	0.09811782836914062
5644050000.0,	0.07575607299804688,	0.0969696044921875
5644058125.0,	0.07440948486328125,	0.0978240966796875
5644066250.0,	0.07482147216796875,	0.09757614135742188
5644074375.0,	0.07535934448242188,	0.09736251831054688
5644082500.0,	0.07552337646484375,	0.09879684448242188
5644090625.0,	0.0743560791015625,	0.09595870971679688
5644098750.0,	0.07634353637695312,	0.09943389892578125
5644106875.0,	0.0713958740234375,	0.09748458862304688
5644115000.0,	0.0755462646484375,	0.09760665893554688
5644123125.0,	0.07422256469726562,	0.09580230712890625
5644131250.0,	0.07724761962890625,	0.09709930419921875
5644139375.0,	0.07495498657226562,	0.0980682373046875
5644147500.0,	0.07624053955078125,	0.09519577026367188
5644155625.0,	0.07660293579101562,	0.09804916381835938
5644163750.0,	0.07853317260742188,	0.09694290161132812
5644171875.0,	0.07697677612304688,	0.098602294921875
5644180000.0,	0.07683181762695312,	0.09910202026367188
5644188125.0,	0.07673263549804688,	0.09573745727539062
5644196250.0,	0.07626724243164062,	0.0962371826171875
5644204375.0,	0.07330322265625,	0.09735107421875
5644212500.0,	0.07640457153320312,	0.09603118896484375
5644220625.0,	0.07623672485351562,	0.09559249877929688
5644228750.0,	0.07663345336914062,	0.0959320068359375
5644236875.0,	0.0771942138671875,	0.0971832275390625
5644245000.0,	0.07495498657226562,	0.09592437744140625
5644253125.0,	0.0757904052734375,	0.09658432006835938
5644261250.0,	0.07533645629882812,	0.097137451171875
5644269375.0,	0.0752105712890625,	0.09661483764648438
5644277500.0,	0.07750320434570312,	0.09632110595703125
5644285625.0,	0.0774383544921875,	0.09600448608398438
5644293750.0,	0.07639694213867188,	0.09694671630859375
5644301875.0,	0.0762939453125,	0.09659576416015625
5644310000.0,	0.07575607299804688,	0.09841156005859375
5644318125.0,	0.07449722290039062,	0.0975189208984375
5644326250.0,	0.07551193237304688,	0.09730911254882812
5644334375.0,	0.07582855224609375,	0.09564590454101562
5644342500.0,	0.07689666748046875,	0.0966033935546875
5644350625.0,	0.07466888427734375,	0.09773635864257812
5644358750.0,	0.07831192016601562,	0.09771728515625
5644366875.0,	0.07536697387695312,	0.09616851806640625
5644375000.0,	0.07653045654296875,	0.09797286987304688
5644383125.0,	0.07490158081054688,	0.09682464599609375
5644391250.0,	0.0768890380859375,	0.09786224365234375
5644399375.0,	0.07680892944335938,	0.09749984741210938
5644407500.0,	0.07642745971679688,	0.09720611572265625
5644415625.0,	0.07625961303710938,	0.09997177124023438
5644423750.0,	0.0765380859375,	0.09649658203125
5644431875.0,	0.0759124755859375,	0.09901046752929688
5644440000.0,	0.07616043090820312,	0.0973052978515625
5644448125.0,	0.076416015625,	0.09780120849609375
5644456250.0,	0.07721710205078125,	0.09789657592773438
5644464375.0,	0.07773590087890625,	0.09584808349609375
5644472500.0,	0.07756423950195312,	0.09565353393554688
5644480625.0,	0.07833099365234375,	0.09598159790039062
5644488750.0,	0.0758209228515625,	0.09627151489257812
5644496875.0,	0.0775604248046875,	0.09564208984375
5644505000.0,	0.0772247314453125,	0.09783554077148438
5644513125.0,	0.07639694213867188,	0.09753799438476562
5644521250.0,	0.07867431640625,	0.09722518920898438
5644529375.0,	0.07815170288085938,	0.09659957885742188
5644537500.0,	0.078643798828125,	0.09610748291015625
5644545625.0,	0.07573699951171875,	0.09842681884765625
5644553750.0,	0.07735443115234375,	0.0969085693359375
5644561875.0,	0.0775604248046875,	0.09675979614257812
5644570000.0,	0.07809829711914062,	0.09831619262695312
5644578125.0,	0.07747650146484375,	0.09743499755859375
5644586250.0,	0.07696533203125,	0.09465408325195312
5644594375.0,	0.07845687866210938,	0.09653472900390625
5644602500.0,	0.07715225219726562,	0.09482192993164062
5644610625.0,	0.07788848876953125,	0.09666824340820312
5644618750.0,	0.07866668701171875,	0.09539031982421875
5644626875.0,	0.0802764892578125,	0.09791183471679688
5644635000.0,	0.07786941528320312,	0.09573745727539062
5644643125.0,	0.077392578125,	0.09556961059570312
5644651250.0,	0.078948974609375,	0.09857177734375
5644659375.0,	0.07914352416992188,	0.09485626220703125
5644667500.0,	0.0793914794921875,	0.09511947631835938
5644675625.0,	0.0786895751953125,	0.09852981567382812
5644683750.0,	0.07938766479492188,	0.09705734252929688
5644691875.0,	0.07794952392578125,	0.0955810546875
5644700000.0,	0.07906723022460938,	0.09693527221679688
5644708125.0,	0.076568603515625,	0.09743118286132812
5644716250.0,	0.0773468017578125,	0.09785079956054688
5644724375.0,	0.07747268676757812,	0.09691619873046875
5644732500.0,	0.07825088500976562,	0.09708023071289062
5644740625.0,	0.07971954345703125,	0.09812545776367188
5644748750.0,	0.07700347900390625,	0.09552383422851562
5644756875.0,	0.07956695556640625,	0.09630203247070312
5644765000.0,	0.078948974609375,	0.09781646728515625
5644773125.0,	0.07721328735351562,	0.09765243530273438
5644781250.0,	0.07582855224609375,	0.09771728515625
5644789375.0,	0.07863616943359375,	0.096038818359375
5644797500.0,	0.07706832885742188,	0.09781646728515625
5644805625.0,	0.07838058471679688,	0.09658432006835938
5644813750.0,	0.0778961181640625,	0.09981918334960938
5644821875.0,	0.07889938354492188,	0.09679412841796875
5644830000.0,	0.08012771606445312,	0.098297119140625
5644838125.0,	0.07812881469726562,	0.097564697265625
5644846250.0,	0.07815170288085938,	0.09661102294921875
5644854375.0,	0.0787506103515625,	0.09749221801757812
5644862500.0,	0.07844161987304688,	0.09885025024414062
5644870625.0,	0.07931900024414062,	0.09931564331054688
5644878750.0,	0.07798004150390625,	0.09865188598632812
5644886875.0,	0.07799148559570312,	0.09539413452148438
5644895000.0,	0.07774734497070312,	0.09882736206054688
5644903125.0,	0.07854461669921875,	0.096038818359375
5644911250.0,	0.07802963256835938,	0.0962677001953125
5644919375.0,	0.07985687255859375,	0.09576416015625
5644927500.0,	0.08026123046875,	0.09662246704101562
5644935625.0,	0.07775497436523438,	0.09661865234375
5644943750.0,	0.08043670654296875,	0.09648513793945312
5644951875.0,	0.079864501953125,	0.09732437133789062
5644960000.0,	0.07767105102539062,	0.09784698486328125
5644968125.0,	0.07950973510742188,	0.0969390869140625
5644976250.0,	0.07882308959960938,	0.0972900390625
5644984375.0,	0.07917404174804688,	0.09775924682617188
5644992500.0,	0.07683181762695312,	0.09636688232421875
5645000625.0,	0.07682037353515625,	0.0982818603515625
5645008750.0,	0.07760238647460938,	0.09751129150390625
5645016875.0,	0.07942581176757812,	0.09653472900390625
5645025000.0,	0.08001708984375,	0.09454345703125
5645033125.0,	0.08232879638671875,	0.09612655639648438
5645041250.0,	0.0779876708984375,	0.09813690185546875
5645049375.0,	0.07995986938476562,	0.09615325927734375
5645057500.0,	0.07954025268554688,	0.09696197509765625
5645065625.0,	0.07971954345703125,	0.09656143188476562
5645073750.0,	0.0799102783203125,	0.09813308715820312
5645081875.0,	0.07894134521484375,	0.09709548950195312
5645090000.0,	0.0793304443359375,	0.09609603881835938
5645098125.0,	0.08014297485351562,	0.09502410888671875
5645106250.0,	0.07627487182617188,	0.099365234375
5645114375.0,	0.08141326904296875,	0.09733200073242188
5645122500.0,	0.07789230346679688,	0.09812545776367188
5645130625.0,	0.07957839965820312,	0.09712600708007812
5645138750.0,	0.0778045654296875,	0.0957489013671875
5645146875.0,	0.079345703125,	0.09860610961914062
5645155000.0,	0.07995986938476562,	0.0970306396484375
5645163125.0,	0.07720565795898438,	0.09671783447265625
5645171250.0,	0.08007431030273438,	0.09811019897460938
5645179375.0,	0.077392578125,	0.096282958984375
5645187500.0,	0.08037567138671875,	0.09701919555664062
5645195625.0,	0.08074188232421875,	0.09515380859375
5645203750.0,	0.0792388916015625,	0.09678268432617188
5645211875.0,	0.07869720458984375,	0.09766769409179688
5645220000.0,	0.07892227172851562,	0.09709930419921875
5645228125.0,	0.07851409912109375,	0.09949111938476562
5645236250.0,	0.07804107666015625,	0.09757232666015625
5645244375.0,	0.08134078979492188,	0.0971527099609375
5645252500.0,	0.08163070678710938,	0.09565353393554688
5645260625.0,	0.0803070068359375,	0.09798049926757812
5645268750.0,	0.080780029296875,	0.0981292724609375
5645276875.0,	0.08019638061523438,	0.09589004516601562
5645285000.0,	0.07926177978515625,	0.0982208251953125
5645293125.0,	0.08205795288085938,	0.09625625610351562
5645301250.0,	0.08123016357421875,	0.0957794189453125
5645309375.0,	0.08025360107421875,	0.09852981567382812
5645317500.0,	0.07830810546875,	0.0958251953125
5645325625.0,	0.08083724975585938,	0.09621047973632812
5645333750.0,	0.08047866821289062,	0.097564697265625
5645341875.0,	0.08115386962890625,	0.09474945068359375
5645350000.0,	0.07931900024414062,	0.09489059448242188
5645358125.0,	0.08017730712890625,	0.09556961059570312
5645366250.0,	0.07996368408203125,	0.09746551513671875
5645374375.0,	0.07996749877929688,	0.0976409912109375
5645382500.0,	0.07910919189453125,	0.09751510620117188
5645390625.0,	0.0806427001953125,	0.09932708740234375
5645398750.0,	0.08115386962890625,	0.09604263305664062
5645406875.0,	0.08106231689453125,	0.09592819213867188
5645415000.0,	0.08085250854492188,	0.09577178955078125
5645423125.0,	0.07992172241210938,	0.09965133666992188
5645431250.0,	0.081085205078125,	0.09705352783203125
5645439375.0,	0.08034515380859375,	0.0975494384765625
5645447500.0,	0.0812530517578125,	0.09694290161132812
5645455625.0,	0.0818328857421875,	0.097808837890625
5645463750.0,	0.08026885986328125,	0.0965118408203125
5645471875.0,	0.08113479614257812,	0.09553909301757812
5645480000.0,	0.08017349243164062,	0.09983062744140625
5645488125.0,	0.07986831665039062,	0.09582138061523438
5645496250.0,	0.08069992065429688,	0.09737396240234375
5645504375.0,	0.07982635498046875,	0.09690093994140625
5645512500.0,	0.07997512817382812,	0.09624862670898438
5645520625.0,	0.08045578002929688,	0.0942840576171875
5645528750.0,	0.08206558227539062,	0.094085693359375
5645536875.0,	0.08077239990234375,	0.0963897705078125
5645545000.0,	0.08005905151367188,	0.09674072265625
5645553125.0,	0.082183837890625,	0.09479522705078125
5645561250.0,	0.0826873779296875,	0.0959320068359375
5645569375.0,	0.07970046997070312,	0.09572219848632812
5645577500.0,	0.07899856567382812,	0.09851455688476562
5645585625.0,	0.08143234252929688,	0.09695816040039062
5645593750.0,	0.08008193969726562,	0.097564697265625
5645601875.0,	0.08219146728515625,	0.097503662109375
5645610000.0,	0.07959365844726562,	0.09698867797851562
5645618125.0,	0.07930755615234375,	0.09793853759765625
5645626250.0,	0.08139801025390625,	0.09622573852539062
5645634375.0,	0.07934188842773438,	0.09746551513671875
5645642500.0,	0.07865142822265625,	0.09763336181640625
5645650625.0,	0.08140945434570312,	0.09661483764648438
5645658750.0,	0.08121109008789062,	0.09650802612304688
5645666875.0,	0.08002090454101562,	0.09532546997070312
5645675000.0,	0.07696914672851562,	0.0965576171875
5645683125.0,	0.080352783203125,	0.097991943359375
5645691250.0,	0.08365249633789062,	0.09650039672851562
5645699375.0,	0.0811614990234375,	0.09770965576171875
5645707500.0,	0.08190155029296875,	0.0973358154296875
5645715625.0,	0.0834808349609375,	0.09702682495117188
5645723750.0,	0.080535888671875,	0.09624099731445312
5645731875.0,	0.08370590209960938,	0.09708023071289062
5645740000.0,	0.08183670043945312,	0.09675216674804688
5645748125.0,	0.08099365234375,	0.0966339111328125
5645756250.0,	0.07965850830078125,	0.09609222412109375
5645764375.0,	0.08222579956054688,	0.09660720825195312
5645772500.0,	0.083282470703125,	0.09599685668945312
5645780625.0,	0.08127975463867188,	0.09570693969726562
5645788750.0,	0.08173370361328125,	0.09674453735351562
5645796875.0,	0.08255767822265625,	0.09682083129882812
5645805000.0,	0.08353042602539062,	0.095001220703125
5645813125.0,	0.08147811889648438,	0.096923828125
5645821250.0,	0.0850372314453125,	0.09664154052734375
5645829375.0,	0.08189773559570312,	0.09543991088867188
5645837500.0,	0.08141708374023438,	0.09747695922851562
5645845625.0,	0.08346939086914062,	0.0966033935546875
5645853750.0,	0.08086776733398438,	0.09799575805664062
5645861875.0,	0.08264923095703125,	0.09783554077148438
5645870000.0,	0.08328628540039062,	0.09658432006835938
5645878125.0,	0.08153915405273438,	0.09627914428710938
5645886250.0,	0.08314132690429688,	0.09478378295898438
5645894375.0,	0.08296585083007812,	0.09746551513671875
5645902500.0,	0.0811920166015625,	0.096923828125
5645910625.0,	0.08241653442382812,	0.09666824340820312
5645918750.0,	0.0803375244140625,	0.09567642211914062
5645926875.0,	0.08298110961914062,	0.09603118896484375
5645935000.0,	0.08227157592773438,	0.0970306396484375
5645943125.0,	0.08123016357421875,	0.098388671875
5645951250.0,	0.0811767578125,	0.09686279296875
5645959375.0,	0.08309173583984375,	0.0946044921875
5645967500.0,	0.08115005493164062,	0.0955352783203125
5645975625.0,	0.081756591796875,	0.097625732421875
5645983750.0,	0.08237838745117188,	0.09646987915039062
5645991875.0,	0.08094406127929688,	0.098358154296875
5646000000.0,	0.08315277099609375,	0.09829330444335938
