5610031250.0,	0.06996536254882812,	0.09069061279296875
5610062500.0,	0.06982421875,	0.0888671875
5610093750.0,	0.06800460815429688,	0.09183120727539062
5610125000.0,	0.06811904907226562,	0.09170913696289062
5610156250.0,	0.07033920288085938,	0.08982467651367188
5610187500.0,	0.07055282592773438,	0.08959197998046875
5610218750.0,	0.069610595703125,	0.09082794189453125
5610250000.0,	0.06858062744140625,	0.0918121337890625
5610281250.0,	0.06943893432617188,	0.09224700927734375
5610312500.0,	0.06981658935546875,	0.09278488159179688
5610343750.0,	0.0691986083984375,	0.0902252197265625
5610375000.0,	0.07003021240234375,	0.09267425537109375
5610406250.0,	0.06961441040039062,	0.08985519409179688
5610437500.0,	0.06928253173828125,	0.0889434814453125
5610468750.0,	0.07071304321289062,	0.09204483032226562
5610500000.0,	0.070465087890625,	0.09331893920898438
5610531250.0,	0.07078933715820312,	0.0904388427734375
5610562500.0,	0.0682373046875,	0.09351348876953125
5610593750.0,	0.06978988647460938,	0.09141921997070312
5610625000.0,	0.071075439453125,	0.0903472900390625
5610656250.0,	0.06805419921875,	0.09056472778320312
5610687500.0,	0.07049942016601562,	0.09309768676757812
5610718750.0,	0.06786727905273438,	0.09148406982421875
5610750000.0,	0.07180023193359375,	0.09050369262695312
5610781250.0,	0.07119369506835938,	0.09158706665039062
5610812500.0,	0.06932449340820312,	0.09272384643554688
5610843750.0,	0.07000732421875,	0.09046554565429688
5610875000.0,	0.06986236572265625,	0.0895538330078125
5610906250.0,	0.06960296630859375,	0.09130477905273438
5610937500.0,	0.07170486450195312,	0.08805084228515625
5610968750.0,	0.06849288940429688,	0.09312820434570312
5611000000.0,	0.06917953491210938,	0.09142303466796875
5611031250.0,	0.06684494018554688,	0.09366607666015625
5611062500.0,	0.06930160522460938,	0.0883026123046875
5611093750.0,	0.07122802734375,	0.08974838256835938
5611125000.0,	0.07046890258789062,	0.09364700317382812
5611156250.0,	0.0689239501953125,	0.09119415283203125
5611187500.0,	0.0707244873046875,	0.09165573120117188
5611218750.0,	0.06985092163085938,	0.09167861938476562
5611250000.0,	0.07165908813476562,	0.09188461303710938
5611281250.0,	0.07030868530273438,	0.08989334106445312
5611312500.0,	0.07012176513671875,	0.09527206420898438
5611343750.0,	0.07085418701171875,	0.09199905395507812
5611375000.0,	0.0706939697265625,	0.09329605102539062
5611406250.0,	0.0704498291015625,	0.09296798706054688
5611437500.0,	0.07004165649414062,	0.09159469604492188
5611468750.0,	0.068817138671875,	0.09128570556640625
5611500000.0,	0.06901168823242188,	0.09134292602539062
5611531250.0,	0.06942367553710938,	0.0909271240234375
5611562500.0,	0.07150650024414062,	0.09017181396484375
5611593750.0,	0.06815338134765625,	0.09408187866210938
5611625000.0,	0.07003402709960938,	0.09360885620117188
5611656250.0,	0.06784439086914062,	0.0911102294921875
5611687500.0,	0.06629562377929688,	0.09222412109375
5611718750.0,	0.07148361206054688,	0.0936279296875
5611750000.0,	0.07227706909179688,	0.09250640869140625
5611781250.0,	0.06909561157226562,	0.09400558471679688
5611812500.0,	0.07069015502929688,	0.09484100341796875
5611843750.0,	0.06991958618164062,	0.09294891357421875
5611875000.0,	0.0697784423828125,	0.09284591674804688
5611906250.0,	0.07164382934570312,	0.09408187866210938
5611937500.0,	0.07026290893554688,	0.0918731689453125
5611968750.0,	0.06890487670898438,	0.09042739868164062
5612000000.0,	0.069244384765625,	0.09186553955078125
5612031250.0,	0.07069778442382812,	0.09197616577148438
5612062500.0,	0.0700836181640625,	0.09380722045898438
5612093750.0,	0.07050323486328125,	0.09221649169921875
5612125000.0,	0.07150650024414062,	0.09133529663085938
5612156250.0,	0.07030487060546875,	0.09224700927734375
5612187500.0,	0.06996536254882812,	0.09185028076171875
5612218750.0,	0.07145309448242188,	0.09387969970703125
5612250000.0,	0.06972503662109375,	0.093292236328125
5612281250.0,	0.07066726684570312,	0.09325408935546875
5612312500.0,	0.07054901123046875,	0.09183120727539062
5612343750.0,	0.07009506225585938,	0.09360504150390625
5612375000.0,	0.0693511962890625,	0.094085693359375
5612406250.0,	0.0708770751953125,	0.09259414672851562
5612437500.0,	0.06858062744140625,	0.09186935424804688
5612468750.0,	0.07012176513671875,	0.09134674072265625
5612500000.0,	0.07093429565429688,	0.0926971435546875
5612531250.0,	0.06989288330078125,	0.09326553344726562
5612562500.0,	0.07136154174804688,	0.092620849609375
5612593750.0,	0.07111740112304688,	0.09444808959960938
5612625000.0,	0.07292938232421875,	0.091644287109375
5612656250.0,	0.07286834716796875,	0.09393310546875
5612687500.0,	0.07086944580078125,	0.09350204467773438
5612718750.0,	0.06972503662109375,	0.09341049194335938
5612750000.0,	0.0721588134765625,	0.09349441528320312
5612781250.0,	0.0694732666015625,	0.09493255615234375
5612812500.0,	0.07202911376953125,	0.0944976806640625
5612843750.0,	0.07013702392578125,	0.09374618530273438
5612875000.0,	0.07009124755859375,	0.09310150146484375
5612906250.0,	0.06850433349609375,	0.09350967407226562
5612937500.0,	0.071624755859375,	0.09314346313476562
5612968750.0,	0.0713958740234375,	0.09343719482421875
5613000000.0,	0.0678558349609375,	0.09311294555664062
5613031250.0,	0.07096481323242188,	0.09267807006835938
5613062500.0,	0.06917572021484375,	0.09321975708007812
5613093750.0,	0.07231521606445312,	0.09304046630859375
5613125000.0,	0.07111740112304688,	0.09302139282226562
5613156250.0,	0.07187271118164062,	0.09341049194335938
5613187500.0,	0.07346343994140625,	0.093780517578125
5613218750.0,	0.07332229614257812,	0.09290313720703125
5613250000.0,	0.07326507568359375,	0.09599685668945312
5613281250.0,	0.07056808471679688,	0.09433364868164062
5613312500.0,	0.07051467895507812,	0.094940185546875
5613343750.0,	0.07296371459960938,	0.09546661376953125
5613375000.0,	0.07081985473632812,	0.09450912475585938
5613406250.0,	0.06890106201171875,	0.0945892333984375
5613437500.0,	0.0695953369140625,	0.093536376953125
5613468750.0,	0.07006454467773438,	0.09273910522460938
5613500000.0,	0.07157516479492188,	0.09387588500976562
5613531250.0,	0.07051849365234375,	0.09535598754882812
5613562500.0,	0.07016754150390625,	0.0959930419921875
5613593750.0,	0.0718231201171875,	0.09550857543945312
5613625000.0,	0.07007980346679688,	0.09537124633789062
5613656250.0,	0.0714569091796875,	0.09578323364257812
5613687500.0,	0.07024383544921875,	0.09305953979492188
5613718750.0,	0.07228851318359375,	0.09415054321289062
5613750000.0,	0.07114028930664062,	0.09478759765625
5613781250.0,	0.07013702392578125,	0.09554290771484375
5613812500.0,	0.07062530517578125,	0.09550094604492188
5613843750.0,	0.07259750366210938,	0.09714508056640625
5613875000.0,	0.07019805908203125,	0.09594345092773438
5613906250.0,	0.0716552734375,	0.093475341796875
5613937500.0,	0.06998062133789062,	0.09478378295898438
5613968750.0,	0.070068359375,	0.09486770629882812
5614000000.0,	0.06938934326171875,	0.09686279296875
5614031250.0,	0.07112503051757812,	0.09573745727539062
5614062500.0,	0.06976699829101562,	0.096343994140625
5614093750.0,	0.07315826416015625,	0.093475341796875
5614125000.0,	0.07337570190429688,	0.09738922119140625
5614156250.0,	0.07078170776367188,	0.09372711181640625
5614187500.0,	0.0711212158203125,	0.0953369140625
5614218750.0,	0.07088851928710938,	0.09624481201171875
5614250000.0,	0.07086181640625,	0.0955963134765625
5614281250.0,	0.06946182250976562,	0.09460830688476562
5614312500.0,	0.07203292846679688,	0.09441375732421875
5614343750.0,	0.07165908813476562,	0.09345245361328125
5614375000.0,	0.07161331176757812,	0.09414291381835938
5614406250.0,	0.07258224487304688,	0.09529495239257812
5614437500.0,	0.07162857055664062,	0.095245361328125
5614468750.0,	0.07102203369140625,	0.09639358520507812
5614500000.0,	0.07125091552734375,	0.09708023071289062
5614531250.0,	0.07155227661132812,	0.09514999389648438
5614562500.0,	0.07172012329101562,	0.09379959106445312
5614593750.0,	0.07193756103515625,	0.09521865844726562
5614625000.0,	0.07291412353515625,	0.0951995849609375
5614656250.0,	0.07236480712890625,	0.0974578857421875
5614687500.0,	0.07100296020507812,	0.09474945068359375
5614718750.0,	0.0709075927734375,	0.09572601318359375
5614750000.0,	0.07078170776367188,	0.09762191772460938
5614781250.0,	0.07332992553710938,	0.09539794921875
5614812500.0,	0.07410049438476562,	0.09358596801757812
5614843750.0,	0.07093429565429688,	0.0963134765625
5614875000.0,	0.07231903076171875,	0.09534072875976562
5614906250.0,	0.07035446166992188,	0.09846878051757812
5614937500.0,	0.0703582763671875,	0.09721755981445312
5614968750.0,	0.068603515625,	0.09504318237304688
5615000000.0,	0.07185745239257812,	0.09616851806640625
5615031250.0,	0.07116317749023438,	0.09674453735351562
5615062500.0,	0.07109832763671875,	0.09603118896484375
5615093750.0,	0.07143783569335938,	0.09729766845703125
5615125000.0,	0.07190322875976562,	0.09749221801757812
5615156250.0,	0.07120513916015625,	0.09809112548828125
5615187500.0,	0.07176971435546875,	0.09680938720703125
5615218750.0,	0.07210540771484375,	0.09636306762695312
5615250000.0,	0.07335662841796875,	0.09726715087890625
5615281250.0,	0.07220458984375,	0.09798812866210938
5615312500.0,	0.07177352905273438,	0.09685134887695312
5615343750.0,	0.07286834716796875,	0.09832763671875
5615375000.0,	0.0724334716796875,	0.09687423706054688
5615406250.0,	0.06996536254882812,	0.09522628784179688
5615437500.0,	0.07228469848632812,	0.09407424926757812
5615468750.0,	0.07327651977539062,	0.09835052490234375
5615500000.0,	0.07411575317382812,	0.09619522094726562
5615531250.0,	0.07154464721679688,	0.09479522705078125
5615562500.0,	0.07287216186523438,	0.0986175537109375
5615593750.0,	0.07140350341796875,	0.098175048828125
5615625000.0,	0.07265472412109375,	0.09645462036132812
5615656250.0,	0.07262039184570312,	0.09705352783203125
5615687500.0,	0.0728759765625,	0.0944976806640625
5615718750.0,	0.0741729736328125,	0.09768295288085938
5615750000.0,	0.075347900390625,	0.0968780517578125
5615781250.0,	0.07278823852539062,	0.09651947021484375
5615812500.0,	0.07167434692382812,	0.0968780517578125
5615843750.0,	0.07243728637695312,	0.09759140014648438
5615875000.0,	0.07429122924804688,	0.09907913208007812
5615906250.0,	0.07166290283203125,	0.09756851196289062
5615937500.0,	0.07236099243164062,	0.0962982177734375
5615968750.0,	0.07436370849609375,	0.098968505859375
5616000000.0,	0.07078933715820312,	0.09789657592773438
5616031250.0,	0.07395172119140625,	0.09680938720703125
5616062500.0,	0.07110977172851562,	0.09967803955078125
5616093750.0,	0.07141876220703125,	0.09661865234375
5616125000.0,	0.07062911987304688,	0.09810638427734375
5616156250.0,	0.07225418090820312,	0.099029541015625
5616187500.0,	0.07223129272460938,	0.0977020263671875
5616218750.0,	0.07201385498046875,	0.09678268432617188
5616250000.0,	0.07353973388671875,	0.097564697265625
5616281250.0,	0.07377243041992188,	0.09754180908203125
5616312500.0,	0.07083511352539062,	0.09958267211914062
5616343750.0,	0.07324981689453125,	0.09904098510742188
5616375000.0,	0.07427978515625,	0.09688949584960938
5616406250.0,	0.07282257080078125,	0.09793472290039062
5616437500.0,	0.07173538208007812,	0.09838104248046875
5616468750.0,	0.0739898681640625,	0.10103988647460938
5616500000.0,	0.07373046875,	0.0988922119140625
5616531250.0,	0.07161331176757812,	0.09759902954101562
5616562500.0,	0.07262039184570312,	0.0977935791015625
5616593750.0,	0.07418060302734375,	0.09701156616210938
5616625000.0,	0.0748443603515625,	0.09860992431640625
5616656250.0,	0.07151412963867188,	0.10010147094726562
5616687500.0,	0.07297134399414062,	0.09717178344726562
5616718750.0,	0.07103347778320312,	0.10114288330078125
5616750000.0,	0.0736846923828125,	0.098358154296875
5616781250.0,	0.07253265380859375,	0.09722137451171875
5616812500.0,	0.07334136962890625,	0.1004791259765625
5616843750.0,	0.07320785522460938,	0.09794998168945312
5616875000.0,	0.07400894165039062,	0.09809112548828125
5616906250.0,	0.07418441772460938,	0.09813308715820312
5616937500.0,	0.07395553588867188,	0.09854507446289062
5616968750.0,	0.07165908813476562,	0.09843826293945312
5617000000.0,	0.071441650390625,	0.09918212890625
5617031250.0,	0.07366180419921875,	0.0988616943359375
5617062500.0,	0.07340621948242188,	0.09869384765625
5617093750.0,	0.07134628295898438,	0.10009765625
5617125000.0,	0.0712738037109375,	0.098846435546875
5617156250.0,	0.07357406616210938,	0.10056686401367188
5617187500.0,	0.07436752319335938,	0.09980010986328125
5617218750.0,	0.07329559326171875,	0.09615325927734375
5617250000.0,	0.07492446899414062,	0.09822463989257812
5617281250.0,	0.07535934448242188,	0.09932327270507812
5617312500.0,	0.07332992553710938,	0.0995635986328125
5617343750.0,	0.074859619140625,	0.09951400756835938
5617375000.0,	0.07191085815429688,	0.09749603271484375
5617406250.0,	0.07419204711914062,	0.09720993041992188
5617437500.0,	0.07506179809570312,	0.09710311889648438
5617468750.0,	0.07336807250976562,	0.09812164306640625
5617500000.0,	0.07344436645507812,	0.10040283203125
5617531250.0,	0.07474136352539062,	0.09966278076171875
5617562500.0,	0.07308197021484375,	0.09930038452148438
5617593750.0,	0.07262420654296875,	0.09865188598632812
5617625000.0,	0.0764007568359375,	0.09960556030273438
5617656250.0,	0.07616424560546875,	0.09813308715820312
5617687500.0,	0.07349777221679688,	0.1000518798828125
5617718750.0,	0.07349395751953125,	0.100128173828125
5617750000.0,	0.0742645263671875,	0.09889984130859375
5617781250.0,	0.07506179809570312,	0.0999298095703125
5617812500.0,	0.07323455810546875,	0.10012054443359375
5617843750.0,	0.07241058349609375,	0.09708786010742188
5617875000.0,	0.07349395751953125,	0.09995651245117188
5617906250.0,	0.07239532470703125,	0.09935760498046875
5617937500.0,	0.07260894775390625,	0.10000228881835938
5617968750.0,	0.07436752319335938,	0.09960556030273438
5618000000.0,	0.07429885864257812,	0.09877395629882812
5618031250.0,	0.07459259033203125,	0.10106277465820312
5618062500.0,	0.07341384887695312,	0.0996856689453125
5618093750.0,	0.07498931884765625,	0.0971221923828125
5618125000.0,	0.07419967651367188,	0.10012435913085938
5618156250.0,	0.07313919067382812,	0.10079574584960938
5618187500.0,	0.07519912719726562,	0.10085296630859375
5618218750.0,	0.07201766967773438,	0.099456787109375
5618250000.0,	0.0742340087890625,	0.099639892578125
5618281250.0,	0.07508468627929688,	0.10052108764648438
5618312500.0,	0.07334136962890625,	0.10010147094726562
5618343750.0,	0.07612228393554688,	0.10074996948242188
5618375000.0,	0.074676513671875,	0.09871673583984375
5618406250.0,	0.07627105712890625,	0.10136795043945312
5618437500.0,	0.0739593505859375,	0.099365234375
5618468750.0,	0.07307052612304688,	0.09970855712890625
5618500000.0,	0.07700729370117188,	0.10041046142578125
5618531250.0,	0.0737762451171875,	0.10226058959960938
5618562500.0,	0.0755767822265625,	0.09812164306640625
5618593750.0,	0.0746612548828125,	0.09924697875976562
5618625000.0,	0.07442855834960938,	0.10115432739257812
5618656250.0,	0.07537460327148438,	0.100189208984375
5618687500.0,	0.07405471801757812,	0.102142333984375
5618718750.0,	0.07598495483398438,	0.1013641357421875
5618750000.0,	0.07410430908203125,	0.10076141357421875
5618781250.0,	0.07642364501953125,	0.102203369140625
5618812500.0,	0.07539749145507812,	0.09923934936523438
5618843750.0,	0.074066162109375,	0.10180282592773438
5618875000.0,	0.07715988159179688,	0.100616455078125
5618906250.0,	0.07358932495117188,	0.10023117065429688
5618937500.0,	0.07429885864257812,	0.10066604614257812
5618968750.0,	0.07504653930664062,	0.09983062744140625
5619000000.0,	0.07576370239257812,	0.10123062133789062
5619031250.0,	0.07486343383789062,	0.1020965576171875
5619062500.0,	0.0746612548828125,	0.10042572021484375
5619093750.0,	0.07503890991210938,	0.09884262084960938
5619125000.0,	0.0741424560546875,	0.10097885131835938
5619156250.0,	0.07455825805664062,	0.10262298583984375
5619187500.0,	0.07556533813476562,	0.10308837890625
5619218750.0,	0.07447052001953125,	0.10162734985351562
5619250000.0,	0.074188232421875,	0.10102462768554688
5619281250.0,	0.07705307006835938,	0.10149765014648438
5619312500.0,	0.07427597045898438,	0.1021575927734375
5619343750.0,	0.07371139526367188,	0.10155868530273438
5619375000.0,	0.07638931274414062,	0.10189056396484375
5619406250.0,	0.07566070556640625,	0.102569580078125
5619437500.0,	0.07563018798828125,	0.10178375244140625
5619468750.0,	0.07623672485351562,	0.0995635986328125
5619500000.0,	0.07421112060546875,	0.099639892578125
5619531250.0,	0.07604217529296875,	0.10001754760742188
5619562500.0,	0.07488632202148438,	0.10125350952148438
5619593750.0,	0.07578659057617188,	0.10134506225585938
5619625000.0,	0.07697677612304688,	0.10240936279296875
5619656250.0,	0.07747268676757812,	0.09953689575195312
5619687500.0,	0.0770416259765625,	0.10063552856445312
5619718750.0,	0.07625198364257812,	0.10202789306640625
5619750000.0,	0.076446533203125,	0.10279083251953125
5619781250.0,	0.07574844360351562,	0.10098648071289062
5619812500.0,	0.07641983032226562,	0.10256576538085938
5619843750.0,	0.07679367065429688,	0.10329818725585938
5619875000.0,	0.07624053955078125,	0.100830078125
5619906250.0,	0.073944091796875,	0.1019134521484375
5619937500.0,	0.0760650634765625,	0.10144424438476562
5619968750.0,	0.075439453125,	0.10354232788085938
5620000000.0,	0.0775604248046875,	0.1012115478515625
5620031250.0,	0.07590484619140625,	0.10226058959960938
5620062500.0,	0.07700729370117188,	0.10277175903320312
5620093750.0,	0.07663345336914062,	0.10177993774414062
5620125000.0,	0.07844924926757812,	0.10375213623046875
5620156250.0,	0.076934814453125,	0.10316085815429688
5620187500.0,	0.07440948486328125,	0.1009368896484375
5620218750.0,	0.07812118530273438,	0.10150527954101562
5620250000.0,	0.07625579833984375,	0.10174560546875
5620281250.0,	0.07529830932617188,	0.10282135009765625
5620312500.0,	0.07449722290039062,	0.10382461547851562
5620343750.0,	0.07724380493164062,	0.10283279418945312
5620375000.0,	0.07808685302734375,	0.1016082763671875
5620406250.0,	0.07704925537109375,	0.10330963134765625
5620437500.0,	0.07672882080078125,	0.10317611694335938
5620468750.0,	0.07948684692382812,	0.10131072998046875
5620500000.0,	0.07779693603515625,	0.10131072998046875
5620531250.0,	0.07747650146484375,	0.10480499267578125
5620562500.0,	0.07764816284179688,	0.10311508178710938
5620593750.0,	0.07660675048828125,	0.10224151611328125
5620625000.0,	0.076019287109375,	0.09954452514648438
5620656250.0,	0.07735443115234375,	0.10359954833984375
5620687500.0,	0.076141357421875,	0.10272216796875
5620718750.0,	0.07822418212890625,	0.10231399536132812
5620750000.0,	0.07849502563476562,	0.102142333984375
5620781250.0,	0.07757949829101562,	0.103179931640625
5620812500.0,	0.07542037963867188,	0.10548782348632812
5620843750.0,	0.07842254638671875,	0.10271453857421875
5620875000.0,	0.07780838012695312,	0.10196304321289062
5620906250.0,	0.07823562622070312,	0.10195159912109375
5620937500.0,	0.07707977294921875,	0.103118896484375
5620968750.0,	0.07796859741210938,	0.10245513916015625
5621000000.0,	0.07688140869140625,	0.1025390625
5621031250.0,	0.07773590087890625,	0.10070037841796875
5621062500.0,	0.07643890380859375,	0.10323715209960938
5621093750.0,	0.07479095458984375,	0.10149383544921875
5621125000.0,	0.07837295532226562,	0.102691650390625
5621156250.0,	0.07796859741210938,	0.10377883911132812
5621187500.0,	0.07840728759765625,	0.10354232788085938
5621218750.0,	0.07662582397460938,	0.10201263427734375
5621250000.0,	0.077667236328125,	0.10437393188476562
5621281250.0,	0.07846450805664062,	0.10553359985351562
5621312500.0,	0.0782928466796875,	0.10481643676757812
5621343750.0,	0.07897186279296875,	0.102691650390625
5621375000.0,	0.0787811279296875,	0.10288619995117188
5621406250.0,	0.07716751098632812,	0.10422897338867188
5621437500.0,	0.07663726806640625,	0.10381317138671875
5621468750.0,	0.07910919189453125,	0.1026458740234375
5621500000.0,	0.08053207397460938,	0.10387802124023438
5621531250.0,	0.07696533203125,	0.10094833374023438
5621562500.0,	0.07902145385742188,	0.1033935546875
5621593750.0,	0.07907867431640625,	0.10306167602539062
5621625000.0,	0.07708740234375,	0.10519790649414062
5621656250.0,	0.07964324951171875,	0.1036224365234375
5621687500.0,	0.080291748046875,	0.10290908813476562
5621718750.0,	0.077239990234375,	0.10501480102539062
5621750000.0,	0.07860565185546875,	0.10299301147460938
5621781250.0,	0.07946014404296875,	0.10401535034179688
5621812500.0,	0.0783233642578125,	0.10305404663085938
5621843750.0,	0.079071044921875,	0.10396957397460938
5621875000.0,	0.08101272583007812,	0.10179519653320312
5621906250.0,	0.07913589477539062,	0.10443115234375
5621937500.0,	0.07963943481445312,	0.10433578491210938
5621968750.0,	0.07844161987304688,	0.103851318359375
5622000000.0,	0.07753372192382812,	0.10390853881835938
5622031250.0,	0.07898712158203125,	0.10086441040039062
5622062500.0,	0.07919692993164062,	0.10606765747070312
5622093750.0,	0.07891845703125,	0.10630035400390625
5622125000.0,	0.07675552368164062,	0.10244369506835938
5622156250.0,	0.07979583740234375,	0.104248046875
5622187500.0,	0.07859420776367188,	0.1046142578125
5622218750.0,	0.07876205444335938,	0.10375595092773438
5622250000.0,	0.0800018310546875,	0.10301589965820312
5622281250.0,	0.07873916625976562,	0.1037139892578125
5622312500.0,	0.07855224609375,	0.10188674926757812
5622343750.0,	0.07997894287109375,	0.10284042358398438
5622375000.0,	0.0811920166015625,	0.10417556762695312
5622406250.0,	0.07860946655273438,	0.10456466674804688
5622437500.0,	0.07996368408203125,	0.10236358642578125
5622468750.0,	0.07902908325195312,	0.10411834716796875
5622500000.0,	0.0789031982421875,	0.10211181640625
5622531250.0,	0.08000564575195312,	0.106475830078125
5622562500.0,	0.0809173583984375,	0.10493850708007812
5622593750.0,	0.083221435546875,	0.10775375366210938
5622625000.0,	0.0794525146484375,	0.10413742065429688
5622656250.0,	0.07973480224609375,	0.1052093505859375
5622687500.0,	0.08071136474609375,	0.10532379150390625
5622718750.0,	0.08137893676757812,	0.1029510498046875
5622750000.0,	0.080841064453125,	0.1055908203125
5622781250.0,	0.08067703247070312,	0.10504150390625
5622812500.0,	0.08050537109375,	0.10640335083007812
5622843750.0,	0.08134078979492188,	0.1050567626953125
5622875000.0,	0.07985305786132812,	0.106414794921875
5622906250.0,	0.079254150390625,	0.10565567016601562
5622937500.0,	0.07818222045898438,	0.10504913330078125
5622968750.0,	0.08063888549804688,	0.1038665771484375
5623000000.0,	0.07966995239257812,	0.106475830078125
5623031250.0,	0.07950973510742188,	0.10371017456054688
5623062500.0,	0.08147811889648438,	0.10507583618164062
5623093750.0,	0.0800933837890625,	0.10697555541992188
5623125000.0,	0.07944869995117188,	0.10375595092773438
5623156250.0,	0.0821075439453125,	0.10298538208007812
5623187500.0,	0.08183670043945312,	0.10471725463867188
5623218750.0,	0.08060073852539062,	0.10419845581054688
5623250000.0,	0.08145904541015625,	0.10351181030273438
5623281250.0,	0.07884597778320312,	0.10405731201171875
5623312500.0,	0.0813751220703125,	0.10496139526367188
5623343750.0,	0.08043670654296875,	0.1050872802734375
5623375000.0,	0.07997894287109375,	0.10247421264648438
5623406250.0,	0.07984161376953125,	0.10497283935546875
5623437500.0,	0.07943344116210938,	0.10686492919921875
5623468750.0,	0.08364105224609375,	0.10488128662109375
5623500000.0,	0.08002853393554688,	0.10416030883789062
5623531250.0,	0.08104705810546875,	0.10449981689453125
5623562500.0,	0.08255767822265625,	0.10700607299804688
5623593750.0,	0.08370208740234375,	0.10631561279296875
5623625000.0,	0.08233261108398438,	0.10509490966796875
5623656250.0,	0.08077239990234375,	0.10361480712890625
5623687500.0,	0.0811767578125,	0.10539627075195312
5623718750.0,	0.08263778686523438,	0.1045684814453125
5623750000.0,	0.08321762084960938,	0.1047210693359375
5623781250.0,	0.08184814453125,	0.10709762573242188
5623812500.0,	0.08141326904296875,	0.10391616821289062
5623843750.0,	0.08170318603515625,	0.1052703857421875
5623875000.0,	0.08408737182617188,	0.1042938232421875
5623906250.0,	0.083709716796875,	0.10523605346679688
5623937500.0,	0.08427047729492188,	0.10460281372070312
5623968750.0,	0.08198928833007812,	0.1041107177734375
5624000000.0,	0.08294296264648438,	0.10727310180664062
5624031250.0,	0.08236312866210938,	0.10565185546875
5624062500.0,	0.08417129516601562,	0.10638046264648438
5624093750.0,	0.08466720581054688,	0.1058502197265625
5624125000.0,	0.08141708374023438,	0.10540008544921875
5624156250.0,	0.08195114135742188,	0.10865020751953125
5624187500.0,	0.0833587646484375,	0.105712890625
5624218750.0,	0.08446502685546875,	0.1059417724609375
5624250000.0,	0.0806884765625,	0.10672378540039062
5624281250.0,	0.08624649047851562,	0.10667800903320312
5624312500.0,	0.08489990234375,	0.10463333129882812
5624343750.0,	0.08394241333007812,	0.10638046264648438
5624375000.0,	0.08241653442382812,	0.10506820678710938
5624406250.0,	0.08249664306640625,	0.10438919067382812
5624437500.0,	0.08372116088867188,	0.10640716552734375
5624468750.0,	0.08377838134765625,	0.10531234741210938
5624500000.0,	0.08514022827148438,	0.10525131225585938
5624531250.0,	0.083953857421875,	0.1064453125
5624562500.0,	0.0831451416015625,	0.1066741943359375
5624593750.0,	0.08429718017578125,	0.1050262451171875
5624625000.0,	0.08402252197265625,	0.10646820068359375
5624656250.0,	0.08306503295898438,	0.10650634765625
5624687500.0,	0.08177947998046875,	0.10697174072265625
5624718750.0,	0.08396148681640625,	0.10612869262695312
5624750000.0,	0.08153533935546875,	0.10385894775390625
5624781250.0,	0.08542251586914062,	0.1072998046875
5624812500.0,	0.08435440063476562,	0.10466384887695312
5624843750.0,	0.08648300170898438,	0.10679244995117188
5624875000.0,	0.08501815795898438,	0.10658645629882812
5624906250.0,	0.08172225952148438,	0.1073455810546875
5624937500.0,	0.08440399169921875,	0.10670852661132812
5624968750.0,	0.08565521240234375,	0.10653305053710938
5625000000.0,	0.08533477783203125,	0.107391357421875
5625031250.0,	0.08485031127929688,	0.10792922973632812
5625062500.0,	0.08362579345703125,	0.10516738891601562
5625093750.0,	0.08414840698242188,	0.10782623291015625
5625125000.0,	0.08435821533203125,	0.1053466796875
5625156250.0,	0.08373260498046875,	0.10706329345703125
5625187500.0,	0.08551788330078125,	0.10546875
5625218750.0,	0.08388900756835938,	0.10745620727539062
5625250000.0,	0.08660888671875,	0.10727310180664062
5625281250.0,	0.08530044555664062,	0.1080169677734375
5625312500.0,	0.08401870727539062,	0.1071014404296875
5625343750.0,	0.08571243286132812,	0.1053466796875
5625375000.0,	0.08422470092773438,	0.10970306396484375
5625406250.0,	0.08272171020507812,	0.10653305053710938
5625437500.0,	0.08608245849609375,	0.1049957275390625
5625468750.0,	0.084747314453125,	0.10883331298828125
5625500000.0,	0.08477783203125,	0.10659408569335938
5625531250.0,	0.08551406860351562,	0.10653305053710938
5625562500.0,	0.08478164672851562,	0.10419464111328125
5625593750.0,	0.08524703979492188,	0.10702896118164062
5625625000.0,	0.08615493774414062,	0.10694122314453125
5625656250.0,	0.08515548706054688,	0.10664749145507812
5625687500.0,	0.08520889282226562,	0.10599136352539062
5625718750.0,	0.08720779418945312,	0.10748672485351562
5625750000.0,	0.08331680297851562,	0.10747146606445312
5625781250.0,	0.08710098266601562,	0.10604476928710938
5625812500.0,	0.08382034301757812,	0.107574462890625
5625843750.0,	0.08648681640625,	0.10775375366210938
5625875000.0,	0.0856475830078125,	0.10675048828125
5625906250.0,	0.08680343627929688,	0.10896682739257812
5625937500.0,	0.08594131469726562,	0.1063232421875
5625968750.0,	0.08613204956054688,	0.10771560668945312
5626000000.0,	0.085784912109375,	0.10745620727539062
5626031250.0,	0.086944580078125,	0.1059417724609375
5626062500.0,	0.08582687377929688,	0.10659408569335938
5626093750.0,	0.0860748291015625,	0.10698699951171875
5626125000.0,	0.0850982666015625,	0.10771942138671875
5626156250.0,	0.08811187744140625,	0.10784530639648438
5626187500.0,	0.08623504638671875,	0.10748672485351562
5626218750.0,	0.08440399169921875,	0.10618972778320312
5626250000.0,	0.08608245849609375,	0.105682373046875
5626281250.0,	0.08607864379882812,	0.10567092895507812
5626312500.0,	0.08624649047851562,	0.1061553955078125
5626343750.0,	0.08747100830078125,	0.10704803466796875
5626375000.0,	0.0876922607421875,	0.1059722900390625
5626406250.0,	0.0869598388671875,	0.10770797729492188
5626437500.0,	0.08614349365234375,	0.11003875732421875
5626468750.0,	0.08641433715820312,	0.108123779296875
5626500000.0,	0.08707809448242188,	0.10655593872070312
5626531250.0,	0.08663177490234375,	0.10641098022460938
5626562500.0,	0.09029388427734375,	0.10532760620117188
5626593750.0,	0.08843612670898438,	0.10661697387695312
5626625000.0,	0.08671951293945312,	0.10686874389648438
5626656250.0,	0.08723831176757812,	0.10726165771484375
5626687500.0,	0.08807373046875,	0.1078643798828125
5626718750.0,	0.0882568359375,	0.10585403442382812
5626750000.0,	0.08644485473632812,	0.106475830078125
5626781250.0,	0.09044647216796875,	0.10665512084960938
5626812500.0,	0.08790206909179688,	0.10845184326171875
5626843750.0,	0.08851242065429688,	0.10718536376953125
5626875000.0,	0.0881500244140625,	0.10706329345703125
5626906250.0,	0.08929824829101562,	0.10708999633789062
5626937500.0,	0.08798980712890625,	0.10649490356445312
5626968750.0,	0.08916854858398438,	0.10675811767578125
5627000000.0,	0.08899307250976562,	0.10721588134765625
5627031250.0,	0.08887863159179688,	0.10852432250976562
5627062500.0,	0.08777618408203125,	0.106903076171875
5627093750.0,	0.08806991577148438,	0.10748672485351562
5627125000.0,	0.09004592895507812,	0.10754776000976562
5627156250.0,	0.08909988403320312,	0.1073455810546875
5627187500.0,	0.08932876586914062,	0.10821914672851562
5627218750.0,	0.09027862548828125,	0.107757568359375
5627250000.0,	0.08900070190429688,	0.1055755615234375
5627281250.0,	0.09162521362304688,	0.109375
5627312500.0,	0.08768463134765625,	0.10551071166992188
5627343750.0,	0.0887298583984375,	0.11014175415039062
5627375000.0,	0.08879470825195312,	0.1088714599609375
5627406250.0,	0.09006881713867188,	0.1061553955078125
5627437500.0,	0.09076690673828125,	0.10854339599609375
5627468750.0,	0.089385986328125,	0.107757568359375
5627500000.0,	0.09019088745117188,	0.10889816284179688
5627531250.0,	0.08874130249023438,	0.10752105712890625
5627562500.0,	0.0915679931640625,	0.10715103149414062
5627593750.0,	0.08910369873046875,	0.1060028076171875
5627625000.0,	0.08849716186523438,	0.10809707641601562
5627656250.0,	0.09085464477539062,	0.10764312744140625
5627687500.0,	0.0904388427734375,	0.1080322265625
5627718750.0,	0.09074020385742188,	0.10673904418945312
5627750000.0,	0.09078216552734375,	0.10795211791992188
5627781250.0,	0.09029388427734375,	0.10847091674804688
5627812500.0,	0.09164810180664062,	0.10877227783203125
5627843750.0,	0.08971023559570312,	0.10665130615234375
5627875000.0,	0.09076690673828125,	0.10819244384765625
5627906250.0,	0.09127044677734375,	0.10892486572265625
5627937500.0,	0.092315673828125,	0.10906982421875
5627968750.0,	0.09038925170898438,	0.10895919799804688
5628000000.0,	0.09045791625976562,	0.10703277587890625
5628031250.0,	0.08899688720703125,	0.10827255249023438
5628062500.0,	0.09180450439453125,	0.10540008544921875
5628093750.0,	0.09352874755859375,	0.107818603515625
5628125000.0,	0.08992767333984375,	0.1069183349609375
5628156250.0,	0.09098052978515625,	0.1073455810546875
5628187500.0,	0.091949462890625,	0.10781478881835938
5628218750.0,	0.09138870239257812,	0.10816574096679688
5628250000.0,	0.09168243408203125,	0.11059951782226562
5628281250.0,	0.0923614501953125,	0.10744857788085938
5628312500.0,	0.09343719482421875,	0.10667800903320312
5628343750.0,	0.09123611450195312,	0.10741424560546875
5628375000.0,	0.09418487548828125,	0.11102294921875
5628406250.0,	0.09374237060546875,	0.10881423950195312
5628437500.0,	0.09280014038085938,	0.10919952392578125
5628468750.0,	0.09389114379882812,	0.10728073120117188
5628500000.0,	0.09278106689453125,	0.10742950439453125
5628531250.0,	0.09266281127929688,	0.10817337036132812
5628562500.0,	0.09323883056640625,	0.10857772827148438
5628593750.0,	0.09442138671875,	0.10993576049804688
5628625000.0,	0.09358596801757812,	0.10583114624023438
5628656250.0,	0.09288406372070312,	0.10686111450195312
5628687500.0,	0.093109130859375,	0.10914993286132812
5628718750.0,	0.09319686889648438,	0.10808944702148438
5628750000.0,	0.09228897094726562,	0.107269287109375
5628781250.0,	0.091064453125,	0.10755157470703125
5628812500.0,	0.09646224975585938,	0.10952377319335938
5628843750.0,	0.0939178466796875,	0.10731887817382812
5628875000.0,	0.09251785278320312,	0.10850143432617188
5628906250.0,	0.09560775756835938,	0.1072998046875
5628937500.0,	0.09489059448242188,	0.10845947265625
5628968750.0,	0.09560012817382812,	0.1086273193359375
5629000000.0,	0.09411239624023438,	0.10884857177734375
5629031250.0,	0.09264373779296875,	0.10932159423828125
5629062500.0,	0.09313201904296875,	0.10700607299804688
5629093750.0,	0.09353256225585938,	0.10760879516601562
5629125000.0,	0.09394454956054688,	0.10628509521484375
5629156250.0,	0.0934906005859375,	0.10912322998046875
5629187500.0,	0.09584808349609375,	0.1066741943359375
5629218750.0,	0.09382247924804688,	0.10767364501953125
5629250000.0,	0.09592437744140625,	0.10712051391601562
5629281250.0,	0.09412002563476562,	0.108062744140625
5629312500.0,	0.09505844116210938,	0.10689163208007812
5629343750.0,	0.09450912475585938,	0.109130859375
5629375000.0,	0.09335708618164062,	0.106903076171875
5629406250.0,	0.09740066528320312,	0.10698318481445312
5629437500.0,	0.09586334228515625,	0.10852813720703125
5629468750.0,	0.09479141235351562,	0.11026763916015625
5629500000.0,	0.09531402587890625,	0.10798263549804688
5629531250.0,	0.09661102294921875,	0.10698318481445312
5629562500.0,	0.0958099365234375,	0.10811614990234375
5629593750.0,	0.09520339965820312,	0.10819625854492188
5629625000.0,	0.09561920166015625,	0.10852432250976562
5629656250.0,	0.09618377685546875,	0.1101531982421875
5629687500.0,	0.09390640258789062,	0.10794830322265625
5629718750.0,	0.0963287353515625,	0.10824966430664062
5629750000.0,	0.09507369995117188,	0.10762786865234375
5629781250.0,	0.0946044921875,	0.108001708984375
5629812500.0,	0.09908294677734375,	0.10730361938476562
5629843750.0,	0.09734725952148438,	0.10817337036132812
5629875000.0,	0.09682083129882812,	0.10617446899414062
5629906250.0,	0.09855270385742188,	0.1065826416015625
5629937500.0,	0.096038818359375,	0.10849380493164062
5629968750.0,	0.0977020263671875,	0.10741043090820312
5630000000.0,	0.09812545776367188,	0.10809707641601562
5630031250.0,	0.097991943359375,	0.109344482421875
5630062500.0,	0.09836578369140625,	0.10924911499023438
5630093750.0,	0.09726333618164062,	0.10773086547851562
5630125000.0,	0.09733200073242188,	0.1083221435546875
5630156250.0,	0.09795379638671875,	0.107757568359375
5630187500.0,	0.09860610961914062,	0.11000823974609375
5630218750.0,	0.09786605834960938,	0.10538482666015625
5630250000.0,	0.09793853759765625,	0.10856246948242188
5630281250.0,	0.09693527221679688,	0.1068572998046875
5630312500.0,	0.09634780883789062,	0.10864639282226562
5630343750.0,	0.09738922119140625,	0.10846710205078125
5630375000.0,	0.09816741943359375,	0.10654067993164062
5630406250.0,	0.09980392456054688,	0.10621261596679688
5630437500.0,	0.09970855712890625,	0.1091766357421875
5630468750.0,	0.098602294921875,	0.10708999633789062
5630500000.0,	0.0991363525390625,	0.10693359375
5630531250.0,	0.09865188598632812,	0.10638809204101562
5630562500.0,	0.1003570556640625,	0.10913848876953125
5630593750.0,	0.09880447387695312,	0.108245849609375
5630625000.0,	0.09972763061523438,	0.10703659057617188
5630656250.0,	0.0987396240234375,	0.10822677612304688
5630687500.0,	0.09992599487304688,	0.10617446899414062
5630718750.0,	0.10045242309570312,	0.1090545654296875
5630750000.0,	0.10117721557617188,	0.10502243041992188
5630781250.0,	0.0978546142578125,	0.10935592651367188
5630812500.0,	0.0991058349609375,	0.10779190063476562
5630843750.0,	0.1012725830078125,	0.10759735107421875
5630875000.0,	0.10046768188476562,	0.10781478881835938
5630906250.0,	0.10186386108398438,	0.107177734375
5630937500.0,	0.10152816772460938,	0.10565567016601562
5630968750.0,	0.1008453369140625,	0.1056976318359375
5631000000.0,	0.09917449951171875,	0.10785675048828125
5631031250.0,	0.10061264038085938,	0.10741806030273438
5631062500.0,	0.10129547119140625,	0.10824966430664062
5631093750.0,	0.10140228271484375,	0.10681915283203125
5631125000.0,	0.10324478149414062,	0.10726547241210938
5631156250.0,	0.1018524169921875,	0.1084442138671875
5631187500.0,	0.10035324096679688,	0.10700225830078125
5631218750.0,	0.10131072998046875,	0.10886764526367188
5631250000.0,	0.1007232666015625,	0.10692214965820312
5631281250.0,	0.10153961181640625,	0.1085357666015625
5631312500.0,	0.10382461547851562,	0.10902023315429688
5631343750.0,	0.10205841064453125,	0.10660171508789062
5631375000.0,	0.1037139892578125,	0.10726165771484375
5631406250.0,	0.1033935546875,	0.10923004150390625
5631437500.0,	0.10160064697265625,	0.1083221435546875
5631468750.0,	0.10389328002929688,	0.106903076171875
5631500000.0,	0.10212326049804688,	0.1077880859375
5631531250.0,	0.10106658935546875,	0.10759353637695312
5631562500.0,	0.1035308837890625,	0.10785675048828125
5631593750.0,	0.10450363159179688,	0.1068267822265625
5631625000.0,	0.10329818725585938,	0.10758209228515625
5631656250.0,	0.1024017333984375,	0.1060638427734375
5631687500.0,	0.10464096069335938,	0.10807418823242188
5631718750.0,	0.10536575317382812,	0.1075439453125
5631750000.0,	0.10360336303710938,	0.10618209838867188
5631781250.0,	0.1047210693359375,	0.1084747314453125
5631812500.0,	0.1060333251953125,	0.10590744018554688
5631843750.0,	0.104736328125,	0.10773468017578125
5631875000.0,	0.10546112060546875,	0.1078338623046875
5631906250.0,	0.10541152954101562,	0.10645675659179688
5631937500.0,	0.10438919067382812,	0.10840606689453125
5631968750.0,	0.1030426025390625,	0.107208251953125
5632000000.0,	0.1063690185546875,	0.10718917846679688
5632031250.0,	0.1056976318359375,	0.10579299926757812
5632062500.0,	0.10488128662109375,	0.10334396362304688
5632093750.0,	0.10531997680664062,	0.10626602172851562
5632125000.0,	0.10561370849609375,	0.10534286499023438
5632156250.0,	0.1067352294921875,	0.10768890380859375
5632187500.0,	0.10812759399414062,	0.10855484008789062
5632218750.0,	0.10563278198242188,	0.10589599609375
5632250000.0,	0.10751724243164062,	0.10475921630859375
5632281250.0,	0.10631942749023438,	0.10848236083984375
5632312500.0,	0.10633087158203125,	0.10808563232421875
5632343750.0,	0.108551025390625,	0.107177734375
5632375000.0,	0.10815811157226562,	0.10747909545898438
5632406250.0,	0.10762786865234375,	0.1080322265625
5632437500.0,	0.10831069946289062,	0.10486984252929688
5632468750.0,	0.10782623291015625,	0.106719970703125
5632500000.0,	0.108001708984375,	0.10634994506835938
5632531250.0,	0.10784149169921875,	0.10622024536132812
5632562500.0,	0.10882949829101562,	0.1060638427734375
5632593750.0,	0.10939407348632812,	0.10595703125
5632625000.0,	0.10883712768554688,	0.1077423095703125
5632656250.0,	0.10936737060546875,	0.10625839233398438
5632687500.0,	0.10790252685546875,	0.10535430908203125
5632718750.0,	0.11032485961914062,	0.10597610473632812
5632750000.0,	0.10986328125,	0.10755538940429688
5632781250.0,	0.10936355590820312,	0.10673904418945312
5632812500.0,	0.1118927001953125,	0.10480880737304688
5632843750.0,	0.10969924926757812,	0.10713577270507812
5632875000.0,	0.11085891723632812,	0.10727310180664062
5632906250.0,	0.11099624633789062,	0.10499191284179688
5632937500.0,	0.11110687255859375,	0.10652542114257812
5632968750.0,	0.1102447509765625,	0.10601806640625
5633000000.0,	0.11169815063476562,	0.10355377197265625
5633031250.0,	0.11029052734375,	0.10676956176757812
5633062500.0,	0.11339950561523438,	0.10681533813476562
5633093750.0,	0.10995864868164062,	0.10535049438476562
5633125000.0,	0.11317825317382812,	0.10579299926757812
5633156250.0,	0.1100311279296875,	0.10543060302734375
5633187500.0,	0.11414718627929688,	0.104583740234375
5633218750.0,	0.11294174194335938,	0.105224609375
5633250000.0,	0.1154022216796875,	0.10433197021484375
5633281250.0,	0.11370468139648438,	0.10678863525390625
5633312500.0,	0.11308670043945312,	0.10543060302734375
5633343750.0,	0.11191558837890625,	0.105194091796875
5633375000.0,	0.11454391479492188,	0.106292724609375
5633406250.0,	0.11395645141601562,	0.10361862182617188
5633437500.0,	0.11519622802734375,	0.10436630249023438
5633468750.0,	0.11565017700195312,	0.1057281494140625
5633500000.0,	0.11389541625976562,	0.10496902465820312
5633531250.0,	0.11687088012695312,	0.10503768920898438
5633562500.0,	0.11626434326171875,	0.10389328002929688
5633593750.0,	0.11483383178710938,	0.1027374267578125
5633625000.0,	0.11349868774414062,	0.10412216186523438
5633656250.0,	0.11403656005859375,	0.10338211059570312
5633687500.0,	0.11748504638671875,	0.10514450073242188
5633718750.0,	0.11648941040039062,	0.10373687744140625
5633750000.0,	0.11766815185546875,	0.10287094116210938
5633781250.0,	0.11657333374023438,	0.10601043701171875
5633812500.0,	0.11743927001953125,	0.10491180419921875
5633843750.0,	0.118621826171875,	0.10541915893554688
5633875000.0,	0.11822128295898438,	0.10441970825195312
5633906250.0,	0.11844635009765625,	0.104736328125
5633937500.0,	0.12058639526367188,	0.10275650024414062
5633968750.0,	0.1200408935546875,	0.10290908813476562
5634000000.0,	0.11905670166015625,	0.1032257080078125
5634031250.0,	0.119537353515625,	0.102569580078125
5634062500.0,	0.11902236938476562,	0.10358428955078125
5634093750.0,	0.11838912963867188,	0.10256195068359375
5634125000.0,	0.11870574951171875,	0.10236358642578125
5634156250.0,	0.11971282958984375,	0.10446929931640625
5634187500.0,	0.12201690673828125,	0.1027984619140625
5634218750.0,	0.11920928955078125,	0.10424423217773438
5634250000.0,	0.12177276611328125,	0.10171890258789062
5634281250.0,	0.12253189086914062,	0.10207366943359375
5634312500.0,	0.12176513671875,	0.10121917724609375
5634343750.0,	0.1237945556640625,	0.10202407836914062
5634375000.0,	0.1219635009765625,	0.10120773315429688
5634406250.0,	0.12433624267578125,	0.10207366943359375
5634437500.0,	0.12324142456054688,	0.09860610961914062
5634468750.0,	0.12330245971679688,	0.09937667846679688
5634500000.0,	0.12455368041992188,	0.10150146484375
5634531250.0,	0.12542724609375,	0.100982666015625
5634562500.0,	0.12437057495117188,	0.10079574584960938
5634593750.0,	0.1253662109375,	0.0992889404296875
5634625000.0,	0.12393951416015625,	0.09884262084960938
5634656250.0,	0.12642669677734375,	0.09676361083984375
5634687500.0,	0.1252899169921875,	0.10074615478515625
5634718750.0,	0.1259918212890625,	0.10019683837890625
5634750000.0,	0.12498855590820312,	0.09954071044921875
5634781250.0,	0.12520599365234375,	0.0967559814453125
5634812500.0,	0.127838134765625,	0.09932708740234375
5634843750.0,	0.128631591796875,	0.098724365234375
5634875000.0,	0.1281890869140625,	0.09777069091796875
5634906250.0,	0.1313934326171875,	0.10016632080078125
5634937500.0,	0.13158416748046875,	0.09914398193359375
5634968750.0,	0.1305389404296875,	0.09644317626953125
5635000000.0,	0.1312103271484375,	0.09850311279296875
5635031250.0,	0.1304473876953125,	0.0987701416015625
5635062500.0,	0.13059234619140625,	0.09586334228515625
5635093750.0,	0.13177490234375,	0.09765625
5635125000.0,	0.1320648193359375,	0.0958404541015625
5635156250.0,	0.1322174072265625,	0.09506988525390625
5635187500.0,	0.13404083251953125,	0.09661865234375
5635218750.0,	0.1343994140625,	0.09542083740234375
5635250000.0,	0.1336517333984375,	0.09610748291015625
5635281250.0,	0.1346588134765625,	0.09503936767578125
5635312500.0,	0.13533782958984375,	0.094573974609375
5635343750.0,	0.13809967041015625,	0.09622955322265625
5635375000.0,	0.13733673095703125,	0.0933990478515625
5635406250.0,	0.1369781494140625,	0.0943145751953125
5635437500.0,	0.13594818115234375,	0.0918426513671875
5635468750.0,	0.13936614990234375,	0.092071533203125
5635500000.0,	0.13762664794921875,	0.09252166748046875
5635531250.0,	0.1370849609375,	0.09357452392578125
5635562500.0,	0.14170074462890625,	0.0919036865234375
5635593750.0,	0.14058685302734375,	0.09038543701171875
5635625000.0,	0.1421966552734375,	0.0899658203125
5635656250.0,	0.14221954345703125,	0.0890655517578125
5635687500.0,	0.13915252685546875,	0.089111328125
5635718750.0,	0.1435546875,	0.09061431884765625
5635750000.0,	0.14521026611328125,	0.08948516845703125
5635781250.0,	0.1434783935546875,	0.08806610107421875
5635812500.0,	0.1444854736328125,	0.08673095703125
5635843750.0,	0.14418792724609375,	0.08737945556640625
5635875000.0,	0.1448211669921875,	0.085418701171875
5635906250.0,	0.14837646484375,	0.08386993408203125
5635937500.0,	0.14658355712890625,	0.08527374267578125
5635968750.0,	0.1464691162109375,	0.08278656005859375
5636000000.0,	0.14562225341796875,	0.08225250244140625
5636031250.0,	0.1497039794921875,	0.0799407958984375
5636062500.0,	0.14707183837890625,	0.078948974609375
5636093750.0,	0.15087127685546875,	0.0798797607421875
5636125000.0,	0.15145111083984375,	0.08121490478515625
5636156250.0,	0.1515350341796875,	0.078216552734375
5636187500.0,	0.151763916015625,	0.0782928466796875
5636218750.0,	0.15537261962890625,	0.076629638671875
5636250000.0,	0.15250396728515625,	0.07726287841796875
5636281250.0,	0.1552581787109375,	0.074737548828125
5636312500.0,	0.1541748046875,	0.0738525390625
5636343750.0,	0.15641021728515625,	0.07183837890625
5636375000.0,	0.1551513671875,	0.06766510009765625
5636406250.0,	0.159088134765625,	0.06932830810546875
5636437500.0,	0.1566162109375,	0.06728363037109375
5636468750.0,	0.15938568115234375,	0.06699371337890625
5636500000.0,	0.15987396240234375,	0.06650543212890625
5636531250.0,	0.16005706787109375,	0.0632781982421875
5636562500.0,	0.16095733642578125,	0.06050872802734375
5636593750.0,	0.16162872314453125,	0.06043243408203125
5636625000.0,	0.16112518310546875,	0.05767059326171875
5636656250.0,	0.16254425048828125,	0.05870819091796875
5636687500.0,	0.16593170166015625,	0.0544891357421875
5636718750.0,	0.16187286376953125,	0.04975128173828125
5636750000.0,	0.1656341552734375,	0.05046844482421875
5636781250.0,	0.1639862060546875,	0.04775238037109375
5636812500.0,	0.1651153564453125,	0.045562744140625
5636843750.0,	0.16516876220703125,	0.0431365966796875
5636875000.0,	0.164794921875,	0.03975677490234375
5636906250.0,	0.16397857666015625,	0.0371246337890625
5636937500.0,	0.16385650634765625,	0.03372955322265625
5636968750.0,	0.16545867919921875,	0.02980804443359375
5637000000.0,	0.1644134521484375,	0.02639007568359375
5637031250.0,	0.161834716796875,	0.0239715576171875
5637062500.0,	0.16397857666015625,	0.018951416015625
5637093750.0,	0.1613311767578125,	0.01615142822265625
5637125000.0,	0.1619110107421875,	0.01383209228515625
5637156250.0,	0.16027069091796875,	0.00921630859375
5637187500.0,	0.1558837890625,	0.00408172607421875
5637218750.0,	0.152801513671875,	0.0016021728515625
5637250000.0,	0.15172576904296875,	-0.0016326904296875
5637281250.0,	0.14781951904296875,	-0.006591796875
5637312500.0,	0.14617156982421875,	-0.00841522216796875
5637343750.0,	0.14157867431640625,	-0.0120697021484375
5637375000.0,	0.1369171142578125,	-0.01662445068359375
5637406250.0,	0.13588714599609375,	-0.01714324951171875
5637437500.0,	0.1302032470703125,	-0.02039337158203125
5637468750.0,	0.126007080078125,	-0.0225067138671875
5637500000.0,	0.12076187133789062,	-0.025569915771484375
5637531250.0,	0.11727142333984375,	-0.026241302490234375
5637562500.0,	0.11390304565429688,	-0.02504730224609375
5637593750.0,	0.108001708984375,	-0.028537750244140625
5637625000.0,	0.10451507568359375,	-0.027984619140625
5637656250.0,	0.09941864013671875,	-0.02808380126953125
5637687500.0,	0.09703445434570312,	-0.0302734375
5637718750.0,	0.09251785278320312,	-0.029438018798828125
5637750000.0,	0.08637619018554688,	-0.0294342041015625
5637781250.0,	0.08250808715820312,	-0.029483795166015625
5637812500.0,	0.07924652099609375,	-0.0288543701171875
5637843750.0,	0.07835006713867188,	-0.0275726318359375
5637875000.0,	0.07210540771484375,	-0.027080535888671875
5637906250.0,	0.07100296020507812,	-0.02503204345703125
5637937500.0,	0.06440353393554688,	-0.024017333984375
5637968750.0,	0.06404495239257812,	-0.0232696533203125
5638000000.0,	0.05930519104003906,	-0.02143096923828125
5638031250.0,	0.05818939208984375,	-0.019872665405273438
5638062500.0,	0.05426979064941406,	-0.018243789672851562
5638093750.0,	0.05317497253417969,	-0.017608642578125
5638125000.0,	0.05090522766113281,	-0.014888763427734375
5638156250.0,	0.049468994140625,	-0.012237548828125
5638187500.0,	0.04596710205078125,	-0.01024627685546875
5638218750.0,	0.04197883605957031,	-0.008806228637695312
5638250000.0,	0.04115104675292969,	-0.0068798065185546875
5638281250.0,	0.038837432861328125,	-0.0060329437255859375
5638312500.0,	0.0363311767578125,	-0.002040863037109375
5638343750.0,	0.03755760192871094,	-0.0016384124755859375
5638375000.0,	0.03478240966796875,	0.000946044921875
5638406250.0,	0.03323554992675781,	0.0047779083251953125
5638437500.0,	0.03298187255859375,	0.00588226318359375
5638468750.0,	0.03240013122558594,	0.009416580200195312
5638500000.0,	0.03057384490966797,	0.010196685791015625
5638531250.0,	0.02770233154296875,	0.010553359985351562
5638562500.0,	0.028509140014648438,	0.015900611877441406
5638593750.0,	0.027210235595703125,	0.014729499816894531
5638625000.0,	0.029119491577148438,	0.01905059814453125
5638656250.0,	0.02624988555908203,	0.021149635314941406
5638687500.0,	0.027128219604492188,	0.023204803466796875
5638718750.0,	0.026422500610351562,	0.024697303771972656
5638750000.0,	0.024585723876953125,	0.027530670166015625
5638781250.0,	0.0258026123046875,	0.030626296997070312
5638812500.0,	0.02679443359375,	0.03204154968261719
5638843750.0,	0.02374267578125,	0.034259796142578125
5638875000.0,	0.0242462158203125,	0.03562164306640625
5638906250.0,	0.026372909545898438,	0.036037445068359375
5638937500.0,	0.025609970092773438,	0.038631439208984375
5638968750.0,	0.0248260498046875,	0.039459228515625
5639000000.0,	0.0273895263671875,	0.04379463195800781
5639031250.0,	0.026231765747070312,	0.04424476623535156
5639062500.0,	0.024169921875,	0.04578208923339844
5639093750.0,	0.023807525634765625,	0.04762458801269531
5639125000.0,	0.025438308715820312,	0.05028343200683594
5639156250.0,	0.026586532592773438,	0.048732757568359375
5639187500.0,	0.027906417846679688,	0.05241966247558594
5639218750.0,	0.02768707275390625,	0.055110931396484375
5639250000.0,	0.026384353637695312,	0.05504035949707031
5639281250.0,	0.027858734130859375,	0.05559730529785156
5639312500.0,	0.027490615844726562,	0.05701255798339844
5639343750.0,	0.029916763305664062,	0.05786323547363281
5639375000.0,	0.031064987182617188,	0.060138702392578125
5639406250.0,	0.029375076293945312,	0.060741424560546875
5639437500.0,	0.030918121337890625,	0.0632476806640625
5639468750.0,	0.028636932373046875,	0.06304931640625
5639500000.0,	0.032932281494140625,	0.06362533569335938
5639531250.0,	0.032367706298828125,	0.06372451782226562
5639562500.0,	0.033359527587890625,	0.06624984741210938
5639593750.0,	0.033931732177734375,	0.06615829467773438
5639625000.0,	0.032596588134765625,	0.06837844848632812
5639656250.0,	0.03411865234375,	0.06869125366210938
5639687500.0,	0.035717010498046875,	0.0702972412109375
5639718750.0,	0.03433990478515625,	0.06915283203125
5639750000.0,	0.035785675048828125,	0.07152175903320312
5639781250.0,	0.036365509033203125,	0.0717620849609375
5639812500.0,	0.037349700927734375,	0.074493408203125
5639843750.0,	0.036956787109375,	0.07320404052734375
5639875000.0,	0.03903961181640625,	0.07506942749023438
5639906250.0,	0.038036346435546875,	0.07493972778320312
5639937500.0,	0.0388031005859375,	0.0756378173828125
5639968750.0,	0.039356231689453125,	0.07686614990234375
5640000000.0,	0.03932952880859375,	0.07770919799804688
5640031250.0,	0.0400848388671875,	0.07778549194335938
5640062500.0,	0.04082489013671875,	0.07789230346679688
5640093750.0,	0.039791107177734375,	0.07988357543945312
5640125000.0,	0.04302215576171875,	0.08029937744140625
5640156250.0,	0.0417327880859375,	0.08098220825195312
5640187500.0,	0.043460845947265625,	0.08127593994140625
5640218750.0,	0.043247222900390625,	0.08099365234375
5640250000.0,	0.043155670166015625,	0.07997894287109375
5640281250.0,	0.042713165283203125,	0.08016204833984375
5640312500.0,	0.045230865478515625,	0.08332061767578125
5640343750.0,	0.046051025390625,	0.08072662353515625
5640375000.0,	0.044574737548828125,	0.08473968505859375
5640406250.0,	0.045658111572265625,	0.08442306518554688
5640437500.0,	0.04790496826171875,	0.08443069458007812
5640468750.0,	0.047161102294921875,	0.08515548706054688
5640500000.0,	0.048999786376953125,	0.08646392822265625
5640531250.0,	0.047943115234375,	0.08671951293945312
5640562500.0,	0.045520782470703125,	0.08435821533203125
5640593750.0,	0.049594879150390625,	0.08697509765625
5640625000.0,	0.048496246337890625,	0.08723831176757812
5640656250.0,	0.04828643798828125,	0.086456298828125
5640687500.0,	0.049243927001953125,	0.08832931518554688
5640718750.0,	0.04862213134765625,	0.08723831176757812
5640750000.0,	0.049076080322265625,	0.08919525146484375
5640781250.0,	0.05218505859375,	0.0888671875
5640812500.0,	0.051727294921875,	0.08787918090820312
5640843750.0,	0.0518798828125,	0.088958740234375
5640875000.0,	0.0551605224609375,	0.0891571044921875
5640906250.0,	0.0543975830078125,	0.08846282958984375
5640937500.0,	0.0524749755859375,	0.0875244140625
5640968750.0,	0.05283355712890625,	0.08938980102539062
5641000000.0,	0.052989959716796875,	0.0893707275390625
5641031250.0,	0.053218841552734375,	0.09210205078125
5641062500.0,	0.05643463134765625,	0.08871078491210938
5641093750.0,	0.05460357666015625,	0.0913543701171875
5641125000.0,	0.05521392822265625,	0.0919036865234375
5641156250.0,	0.052547454833984375,	0.08917617797851562
5641187500.0,	0.059398651123046875,	0.09231948852539062
5641218750.0,	0.05475616455078125,	0.08920669555664062
5641250000.0,	0.056537628173828125,	0.09219741821289062
5641281250.0,	0.05646514892578125,	0.09313583374023438
5641312500.0,	0.058902740478515625,	0.09172439575195312
5641343750.0,	0.058444976806640625,	0.08951187133789062
5641375000.0,	0.05893707275390625,	0.09154129028320312
5641406250.0,	0.05738067626953125,	0.09210586547851562
5641437500.0,	0.05864715576171875,	0.09323883056640625
5641468750.0,	0.057098388671875,	0.09178924560546875
5641500000.0,	0.058658599853515625,	0.09273147583007812
5641531250.0,	0.06159210205078125,	0.09283065795898438
5641562500.0,	0.059268951416015625,	0.09251022338867188
5641593750.0,	0.061370849609375,	0.09315872192382812
5641625000.0,	0.05847930908203125,	0.09347915649414062
5641656250.0,	0.059551239013671875,	0.094207763671875
5641687500.0,	0.0611114501953125,	0.09047698974609375
5641718750.0,	0.0613861083984375,	0.09289169311523438
5641750000.0,	0.062084197998046875,	0.09362411499023438
5641781250.0,	0.062282562255859375,	0.09383392333984375
5641812500.0,	0.061550140380859375,	0.09477615356445312
5641843750.0,	0.06328201293945312,	0.092987060546875
5641875000.0,	0.0636444091796875,	0.09454727172851562
5641906250.0,	0.06309127807617188,	0.09459304809570312
5641937500.0,	0.061687469482421875,	0.09377670288085938
5641968750.0,	0.0630645751953125,	0.09516525268554688
5642000000.0,	0.06365203857421875,	0.092926025390625
5642031250.0,	0.06316375732421875,	0.09437179565429688
5642062500.0,	0.062076568603515625,	0.09417343139648438
5642093750.0,	0.06526947021484375,	0.0960235595703125
5642125000.0,	0.06426239013671875,	0.09520339965820312
5642156250.0,	0.06472396850585938,	0.09320068359375
5642187500.0,	0.06542205810546875,	0.095550537109375
5642218750.0,	0.06649017333984375,	0.09461212158203125
5642250000.0,	0.06447601318359375,	0.09565353393554688
5642281250.0,	0.06601715087890625,	0.0971527099609375
5642312500.0,	0.06488418579101562,	0.09597396850585938
5642343750.0,	0.06612014770507812,	0.09611892700195312
5642375000.0,	0.06611251831054688,	0.09451675415039062
5642406250.0,	0.066680908203125,	0.09406661987304688
5642437500.0,	0.065460205078125,	0.09600830078125
5642468750.0,	0.06760025024414062,	0.09540557861328125
5642500000.0,	0.0680694580078125,	0.09670257568359375
5642531250.0,	0.06766128540039062,	0.09610748291015625
5642562500.0,	0.066864013671875,	0.09461212158203125
5642593750.0,	0.06779098510742188,	0.09546661376953125
5642625000.0,	0.06772994995117188,	0.0945892333984375
5642656250.0,	0.067352294921875,	0.09630203247070312
5642687500.0,	0.06808853149414062,	0.09473419189453125
5642718750.0,	0.06737136840820312,	0.09521102905273438
5642750000.0,	0.06881332397460938,	0.09437179565429688
5642781250.0,	0.06853866577148438,	0.0985107421875
5642812500.0,	0.06907272338867188,	0.09463882446289062
5642843750.0,	0.06919097900390625,	0.09563446044921875
5642875000.0,	0.06996917724609375,	0.0973968505859375
5642906250.0,	0.06896209716796875,	0.09674453735351562
5642937500.0,	0.06876373291015625,	0.09533309936523438
5642968750.0,	0.07001876831054688,	0.09627151489257812
5643000000.0,	0.07061767578125,	0.09557723999023438
5643031250.0,	0.06915283203125,	0.09762954711914062
5643062500.0,	0.07117843627929688,	0.09759902954101562
5643093750.0,	0.07009506225585938,	0.09618377685546875
5643125000.0,	0.07216644287109375,	0.0957794189453125
5643156250.0,	0.07086181640625,	0.0948944091796875
5643187500.0,	0.07070541381835938,	0.09865570068359375
5643218750.0,	0.07116317749023438,	0.09650802612304688
5643250000.0,	0.07293701171875,	0.09684371948242188
5643281250.0,	0.06997299194335938,	0.09745025634765625
5643312500.0,	0.07158279418945312,	0.09510040283203125
5643343750.0,	0.07312774658203125,	0.093536376953125
5643375000.0,	0.07132720947265625,	0.0981903076171875
5643406250.0,	0.073028564453125,	0.09886550903320312
5643437500.0,	0.0742340087890625,	0.09572982788085938
5643468750.0,	0.07335281372070312,	0.0989227294921875
5643500000.0,	0.0720672607421875,	0.09627914428710938
5643531250.0,	0.0736083984375,	0.096160888671875
5643562500.0,	0.07280731201171875,	0.09647369384765625
5643593750.0,	0.073333740234375,	0.09782791137695312
5643625000.0,	0.07387924194335938,	0.09800338745117188
5643656250.0,	0.07276153564453125,	0.09775161743164062
5643687500.0,	0.07427597045898438,	0.09590530395507812
5643718750.0,	0.0753631591796875,	0.09706497192382812
5643750000.0,	0.07682418823242188,	0.09836578369140625
5643781250.0,	0.07558059692382812,	0.09938430786132812
5643812500.0,	0.07075881958007812,	0.09717559814453125
5643843750.0,	0.07339096069335938,	0.0950469970703125
5643875000.0,	0.073944091796875,	0.09920883178710938
5643906250.0,	0.07494354248046875,	0.09869384765625
5643937500.0,	0.07440567016601562,	0.09569168090820312
5643968750.0,	0.07717132568359375,	0.09655380249023438
5644000000.0,	0.07481002807617188,	0.09723281860351562
5644031250.0,	0.07642364501953125,	0.0985870361328125
5644062500.0,	0.07706451416015625,	0.09796524047851562
5644093750.0,	0.07776641845703125,	0.09926986694335938
5644125000.0,	0.07673263549804688,	0.09817123413085938
5644156250.0,	0.07676315307617188,	0.09949493408203125
5644187500.0,	0.07597732543945312,	0.09817123413085938
5644218750.0,	0.07627487182617188,	0.0984344482421875
5644250000.0,	0.07812118530273438,	0.0963592529296875
5644281250.0,	0.07635116577148438,	0.09827041625976562
5644312500.0,	0.07440948486328125,	0.0979461669921875
5644343750.0,	0.07672500610351562,	0.10097122192382812
5644375000.0,	0.07880401611328125,	0.096343994140625
5644406250.0,	0.07836151123046875,	0.1001434326171875
5644437500.0,	0.07694244384765625,	0.09723663330078125
5644468750.0,	0.07637786865234375,	0.09957504272460938
5644500000.0,	0.07736587524414062,	0.09907150268554688
5644531250.0,	0.07778549194335938,	0.09936141967773438
5644562500.0,	0.07743453979492188,	0.09623336791992188
5644593750.0,	0.07760238647460938,	0.09627914428710938
5644625000.0,	0.07813262939453125,	0.097930908203125
5644656250.0,	0.07837677001953125,	0.09732818603515625
5644687500.0,	0.07651138305664062,	0.09828948974609375
5644718750.0,	0.0803375244140625,	0.09766006469726562
5644750000.0,	0.07799530029296875,	0.09624862670898438
5644781250.0,	0.0787200927734375,	0.09801101684570312
5644812500.0,	0.07700729370117188,	0.09689712524414062
5644843750.0,	0.07985687255859375,	0.09880447387695312
5644875000.0,	0.07995986938476562,	0.09823226928710938
5644906250.0,	0.0772705078125,	0.09808349609375
5644937500.0,	0.0808563232421875,	0.095916748046875
5644968750.0,	0.08037185668945312,	0.09795761108398438
5645000000.0,	0.07958221435546875,	0.09613800048828125
5645031250.0,	0.07970428466796875,	0.09658050537109375
5645062500.0,	0.0783233642578125,	0.09863662719726562
5645093750.0,	0.08105087280273438,	0.09823226928710938
5645125000.0,	0.07923507690429688,	0.09607315063476562
5645156250.0,	0.08030319213867188,	0.09664535522460938
5645187500.0,	0.07934951782226562,	0.09680938720703125
5645218750.0,	0.08132553100585938,	0.0959014892578125
5645250000.0,	0.07801055908203125,	0.09727096557617188
5645281250.0,	0.07926177978515625,	0.09740829467773438
5645312500.0,	0.07925033569335938,	0.09725189208984375
5645343750.0,	0.0795440673828125,	0.09909820556640625
5645375000.0,	0.08226394653320312,	0.09680557250976562
5645406250.0,	0.0799407958984375,	0.0976104736328125
5645437500.0,	0.08111953735351562,	0.0964508056640625
5645468750.0,	0.08117294311523438,	0.09833526611328125
5645500000.0,	0.080535888671875,	0.09783172607421875
5645531250.0,	0.07952880859375,	0.09710693359375
5645562500.0,	0.08153152465820312,	0.09756088256835938
5645593750.0,	0.0809326171875,	0.09619903564453125
5645625000.0,	0.08280563354492188,	0.09671783447265625
5645656250.0,	0.08108901977539062,	0.0965423583984375
5645687500.0,	0.08166885375976562,	0.09587860107421875
5645718750.0,	0.08028030395507812,	0.09666824340820312
5645750000.0,	0.0806427001953125,	0.09830856323242188
5645781250.0,	0.08219528198242188,	0.09784317016601562
5645812500.0,	0.083587646484375,	0.09653472900390625
5645843750.0,	0.08136749267578125,	0.09850311279296875
5645875000.0,	0.08392715454101562,	0.09788131713867188
5645906250.0,	0.08200454711914062,	0.09586334228515625
5645937500.0,	0.0816802978515625,	0.0960693359375
5645968750.0,	0.07991790771484375,	0.09684371948242188
5646000000.0,	0.0801849365234375,	0.09774017333984375
5646031250.0,	0.08404541015625,	0.095977783203125
5646062500.0,	0.0816802978515625,	0.09733200073242188
5646093750.0,	0.08228302001953125,	0.09563446044921875
5646125000.0,	0.083770751953125,	0.09484481811523438
5646156250.0,	0.08461761474609375,	0.0977783203125
5646187500.0,	0.08307647705078125,	0.09633636474609375
5646218750.0,	0.08352279663085938,	0.09475326538085938
5646250000.0,	0.0832366943359375,	0.097686767578125
5646281250.0,	0.08170700073242188,	0.09688186645507812
5646312500.0,	0.08261489868164062,	0.098175048828125
5646343750.0,	0.0826873779296875,	0.09604263305664062
5646375000.0,	0.08158111572265625,	0.09452438354492188
5646406250.0,	0.08400344848632812,	0.0976409912109375
5646437500.0,	0.08425521850585938,	0.09579849243164062
5646468750.0,	0.0829010009765625,	0.09639358520507812
5646500000.0,	0.08355331420898438,	0.09677886962890625
5646531250.0,	0.08220291137695312,	0.09552001953125
5646562500.0,	0.08650970458984375,	0.09646224975585938
5646593750.0,	0.08301544189453125,	0.09798431396484375
5646625000.0,	0.0821533203125,	0.09915542602539062
5646656250.0,	0.08231735229492188,	0.09667587280273438
5646687500.0,	0.08291244506835938,	0.09408950805664062
5646718750.0,	0.082489013671875,	0.09478378295898438
5646750000.0,	0.08358383178710938,	0.09680557250976562
5646781250.0,	0.08363723754882812,	0.09650421142578125
5646812500.0,	0.08544540405273438,	0.09621047973632812
5646843750.0,	0.08446121215820312,	0.09720611572265625
5646875000.0,	0.08495330810546875,	0.09670639038085938
5646906250.0,	0.08667755126953125,	0.09760284423828125
5646937500.0,	0.0843353271484375,	0.09977340698242188
5646968750.0,	0.08568954467773438,	0.09659957885742188
5647000000.0,	0.08405303955078125,	0.09680938720703125
5647031250.0,	0.08614349365234375,	0.09644317626953125
5647062500.0,	0.08517837524414062,	0.0953521728515625
5647093750.0,	0.08273696899414062,	0.09460067749023438
5647125000.0,	0.08552932739257812,	0.09759902954101562
5647156250.0,	0.08390426635742188,	0.09674835205078125
5647187500.0,	0.0865936279296875,	0.09736251831054688
5647218750.0,	0.08407211303710938,	0.097198486328125
5647250000.0,	0.08483123779296875,	0.09746170043945312
5647281250.0,	0.08636856079101562,	0.09561538696289062
5647312500.0,	0.08461761474609375,	0.0963134765625
5647343750.0,	0.08547210693359375,	0.09537124633789062
5647375000.0,	0.08508682250976562,	0.09739303588867188
5647406250.0,	0.08633041381835938,	0.0954742431640625
5647437500.0,	0.08520126342773438,	0.09668731689453125
5647468750.0,	0.08539199829101562,	0.09323501586914062
5647500000.0,	0.08478164672851562,	0.0970458984375
5647531250.0,	0.0863037109375,	0.09355545043945312
5647562500.0,	0.08736038208007812,	0.09432601928710938
5647593750.0,	0.087982177734375,	0.09740829467773438
5647625000.0,	0.08483505249023438,	0.09718704223632812
5647656250.0,	0.08712005615234375,	0.09668731689453125
5647687500.0,	0.08620071411132812,	0.09403610229492188
5647718750.0,	0.08614349365234375,	0.09517669677734375
5647750000.0,	0.08544921875,	0.09381866455078125
5647781250.0,	0.08304595947265625,	0.09322357177734375
5647812500.0,	0.08528518676757812,	0.09598922729492188
5647843750.0,	0.08628082275390625,	0.09617233276367188
5647875000.0,	0.08687973022460938,	0.0948944091796875
5647906250.0,	0.08650588989257812,	0.09561920166015625
5647937500.0,	0.08608245849609375,	0.09801101684570312
5647968750.0,	0.086761474609375,	0.0951690673828125
5648000000.0,	0.08631515502929688,	0.09692001342773438
5648031250.0,	0.08515167236328125,	0.09589767456054688
5648062500.0,	0.08255386352539062,	0.09413528442382812
5648093750.0,	0.08808517456054688,	0.0944976806640625
5648125000.0,	0.08699417114257812,	0.095062255859375
5648156250.0,	0.0860443115234375,	0.09594345092773438
5648187500.0,	0.08761978149414062,	0.0936737060546875
5648218750.0,	0.08599853515625,	0.0941925048828125
5648250000.0,	0.08514785766601562,	0.09566116333007812
5648281250.0,	0.08683013916015625,	0.09489822387695312
5648312500.0,	0.0849151611328125,	0.09460067749023438
5648343750.0,	0.08620452880859375,	0.09586334228515625
5648375000.0,	0.08804702758789062,	0.09421920776367188
5648406250.0,	0.08643341064453125,	0.09555816650390625
5648437500.0,	0.08626937866210938,	0.09392166137695312
5648468750.0,	0.08642196655273438,	0.09579086303710938
5648500000.0,	0.08607864379882812,	0.0935211181640625
5648531250.0,	0.08643722534179688,	0.09544754028320312
5648562500.0,	0.08736038208007812,	0.09439849853515625
5648593750.0,	0.08766555786132812,	0.09426116943359375
5648625000.0,	0.0880126953125,	0.09466934204101562
5648656250.0,	0.08575057983398438,	0.09474563598632812
5648687500.0,	0.08693695068359375,	0.09435653686523438
5648718750.0,	0.08861160278320312,	0.0968475341796875
5648750000.0,	0.08777618408203125,	0.09496307373046875
5648781250.0,	0.08754348754882812,	0.09448623657226562
5648812500.0,	0.09043502807617188,	0.09371185302734375
5648843750.0,	0.088714599609375,	0.09370803833007812
5648875000.0,	0.0892333984375,	0.09473800659179688
5648906250.0,	0.08869552612304688,	0.0953826904296875
5648937500.0,	0.08982467651367188,	0.0952301025390625
5648968750.0,	0.0883026123046875,	0.0941619873046875
5649000000.0,	0.08796310424804688,	0.09572601318359375
5649031250.0,	0.08703231811523438,	0.09600067138671875
5649062500.0,	0.08884048461914062,	0.0956878662109375
5649093750.0,	0.0884246826171875,	0.09634780883789062
5649125000.0,	0.08726119995117188,	0.09451675415039062
5649156250.0,	0.08935928344726562,	0.09592437744140625
5649187500.0,	0.08757781982421875,	0.093841552734375
5649218750.0,	0.09009170532226562,	0.091949462890625
5649250000.0,	0.0877227783203125,	0.09676742553710938
5649281250.0,	0.0889434814453125,	0.09603118896484375
5649312500.0,	0.08501052856445312,	0.09484100341796875
5649343750.0,	0.088592529296875,	0.09560775756835938
5649375000.0,	0.08896255493164062,	0.09320831298828125
5649406250.0,	0.08791351318359375,	0.0928802490234375
5649437500.0,	0.08852005004882812,	0.09362030029296875
5649468750.0,	0.08971405029296875,	0.09600830078125
5649500000.0,	0.0901947021484375,	0.09511184692382812
5649531250.0,	0.08955764770507812,	0.09328079223632812
5649562500.0,	0.08877944946289062,	0.0928955078125
5649593750.0,	0.08843231201171875,	0.09145355224609375
5649625000.0,	0.08905029296875,	0.09378814697265625
5649656250.0,	0.08704376220703125,	0.09142303466796875
5649687500.0,	0.087860107421875,	0.09412384033203125
5649718750.0,	0.08978652954101562,	0.09439468383789062
5649750000.0,	0.09023284912109375,	0.09302902221679688
5649781250.0,	0.0886077880859375,	0.09664154052734375
5649812500.0,	0.08926773071289062,	0.09438705444335938
5649843750.0,	0.08837509155273438,	0.094512939453125
5649875000.0,	0.09075927734375,	0.09400177001953125
5649906250.0,	0.08868789672851562,	0.09192276000976562
5649937500.0,	0.08956527709960938,	0.0945892333984375
5649968750.0,	0.09026718139648438,	0.09440231323242188
5650000000.0,	0.08821487426757812,	0.09424591064453125
5650031250.0,	0.09081268310546875,	0.0951385498046875
5650062500.0,	0.089874267578125,	0.09227371215820312
5650093750.0,	0.09083938598632812,	0.0950469970703125
5650125000.0,	0.0878448486328125,	0.093231201171875
5650156250.0,	0.08971786499023438,	0.09337234497070312
5650187500.0,	0.09018707275390625,	0.09275054931640625
5650218750.0,	0.08890533447265625,	0.09158706665039062
5650250000.0,	0.09092330932617188,	0.0942840576171875
5650281250.0,	0.088623046875,	0.09220504760742188
5650312500.0,	0.08956146240234375,	0.09184646606445312
5650343750.0,	0.08965301513671875,	0.09356307983398438
5650375000.0,	0.08864593505859375,	0.093902587890625
5650406250.0,	0.0910491943359375,	0.09321212768554688
5650437500.0,	0.08870697021484375,	0.09151458740234375
5650468750.0,	0.09029769897460938,	0.0906219482421875
5650500000.0,	0.08881378173828125,	0.09410476684570312
5650531250.0,	0.09084701538085938,	0.09515380859375
5650562500.0,	0.088592529296875,	0.09541702270507812
5650593750.0,	0.08848190307617188,	0.09250640869140625
5650625000.0,	0.0905303955078125,	0.09291839599609375
5650656250.0,	0.0892486572265625,	0.092132568359375
5650687500.0,	0.09010696411132812,	0.09260177612304688
5650718750.0,	0.08940887451171875,	0.09246444702148438
5650750000.0,	0.08755111694335938,	0.092193603515625
5650781250.0,	0.0897369384765625,	0.09366989135742188
5650812500.0,	0.08957290649414062,	0.0947418212890625
5650843750.0,	0.0909271240234375,	0.09376144409179688
5650875000.0,	0.0921783447265625,	0.09235000610351562
5650906250.0,	0.09090423583984375,	0.09099578857421875
5650937500.0,	0.08980941772460938,	0.09205245971679688
5650968750.0,	0.09124374389648438,	0.09186935424804688
5651000000.0,	0.09039688110351562,	0.09151458740234375
5651031250.0,	0.08867263793945312,	0.09010696411132812
5651062500.0,	0.09078216552734375,	0.09177780151367188
5651093750.0,	0.09015274047851562,	0.09206390380859375
5651125000.0,	0.0908355712890625,	0.09222412109375
5651156250.0,	0.0904388427734375,	0.09175872802734375
5651187500.0,	0.09061813354492188,	0.09051895141601562
5651218750.0,	0.0901947021484375,	0.09358596801757812
5651250000.0,	0.08935546875,	0.09082794189453125
5651281250.0,	0.08990859985351562,	0.09228134155273438
5651312500.0,	0.09162521362304688,	0.091644287109375
5651343750.0,	0.08986663818359375,	0.0910797119140625
5651375000.0,	0.09054183959960938,	0.0896759033203125
5651406250.0,	0.0907745361328125,	0.092620849609375
5651437500.0,	0.09050750732421875,	0.0910186767578125
5651468750.0,	0.09161758422851562,	0.09314727783203125
5651500000.0,	0.0909271240234375,	0.09088134765625
5651531250.0,	0.090667724609375,	0.09031295776367188
5651562500.0,	0.08882522583007812,	0.0901641845703125
5651593750.0,	0.091888427734375,	0.09246444702148438
5651625000.0,	0.09137725830078125,	0.0906829833984375
5651656250.0,	0.08837127685546875,	0.09345245361328125
5651687500.0,	0.0895233154296875,	0.09239578247070312
5651718750.0,	0.092559814453125,	0.09090423583984375
5651750000.0,	0.09032821655273438,	0.09035110473632812
5651781250.0,	0.09134292602539062,	0.0917205810546875
5651812500.0,	0.09209060668945312,	0.09099578857421875
5651843750.0,	0.0915374755859375,	0.09149169921875
5651875000.0,	0.09319305419921875,	0.09090042114257812
5651906250.0,	0.09297561645507812,	0.09203720092773438
5651937500.0,	0.092071533203125,	0.08861160278320312
5651968750.0,	0.0908966064453125,	0.09145355224609375
5652000000.0,	0.09011077880859375,	0.09119033813476562
5652031250.0,	0.09199142456054688,	0.09292984008789062
5652062500.0,	0.09105300903320312,	0.09199142456054688
5652093750.0,	0.09105682373046875,	0.09014511108398438
5652125000.0,	0.09173965454101562,	0.09188079833984375
5652156250.0,	0.09206390380859375,	0.091461181640625
5652187500.0,	0.09153366088867188,	0.09149932861328125
5652218750.0,	0.09156036376953125,	0.0930938720703125
5652250000.0,	0.09333419799804688,	0.09155654907226562
5652281250.0,	0.09254074096679688,	0.09046173095703125
5652312500.0,	0.0917205810546875,	0.09191131591796875
5652343750.0,	0.09022140502929688,	0.09224319458007812
5652375000.0,	0.09307098388671875,	0.09072494506835938
5652406250.0,	0.09129714965820312,	0.0904998779296875
5652437500.0,	0.09045028686523438,	0.0911865234375
5652468750.0,	0.0919189453125,	0.08953094482421875
5652500000.0,	0.09180450439453125,	0.0904998779296875
5652531250.0,	0.09131240844726562,	0.09131240844726562
5652562500.0,	0.09314727783203125,	0.09123611450195312
5652593750.0,	0.09111785888671875,	0.0906524658203125
5652625000.0,	0.09172439575195312,	0.0908203125
5652656250.0,	0.09023284912109375,	0.08972930908203125
5652687500.0,	0.09074020385742188,	0.09016036987304688
5652718750.0,	0.092010498046875,	0.089874267578125
5652750000.0,	0.09276580810546875,	0.08843231201171875
5652781250.0,	0.09229660034179688,	0.09000015258789062
5652812500.0,	0.09157562255859375,	0.09118270874023438
5652843750.0,	0.09128189086914062,	0.09093856811523438
5652875000.0,	0.09232330322265625,	0.09050750732421875
5652906250.0,	0.09296035766601562,	0.08993148803710938
5652937500.0,	0.08938980102539062,	0.0908660888671875
5652968750.0,	0.09197616577148438,	0.0912322998046875
5653000000.0,	0.09148025512695312,	0.08971405029296875
5653031250.0,	0.09374618530273438,	0.09120941162109375
5653062500.0,	0.09125137329101562,	0.08904266357421875
5653093750.0,	0.09175491333007812,	0.0892791748046875
5653125000.0,	0.09160995483398438,	0.08877182006835938
5653156250.0,	0.0923614501953125,	0.089385986328125
5653187500.0,	0.09258270263671875,	0.09101104736328125
5653218750.0,	0.09249114990234375,	0.09014892578125
5653250000.0,	0.09188079833984375,	0.08883285522460938
5653281250.0,	0.0928497314453125,	0.09050369262695312
5653312500.0,	0.091705322265625,	0.0896759033203125
5653343750.0,	0.09128952026367188,	0.09111404418945312
5653375000.0,	0.09228134155273438,	0.088623046875
5653406250.0,	0.09228897094726562,	0.08974838256835938
5653437500.0,	0.09186553955078125,	0.08912277221679688
5653468750.0,	0.09265518188476562,	0.08821487426757812
5653500000.0,	0.09222793579101562,	0.08946990966796875
5653531250.0,	0.0936126708984375,	0.091156005859375
5653562500.0,	0.0907440185546875,	0.09008026123046875
5653593750.0,	0.09130096435546875,	0.08824539184570312
5653625000.0,	0.091766357421875,	0.08995819091796875
5653656250.0,	0.09235000610351562,	0.08941268920898438
5653687500.0,	0.092926025390625,	0.08868408203125
5653718750.0,	0.09188461303710938,	0.08918380737304688
5653750000.0,	0.09142684936523438,	0.0872650146484375
5653781250.0,	0.09264755249023438,	0.0872802734375
5653812500.0,	0.09025192260742188,	0.08945846557617188
5653843750.0,	0.09210586547851562,	0.08956146240234375
5653875000.0,	0.09192657470703125,	0.08967208862304688
5653906250.0,	0.091339111328125,	0.08890151977539062
5653937500.0,	0.09084320068359375,	0.08917236328125
5653968750.0,	0.08961868286132812,	0.09041595458984375
5654000000.0,	0.09191513061523438,	0.08665084838867188
5654031250.0,	0.09072494506835938,	0.090362548828125
5654062500.0,	0.0931854248046875,	0.08824539184570312
5654093750.0,	0.09270095825195312,	0.0891571044921875
5654125000.0,	0.09221267700195312,	0.0888214111328125
5654156250.0,	0.09314727783203125,	0.08690261840820312
5654187500.0,	0.09576416015625,	0.08736038208007812
5654218750.0,	0.09453201293945312,	0.0875701904296875
5654250000.0,	0.09104537963867188,	0.08840560913085938
5654281250.0,	0.09373855590820312,	0.08868408203125
5654312500.0,	0.09415817260742188,	0.0896759033203125
5654343750.0,	0.09197235107421875,	0.0879974365234375
5654375000.0,	0.09320449829101562,	0.090484619140625
5654406250.0,	0.09226226806640625,	0.09061050415039062
5654437500.0,	0.0947113037109375,	0.08723831176757812
5654468750.0,	0.09175872802734375,	0.0886077880859375
5654500000.0,	0.09130859375,	0.088226318359375
5654531250.0,	0.09296035766601562,	0.08988189697265625
5654562500.0,	0.09240341186523438,	0.08901596069335938
5654593750.0,	0.09253311157226562,	0.08678436279296875
5654625000.0,	0.0912933349609375,	0.08677291870117188
5654656250.0,	0.09334945678710938,	0.08760452270507812
5654687500.0,	0.09294891357421875,	0.08892059326171875
5654718750.0,	0.09258270263671875,	0.08892059326171875
5654750000.0,	0.0930633544921875,	0.08773040771484375
5654781250.0,	0.0936737060546875,	0.08794403076171875
5654812500.0,	0.0930938720703125,	0.08811569213867188
5654843750.0,	0.09221267700195312,	0.08655166625976562
5654875000.0,	0.09331512451171875,	0.0861663818359375
5654906250.0,	0.08989715576171875,	0.08800125122070312
5654937500.0,	0.09215545654296875,	0.089569091796875
5654968750.0,	0.09230804443359375,	0.0877532958984375
5655000000.0,	0.09159469604492188,	0.0858001708984375
5655031250.0,	0.09326171875,	0.0886383056640625
5655062500.0,	0.09111404418945312,	0.08693313598632812
5655093750.0,	0.09083175659179688,	0.08683395385742188
5655125000.0,	0.09230804443359375,	0.08658981323242188
5655156250.0,	0.0936737060546875,	0.08814239501953125
5655187500.0,	0.09395599365234375,	0.08882522583007812
5655218750.0,	0.095672607421875,	0.08640670776367188
5655250000.0,	0.09212112426757812,	0.08658599853515625
5655281250.0,	0.091400146484375,	0.087646484375
5655312500.0,	0.09139251708984375,	0.08770370483398438
5655343750.0,	0.09449386596679688,	0.08976364135742188
5655375000.0,	0.09331893920898438,	0.0876312255859375
5655406250.0,	0.09206390380859375,	0.08756637573242188
5655437500.0,	0.09231185913085938,	0.08855056762695312
5655468750.0,	0.0919647216796875,	0.08607101440429688
5655500000.0,	0.09345245361328125,	0.08728790283203125
5655531250.0,	0.09258270263671875,	0.0884246826171875
5655562500.0,	0.09311676025390625,	0.08798980712890625
5655593750.0,	0.09253311157226562,	0.0866546630859375
5655625000.0,	0.09231948852539062,	0.08763504028320312
5655656250.0,	0.09292221069335938,	0.08671951293945312
5655687500.0,	0.09095382690429688,	0.08742141723632812
5655718750.0,	0.09091949462890625,	0.08536529541015625
5655750000.0,	0.09433746337890625,	0.08760833740234375
5655781250.0,	0.09297561645507812,	0.08734893798828125
5655812500.0,	0.09323501586914062,	0.08922958374023438
5655843750.0,	0.09364700317382812,	0.08597564697265625
5655875000.0,	0.0916748046875,	0.08538436889648438
5655906250.0,	0.092864990234375,	0.08580780029296875
5655937500.0,	0.09450912475585938,	0.08705520629882812
5655968750.0,	0.0930328369140625,	0.0875701904296875
5656000000.0,	0.093902587890625,	0.0864105224609375
5656031250.0,	0.09181976318359375,	0.08756637573242188
5656062500.0,	0.09476852416992188,	0.08682632446289062
5656093750.0,	0.09356307983398438,	0.08781051635742188
5656125000.0,	0.092987060546875,	0.08503341674804688
5656156250.0,	0.0909271240234375,	0.087371826171875
5656187500.0,	0.0931854248046875,	0.08600997924804688
5656218750.0,	0.09168243408203125,	0.08537673950195312
5656250000.0,	0.0928802490234375,	0.08528518676757812
5656281250.0,	0.09267807006835938,	0.0863800048828125
5656312500.0,	0.0934600830078125,	0.08632659912109375
5656343750.0,	0.09311294555664062,	0.08673858642578125
5656375000.0,	0.09256362915039062,	0.08702850341796875
5656406250.0,	0.09340286254882812,	0.0840606689453125
5656437500.0,	0.09184646606445312,	0.08571243286132812
5656468750.0,	0.09391021728515625,	0.08591079711914062
5656500000.0,	0.09231948852539062,	0.08409500122070312
5656531250.0,	0.0950775146484375,	0.0867919921875
5656562500.0,	0.09344100952148438,	0.08590316772460938
5656593750.0,	0.09255218505859375,	0.08697891235351562
5656625000.0,	0.09249496459960938,	0.0842437744140625
5656656250.0,	0.09122467041015625,	0.08584213256835938
5656687500.0,	0.0931854248046875,	0.08636474609375
5656718750.0,	0.09441757202148438,	0.0850982666015625
5656750000.0,	0.09226226806640625,	0.08752059936523438
5656781250.0,	0.0926055908203125,	0.08571243286132812
5656812500.0,	0.09402847290039062,	0.08678054809570312
5656843750.0,	0.09349822998046875,	0.086639404296875
5656875000.0,	0.09102630615234375,	0.08726882934570312
5656906250.0,	0.09473800659179688,	0.08584213256835938
5656937500.0,	0.09234619140625,	0.08615493774414062
5656968750.0,	0.09286880493164062,	0.08602523803710938
5657000000.0,	0.0921173095703125,	0.08681106567382812
5657031250.0,	0.09172439575195312,	0.08748626708984375
5657062500.0,	0.0937042236328125,	0.08664703369140625
5657093750.0,	0.09300613403320312,	0.08293914794921875
5657125000.0,	0.0928802490234375,	0.08546066284179688
5657156250.0,	0.09264755249023438,	0.08628082275390625
5657187500.0,	0.09166717529296875,	0.08591842651367188
5657218750.0,	0.0914764404296875,	0.08423233032226562
5657250000.0,	0.09183502197265625,	0.08491897583007812
5657281250.0,	0.09291839599609375,	0.08674240112304688
5657312500.0,	0.0908355712890625,	0.08657455444335938
5657343750.0,	0.093017578125,	0.08345413208007812
5657375000.0,	0.09204483032226562,	0.08799362182617188
5657406250.0,	0.09124374389648438,	0.08556365966796875
5657437500.0,	0.09218978881835938,	0.08432388305664062
5657468750.0,	0.093170166015625,	0.08444595336914062
5657500000.0,	0.09175491333007812,	0.08378982543945312
5657531250.0,	0.09244155883789062,	0.0849151611328125
5657562500.0,	0.09395980834960938,	0.08726882934570312
5657593750.0,	0.09189224243164062,	0.08618927001953125
5657625000.0,	0.09241867065429688,	0.08293533325195312
5657656250.0,	0.09340667724609375,	0.08513641357421875
5657687500.0,	0.089691162109375,	0.08607864379882812
5657718750.0,	0.092193603515625,	0.08564376831054688
5657750000.0,	0.09207534790039062,	0.08442306518554688
5657781250.0,	0.09148406982421875,	0.08463287353515625
5657812500.0,	0.09254074096679688,	0.08400344848632812
5657843750.0,	0.09183502197265625,	0.08506393432617188
5657875000.0,	0.09297943115234375,	0.08550643920898438
5657906250.0,	0.09032058715820312,	0.08500289916992188
5657937500.0,	0.09219741821289062,	0.08458709716796875
5657968750.0,	0.09283065795898438,	0.0850982666015625
5658000000.0,	0.093841552734375,	0.08507537841796875
5658031250.0,	0.093048095703125,	0.08295059204101562
5658062500.0,	0.09244918823242188,	0.08348464965820312
5658093750.0,	0.09299850463867188,	0.08455276489257812
5658125000.0,	0.09041595458984375,	0.08651351928710938
5658156250.0,	0.090972900390625,	0.08520889282226562
5658187500.0,	0.09342193603515625,	0.08463668823242188
5658218750.0,	0.09290695190429688,	0.086334228515625
5658250000.0,	0.09394073486328125,	0.08245849609375
5658281250.0,	0.09185791015625,	0.08399200439453125
5658312500.0,	0.09136581420898438,	0.0838775634765625
5658343750.0,	0.09072113037109375,	0.0832366943359375
5658375000.0,	0.09112548828125,	0.08361053466796875
5658406250.0,	0.0933380126953125,	0.08383560180664062
5658437500.0,	0.09334182739257812,	0.08504104614257812
5658468750.0,	0.09262847900390625,	0.08380889892578125
5658500000.0,	0.0927734375,	0.0824737548828125
5658531250.0,	0.09263992309570312,	0.08233642578125
5658562500.0,	0.09085845947265625,	0.08300399780273438
5658593750.0,	0.09246826171875,	0.08424758911132812
5658625000.0,	0.09386444091796875,	0.0839080810546875
5658656250.0,	0.09151458740234375,	0.08464431762695312
5658687500.0,	0.09229660034179688,	0.083099365234375
5658718750.0,	0.09107208251953125,	0.08394622802734375
5658750000.0,	0.0910797119140625,	0.08388519287109375
5658781250.0,	0.09217453002929688,	0.0836181640625
5658812500.0,	0.09373855590820312,	0.0843505859375
5658843750.0,	0.09186935424804688,	0.08273696899414062
5658875000.0,	0.09458160400390625,	0.0844573974609375
5658906250.0,	0.09330368041992188,	0.08413314819335938
5658937500.0,	0.0943756103515625,	0.08541107177734375
5658968750.0,	0.09158706665039062,	0.08353805541992188
5659000000.0,	0.09177017211914062,	0.08217239379882812
5659031250.0,	0.0925445556640625,	0.08459854125976562
5659062500.0,	0.09327316284179688,	0.083221435546875
5659093750.0,	0.09382247924804688,	0.08563232421875
5659125000.0,	0.09201812744140625,	0.08367156982421875
5659156250.0,	0.0922698974609375,	0.08182525634765625
5659187500.0,	0.0942535400390625,	0.083709716796875
5659218750.0,	0.092437744140625,	0.0810699462890625
5659250000.0,	0.09094619750976562,	0.0808868408203125
5659281250.0,	0.09246826171875,	0.08123397827148438
5659312500.0,	0.0932769775390625,	0.08330154418945312
5659343750.0,	0.09221267700195312,	0.08200454711914062
5659375000.0,	0.09122085571289062,	0.08161544799804688
5659406250.0,	0.09158706665039062,	0.08196640014648438
5659437500.0,	0.09132766723632812,	0.08329010009765625
5659468750.0,	0.09436798095703125,	0.08161163330078125
5659500000.0,	0.0925445556640625,	0.08243560791015625
5659531250.0,	0.09243011474609375,	0.08184051513671875
5659562500.0,	0.09239959716796875,	0.0826416015625
5659593750.0,	0.09124755859375,	0.08040237426757812
5659625000.0,	0.09343719482421875,	0.0828399658203125
5659656250.0,	0.09218215942382812,	0.08403778076171875
5659687500.0,	0.09166336059570312,	0.08528518676757812
5659718750.0,	0.0941009521484375,	0.08418655395507812
5659750000.0,	0.09490203857421875,	0.081573486328125
5659781250.0,	0.0936737060546875,	0.0824737548828125
5659812500.0,	0.09400558471679688,	0.08230972290039062
5659843750.0,	0.09365463256835938,	0.08198928833007812
5659875000.0,	0.09334564208984375,	0.08441543579101562
5659906250.0,	0.09154129028320312,	0.08343505859375
5659937500.0,	0.09157943725585938,	0.08063507080078125
5659968750.0,	0.09284210205078125,	0.08180618286132812
5660000000.0,	0.09302520751953125,	0.082305908203125
