5310037500.0,	0.04573249816894531,	0.0543212890625
5310075000.0,	0.0454864501953125,	0.05553627014160156
5310112500.0,	0.04518318176269531,	0.05199432373046875
5310150000.0,	0.04651641845703125,	0.054187774658203125
5310187500.0,	0.045467376708984375,	0.05277442932128906
5310225000.0,	0.046787261962890625,	0.055080413818359375
5310262500.0,	0.04566001892089844,	0.05383872985839844
5310300000.0,	0.046295166015625,	0.05361366271972656
5310337500.0,	0.04568290710449219,	0.0548248291015625
5310375000.0,	0.046001434326171875,	0.054935455322265625
5310412500.0,	0.04675102233886719,	0.05492591857910156
5310450000.0,	0.04610443115234375,	0.052486419677734375
5310487500.0,	0.04670906066894531,	0.05519676208496094
5310525000.0,	0.0441131591796875,	0.053936004638671875
5310562500.0,	0.0452423095703125,	0.05446624755859375
5310600000.0,	0.04659080505371094,	0.05343437194824219
5310637500.0,	0.04702568054199219,	0.0555877685546875
5310675000.0,	0.045787811279296875,	0.0540771484375
5310712500.0,	0.0468597412109375,	0.054462432861328125
5310750000.0,	0.04607391357421875,	0.05511474609375
5310787500.0,	0.04671478271484375,	0.055233001708984375
5310825000.0,	0.04510498046875,	0.05418586730957031
5310862500.0,	0.04528999328613281,	0.05367279052734375
5310900000.0,	0.047351837158203125,	0.05372047424316406
5310937500.0,	0.046962738037109375,	0.05182456970214844
5310975000.0,	0.04788970947265625,	0.05490303039550781
5311012500.0,	0.04674530029296875,	0.054904937744140625
5311050000.0,	0.048282623291015625,	0.05174827575683594
5311087500.0,	0.04613494873046875,	0.053958892822265625
5311125000.0,	0.04676246643066406,	0.05520439147949219
5311162500.0,	0.04586982727050781,	0.05328369140625
5311200000.0,	0.04651641845703125,	0.055248260498046875
5311237500.0,	0.04741668701171875,	0.05633544921875
5311275000.0,	0.04711151123046875,	0.054775238037109375
5311312500.0,	0.04648017883300781,	0.054965972900390625
5311350000.0,	0.046356201171875,	0.054859161376953125
5311387500.0,	0.04700469970703125,	0.053173065185546875
5311425000.0,	0.0458221435546875,	0.05672454833984375
5311462500.0,	0.048519134521484375,	0.055576324462890625
5311500000.0,	0.046504974365234375,	0.05648612976074219
5311537500.0,	0.04701423645019531,	0.057315826416015625
5311575000.0,	0.048900604248046875,	0.05591392517089844
5311612500.0,	0.04728889465332031,	0.054721832275390625
5311650000.0,	0.04589653015136719,	0.05498504638671875
5311687500.0,	0.04808807373046875,	0.05417060852050781
5311725000.0,	0.048084259033203125,	0.05365562438964844
5311762500.0,	0.04720497131347656,	0.055423736572265625
5311800000.0,	0.045166015625,	0.05301856994628906
5311837500.0,	0.045864105224609375,	0.0565948486328125
5311875000.0,	0.047740936279296875,	0.0572509765625
5311912500.0,	0.04665946960449219,	0.05367851257324219
5311950000.0,	0.04676246643066406,	0.05349540710449219
5311987500.0,	0.04782867431640625,	0.05460548400878906
5312025000.0,	0.04799842834472656,	0.055324554443359375
5312062500.0,	0.04598045349121094,	0.05611610412597656
5312100000.0,	0.04691505432128906,	0.054767608642578125
5312137500.0,	0.04831123352050781,	0.05484580993652344
5312175000.0,	0.04547119140625,	0.057888031005859375
5312212500.0,	0.04768943786621094,	0.05582427978515625
5312250000.0,	0.04691886901855469,	0.05261802673339844
5312287500.0,	0.045925140380859375,	0.054058074951171875
5312325000.0,	0.04530906677246094,	0.05544853210449219
5312362500.0,	0.04670906066894531,	0.05532646179199219
5312400000.0,	0.048671722412109375,	0.056789398193359375
5312437500.0,	0.04794502258300781,	0.054798126220703125
5312475000.0,	0.04873466491699219,	0.054073333740234375
5312512500.0,	0.047351837158203125,	0.05497169494628906
5312550000.0,	0.04678916931152344,	0.05547904968261719
5312587500.0,	0.046924591064453125,	0.055377960205078125
5312625000.0,	0.04711341857910156,	0.055072784423828125
5312662500.0,	0.04783821105957031,	0.05733680725097656
5312700000.0,	0.04769134521484375,	0.056324005126953125
5312737500.0,	0.04747581481933594,	0.05356407165527344
5312775000.0,	0.04689216613769531,	0.054500579833984375
5312812500.0,	0.048244476318359375,	0.05641937255859375
5312850000.0,	0.047054290771484375,	0.05544090270996094
5312887500.0,	0.04632377624511719,	0.05355644226074219
5312925000.0,	0.04755210876464844,	0.05413055419921875
5312962500.0,	0.0478515625,	0.055500030517578125
5313000000.0,	0.046417236328125,	0.0557708740234375
5313037500.0,	0.04841423034667969,	0.05720329284667969
5313075000.0,	0.04672050476074219,	0.054718017578125
5313112500.0,	0.04848670959472656,	0.05667304992675781
5313150000.0,	0.04879570007324219,	0.05700111389160156
5313187500.0,	0.04826545715332031,	0.05431365966796875
5313225000.0,	0.04845428466796875,	0.05622291564941406
5313262500.0,	0.04685211181640625,	0.05483055114746094
5313300000.0,	0.04889678955078125,	0.05570220947265625
5313337500.0,	0.04857063293457031,	0.056102752685546875
5313375000.0,	0.04854774475097656,	0.05386543273925781
5313412500.0,	0.05057525634765625,	0.05599021911621094
5313450000.0,	0.04633903503417969,	0.05691719055175781
5313487500.0,	0.046215057373046875,	0.056034088134765625
5313525000.0,	0.04761314392089844,	0.054279327392578125
5313562500.0,	0.04758644104003906,	0.05805206298828125
5313600000.0,	0.04884147644042969,	0.05596733093261719
5313637500.0,	0.047534942626953125,	0.05663871765136719
5313675000.0,	0.04741096496582031,	0.05599212646484375
5313712500.0,	0.04734992980957031,	0.05579566955566406
5313750000.0,	0.046588897705078125,	0.05727386474609375
5313787500.0,	0.048267364501953125,	0.055385589599609375
5313825000.0,	0.04906654357910156,	0.05490303039550781
5313862500.0,	0.04776763916015625,	0.05660057067871094
5313900000.0,	0.04778289794921875,	0.0571746826171875
5313937500.0,	0.04767799377441406,	0.05557823181152344
5313975000.0,	0.04586982727050781,	0.05559730529785156
5314012500.0,	0.04831123352050781,	0.05891609191894531
5314050000.0,	0.047252655029296875,	0.05781364440917969
5314087500.0,	0.0476837158203125,	0.05712318420410156
5314125000.0,	0.04825782775878906,	0.05693626403808594
5314162500.0,	0.04697227478027344,	0.0564422607421875
5314200000.0,	0.04656791687011719,	0.05809783935546875
5314237500.0,	0.04853057861328125,	0.0549468994140625
5314275000.0,	0.04622459411621094,	0.055965423583984375
5314312500.0,	0.05021858215332031,	0.056888580322265625
5314350000.0,	0.04962348937988281,	0.05773735046386719
5314387500.0,	0.04559898376464844,	0.05646705627441406
5314425000.0,	0.04739189147949219,	0.05649757385253906
5314462500.0,	0.04710197448730469,	0.05619049072265625
5314500000.0,	0.04924583435058594,	0.055934906005859375
5314537500.0,	0.04754066467285156,	0.055484771728515625
5314575000.0,	0.048435211181640625,	0.058040618896484375
5314612500.0,	0.04933738708496094,	0.056697845458984375
5314650000.0,	0.047885894775390625,	0.05745124816894531
5314687500.0,	0.04734992980957031,	0.05669593811035156
5314725000.0,	0.04938507080078125,	0.0555572509765625
5314762500.0,	0.048717498779296875,	0.058689117431640625
5314800000.0,	0.04713630676269531,	0.05811882019042969
5314837500.0,	0.04865455627441406,	0.057003021240234375
5314875000.0,	0.04795265197753906,	0.05623054504394531
5314912500.0,	0.04894828796386719,	0.05803680419921875
5314950000.0,	0.04920005798339844,	0.056934356689453125
5314987500.0,	0.046733856201171875,	0.055889129638671875
5315025000.0,	0.048267364501953125,	0.056697845458984375
5315062500.0,	0.04807090759277344,	0.05454063415527344
5315100000.0,	0.049957275390625,	0.05674934387207031
5315137500.0,	0.05050468444824219,	0.0548858642578125
5315175000.0,	0.04846954345703125,	0.05734443664550781
5315212500.0,	0.04828834533691406,	0.058910369873046875
5315250000.0,	0.04734992980957031,	0.055217742919921875
5315287500.0,	0.0485992431640625,	0.057605743408203125
5315325000.0,	0.04853057861328125,	0.05539894104003906
5315362500.0,	0.04867362976074219,	0.058185577392578125
5315400000.0,	0.0485382080078125,	0.0583343505859375
5315437500.0,	0.04837799072265625,	0.05617713928222656
5315475000.0,	0.049282073974609375,	0.05703926086425781
5315512500.0,	0.048473358154296875,	0.057643890380859375
5315550000.0,	0.04906654357910156,	0.05661582946777344
5315587500.0,	0.050121307373046875,	0.055835723876953125
5315625000.0,	0.04937934875488281,	0.0587005615234375
5315662500.0,	0.04993629455566406,	0.057888031005859375
5315700000.0,	0.04749870300292969,	0.05615043640136719
5315737500.0,	0.04801750183105469,	0.05629730224609375
5315775000.0,	0.048526763916015625,	0.0564117431640625
5315812500.0,	0.048305511474609375,	0.05760955810546875
5315850000.0,	0.050128936767578125,	0.05691337585449219
5315887500.0,	0.05069541931152344,	0.0579986572265625
5315925000.0,	0.049053192138671875,	0.0593414306640625
5315962500.0,	0.04963493347167969,	0.05833244323730469
5316000000.0,	0.04934120178222656,	0.05817604064941406
5316037500.0,	0.049495697021484375,	0.05970001220703125
5316075000.0,	0.049770355224609375,	0.05765724182128906
5316112500.0,	0.04869651794433594,	0.055759429931640625
5316150000.0,	0.04910850524902344,	0.05677032470703125
5316187500.0,	0.05027580261230469,	0.05675315856933594
5316225000.0,	0.04780006408691406,	0.05576515197753906
5316262500.0,	0.0481109619140625,	0.05681037902832031
5316300000.0,	0.05006599426269531,	0.05826568603515625
5316337500.0,	0.047878265380859375,	0.056285858154296875
5316375000.0,	0.05077934265136719,	0.05817604064941406
5316412500.0,	0.04770851135253906,	0.0577850341796875
5316450000.0,	0.047657012939453125,	0.05977439880371094
5316487500.0,	0.04799652099609375,	0.057262420654296875
5316525000.0,	0.048381805419921875,	0.0587921142578125
5316562500.0,	0.0500946044921875,	0.05941009521484375
5316600000.0,	0.049007415771484375,	0.057254791259765625
5316637500.0,	0.04974937438964844,	0.0583953857421875
5316675000.0,	0.04965972900390625,	0.056850433349609375
5316712500.0,	0.05174827575683594,	0.05754280090332031
5316750000.0,	0.04876136779785156,	0.05768775939941406
5316787500.0,	0.04824256896972656,	0.05797576904296875
5316825000.0,	0.04810333251953125,	0.05763816833496094
5316862500.0,	0.049304962158203125,	0.05771827697753906
5316900000.0,	0.048370361328125,	0.0590362548828125
5316937500.0,	0.04842948913574219,	0.05932426452636719
5316975000.0,	0.04886627197265625,	0.05775260925292969
5317012500.0,	0.04936027526855469,	0.057392120361328125
5317050000.0,	0.04866981506347656,	0.056797027587890625
5317087500.0,	0.04972267150878906,	0.058292388916015625
5317125000.0,	0.04965400695800781,	0.055797576904296875
5317162500.0,	0.0487823486328125,	0.05768585205078125
5317200000.0,	0.05160331726074219,	0.05787849426269531
5317237500.0,	0.05024528503417969,	0.05809211730957031
5317275000.0,	0.0496063232421875,	0.0594329833984375
5317312500.0,	0.048488616943359375,	0.05803108215332031
5317350000.0,	0.04858207702636719,	0.05529975891113281
5317387500.0,	0.04825592041015625,	0.057216644287109375
5317425000.0,	0.048412322998046875,	0.05728721618652344
5317462500.0,	0.05014991760253906,	0.05871391296386719
5317500000.0,	0.0488433837890625,	0.05719757080078125
5317537500.0,	0.049228668212890625,	0.058376312255859375
5317575000.0,	0.0499420166015625,	0.05938911437988281
5317612500.0,	0.052562713623046875,	0.0590667724609375
5317650000.0,	0.05220222473144531,	0.0582733154296875
5317687500.0,	0.05111885070800781,	0.0584716796875
5317725000.0,	0.04933357238769531,	0.05960845947265625
5317762500.0,	0.04986000061035156,	0.05879020690917969
5317800000.0,	0.049633026123046875,	0.05720710754394531
5317837500.0,	0.05074882507324219,	0.05729484558105469
5317875000.0,	0.049121856689453125,	0.05920219421386719
5317912500.0,	0.04920005798339844,	0.05784797668457031
5317950000.0,	0.05089378356933594,	0.060291290283203125
5317987500.0,	0.05013847351074219,	0.05921173095703125
5318025000.0,	0.05096435546875,	0.059055328369140625
5318062500.0,	0.05076026916503906,	0.05989265441894531
5318100000.0,	0.0495452880859375,	0.06019020080566406
5318137500.0,	0.04946136474609375,	0.057132720947265625
5318175000.0,	0.051212310791015625,	0.05957794189453125
5318212500.0,	0.04909515380859375,	0.05712318420410156
5318250000.0,	0.04988670349121094,	0.05793952941894531
5318287500.0,	0.04904747009277344,	0.05962181091308594
5318325000.0,	0.053363800048828125,	0.056987762451171875
5318362500.0,	0.05169486999511719,	0.05657386779785156
5318400000.0,	0.05031776428222656,	0.05904197692871094
5318437500.0,	0.04973602294921875,	0.05821990966796875
5318475000.0,	0.04973793029785156,	0.05855369567871094
5318512500.0,	0.0497283935546875,	0.05828285217285156
5318550000.0,	0.051120758056640625,	0.059963226318359375
5318587500.0,	0.05156707763671875,	0.059101104736328125
5318625000.0,	0.05095672607421875,	0.05755615234375
5318662500.0,	0.05056953430175781,	0.05789375305175781
5318700000.0,	0.05030059814453125,	0.05755615234375
5318737500.0,	0.05016899108886719,	0.059070587158203125
5318775000.0,	0.05170249938964844,	0.05687904357910156
5318812500.0,	0.050769805908203125,	0.05888557434082031
5318850000.0,	0.04953765869140625,	0.058727264404296875
5318887500.0,	0.05318641662597656,	0.058528900146484375
5318925000.0,	0.04950714111328125,	0.05937004089355469
5318962500.0,	0.05216217041015625,	0.05583763122558594
5319000000.0,	0.04923820495605469,	0.058811187744140625
5319037500.0,	0.05074882507324219,	0.059101104736328125
5319075000.0,	0.05265998840332031,	0.05780982971191406
5319112500.0,	0.049915313720703125,	0.058933258056640625
5319150000.0,	0.05348777770996094,	0.058563232421875
5319187500.0,	0.050785064697265625,	0.05919075012207031
5319225000.0,	0.050502777099609375,	0.057666778564453125
5319262500.0,	0.05114936828613281,	0.06117820739746094
5319300000.0,	0.051319122314453125,	0.05699348449707031
5319337500.0,	0.051586151123046875,	0.05929756164550781
5319375000.0,	0.0518035888671875,	0.0582427978515625
5319412500.0,	0.05023384094238281,	0.05768013000488281
5319450000.0,	0.04940223693847656,	0.0601959228515625
5319487500.0,	0.05161285400390625,	0.060298919677734375
5319525000.0,	0.05161476135253906,	0.06083488464355469
5319562500.0,	0.0518798828125,	0.06051445007324219
5319600000.0,	0.05025672912597656,	0.06008148193359375
5319637500.0,	0.05239105224609375,	0.06121826171875
5319675000.0,	0.0513763427734375,	0.05956840515136719
5319712500.0,	0.05181121826171875,	0.05873870849609375
5319750000.0,	0.04884910583496094,	0.057735443115234375
5319787500.0,	0.049678802490234375,	0.05929756164550781
5319825000.0,	0.05094146728515625,	0.05765342712402344
5319862500.0,	0.05203056335449219,	0.06035804748535156
5319900000.0,	0.05455207824707031,	0.05867195129394531
5319937500.0,	0.05143165588378906,	0.0581512451171875
5319975000.0,	0.049694061279296875,	0.05889320373535156
5320012500.0,	0.05108642578125,	0.059650421142578125
5320050000.0,	0.04978370666503906,	0.0594940185546875
5320087500.0,	0.05047607421875,	0.06073570251464844
5320125000.0,	0.05141639709472656,	0.05813407897949219
5320162500.0,	0.051914215087890625,	0.05868721008300781
5320200000.0,	0.05202484130859375,	0.057586669921875
5320237500.0,	0.051616668701171875,	0.061260223388671875
5320275000.0,	0.05249786376953125,	0.05848121643066406
5320312500.0,	0.052616119384765625,	0.057788848876953125
5320350000.0,	0.05179595947265625,	0.05885124206542969
5320387500.0,	0.051609039306640625,	0.05741310119628906
5320425000.0,	0.05121421813964844,	0.059814453125
5320462500.0,	0.05249595642089844,	0.058837890625
5320500000.0,	0.05183982849121094,	0.06207084655761719
5320537500.0,	0.05087089538574219,	0.06065559387207031
5320575000.0,	0.05083656311035156,	0.06196403503417969
5320612500.0,	0.05196380615234375,	0.05898284912109375
5320650000.0,	0.05290794372558594,	0.06027030944824219
5320687500.0,	0.05391883850097656,	0.05827140808105469
5320725000.0,	0.0517425537109375,	0.05944061279296875
5320762500.0,	0.05461883544921875,	0.06113243103027344
5320800000.0,	0.051342010498046875,	0.059276580810546875
5320837500.0,	0.052886962890625,	0.06212615966796875
5320875000.0,	0.05180931091308594,	0.06085777282714844
5320912500.0,	0.05190086364746094,	0.06154823303222656
5320950000.0,	0.05228614807128906,	0.05974388122558594
5320987500.0,	0.05191802978515625,	0.06031990051269531
5321025000.0,	0.050823211669921875,	0.06055641174316406
5321062500.0,	0.054477691650390625,	0.05989646911621094
5321100000.0,	0.05249214172363281,	0.05861091613769531
5321137500.0,	0.0543060302734375,	0.05880928039550781
5321175000.0,	0.051837921142578125,	0.061031341552734375
5321212500.0,	0.052829742431640625,	0.062259674072265625
5321250000.0,	0.05291938781738281,	0.06083106994628906
5321287500.0,	0.05126953125,	0.059661865234375
5321325000.0,	0.05515480041503906,	0.05971336364746094
5321362500.0,	0.05057334899902344,	0.05991363525390625
5321400000.0,	0.0508880615234375,	0.06114006042480469
5321437500.0,	0.0533599853515625,	0.05985069274902344
5321475000.0,	0.051509857177734375,	0.06004142761230469
5321512500.0,	0.05321502685546875,	0.0601654052734375
5321550000.0,	0.05190849304199219,	0.05896186828613281
5321587500.0,	0.05321693420410156,	0.06160163879394531
5321625000.0,	0.053150177001953125,	0.06113243103027344
5321662500.0,	0.053375244140625,	0.05893898010253906
5321700000.0,	0.05101203918457031,	0.06060218811035156
5321737500.0,	0.054119110107421875,	0.0593414306640625
5321775000.0,	0.051761627197265625,	0.0605926513671875
5321812500.0,	0.05168342590332031,	0.06073570251464844
5321850000.0,	0.05201530456542969,	0.062160491943359375
5321887500.0,	0.052944183349609375,	0.05879402160644531
5321925000.0,	0.05280494689941406,	0.06102561950683594
5321962500.0,	0.052791595458984375,	0.05947303771972656
5322000000.0,	0.05271339416503906,	0.05956459045410156
5322037500.0,	0.05460548400878906,	0.05764961242675781
5322075000.0,	0.05461883544921875,	0.059902191162109375
5322112500.0,	0.05385398864746094,	0.05916595458984375
5322150000.0,	0.05387115478515625,	0.0597991943359375
5322187500.0,	0.05385017395019531,	0.05999755859375
5322225000.0,	0.05360603332519531,	0.06027030944824219
5322262500.0,	0.05337715148925781,	0.058864593505859375
5322300000.0,	0.05455780029296875,	0.05990028381347656
5322337500.0,	0.053050994873046875,	0.06004524230957031
5322375000.0,	0.05531883239746094,	0.05911827087402344
5322412500.0,	0.05454826354980469,	0.05989646911621094
5322450000.0,	0.055820465087890625,	0.05998420715332031
5322487500.0,	0.05292320251464844,	0.06124305725097656
5322525000.0,	0.05070686340332031,	0.05991935729980469
5322562500.0,	0.05306053161621094,	0.06043243408203125
5322600000.0,	0.05323600769042969,	0.06110382080078125
5322637500.0,	0.054035186767578125,	0.060352325439453125
5322675000.0,	0.05306434631347656,	0.06163787841796875
5322712500.0,	0.05330657958984375,	0.0615997314453125
5322750000.0,	0.05412483215332031,	0.05889892578125
5322787500.0,	0.05411338806152344,	0.06014823913574219
5322825000.0,	0.05453681945800781,	0.0598602294921875
5322862500.0,	0.05325126647949219,	0.0589141845703125
5322900000.0,	0.05333709716796875,	0.05995750427246094
5322937500.0,	0.0529632568359375,	0.0616607666015625
5322975000.0,	0.05331611633300781,	0.06048011779785156
5323012500.0,	0.05367851257324219,	0.05965232849121094
5323050000.0,	0.05296134948730469,	0.06009101867675781
5323087500.0,	0.05628013610839844,	0.059844970703125
5323125000.0,	0.05367851257324219,	0.0587158203125
5323162500.0,	0.05316352844238281,	0.06078910827636719
5323200000.0,	0.05646514892578125,	0.062591552734375
5323237500.0,	0.05490303039550781,	0.060825347900390625
5323275000.0,	0.054901123046875,	0.061656951904296875
5323312500.0,	0.0529022216796875,	0.06108283996582031
5323350000.0,	0.05258750915527344,	0.06194305419921875
5323387500.0,	0.05379676818847656,	0.06077766418457031
5323425000.0,	0.05456352233886719,	0.05877685546875
5323462500.0,	0.05394172668457031,	0.06055259704589844
5323500000.0,	0.054645538330078125,	0.06217002868652344
5323537500.0,	0.05749320983886719,	0.059574127197265625
5323575000.0,	0.05542755126953125,	0.06136131286621094
5323612500.0,	0.0555267333984375,	0.05974388122558594
5323650000.0,	0.05365943908691406,	0.059871673583984375
5323687500.0,	0.054447174072265625,	0.059162139892578125
5323725000.0,	0.055492401123046875,	0.06372833251953125
5323762500.0,	0.052532196044921875,	0.06077384948730469
5323800000.0,	0.053874969482421875,	0.06051063537597656
5323837500.0,	0.055450439453125,	0.05916595458984375
5323875000.0,	0.052764892578125,	0.06312179565429688
5323912500.0,	0.054653167724609375,	0.060817718505859375
5323950000.0,	0.054233551025390625,	0.06243324279785156
5323987500.0,	0.056133270263671875,	0.05801582336425781
5324025000.0,	0.054119110107421875,	0.06099700927734375
5324062500.0,	0.054149627685546875,	0.06046485900878906
5324100000.0,	0.05425834655761719,	0.06162071228027344
5324137500.0,	0.05434608459472656,	0.06097221374511719
5324175000.0,	0.05444526672363281,	0.05865287780761719
5324212500.0,	0.054840087890625,	0.060993194580078125
5324250000.0,	0.05600929260253906,	0.060703277587890625
5324287500.0,	0.05572700500488281,	0.05953025817871094
5324325000.0,	0.05596923828125,	0.06061553955078125
5324362500.0,	0.055438995361328125,	0.06171226501464844
5324400000.0,	0.0537109375,	0.05982208251953125
5324437500.0,	0.0525360107421875,	0.06144142150878906
5324475000.0,	0.05422782897949219,	0.061840057373046875
5324512500.0,	0.05610466003417969,	0.060535430908203125
5324550000.0,	0.05547904968261719,	0.059322357177734375
5324587500.0,	0.05672645568847656,	0.06058692932128906
5324625000.0,	0.0562286376953125,	0.060699462890625
5324662500.0,	0.056308746337890625,	0.06264877319335938
5324700000.0,	0.05626678466796875,	0.06258392333984375
5324737500.0,	0.054920196533203125,	0.0631561279296875
5324775000.0,	0.055084228515625,	0.061847686767578125
5324812500.0,	0.05651664733886719,	0.059864044189453125
5324850000.0,	0.05508995056152344,	0.061065673828125
5324887500.0,	0.05731391906738281,	0.061428070068359375
5324925000.0,	0.05167388916015625,	0.06221961975097656
5324962500.0,	0.057170867919921875,	0.06165885925292969
5325000000.0,	0.059417724609375,	0.059749603271484375
5325037500.0,	0.05694580078125,	0.06190681457519531
5325075000.0,	0.05551910400390625,	0.06169891357421875
5325112500.0,	0.0557098388671875,	0.060001373291015625
5325150000.0,	0.05588340759277344,	0.061565399169921875
5325187500.0,	0.054607391357421875,	0.060298919677734375
5325225000.0,	0.057750701904296875,	0.05915069580078125
5325262500.0,	0.05484962463378906,	0.06173515319824219
5325300000.0,	0.055561065673828125,	0.06258010864257812
5325337500.0,	0.05814552307128906,	0.06012725830078125
5325375000.0,	0.057254791259765625,	0.06178855895996094
5325412500.0,	0.054668426513671875,	0.0589752197265625
5325450000.0,	0.055675506591796875,	0.06307601928710938
5325487500.0,	0.055255889892578125,	0.06325531005859375
5325525000.0,	0.057220458984375,	0.06052207946777344
5325562500.0,	0.05579948425292969,	0.06002044677734375
5325600000.0,	0.055622100830078125,	0.06104850769042969
5325637500.0,	0.05658721923828125,	0.0624847412109375
5325675000.0,	0.056529998779296875,	0.06124687194824219
5325712500.0,	0.05449867248535156,	0.060070037841796875
5325750000.0,	0.056308746337890625,	0.06031608581542969
5325787500.0,	0.05468559265136719,	0.0597686767578125
5325825000.0,	0.056240081787109375,	0.061603546142578125
5325862500.0,	0.05444145202636719,	0.061656951904296875
5325900000.0,	0.05743408203125,	0.062145233154296875
5325937500.0,	0.05690574645996094,	0.061222076416015625
5325975000.0,	0.056507110595703125,	0.06148529052734375
5326012500.0,	0.05629539489746094,	0.05885124206542969
5326050000.0,	0.05758094787597656,	0.059886932373046875
5326087500.0,	0.057735443115234375,	0.0601806640625
5326125000.0,	0.053466796875,	0.06167411804199219
5326162500.0,	0.05896186828613281,	0.059925079345703125
5326200000.0,	0.05841255187988281,	0.060779571533203125
5326237500.0,	0.05692863464355469,	0.060916900634765625
5326275000.0,	0.0564117431640625,	0.060882568359375
5326312500.0,	0.057552337646484375,	0.05958747863769531
5326350000.0,	0.05672645568847656,	0.06130409240722656
5326387500.0,	0.05430030822753906,	0.060482025146484375
5326425000.0,	0.05695915222167969,	0.06136512756347656
5326462500.0,	0.05596160888671875,	0.06250381469726562
5326500000.0,	0.05739784240722656,	0.06021690368652344
5326537500.0,	0.05611991882324219,	0.06150627136230469
5326575000.0,	0.05775642395019531,	0.06124687194824219
5326612500.0,	0.05750465393066406,	0.06238365173339844
5326650000.0,	0.0566558837890625,	0.06140899658203125
5326687500.0,	0.0578765869140625,	0.05960655212402344
5326725000.0,	0.05753517150878906,	0.060382843017578125
5326762500.0,	0.05806159973144531,	0.0618133544921875
5326800000.0,	0.06025505065917969,	0.05983734130859375
5326837500.0,	0.05759620666503906,	0.060741424560546875
5326875000.0,	0.0553741455078125,	0.06143379211425781
5326912500.0,	0.05792427062988281,	0.057861328125
5326950000.0,	0.05830955505371094,	0.05955314636230469
5326987500.0,	0.05568695068359375,	0.06076622009277344
5327025000.0,	0.05640220642089844,	0.06054115295410156
5327062500.0,	0.055431365966796875,	0.05909156799316406
5327100000.0,	0.05620574951171875,	0.06122398376464844
5327137500.0,	0.05792045593261719,	0.059375762939453125
5327175000.0,	0.05750083923339844,	0.059417724609375
5327212500.0,	0.058521270751953125,	0.0613555908203125
5327250000.0,	0.05717658996582031,	0.06018638610839844
5327287500.0,	0.057895660400390625,	0.061252593994140625
5327325000.0,	0.058300018310546875,	0.06319046020507812
5327362500.0,	0.05721855163574219,	0.06213951110839844
5327400000.0,	0.05834007263183594,	0.06220436096191406
5327437500.0,	0.057346343994140625,	0.06115531921386719
5327475000.0,	0.0568084716796875,	0.05926704406738281
5327512500.0,	0.05967140197753906,	0.06065177917480469
5327550000.0,	0.057590484619140625,	0.059711456298828125
5327587500.0,	0.057804107666015625,	0.06095695495605469
5327625000.0,	0.05581474304199219,	0.05916786193847656
5327662500.0,	0.057277679443359375,	0.060291290283203125
5327700000.0,	0.05780792236328125,	0.06236076354980469
5327737500.0,	0.056835174560546875,	0.06115913391113281
5327775000.0,	0.057941436767578125,	0.0619354248046875
5327812500.0,	0.057376861572265625,	0.06257247924804688
5327850000.0,	0.057521820068359375,	0.06096458435058594
5327887500.0,	0.056560516357421875,	0.06041526794433594
5327925000.0,	0.0589752197265625,	0.06109619140625
5327962500.0,	0.05884552001953125,	0.06076812744140625
5328000000.0,	0.05746269226074219,	0.06199836730957031
5328037500.0,	0.05735206604003906,	0.05945587158203125
5328075000.0,	0.060070037841796875,	0.060760498046875
5328112500.0,	0.06006813049316406,	0.06137275695800781
5328150000.0,	0.05940055847167969,	0.06113433837890625
5328187500.0,	0.05895042419433594,	0.060970306396484375
5328225000.0,	0.05757331848144531,	0.05962181091308594
5328262500.0,	0.05821418762207031,	0.05912208557128906
5328300000.0,	0.058872222900390625,	0.060943603515625
5328337500.0,	0.06081390380859375,	0.06014442443847656
5328375000.0,	0.05872917175292969,	0.06191253662109375
5328412500.0,	0.05877876281738281,	0.060977935791015625
5328450000.0,	0.05919456481933594,	0.058612823486328125
5328487500.0,	0.058238983154296875,	0.05912017822265625
5328525000.0,	0.05882453918457031,	0.06077003479003906
5328562500.0,	0.060253143310546875,	0.06138038635253906
5328600000.0,	0.05860710144042969,	0.06221771240234375
5328637500.0,	0.05870246887207031,	0.06152153015136719
5328675000.0,	0.06110382080078125,	0.06098747253417969
5328712500.0,	0.06130027770996094,	0.06090354919433594
5328750000.0,	0.057308197021484375,	0.061672210693359375
5328787500.0,	0.05957794189453125,	0.06061553955078125
5328825000.0,	0.06020545959472656,	0.06170845031738281
5328862500.0,	0.0607757568359375,	0.059848785400390625
5328900000.0,	0.06111907958984375,	0.06105232238769531
5328937500.0,	0.05879402160644531,	0.06127738952636719
5328975000.0,	0.059871673583984375,	0.060882568359375
5329012500.0,	0.05825042724609375,	0.05907630920410156
5329050000.0,	0.05841255187988281,	0.0589752197265625
5329087500.0,	0.058841705322265625,	0.06007194519042969
5329125000.0,	0.05827522277832031,	0.06041717529296875
5329162500.0,	0.06082916259765625,	0.06075286865234375
5329200000.0,	0.06044769287109375,	0.06064414978027344
5329237500.0,	0.059528350830078125,	0.05990409851074219
5329275000.0,	0.059001922607421875,	0.06032752990722656
5329312500.0,	0.061859130859375,	0.060367584228515625
5329350000.0,	0.06030082702636719,	0.05866432189941406
5329387500.0,	0.058628082275390625,	0.06059074401855469
5329425000.0,	0.05844688415527344,	0.06073188781738281
5329462500.0,	0.05802345275878906,	0.06103706359863281
5329500000.0,	0.05903434753417969,	0.06050872802734375
5329537500.0,	0.0604400634765625,	0.06027984619140625
5329575000.0,	0.0606536865234375,	0.06071662902832031
5329612500.0,	0.05893516540527344,	0.05954170227050781
5329650000.0,	0.05854988098144531,	0.059906005859375
5329687500.0,	0.059375762939453125,	0.06024360656738281
5329725000.0,	0.06089591979980469,	0.060337066650390625
5329762500.0,	0.05795097351074219,	0.05976295471191406
5329800000.0,	0.06051826477050781,	0.06011962890625
5329837500.0,	0.06074333190917969,	0.06056976318359375
5329875000.0,	0.05793952941894531,	0.06047630310058594
5329912500.0,	0.05935478210449219,	0.05975341796875
5329950000.0,	0.06038093566894531,	0.06152153015136719
5329987500.0,	0.0609130859375,	0.061038970947265625
5330025000.0,	0.06026458740234375,	0.05999946594238281
5330062500.0,	0.058757781982421875,	0.05877494812011719
5330100000.0,	0.05991935729980469,	0.059658050537109375
5330137500.0,	0.06296920776367188,	0.0623016357421875
5330175000.0,	0.06402206420898438,	0.059650421142578125
5330212500.0,	0.06009864807128906,	0.060089111328125
5330250000.0,	0.060123443603515625,	0.059406280517578125
5330287500.0,	0.059902191162109375,	0.06102561950683594
5330325000.0,	0.060153961181640625,	0.06066322326660156
5330362500.0,	0.05972862243652344,	0.06023216247558594
5330400000.0,	0.060726165771484375,	0.06017875671386719
5330437500.0,	0.06096076965332031,	0.059230804443359375
5330475000.0,	0.06296157836914062,	0.057544708251953125
5330512500.0,	0.06118202209472656,	0.061176300048828125
5330550000.0,	0.059696197509765625,	0.05965232849121094
5330587500.0,	0.06008148193359375,	0.05994987487792969
5330625000.0,	0.0611572265625,	0.061443328857421875
5330662500.0,	0.06069374084472656,	0.0619964599609375
5330700000.0,	0.06168937683105469,	0.05860137939453125
5330737500.0,	0.06004524230957031,	0.05965423583984375
5330775000.0,	0.05920600891113281,	0.05980873107910156
5330812500.0,	0.06116676330566406,	0.061985015869140625
5330850000.0,	0.06052589416503906,	0.05886650085449219
5330887500.0,	0.059543609619140625,	0.06149864196777344
5330925000.0,	0.06112861633300781,	0.059906005859375
5330962500.0,	0.06183052062988281,	0.0597991943359375
5331000000.0,	0.060626983642578125,	0.05840301513671875
5331037500.0,	0.06203269958496094,	0.06249046325683594
5331075000.0,	0.060760498046875,	0.05950736999511719
5331112500.0,	0.06061363220214844,	0.06055450439453125
5331150000.0,	0.06060600280761719,	0.05925178527832031
5331187500.0,	0.05998039245605469,	0.06064033508300781
5331225000.0,	0.061496734619140625,	0.05854225158691406
5331262500.0,	0.06008148193359375,	0.05817604064941406
5331300000.0,	0.06081962585449219,	0.056484222412109375
5331337500.0,	0.06148529052734375,	0.060367584228515625
5331375000.0,	0.0604400634765625,	0.05751991271972656
5331412500.0,	0.062221527099609375,	0.057880401611328125
5331450000.0,	0.06298446655273438,	0.058502197265625
5331487500.0,	0.06056404113769531,	0.06073951721191406
5331525000.0,	0.06225013732910156,	0.0573883056640625
5331562500.0,	0.06140899658203125,	0.05959320068359375
5331600000.0,	0.05948638916015625,	0.05800437927246094
5331637500.0,	0.06071281433105469,	0.05975914001464844
5331675000.0,	0.06134986877441406,	0.05743598937988281
5331712500.0,	0.060947418212890625,	0.059864044189453125
5331750000.0,	0.06095695495605469,	0.05858039855957031
5331787500.0,	0.06081581115722656,	0.05865669250488281
5331825000.0,	0.0600738525390625,	0.0560760498046875
5331862500.0,	0.05974769592285156,	0.0605010986328125
5331900000.0,	0.061870574951171875,	0.05990028381347656
5331937500.0,	0.06050300598144531,	0.06002998352050781
5331975000.0,	0.061885833740234375,	0.05743408203125
5332012500.0,	0.06083106994628906,	0.05920982360839844
5332050000.0,	0.060001373291015625,	0.05867958068847656
5332087500.0,	0.062427520751953125,	0.05777168273925781
5332125000.0,	0.06157875061035156,	0.058841705322265625
5332162500.0,	0.060985565185546875,	0.05973243713378906
5332200000.0,	0.060821533203125,	0.05885124206542969
5332237500.0,	0.06068611145019531,	0.05795860290527344
5332275000.0,	0.06143379211425781,	0.05885505676269531
5332312500.0,	0.06247138977050781,	0.058261871337890625
5332350000.0,	0.06306076049804688,	0.056545257568359375
5332387500.0,	0.06056785583496094,	0.05715751647949219
5332425000.0,	0.06094932556152344,	0.05843162536621094
5332462500.0,	0.06177711486816406,	0.059612274169921875
5332500000.0,	0.061859130859375,	0.0567779541015625
5332537500.0,	0.06168556213378906,	0.05754280090332031
5332575000.0,	0.062175750732421875,	0.05892181396484375
5332612500.0,	0.06140899658203125,	0.05704498291015625
5332650000.0,	0.06119728088378906,	0.05630683898925781
5332687500.0,	0.06081390380859375,	0.059406280517578125
5332725000.0,	0.06171417236328125,	0.05756568908691406
5332762500.0,	0.06395721435546875,	0.058643341064453125
5332800000.0,	0.06341171264648438,	0.057720184326171875
5332837500.0,	0.0626373291015625,	0.059719085693359375
5332875000.0,	0.06349945068359375,	0.057865142822265625
5332912500.0,	0.0617828369140625,	0.058788299560546875
5332950000.0,	0.06332015991210938,	0.056247711181640625
5332987500.0,	0.064453125,	0.059009552001953125
5333025000.0,	0.06227874755859375,	0.05893898010253906
5333062500.0,	0.06383895874023438,	0.058734893798828125
5333100000.0,	0.0644989013671875,	0.055999755859375
5333137500.0,	0.06204795837402344,	0.057529449462890625
5333175000.0,	0.06334304809570312,	0.057582855224609375
5333212500.0,	0.06421661376953125,	0.055522918701171875
5333250000.0,	0.06372833251953125,	0.058349609375
5333287500.0,	0.06290435791015625,	0.058063507080078125
5333325000.0,	0.06311416625976562,	0.0563507080078125
5333362500.0,	0.06097412109375,	0.058010101318359375
5333400000.0,	0.062469482421875,	0.05728340148925781
5333437500.0,	0.06305313110351562,	0.0585174560546875
5333475000.0,	0.06109046936035156,	0.05545997619628906
5333512500.0,	0.06157493591308594,	0.05809593200683594
5333550000.0,	0.062191009521484375,	0.05603981018066406
5333587500.0,	0.06133270263671875,	0.05624198913574219
5333625000.0,	0.062408447265625,	0.05628013610839844
5333662500.0,	0.06519699096679688,	0.0583038330078125
5333700000.0,	0.06543731689453125,	0.055248260498046875
5333737500.0,	0.06483840942382812,	0.056438446044921875
5333775000.0,	0.06361007690429688,	0.055507659912109375
5333812500.0,	0.062713623046875,	0.055606842041015625
5333850000.0,	0.0634002685546875,	0.055084228515625
5333887500.0,	0.06290435791015625,	0.056484222412109375
5333925000.0,	0.06389236450195312,	0.055980682373046875
5333962500.0,	0.06475067138671875,	0.05712127685546875
5334000000.0,	0.06300735473632812,	0.05620574951171875
5334037500.0,	0.06470489501953125,	0.055683135986328125
5334075000.0,	0.06398391723632812,	0.059513092041015625
5334112500.0,	0.06254959106445312,	0.055759429931640625
5334150000.0,	0.06330490112304688,	0.054706573486328125
5334187500.0,	0.06487655639648438,	0.0555267333984375
5334225000.0,	0.06292724609375,	0.056606292724609375
5334262500.0,	0.06378173828125,	0.0567169189453125
5334300000.0,	0.0616912841796875,	0.05619239807128906
5334337500.0,	0.06438064575195312,	0.056793212890625
5334375000.0,	0.06429672241210938,	0.05597686767578125
5334412500.0,	0.06250381469726562,	0.054256439208984375
5334450000.0,	0.06346893310546875,	0.0548095703125
5334487500.0,	0.06194114685058594,	0.052677154541015625
5334525000.0,	0.06224250793457031,	0.05462837219238281
5334562500.0,	0.06315231323242188,	0.054798126220703125
5334600000.0,	0.06211090087890625,	0.05551719665527344
5334637500.0,	0.0617218017578125,	0.05655860900878906
5334675000.0,	0.06483078002929688,	0.054569244384765625
5334712500.0,	0.06369781494140625,	0.0543670654296875
5334750000.0,	0.06341934204101562,	0.053409576416015625
5334787500.0,	0.06288528442382812,	0.05525970458984375
5334825000.0,	0.06306076049804688,	0.055019378662109375
5334862500.0,	0.06409454345703125,	0.05472564697265625
5334900000.0,	0.064056396484375,	0.0548553466796875
5334937500.0,	0.06384658813476562,	0.056324005126953125
5334975000.0,	0.06305313110351562,	0.055812835693359375
5335012500.0,	0.06442642211914062,	0.055377960205078125
5335050000.0,	0.06362152099609375,	0.055271148681640625
5335087500.0,	0.061420440673828125,	0.053142547607421875
5335125000.0,	0.06320953369140625,	0.0556182861328125
5335162500.0,	0.06538772583007812,	0.054508209228515625
5335200000.0,	0.06415939331054688,	0.056354522705078125
5335237500.0,	0.06429672241210938,	0.053821563720703125
5335275000.0,	0.06615066528320312,	0.05371856689453125
5335312500.0,	0.06387710571289062,	0.054164886474609375
5335350000.0,	0.06350326538085938,	0.0548553466796875
5335387500.0,	0.06451416015625,	0.054019927978515625
5335425000.0,	0.06494903564453125,	0.0539093017578125
5335462500.0,	0.06458282470703125,	0.0536041259765625
5335500000.0,	0.06447601318359375,	0.05410003662109375
5335537500.0,	0.06427001953125,	0.05324554443359375
5335575000.0,	0.060802459716796875,	0.054264068603515625
5335612500.0,	0.06323623657226562,	0.055477142333984375
5335650000.0,	0.06454086303710938,	0.053863525390625
5335687500.0,	0.06427001953125,	0.053680419921875
5335725000.0,	0.06389236450195312,	0.053371429443359375
5335762500.0,	0.0645599365234375,	0.052074432373046875
5335800000.0,	0.06402587890625,	0.053485870361328125
5335837500.0,	0.06465530395507812,	0.052974700927734375
5335875000.0,	0.06409835815429688,	0.05065155029296875
5335912500.0,	0.06424331665039062,	0.054279327392578125
5335950000.0,	0.06386184692382812,	0.054107666015625
5335987500.0,	0.06571578979492188,	0.0525970458984375
5336025000.0,	0.06354522705078125,	0.050998687744140625
5336062500.0,	0.0627593994140625,	0.05265045166015625
5336100000.0,	0.06429290771484375,	0.05269622802734375
5336137500.0,	0.06390762329101562,	0.054203033447265625
5336175000.0,	0.06389236450195312,	0.052677154541015625
5336212500.0,	0.06302642822265625,	0.051479339599609375
5336250000.0,	0.06122589111328125,	0.05157470703125
5336287500.0,	0.06384658813476562,	0.053577423095703125
5336325000.0,	0.06562042236328125,	0.0517730712890625
5336362500.0,	0.064453125,	0.05313873291015625
5336400000.0,	0.06206321716308594,	0.05099678039550781
5336437500.0,	0.0654144287109375,	0.05246734619140625
5336475000.0,	0.06646347045898438,	0.052227020263671875
5336512500.0,	0.0643768310546875,	0.05077362060546875
5336550000.0,	0.062957763671875,	0.05228424072265625
5336587500.0,	0.06447601318359375,	0.050182342529296875
5336625000.0,	0.06454086303710938,	0.052276611328125
5336662500.0,	0.06646728515625,	0.0513458251953125
5336700000.0,	0.06302642822265625,	0.052539825439453125
5336737500.0,	0.06280899047851562,	0.0525054931640625
5336775000.0,	0.06537246704101562,	0.049877166748046875
5336812500.0,	0.0655975341796875,	0.05096435546875
5336850000.0,	0.06244468688964844,	0.05012702941894531
5336887500.0,	0.06376266479492188,	0.051113128662109375
5336925000.0,	0.06351852416992188,	0.050506591796875
5336962500.0,	0.06277084350585938,	0.05066680908203125
5337000000.0,	0.064361572265625,	0.04911041259765625
5337037500.0,	0.06175041198730469,	0.05029106140136719
5337075000.0,	0.06374740600585938,	0.0503082275390625
5337112500.0,	0.06277084350585938,	0.0506591796875
5337150000.0,	0.06421279907226562,	0.048358917236328125
5337187500.0,	0.06496810913085938,	0.05017852783203125
5337225000.0,	0.065277099609375,	0.049869537353515625
5337262500.0,	0.06160545349121094,	0.04905891418457031
5337300000.0,	0.0656585693359375,	0.048069000244140625
5337337500.0,	0.06232452392578125,	0.04899024963378906
5337375000.0,	0.06324386596679688,	0.049732208251953125
5337412500.0,	0.06185150146484375,	0.05003547668457031
5337450000.0,	0.06261444091796875,	0.048248291015625
5337487500.0,	0.0634765625,	0.049121856689453125
5337525000.0,	0.06464385986328125,	0.050762176513671875
5337562500.0,	0.06391143798828125,	0.04974365234375
5337600000.0,	0.06307220458984375,	0.04912567138671875
5337637500.0,	0.06401443481445312,	0.04949951171875
5337675000.0,	0.06168174743652344,	0.04990386962890625
5337712500.0,	0.06311798095703125,	0.04679107666015625
5337750000.0,	0.06320953369140625,	0.049091339111328125
5337787500.0,	0.0639495849609375,	0.0461883544921875
5337825000.0,	0.061676025390625,	0.0480194091796875
5337862500.0,	0.06552886962890625,	0.049560546875
5337900000.0,	0.06430435180664062,	0.047969818115234375
5337937500.0,	0.061885833740234375,	0.04824066162109375
5337975000.0,	0.06117057800292969,	0.048919677734375
5338012500.0,	0.06543350219726562,	0.047634124755859375
5338050000.0,	0.06258392333984375,	0.04769134521484375
5338087500.0,	0.06325912475585938,	0.049144744873046875
5338125000.0,	0.0634765625,	0.0488433837890625
5338162500.0,	0.06345748901367188,	0.049045562744140625
5338200000.0,	0.062042236328125,	0.046337127685546875
5338237500.0,	0.06298446655273438,	0.045623779296875
5338275000.0,	0.06261825561523438,	0.046478271484375
5338312500.0,	0.06218147277832031,	0.0461578369140625
5338350000.0,	0.061328887939453125,	0.04705810546875
5338387500.0,	0.06307601928710938,	0.047435760498046875
5338425000.0,	0.06393051147460938,	0.04669189453125
5338462500.0,	0.06389617919921875,	0.045429229736328125
5338500000.0,	0.06348800659179688,	0.046054840087890625
5338537500.0,	0.06351089477539062,	0.04651641845703125
5338575000.0,	0.0626678466796875,	0.046703338623046875
5338612500.0,	0.06145286560058594,	0.048122406005859375
5338650000.0,	0.06339263916015625,	0.046642303466796875
5338687500.0,	0.06192779541015625,	0.044254302978515625
5338725000.0,	0.0619354248046875,	0.04483222961425781
5338762500.0,	0.06341171264648438,	0.04450225830078125
5338800000.0,	0.06355667114257812,	0.044239044189453125
5338837500.0,	0.06191062927246094,	0.0453643798828125
5338875000.0,	0.06265640258789062,	0.045013427734375
5338912500.0,	0.063507080078125,	0.045398712158203125
5338950000.0,	0.061004638671875,	0.04483795166015625
5338987500.0,	0.06357192993164062,	0.045063018798828125
5339025000.0,	0.05949974060058594,	0.04422187805175781
5339062500.0,	0.06088066101074219,	0.04351615905761719
5339100000.0,	0.06403350830078125,	0.0423583984375
5339137500.0,	0.062244415283203125,	0.045322418212890625
5339175000.0,	0.061084747314453125,	0.042903900146484375
5339212500.0,	0.061634063720703125,	0.04254913330078125
5339250000.0,	0.06409835815429688,	0.044399261474609375
5339287500.0,	0.06393814086914062,	0.043231964111328125
5339325000.0,	0.06122779846191406,	0.04290771484375
5339362500.0,	0.06140899658203125,	0.042453765869140625
5339400000.0,	0.06174278259277344,	0.041881561279296875
5339437500.0,	0.06063079833984375,	0.0430755615234375
5339475000.0,	0.06363677978515625,	0.042881011962890625
5339512500.0,	0.061946868896484375,	0.042636871337890625
5339550000.0,	0.06256866455078125,	0.0433502197265625
5339587500.0,	0.05940437316894531,	0.043041229248046875
5339625000.0,	0.05988311767578125,	0.04178619384765625
5339662500.0,	0.06091117858886719,	0.043094635009765625
5339700000.0,	0.06089019775390625,	0.04442596435546875
5339737500.0,	0.0630645751953125,	0.042881011962890625
5339775000.0,	0.06073760986328125,	0.04083251953125
5339812500.0,	0.059497833251953125,	0.04014015197753906
5339850000.0,	0.06205940246582031,	0.043262481689453125
5339887500.0,	0.059711456298828125,	0.04086494445800781
5339925000.0,	0.059085845947265625,	0.04000282287597656
5339962500.0,	0.05838584899902344,	0.0409393310546875
5340000000.0,	0.06043052673339844,	0.04021453857421875
5340037500.0,	0.060756683349609375,	0.04077720642089844
5340075000.0,	0.05983161926269531,	0.04044914245605469
5340112500.0,	0.060535430908203125,	0.03740692138671875
5340150000.0,	0.06004524230957031,	0.03849601745605469
5340187500.0,	0.060329437255859375,	0.039215087890625
5340225000.0,	0.06040191650390625,	0.03907585144042969
5340262500.0,	0.05834770202636719,	0.03944969177246094
5340300000.0,	0.05959510803222656,	0.04010772705078125
5340337500.0,	0.06022071838378906,	0.03821563720703125
5340375000.0,	0.05886268615722656,	0.03796195983886719
5340412500.0,	0.05916595458984375,	0.03827095031738281
5340450000.0,	0.057369232177734375,	0.039112091064453125
5340487500.0,	0.058929443359375,	0.03814506530761719
5340525000.0,	0.0579071044921875,	0.038410186767578125
5340562500.0,	0.0593414306640625,	0.03766632080078125
5340600000.0,	0.05774116516113281,	0.03783416748046875
5340637500.0,	0.05917549133300781,	0.03772735595703125
5340675000.0,	0.058406829833984375,	0.03742408752441406
5340712500.0,	0.05785179138183594,	0.03780174255371094
5340750000.0,	0.05637359619140625,	0.03577232360839844
5340787500.0,	0.05699920654296875,	0.036556243896484375
5340825000.0,	0.056396484375,	0.03415107727050781
5340862500.0,	0.055660247802734375,	0.0348968505859375
5340900000.0,	0.05539131164550781,	0.03506660461425781
5340937500.0,	0.05787086486816406,	0.033390045166015625
5340975000.0,	0.05695152282714844,	0.034183502197265625
5341012500.0,	0.05622291564941406,	0.03516960144042969
5341050000.0,	0.05544281005859375,	0.03545188903808594
5341087500.0,	0.054500579833984375,	0.03331184387207031
5341125000.0,	0.05342864990234375,	0.03463172912597656
5341162500.0,	0.05337715148925781,	0.032909393310546875
5341200000.0,	0.055248260498046875,	0.03450202941894531
5341237500.0,	0.05743980407714844,	0.03342437744140625
5341275000.0,	0.053314208984375,	0.03398323059082031
5341312500.0,	0.05344581604003906,	0.0338287353515625
5341350000.0,	0.05254173278808594,	0.03050994873046875
5341387500.0,	0.052661895751953125,	0.03280067443847656
5341425000.0,	0.05246925354003906,	0.032886505126953125
5341462500.0,	0.04942893981933594,	0.03066253662109375
5341500000.0,	0.05364036560058594,	0.03128623962402344
5341537500.0,	0.05317878723144531,	0.031099319458007812
5341575000.0,	0.0515594482421875,	0.030534744262695312
5341612500.0,	0.05018043518066406,	0.03283882141113281
5341650000.0,	0.0503082275390625,	0.03236579895019531
5341687500.0,	0.050586700439453125,	0.03125953674316406
5341725000.0,	0.050334930419921875,	0.030454635620117188
5341762500.0,	0.05154228210449219,	0.029888153076171875
5341800000.0,	0.04865074157714844,	0.029516220092773438
5341837500.0,	0.05071067810058594,	0.030368804931640625
5341875000.0,	0.047901153564453125,	0.029611587524414062
5341912500.0,	0.05124664306640625,	0.02747344970703125
5341950000.0,	0.04467010498046875,	0.028013229370117188
5341987500.0,	0.04997444152832031,	0.027782440185546875
5342025000.0,	0.0464935302734375,	0.028150558471679688
5342062500.0,	0.04683113098144531,	0.026716232299804688
5342100000.0,	0.04720115661621094,	0.027008056640625
5342137500.0,	0.047420501708984375,	0.0290069580078125
5342175000.0,	0.04424476623535156,	0.026777267456054688
5342212500.0,	0.04514122009277344,	0.023853302001953125
5342250000.0,	0.046085357666015625,	0.024265289306640625
5342287500.0,	0.042758941650390625,	0.026041030883789062
5342325000.0,	0.04360771179199219,	0.023067474365234375
5342362500.0,	0.04152107238769531,	0.024847030639648438
5342400000.0,	0.042034149169921875,	0.025949478149414062
5342437500.0,	0.0422210693359375,	0.0235595703125
5342475000.0,	0.04183006286621094,	0.027524948120117188
5342512500.0,	0.04071617126464844,	0.024549484252929688
5342550000.0,	0.04033851623535156,	0.022523880004882812
5342587500.0,	0.03891563415527344,	0.024435043334960938
5342625000.0,	0.039028167724609375,	0.02358245849609375
5342662500.0,	0.039764404296875,	0.02294158935546875
5342700000.0,	0.03694343566894531,	0.023357391357421875
5342737500.0,	0.03728675842285156,	0.022352218627929688
5342775000.0,	0.03663444519042969,	0.024122238159179688
5342812500.0,	0.03802299499511719,	0.022878646850585938
5342850000.0,	0.03599357604980469,	0.020921707153320312
5342887500.0,	0.034755706787109375,	0.021867752075195312
5342925000.0,	0.03336334228515625,	0.020727157592773438
5342962500.0,	0.030310630798339844,	0.02232646942138672
5343000000.0,	0.03201484680175781,	0.022617340087890625
5343037500.0,	0.03232002258300781,	0.020549774169921875
5343075000.0,	0.028947830200195312,	0.02174854278564453
5343112500.0,	0.03038787841796875,	0.021451950073242188
5343150000.0,	0.027158737182617188,	0.01908588409423828
5343187500.0,	0.024923324584960938,	0.020099639892578125
5343225000.0,	0.026111602783203125,	0.01924896240234375
5343262500.0,	0.025529861450195312,	0.02043914794921875
5343300000.0,	0.02069854736328125,	0.019433021545410156
5343337500.0,	0.02309131622314453,	0.023494720458984375
5343375000.0,	0.0199127197265625,	0.02077770233154297
5343412500.0,	0.01869487762451172,	0.020768165588378906
5343450000.0,	0.0169219970703125,	0.02130889892578125
5343487500.0,	0.017411231994628906,	0.02076244354248047
5343525000.0,	0.016069412231445312,	0.02079296112060547
5343562500.0,	0.013456344604492188,	0.021093368530273438
5343600000.0,	0.013090133666992188,	0.020044326782226562
5343637500.0,	0.011049270629882812,	0.02149200439453125
5343675000.0,	0.0120697021484375,	0.022192955017089844
5343712500.0,	0.008401870727539062,	0.02225208282470703
5343750000.0,	0.007933616638183594,	0.02213287353515625
5343787500.0,	0.0059833526611328125,	0.021330833435058594
5343825000.0,	0.004139900207519531,	0.021515846252441406
5343862500.0,	0.003551483154296875,	0.022713661193847656
5343900000.0,	0.0002193450927734375,	0.022592544555664062
5343937500.0,	-0.0025281906127929688,	0.026493072509765625
5343975000.0,	-0.0009307861328125,	0.02628326416015625
5344012500.0,	-0.003711700439453125,	0.02695178985595703
5344050000.0,	-0.008378982543945312,	0.0295867919921875
5344087500.0,	-0.009237289428710938,	0.029500961303710938
5344125000.0,	-0.01117706298828125,	0.028821945190429688
5344162500.0,	-0.015345573425292969,	0.030776023864746094
5344200000.0,	-0.013441085815429688,	0.03294563293457031
5344237500.0,	-0.015058517456054688,	0.03523445129394531
5344275000.0,	-0.016674041748046875,	0.036457061767578125
5344312500.0,	-0.01863861083984375,	0.0359954833984375
5344350000.0,	-0.019411087036132812,	0.03980064392089844
5344387500.0,	-0.0219268798828125,	0.043941497802734375
5344425000.0,	-0.024850845336914062,	0.04605293273925781
5344462500.0,	-0.027463912963867188,	0.04607200622558594
5344500000.0,	-0.026508331298828125,	0.0498504638671875
5344537500.0,	-0.029890060424804688,	0.04880714416503906
5344575000.0,	-0.03128814697265625,	0.055118560791015625
5344612500.0,	-0.029844284057617188,	0.05636787414550781
5344650000.0,	-0.031232833862304688,	0.059635162353515625
5344687500.0,	-0.03359031677246094,	0.06194305419921875
5344725000.0,	-0.032573699951171875,	0.06488418579101562
5344762500.0,	-0.035434722900390625,	0.06835556030273438
5344800000.0,	-0.033336639404296875,	0.07126998901367188
5344837500.0,	-0.032543182373046875,	0.07509231567382812
5344875000.0,	-0.032138824462890625,	0.07906723022460938
5344912500.0,	-0.033123016357421875,	0.081298828125
5344950000.0,	-0.034465789794921875,	0.0853424072265625
5344987500.0,	-0.033504486083984375,	0.08990859985351562
5345025000.0,	-0.03372955322265625,	0.09201431274414062
5345062500.0,	-0.028919219970703125,	0.09502792358398438
5345100000.0,	-0.029834747314453125,	0.09762191772460938
5345137500.0,	-0.02593231201171875,	0.10211563110351562
5345175000.0,	-0.02837371826171875,	0.10265350341796875
5345212500.0,	-0.025386810302734375,	0.10739898681640625
5345250000.0,	-0.02426910400390625,	0.10866928100585938
5345287500.0,	-0.021930694580078125,	0.110076904296875
5345325000.0,	-0.02034759521484375,	0.11359405517578125
5345362500.0,	-0.017772674560546875,	0.11736297607421875
5345400000.0,	-0.015018463134765625,	0.11896133422851562
5345437500.0,	-0.01432037353515625,	0.11669540405273438
5345475000.0,	-0.012439727783203125,	0.122589111328125
5345512500.0,	-0.009159088134765625,	0.12126541137695312
5345550000.0,	-0.0061187744140625,	0.12537384033203125
5345587500.0,	-0.003360748291015625,	0.123291015625
5345625000.0,	0.00110626220703125,	0.12683868408203125
5345662500.0,	0.00101470947265625,	0.128753662109375
5345700000.0,	0.0016937255859375,	0.1302337646484375
5345737500.0,	0.0067596435546875,	0.13050079345703125
5345775000.0,	0.01018524169921875,	0.1323394775390625
5345812500.0,	0.00972747802734375,	0.129974365234375
5345850000.0,	0.0137481689453125,	0.13098907470703125
5345887500.0,	0.0157623291015625,	0.1318206787109375
5345925000.0,	0.01651763916015625,	0.1325225830078125
5345962500.0,	0.021331787109375,	0.13486480712890625
5346000000.0,	0.02211761474609375,	0.13094329833984375
5346037500.0,	0.0251312255859375,	0.13236236572265625
5346075000.0,	0.02426910400390625,	0.13269805908203125
5346112500.0,	0.02576446533203125,	0.134490966796875
5346150000.0,	0.02923583984375,	0.13361358642578125
5346187500.0,	0.0302886962890625,	0.1306915283203125
5346225000.0,	0.0338287353515625,	0.12984466552734375
5346262500.0,	0.03461456298828125,	0.13085174560546875
5346300000.0,	0.036041259765625,	0.1314849853515625
5346337500.0,	0.0372772216796875,	0.13111114501953125
5346375000.0,	0.0402984619140625,	0.12909698486328125
5346412500.0,	0.0432281494140625,	0.12718963623046875
5346450000.0,	0.0433502197265625,	0.128936767578125
5346487500.0,	0.04390716552734375,	0.12699127197265625
5346525000.0,	0.04449462890625,	0.1273345947265625
5346562500.0,	0.04721832275390625,	0.1284942626953125
5346600000.0,	0.0489349365234375,	0.12677764892578125
5346637500.0,	0.04888916015625,	0.1251983642578125
5346675000.0,	0.050540924072265625,	0.12495040893554688
5346712500.0,	0.05072021484375,	0.1266326904296875
5346750000.0,	0.052928924560546875,	0.1248321533203125
5346787500.0,	0.05284881591796875,	0.1252593994140625
5346825000.0,	0.05745697021484375,	0.12330245971679688
5346862500.0,	0.056446075439453125,	0.1212921142578125
5346900000.0,	0.058162689208984375,	0.11970138549804688
5346937500.0,	0.0568084716796875,	0.12064743041992188
5346975000.0,	0.05853271484375,	0.11835098266601562
5347012500.0,	0.05945587158203125,	0.11798095703125
5347050000.0,	0.060394287109375,	0.11754989624023438
5347087500.0,	0.061656951904296875,	0.1186065673828125
5347125000.0,	0.06256484985351562,	0.11611557006835938
5347162500.0,	0.0626068115234375,	0.11738967895507812
5347200000.0,	0.063079833984375,	0.11732101440429688
5347237500.0,	0.061618804931640625,	0.11617279052734375
5347275000.0,	0.06360244750976562,	0.1134796142578125
5347312500.0,	0.06543350219726562,	0.11386489868164062
5347350000.0,	0.06386566162109375,	0.11561965942382812
5347387500.0,	0.06541061401367188,	0.11356735229492188
5347425000.0,	0.06712722778320312,	0.111053466796875
5347462500.0,	0.06684494018554688,	0.11159896850585938
5347500000.0,	0.06591796875,	0.11100387573242188
5347537500.0,	0.06657791137695312,	0.109039306640625
5347575000.0,	0.06819915771484375,	0.10913848876953125
5347612500.0,	0.06921768188476562,	0.10839080810546875
5347650000.0,	0.0696868896484375,	0.107025146484375
5347687500.0,	0.06887054443359375,	0.10538864135742188
5347725000.0,	0.0707550048828125,	0.10683059692382812
5347762500.0,	0.07067489624023438,	0.1068115234375
5347800000.0,	0.07068252563476562,	0.10647964477539062
5347837500.0,	0.07173919677734375,	0.10344696044921875
5347875000.0,	0.06992721557617188,	0.10498046875
5347912500.0,	0.07314682006835938,	0.10549163818359375
5347950000.0,	0.07213211059570312,	0.1029205322265625
5347987500.0,	0.07300186157226562,	0.10425567626953125
5348025000.0,	0.0736236572265625,	0.10154342651367188
5348062500.0,	0.0729522705078125,	0.1034698486328125
5348100000.0,	0.07309341430664062,	0.10082244873046875
5348137500.0,	0.07196426391601562,	0.09823226928710938
5348175000.0,	0.0749053955078125,	0.09959793090820312
5348212500.0,	0.0722808837890625,	0.0991363525390625
5348250000.0,	0.07519149780273438,	0.10221481323242188
5348287500.0,	0.07638931274414062,	0.097900390625
5348325000.0,	0.0750732421875,	0.09930419921875
5348362500.0,	0.07528305053710938,	0.09813690185546875
5348400000.0,	0.0750274658203125,	0.09729766845703125
5348437500.0,	0.0769805908203125,	0.09764480590820312
5348475000.0,	0.07505416870117188,	0.09562301635742188
5348512500.0,	0.07609176635742188,	0.09505081176757812
5348550000.0,	0.074676513671875,	0.0970001220703125
5348587500.0,	0.07448196411132812,	0.09531402587890625
5348625000.0,	0.07703018188476562,	0.09302520751953125
5348662500.0,	0.07712173461914062,	0.09429550170898438
5348700000.0,	0.07757949829101562,	0.09461212158203125
5348737500.0,	0.07898712158203125,	0.09285736083984375
5348775000.0,	0.07631301879882812,	0.092620849609375
5348812500.0,	0.07677841186523438,	0.09259796142578125
5348850000.0,	0.07751083374023438,	0.09488296508789062
5348887500.0,	0.07387161254882812,	0.09423446655273438
5348925000.0,	0.07616424560546875,	0.09096908569335938
5348962500.0,	0.07682418823242188,	0.09133529663085938
5349000000.0,	0.07642745971679688,	0.09195327758789062
5349037500.0,	0.07813262939453125,	0.09057235717773438
5349075000.0,	0.07744216918945312,	0.09130477905273438
5349112500.0,	0.07764053344726562,	0.08996200561523438
5349150000.0,	0.07938003540039062,	0.09080886840820312
5349187500.0,	0.0778045654296875,	0.09191513061523438
5349225000.0,	0.07735443115234375,	0.08940505981445312
5349262500.0,	0.07719039916992188,	0.088714599609375
5349300000.0,	0.07726669311523438,	0.08853912353515625
5349337500.0,	0.07860946655273438,	0.0890655517578125
5349375000.0,	0.07918930053710938,	0.08582687377929688
5349412500.0,	0.07753753662109375,	0.0873260498046875
5349450000.0,	0.07863998413085938,	0.08641433715820312
5349487500.0,	0.0779876708984375,	0.08716201782226562
5349525000.0,	0.079681396484375,	0.08704376220703125
5349562500.0,	0.07941055297851562,	0.08824539184570312
5349600000.0,	0.07928848266601562,	0.08681869506835938
5349637500.0,	0.07973861694335938,	0.08666610717773438
5349675000.0,	0.0768585205078125,	0.083984375
5349712500.0,	0.07838058471679688,	0.08469009399414062
5349750000.0,	0.08115386962890625,	0.08490371704101562
5349787500.0,	0.07789230346679688,	0.08385848999023438
5349825000.0,	0.07889556884765625,	0.0829925537109375
5349862500.0,	0.07868194580078125,	0.08610916137695312
5349900000.0,	0.077789306640625,	0.084686279296875
5349937500.0,	0.07789993286132812,	0.08252716064453125
5349975000.0,	0.078399658203125,	0.0839080810546875
5350012500.0,	0.07779312133789062,	0.08211898803710938
5350050000.0,	0.07941818237304688,	0.08477783203125
5350087500.0,	0.078948974609375,	0.08300399780273438
5350125000.0,	0.0804443359375,	0.08223342895507812
5350162500.0,	0.08026123046875,	0.07979202270507812
5350200000.0,	0.07913589477539062,	0.08385467529296875
5350237500.0,	0.08026885986328125,	0.08147430419921875
5350275000.0,	0.07729721069335938,	0.08097457885742188
5350312500.0,	0.0794830322265625,	0.08078384399414062
5350350000.0,	0.07772064208984375,	0.08024978637695312
5350387500.0,	0.07884979248046875,	0.08197784423828125
5350425000.0,	0.07990264892578125,	0.08015060424804688
5350462500.0,	0.07974624633789062,	0.08079147338867188
5350500000.0,	0.07842254638671875,	0.0789337158203125
5350537500.0,	0.080108642578125,	0.0813446044921875
5350575000.0,	0.07921218872070312,	0.07939529418945312
5350612500.0,	0.07962417602539062,	0.07924652099609375
5350650000.0,	0.079620361328125,	0.07759857177734375
5350687500.0,	0.08111190795898438,	0.07836532592773438
5350725000.0,	0.07778549194335938,	0.078826904296875
5350762500.0,	0.07892608642578125,	0.07584381103515625
5350800000.0,	0.08156585693359375,	0.0803985595703125
5350837500.0,	0.07890701293945312,	0.07805633544921875
5350875000.0,	0.07805633544921875,	0.077667236328125
5350912500.0,	0.07851028442382812,	0.078216552734375
5350950000.0,	0.08140182495117188,	0.075958251953125
5350987500.0,	0.07812881469726562,	0.07714080810546875
5351025000.0,	0.07846450805664062,	0.0767059326171875
5351062500.0,	0.078887939453125,	0.07812881469726562
5351100000.0,	0.07783126831054688,	0.07720947265625
5351137500.0,	0.07884979248046875,	0.07608795166015625
5351175000.0,	0.07851028442382812,	0.07639694213867188
5351212500.0,	0.07957077026367188,	0.07692718505859375
5351250000.0,	0.08121490478515625,	0.07620620727539062
5351287500.0,	0.08016204833984375,	0.07488632202148438
5351325000.0,	0.0778961181640625,	0.07836532592773438
5351362500.0,	0.07999038696289062,	0.07732772827148438
5351400000.0,	0.07889556884765625,	0.075225830078125
5351437500.0,	0.07895278930664062,	0.07599258422851562
5351475000.0,	0.07945632934570312,	0.07421493530273438
5351512500.0,	0.080322265625,	0.074859619140625
5351550000.0,	0.078094482421875,	0.07683181762695312
5351587500.0,	0.08013534545898438,	0.07613372802734375
5351625000.0,	0.07770919799804688,	0.07358551025390625
5351662500.0,	0.0782623291015625,	0.0758819580078125
5351700000.0,	0.07798004150390625,	0.07144927978515625
5351737500.0,	0.0769805908203125,	0.07202911376953125
5351775000.0,	0.08257293701171875,	0.0737457275390625
5351812500.0,	0.079345703125,	0.075439453125
5351850000.0,	0.07994842529296875,	0.07390594482421875
5351887500.0,	0.07894515991210938,	0.07232284545898438
5351925000.0,	0.08019638061523438,	0.07236480712890625
5351962500.0,	0.0782928466796875,	0.07404327392578125
5352000000.0,	0.08047866821289062,	0.07355117797851562
5352037500.0,	0.08076858520507812,	0.07129669189453125
5352075000.0,	0.07964324951171875,	0.07263946533203125
5352112500.0,	0.07983016967773438,	0.07307052612304688
5352150000.0,	0.07779312133789062,	0.07181167602539062
5352187500.0,	0.07833099365234375,	0.0731201171875
5352225000.0,	0.07997894287109375,	0.07378387451171875
5352262500.0,	0.07896041870117188,	0.07260894775390625
5352300000.0,	0.07769012451171875,	0.07180404663085938
5352337500.0,	0.07640838623046875,	0.071868896484375
5352375000.0,	0.080718994140625,	0.07164764404296875
5352412500.0,	0.07882308959960938,	0.07178878784179688
5352450000.0,	0.07770919799804688,	0.07238006591796875
5352487500.0,	0.07976531982421875,	0.06991195678710938
5352525000.0,	0.07842636108398438,	0.07210922241210938
5352562500.0,	0.07891082763671875,	0.07089996337890625
5352600000.0,	0.07929229736328125,	0.0723876953125
5352637500.0,	0.07904052734375,	0.07014083862304688
5352675000.0,	0.07998275756835938,	0.0717926025390625
5352712500.0,	0.07891845703125,	0.071441650390625
5352750000.0,	0.07895660400390625,	0.07224273681640625
5352787500.0,	0.07887649536132812,	0.0691070556640625
5352825000.0,	0.080780029296875,	0.07120513916015625
5352862500.0,	0.08188629150390625,	0.0695953369140625
5352900000.0,	0.07819366455078125,	0.06999969482421875
5352937500.0,	0.07818984985351562,	0.06845474243164062
5352975000.0,	0.07787704467773438,	0.0701141357421875
5353012500.0,	0.07855987548828125,	0.07183456420898438
5353050000.0,	0.080780029296875,	0.06786346435546875
5353087500.0,	0.07805633544921875,	0.06964111328125
5353125000.0,	0.07770919799804688,	0.06844711303710938
5353162500.0,	0.07818603515625,	0.06871414184570312
5353200000.0,	0.079559326171875,	0.06932449340820312
5353237500.0,	0.07844924926757812,	0.07067108154296875
5353275000.0,	0.07805252075195312,	0.06555557250976562
5353312500.0,	0.07920074462890625,	0.06782150268554688
5353350000.0,	0.07763671875,	0.06708145141601562
5353387500.0,	0.07761764526367188,	0.0683441162109375
5353425000.0,	0.0787506103515625,	0.06926345825195312
5353462500.0,	0.0784759521484375,	0.06908798217773438
5353500000.0,	0.07727813720703125,	0.06860733032226562
5353537500.0,	0.0785369873046875,	0.0705108642578125
5353575000.0,	0.0801849365234375,	0.06767654418945312
5353612500.0,	0.07840347290039062,	0.067138671875
5353650000.0,	0.0793609619140625,	0.06597137451171875
5353687500.0,	0.07909774780273438,	0.06688690185546875
5353725000.0,	0.07906341552734375,	0.06667327880859375
5353762500.0,	0.0772552490234375,	0.06745147705078125
5353800000.0,	0.07772064208984375,	0.06684494018554688
5353837500.0,	0.07762908935546875,	0.06567001342773438
5353875000.0,	0.079742431640625,	0.06815338134765625
5353912500.0,	0.07862091064453125,	0.06754684448242188
5353950000.0,	0.07838058471679688,	0.06745529174804688
5353987500.0,	0.07800674438476562,	0.06787490844726562
5354025000.0,	0.07735061645507812,	0.06610107421875
5354062500.0,	0.07929229736328125,	0.06846237182617188
5354100000.0,	0.08088302612304688,	0.0661163330078125
5354137500.0,	0.07892990112304688,	0.06536483764648438
5354175000.0,	0.077239990234375,	0.06806182861328125
5354212500.0,	0.07981109619140625,	0.06499862670898438
5354250000.0,	0.07828140258789062,	0.06427383422851562
5354287500.0,	0.0778656005859375,	0.06725692749023438
5354325000.0,	0.07896041870117188,	0.06566619873046875
5354362500.0,	0.07749557495117188,	0.0658416748046875
5354400000.0,	0.07810211181640625,	0.06595611572265625
5354437500.0,	0.07775115966796875,	0.06431961059570312
5354475000.0,	0.078521728515625,	0.06659317016601562
5354512500.0,	0.0771942138671875,	0.06370162963867188
5354550000.0,	0.07873916625976562,	0.06508255004882812
5354587500.0,	0.07799148559570312,	0.06691741943359375
5354625000.0,	0.07838821411132812,	0.06477737426757812
5354662500.0,	0.0771636962890625,	0.0661163330078125
5354700000.0,	0.0799713134765625,	0.06429672241210938
5354737500.0,	0.07830810546875,	0.06502532958984375
5354775000.0,	0.07855224609375,	0.06355667114257812
5354812500.0,	0.0770416259765625,	0.0647735595703125
5354850000.0,	0.07820510864257812,	0.06483078002929688
5354887500.0,	0.07831192016601562,	0.06252288818359375
5354925000.0,	0.07847976684570312,	0.0635986328125
5354962500.0,	0.07750701904296875,	0.06259918212890625
5355000000.0,	0.079132080078125,	0.06477737426757812
5355037500.0,	0.07779693603515625,	0.06421279907226562
5355075000.0,	0.0768890380859375,	0.06531524658203125
5355112500.0,	0.07834243774414062,	0.06444168090820312
5355150000.0,	0.07728958129882812,	0.06424331665039062
5355187500.0,	0.07769775390625,	0.061939239501953125
5355225000.0,	0.07819366455078125,	0.06331253051757812
5355262500.0,	0.07892990112304688,	0.06432342529296875
5355300000.0,	0.07935714721679688,	0.06427001953125
5355337500.0,	0.07668685913085938,	0.059719085693359375
5355375000.0,	0.07923507690429688,	0.06412124633789062
5355412500.0,	0.07775497436523438,	0.06369400024414062
5355450000.0,	0.07547760009765625,	0.06386947631835938
5355487500.0,	0.07776260375976562,	0.06296157836914062
5355525000.0,	0.07531356811523438,	0.061092376708984375
5355562500.0,	0.07799530029296875,	0.0638885498046875
5355600000.0,	0.07661056518554688,	0.061859130859375
5355637500.0,	0.07801055908203125,	0.06191253662109375
5355675000.0,	0.07671737670898438,	0.06170654296875
5355712500.0,	0.07748031616210938,	0.061550140380859375
5355750000.0,	0.07725143432617188,	0.06285476684570312
5355787500.0,	0.075347900390625,	0.0623016357421875
5355825000.0,	0.07863616943359375,	0.06170654296875
5355862500.0,	0.07454299926757812,	0.061000823974609375
5355900000.0,	0.0779266357421875,	0.06395721435546875
5355937500.0,	0.07752227783203125,	0.06396865844726562
5355975000.0,	0.07981109619140625,	0.06063079833984375
5356012500.0,	0.07720565795898438,	0.061000823974609375
5356050000.0,	0.07625198364257812,	0.061092376708984375
5356087500.0,	0.07638931274414062,	0.0612030029296875
5356125000.0,	0.077972412109375,	0.0611724853515625
5356162500.0,	0.07858657836914062,	0.06195831298828125
5356200000.0,	0.07697296142578125,	0.059635162353515625
5356237500.0,	0.07607650756835938,	0.061450958251953125
5356275000.0,	0.07847213745117188,	0.062122344970703125
5356312500.0,	0.07447052001953125,	0.060070037841796875
5356350000.0,	0.07784271240234375,	0.06270980834960938
5356387500.0,	0.07598876953125,	0.06089019775390625
5356425000.0,	0.07592391967773438,	0.06085968017578125
5356462500.0,	0.07618331909179688,	0.0605621337890625
5356500000.0,	0.07781982421875,	0.060070037841796875
5356537500.0,	0.075897216796875,	0.06024169921875
5356575000.0,	0.07746124267578125,	0.060791015625
5356612500.0,	0.07595062255859375,	0.06172943115234375
5356650000.0,	0.075958251953125,	0.062137603759765625
5356687500.0,	0.07484054565429688,	0.0609893798828125
5356725000.0,	0.07434844970703125,	0.0617523193359375
5356762500.0,	0.07591629028320312,	0.059879302978515625
5356800000.0,	0.07850265502929688,	0.06048583984375
5356837500.0,	0.07706832885742188,	0.05864715576171875
5356875000.0,	0.07574081420898438,	0.059604644775390625
5356912500.0,	0.0778045654296875,	0.059452056884765625
5356950000.0,	0.0777740478515625,	0.060062408447265625
5356987500.0,	0.075347900390625,	0.059917449951171875
5357025000.0,	0.07715988159179688,	0.05735015869140625
5357062500.0,	0.07690811157226562,	0.05896759033203125
5357100000.0,	0.07580947875976562,	0.05716705322265625
5357137500.0,	0.0749053955078125,	0.0589447021484375
5357175000.0,	0.075592041015625,	0.059917449951171875
5357212500.0,	0.07473373413085938,	0.059722900390625
5357250000.0,	0.07610321044921875,	0.058917999267578125
5357287500.0,	0.075469970703125,	0.05789947509765625
5357325000.0,	0.07548141479492188,	0.05925750732421875
5357362500.0,	0.07555389404296875,	0.060802459716796875
5357400000.0,	0.0743408203125,	0.05950927734375
5357437500.0,	0.07509231567382812,	0.059757232666015625
5357475000.0,	0.07445907592773438,	0.0583648681640625
5357512500.0,	0.07339859008789062,	0.059558868408203125
5357550000.0,	0.0749969482421875,	0.05962371826171875
5357587500.0,	0.07350921630859375,	0.05879974365234375
5357625000.0,	0.07616043090820312,	0.059337615966796875
5357662500.0,	0.07619857788085938,	0.057830810546875
5357700000.0,	0.07431793212890625,	0.057086944580078125
5357737500.0,	0.07391738891601562,	0.057903289794921875
5357775000.0,	0.07555389404296875,	0.05889892578125
5357812500.0,	0.07611083984375,	0.059314727783203125
5357850000.0,	0.07465362548828125,	0.058887481689453125
5357887500.0,	0.07582855224609375,	0.05915069580078125
5357925000.0,	0.07601547241210938,	0.057888031005859375
5357962500.0,	0.0746002197265625,	0.058025360107421875
5358000000.0,	0.0728302001953125,	0.059268951416015625
5358037500.0,	0.07554244995117188,	0.05818939208984375
5358075000.0,	0.07355499267578125,	0.058826446533203125
5358112500.0,	0.07501220703125,	0.05892181396484375
5358150000.0,	0.07144546508789062,	0.058101654052734375
5358187500.0,	0.07595443725585938,	0.059108734130859375
5358225000.0,	0.07393646240234375,	0.057559967041015625
5358262500.0,	0.07315826416015625,	0.058246612548828125
5358300000.0,	0.07515335083007812,	0.05988311767578125
5358337500.0,	0.07219696044921875,	0.057281494140625
5358375000.0,	0.07466888427734375,	0.05884552001953125
5358412500.0,	0.07289886474609375,	0.05792999267578125
5358450000.0,	0.07427597045898438,	0.059246063232421875
5358487500.0,	0.07473373413085938,	0.05857086181640625
5358525000.0,	0.07501602172851562,	0.057064056396484375
5358562500.0,	0.07444381713867188,	0.05809783935546875
5358600000.0,	0.07365798950195312,	0.056217193603515625
5358637500.0,	0.07249069213867188,	0.058086395263671875
5358675000.0,	0.07534408569335938,	0.057743072509765625
5358712500.0,	0.07645416259765625,	0.05960845947265625
5358750000.0,	0.07627105712890625,	0.0570068359375
5358787500.0,	0.07293701171875,	0.05783843994140625
5358825000.0,	0.07573318481445312,	0.055889129638671875
5358862500.0,	0.07561111450195312,	0.058795928955078125
5358900000.0,	0.07230377197265625,	0.057933807373046875
5358937500.0,	0.07446670532226562,	0.057590484619140625
5358975000.0,	0.07288742065429688,	0.05755615234375
5359012500.0,	0.0739288330078125,	0.056934356689453125
5359050000.0,	0.07345199584960938,	0.057621002197265625
5359087500.0,	0.07519149780273438,	0.05539703369140625
5359125000.0,	0.07545089721679688,	0.056640625
5359162500.0,	0.07358551025390625,	0.054859161376953125
5359200000.0,	0.07489395141601562,	0.056728363037109375
5359237500.0,	0.0737457275390625,	0.05854034423828125
5359275000.0,	0.07359695434570312,	0.059093475341796875
5359312500.0,	0.07456588745117188,	0.05646514892578125
5359350000.0,	0.07361984252929688,	0.059482574462890625
5359387500.0,	0.07368087768554688,	0.059551239013671875
5359425000.0,	0.073394775390625,	0.05841827392578125
5359462500.0,	0.07378387451171875,	0.0548553466796875
5359500000.0,	0.07268905639648438,	0.0561370849609375
5359537500.0,	0.07368850708007812,	0.05701446533203125
5359575000.0,	0.0724639892578125,	0.0572052001953125
5359612500.0,	0.07270431518554688,	0.05693817138671875
5359650000.0,	0.07321929931640625,	0.057647705078125
5359687500.0,	0.07347488403320312,	0.0574951171875
5359725000.0,	0.07469940185546875,	0.055126190185546875
5359762500.0,	0.07280731201171875,	0.05594635009765625
5359800000.0,	0.073822021484375,	0.0565643310546875
5359837500.0,	0.07387542724609375,	0.058383941650390625
5359875000.0,	0.07568359375,	0.0554046630859375
5359912500.0,	0.07360458374023438,	0.05712890625
5359950000.0,	0.07273101806640625,	0.05692291259765625
5359987500.0,	0.07555007934570312,	0.05699920654296875
5360025000.0,	0.07269668579101562,	0.057430267333984375
5360062500.0,	0.07410049438476562,	0.057659149169921875
5360100000.0,	0.07637405395507812,	0.05677032470703125
5360137500.0,	0.07142257690429688,	0.055767059326171875
5360175000.0,	0.073486328125,	0.056591033935546875
5360212500.0,	0.0735015869140625,	0.053394317626953125
5360250000.0,	0.0749664306640625,	0.056713104248046875
5360287500.0,	0.07273101806640625,	0.05489349365234375
5360325000.0,	0.07222747802734375,	0.057037353515625
5360362500.0,	0.07202911376953125,	0.05364990234375
5360400000.0,	0.07230758666992188,	0.056903839111328125
5360437500.0,	0.07379531860351562,	0.05572509765625
5360475000.0,	0.07292556762695312,	0.053920745849609375
5360512500.0,	0.07379531860351562,	0.05315399169921875
5360550000.0,	0.07516098022460938,	0.056179046630859375
5360587500.0,	0.07308578491210938,	0.0579071044921875
5360625000.0,	0.07283401489257812,	0.057464599609375
5360662500.0,	0.0742340087890625,	0.05503082275390625
5360700000.0,	0.07149124145507812,	0.054782867431640625
5360737500.0,	0.07297515869140625,	0.057209014892578125
5360775000.0,	0.06897735595703125,	0.056682586669921875
5360812500.0,	0.06959152221679688,	0.055164337158203125
5360850000.0,	0.0710296630859375,	0.054698944091796875
5360887500.0,	0.073760986328125,	0.056232452392578125
5360925000.0,	0.0738067626953125,	0.0548858642578125
5360962500.0,	0.07323074340820312,	0.054759979248046875
5361000000.0,	0.07293319702148438,	0.056369781494140625
5361037500.0,	0.07158660888671875,	0.054172515869140625
5361075000.0,	0.07407379150390625,	0.05535125732421875
5361112500.0,	0.07260894775390625,	0.05449676513671875
5361150000.0,	0.07126998901367188,	0.05492401123046875
5361187500.0,	0.073150634765625,	0.05457305908203125
5361225000.0,	0.07146453857421875,	0.0548553466796875
5361262500.0,	0.071868896484375,	0.0550689697265625
5361300000.0,	0.07194900512695312,	0.056240081787109375
5361337500.0,	0.07098007202148438,	0.056034088134765625
5361375000.0,	0.07257843017578125,	0.05472564697265625
5361412500.0,	0.07373809814453125,	0.0553741455078125
5361450000.0,	0.07256317138671875,	0.053104400634765625
5361487500.0,	0.07203292846679688,	0.055316925048828125
5361525000.0,	0.07086563110351562,	0.054798126220703125
5361562500.0,	0.0722808837890625,	0.053623199462890625
5361600000.0,	0.07138442993164062,	0.05269622802734375
5361637500.0,	0.07214736938476562,	0.055522918701171875
5361675000.0,	0.0721282958984375,	0.054027557373046875
5361712500.0,	0.07287979125976562,	0.053802490234375
5361750000.0,	0.07174301147460938,	0.055919647216796875
5361787500.0,	0.07099533081054688,	0.05335235595703125
5361825000.0,	0.07135009765625,	0.055217742919921875
5361862500.0,	0.0711669921875,	0.051898956298828125
5361900000.0,	0.07035064697265625,	0.056797027587890625
5361937500.0,	0.07064056396484375,	0.05484771728515625
5361975000.0,	0.07120132446289062,	0.05451202392578125
5362012500.0,	0.07157135009765625,	0.055011749267578125
5362050000.0,	0.07150650024414062,	0.054843902587890625
5362087500.0,	0.0696563720703125,	0.053768157958984375
5362125000.0,	0.07036590576171875,	0.054805755615234375
5362162500.0,	0.0691680908203125,	0.0523223876953125
5362200000.0,	0.0706939697265625,	0.054759979248046875
5362237500.0,	0.07340621948242188,	0.054805755615234375
5362275000.0,	0.07159042358398438,	0.0542144775390625
5362312500.0,	0.0698699951171875,	0.05271148681640625
5362350000.0,	0.0708160400390625,	0.053699493408203125
5362387500.0,	0.07051467895507812,	0.0552825927734375
5362425000.0,	0.07089614868164062,	0.053119659423828125
5362462500.0,	0.07258987426757812,	0.053180694580078125
5362500000.0,	0.07265472412109375,	0.054096221923828125
5362537500.0,	0.0718841552734375,	0.052997589111328125
5362575000.0,	0.07183456420898438,	0.054370880126953125
5362612500.0,	0.0701751708984375,	0.05637359619140625
5362650000.0,	0.06857681274414062,	0.052890777587890625
5362687500.0,	0.07202911376953125,	0.0558624267578125
5362725000.0,	0.07328414916992188,	0.0532379150390625
5362762500.0,	0.071502685546875,	0.05367279052734375
5362800000.0,	0.0706024169921875,	0.055145263671875
5362837500.0,	0.0703887939453125,	0.0556488037109375
5362875000.0,	0.07286453247070312,	0.0538330078125
5362912500.0,	0.0677490234375,	0.05243682861328125
5362950000.0,	0.07125091552734375,	0.054576873779296875
5362987500.0,	0.06954574584960938,	0.053829193115234375
5363025000.0,	0.06958389282226562,	0.052982330322265625
5363062500.0,	0.07237625122070312,	0.052669525146484375
5363100000.0,	0.07108688354492188,	0.05511474609375
5363137500.0,	0.07202911376953125,	0.054759979248046875
5363175000.0,	0.07039642333984375,	0.0543060302734375
5363212500.0,	0.071990966796875,	0.053981781005859375
5363250000.0,	0.07062911987304688,	0.05399322509765625
5363287500.0,	0.06812286376953125,	0.05451202392578125
5363325000.0,	0.06995773315429688,	0.05492401123046875
5363362500.0,	0.0714874267578125,	0.051303863525390625
5363400000.0,	0.0704193115234375,	0.055267333984375
5363437500.0,	0.06941604614257812,	0.054248809814453125
5363475000.0,	0.06915664672851562,	0.0540618896484375
5363512500.0,	0.06930160522460938,	0.0521087646484375
5363550000.0,	0.07319259643554688,	0.05307769775390625
5363587500.0,	0.06888961791992188,	0.051788330078125
5363625000.0,	0.07138442993164062,	0.053829193115234375
5363662500.0,	0.07187271118164062,	0.051525115966796875
5363700000.0,	0.06908035278320312,	0.052791595458984375
5363737500.0,	0.06962966918945312,	0.0531005859375
5363775000.0,	0.07056045532226562,	0.05446624755859375
5363812500.0,	0.06933975219726562,	0.053356170654296875
5363850000.0,	0.06958770751953125,	0.053119659423828125
5363887500.0,	0.06859970092773438,	0.05432891845703125
5363925000.0,	0.07064437866210938,	0.05381011962890625
5363962500.0,	0.06989669799804688,	0.05322265625
5364000000.0,	0.07036590576171875,	0.05185699462890625
5364037500.0,	0.071075439453125,	0.0536346435546875
5364075000.0,	0.07043838500976562,	0.05541229248046875
5364112500.0,	0.0693817138671875,	0.053340911865234375
5364150000.0,	0.06705856323242188,	0.054370880126953125
5364187500.0,	0.06926727294921875,	0.052669525146484375
5364225000.0,	0.07185745239257812,	0.0527191162109375
5364262500.0,	0.0706634521484375,	0.051036834716796875
5364300000.0,	0.06882476806640625,	0.051197052001953125
5364337500.0,	0.06743621826171875,	0.052886962890625
5364375000.0,	0.06824874877929688,	0.054553985595703125
5364412500.0,	0.07027816772460938,	0.051525115966796875
5364450000.0,	0.06859970092773438,	0.05307769775390625
5364487500.0,	0.06940460205078125,	0.053619384765625
5364525000.0,	0.06565475463867188,	0.051517486572265625
5364562500.0,	0.06900405883789062,	0.053802490234375
5364600000.0,	0.0676727294921875,	0.05254364013671875
5364637500.0,	0.06894683837890625,	0.0522003173828125
5364675000.0,	0.06954574584960938,	0.0515594482421875
5364712500.0,	0.07043838500976562,	0.05231475830078125
5364750000.0,	0.06848907470703125,	0.051975250244140625
5364787500.0,	0.07050704956054688,	0.0538787841796875
5364825000.0,	0.0702972412109375,	0.052703857421875
5364862500.0,	0.06823348999023438,	0.054271697998046875
5364900000.0,	0.069671630859375,	0.051944732666015625
5364937500.0,	0.06838607788085938,	0.054187774658203125
5364975000.0,	0.06842422485351562,	0.052886962890625
5365012500.0,	0.06612396240234375,	0.051952362060546875
5365050000.0,	0.06850051879882812,	0.052738189697265625
5365087500.0,	0.06760787963867188,	0.053619384765625
5365125000.0,	0.06719207763671875,	0.052379608154296875
5365162500.0,	0.06801986694335938,	0.05310821533203125
5365200000.0,	0.07071304321289062,	0.053401947021484375
5365237500.0,	0.06882858276367188,	0.052310943603515625
5365275000.0,	0.0709991455078125,	0.052593231201171875
5365312500.0,	0.06920623779296875,	0.05323028564453125
5365350000.0,	0.0672760009765625,	0.0520782470703125
5365387500.0,	0.069488525390625,	0.052257537841796875
5365425000.0,	0.07024383544921875,	0.053218841552734375
5365462500.0,	0.06830215454101562,	0.05483245849609375
5365500000.0,	0.06723403930664062,	0.054595947265625
5365537500.0,	0.0671844482421875,	0.051097869873046875
5365575000.0,	0.0697021484375,	0.0524139404296875
5365612500.0,	0.06943511962890625,	0.051666259765625
5365650000.0,	0.06945037841796875,	0.052158355712890625
5365687500.0,	0.06772994995117188,	0.05513763427734375
5365725000.0,	0.0679779052734375,	0.053070068359375
5365762500.0,	0.06814956665039062,	0.05261993408203125
5365800000.0,	0.06911468505859375,	0.05269622802734375
5365837500.0,	0.06589126586914062,	0.052104949951171875
5365875000.0,	0.07031631469726562,	0.05124664306640625
5365912500.0,	0.06772232055664062,	0.0504608154296875
5365950000.0,	0.06861114501953125,	0.053310394287109375
5365987500.0,	0.06832122802734375,	0.05165863037109375
5366025000.0,	0.06818771362304688,	0.05364990234375
5366062500.0,	0.06942367553710938,	0.050899505615234375
5366100000.0,	0.0696563720703125,	0.051921844482421875
5366137500.0,	0.06593704223632812,	0.0517425537109375
5366175000.0,	0.06875228881835938,	0.052822113037109375
5366212500.0,	0.067626953125,	0.05152130126953125
5366250000.0,	0.07065582275390625,	0.053241729736328125
5366287500.0,	0.06731414794921875,	0.053600311279296875
5366325000.0,	0.06771469116210938,	0.0525970458984375
5366362500.0,	0.06796646118164062,	0.0528717041015625
5366400000.0,	0.06958389282226562,	0.052959442138671875
5366437500.0,	0.06644439697265625,	0.0538330078125
5366475000.0,	0.066802978515625,	0.051204681396484375
5366512500.0,	0.06697463989257812,	0.05142974853515625
5366550000.0,	0.06665420532226562,	0.05368804931640625
5366587500.0,	0.06680679321289062,	0.051448822021484375
5366625000.0,	0.06601333618164062,	0.0508575439453125
5366662500.0,	0.06829833984375,	0.051517486572265625
5366700000.0,	0.06833648681640625,	0.05080413818359375
5366737500.0,	0.0667877197265625,	0.05411529541015625
5366775000.0,	0.06568527221679688,	0.05190277099609375
5366812500.0,	0.06781005859375,	0.052417755126953125
5366850000.0,	0.0677337646484375,	0.053478240966796875
5366887500.0,	0.06632232666015625,	0.05046844482421875
5366925000.0,	0.06653976440429688,	0.0512237548828125
5366962500.0,	0.0677337646484375,	0.05139923095703125
5367000000.0,	0.06787872314453125,	0.0526885986328125
5367037500.0,	0.06765365600585938,	0.052120208740234375
5367075000.0,	0.06709671020507812,	0.051616668701171875
5367112500.0,	0.06766510009765625,	0.05420684814453125
5367150000.0,	0.06809234619140625,	0.054332733154296875
5367187500.0,	0.06662368774414062,	0.052581787109375
5367225000.0,	0.06741714477539062,	0.0519561767578125
5367262500.0,	0.06492233276367188,	0.051616668701171875
5367300000.0,	0.066650390625,	0.054309844970703125
5367337500.0,	0.06774139404296875,	0.052822113037109375
5367375000.0,	0.06789016723632812,	0.052051544189453125
5367412500.0,	0.0673828125,	0.051258087158203125
5367450000.0,	0.06510162353515625,	0.05239105224609375
5367487500.0,	0.0681304931640625,	0.050464630126953125
5367525000.0,	0.06639862060546875,	0.050800323486328125
5367562500.0,	0.06785202026367188,	0.052032470703125
5367600000.0,	0.0674896240234375,	0.0515289306640625
5367637500.0,	0.06769943237304688,	0.05257415771484375
5367675000.0,	0.06665802001953125,	0.05294036865234375
5367712500.0,	0.0659332275390625,	0.049945831298828125
5367750000.0,	0.06630325317382812,	0.053394317626953125
5367787500.0,	0.06569671630859375,	0.0519866943359375
5367825000.0,	0.06679534912109375,	0.0496063232421875
5367862500.0,	0.0677490234375,	0.0518341064453125
5367900000.0,	0.064239501953125,	0.052398681640625
5367937500.0,	0.06926345825195312,	0.0514678955078125
5367975000.0,	0.06662750244140625,	0.0519866943359375
5368012500.0,	0.06641387939453125,	0.052211761474609375
5368050000.0,	0.06684112548828125,	0.050632476806640625
5368087500.0,	0.06561279296875,	0.050884246826171875
5368125000.0,	0.06664657592773438,	0.0532379150390625
5368162500.0,	0.06641769409179688,	0.052959442138671875
5368200000.0,	0.06566238403320312,	0.051513671875
5368237500.0,	0.06699752807617188,	0.05129241943359375
5368275000.0,	0.06743621826171875,	0.05303955078125
5368312500.0,	0.06571197509765625,	0.0526275634765625
5368350000.0,	0.06728744506835938,	0.050899505615234375
5368387500.0,	0.06718826293945312,	0.053997039794921875
5368425000.0,	0.06720733642578125,	0.051456451416015625
5368462500.0,	0.066497802734375,	0.052471160888671875
5368500000.0,	0.06475830078125,	0.05206298828125
5368537500.0,	0.0673065185546875,	0.0500640869140625
5368575000.0,	0.06584930419921875,	0.05350494384765625
5368612500.0,	0.06809616088867188,	0.0514678955078125
5368650000.0,	0.06641769409179688,	0.053318023681640625
5368687500.0,	0.06579208374023438,	0.05171966552734375
5368725000.0,	0.06402587890625,	0.053745269775390625
5368762500.0,	0.06582260131835938,	0.052997589111328125
5368800000.0,	0.06547927856445312,	0.052898406982421875
5368837500.0,	0.06648635864257812,	0.052867889404296875
5368875000.0,	0.06864547729492188,	0.05132293701171875
5368912500.0,	0.06625747680664062,	0.051357269287109375
5368950000.0,	0.06727981567382812,	0.048187255859375
5368987500.0,	0.06644058227539062,	0.05049896240234375
5369025000.0,	0.06580352783203125,	0.052978515625
5369062500.0,	0.06716156005859375,	0.050434112548828125
5369100000.0,	0.06778717041015625,	0.05158233642578125
5369137500.0,	0.06695938110351562,	0.052806854248046875
5369175000.0,	0.06657791137695312,	0.053401947021484375
5369212500.0,	0.06606674194335938,	0.051544189453125
5369250000.0,	0.06853103637695312,	0.052639007568359375
5369287500.0,	0.066497802734375,	0.052051544189453125
5369325000.0,	0.0643310546875,	0.05199432373046875
5369362500.0,	0.06655502319335938,	0.05243682861328125
5369400000.0,	0.0664520263671875,	0.053436279296875
5369437500.0,	0.0676116943359375,	0.0535888671875
5369475000.0,	0.06594467163085938,	0.052581787109375
5369512500.0,	0.06611251831054688,	0.050708770751953125
5369550000.0,	0.06529617309570312,	0.05361175537109375
5369587500.0,	0.066192626953125,	0.05408477783203125
5369625000.0,	0.06759262084960938,	0.049526214599609375
5369662500.0,	0.06470489501953125,	0.0494842529296875
5369700000.0,	0.06605911254882812,	0.052326202392578125
5369737500.0,	0.06552505493164062,	0.052398681640625
5369775000.0,	0.06719207763671875,	0.053127288818359375
5369812500.0,	0.06760787963867188,	0.051998138427734375
5369850000.0,	0.06584548950195312,	0.050830841064453125
5369887500.0,	0.06625747680664062,	0.0530548095703125
5369925000.0,	0.06740951538085938,	0.052947998046875
5369962500.0,	0.06702041625976562,	0.0513153076171875
5370000000.0,	0.06684494018554688,	0.052112579345703125
