5837045625.0,	0.0866241455078125,	0.1326446533203125
5837091250.0,	0.08819580078125,	0.1327056884765625
5837136875.0,	0.08818817138671875,	0.13217926025390625
5837182500.0,	0.08979034423828125,	0.13277435302734375
5837228125.0,	0.08864593505859375,	0.13240814208984375
5837273750.0,	0.0887603759765625,	0.13495635986328125
5837319375.0,	0.087005615234375,	0.13361358642578125
5837365000.0,	0.08998870849609375,	0.13266754150390625
5837410625.0,	0.09069061279296875,	0.13402557373046875
5837456250.0,	0.08827972412109375,	0.13162994384765625
5837501875.0,	0.08937835693359375,	0.13358306884765625
5837547500.0,	0.09027862548828125,	0.13419342041015625
5837593125.0,	0.088775634765625,	0.133148193359375
5837638750.0,	0.0905609130859375,	0.13330841064453125
5837684375.0,	0.08908843994140625,	0.133880615234375
5837730000.0,	0.089935302734375,	0.131378173828125
5837775625.0,	0.08838653564453125,	0.13317108154296875
5837821250.0,	0.089202880859375,	0.1341552734375
5837866875.0,	0.08907318115234375,	0.13349151611328125
5837912500.0,	0.08928680419921875,	0.13152313232421875
5837958125.0,	0.09053802490234375,	0.13373565673828125
5838003750.0,	0.0899200439453125,	0.13231658935546875
5838049375.0,	0.0887298583984375,	0.13433074951171875
5838095000.0,	0.09066009521484375,	0.1325836181640625
5838140625.0,	0.0891571044921875,	0.1335601806640625
5838186250.0,	0.089202880859375,	0.1313934326171875
5838231875.0,	0.0910491943359375,	0.1337127685546875
5838277500.0,	0.0911865234375,	0.13295745849609375
5838323125.0,	0.09021759033203125,	0.133148193359375
5838368750.0,	0.08869171142578125,	0.13225555419921875
5838414375.0,	0.09051513671875,	0.13199615478515625
5838460000.0,	0.09040069580078125,	0.13427734375
5838505625.0,	0.0906982421875,	0.1305999755859375
5838551250.0,	0.09154510498046875,	0.1324615478515625
5838596875.0,	0.0894317626953125,	0.13307952880859375
5838642500.0,	0.0917205810546875,	0.12990570068359375
5838688125.0,	0.09026336669921875,	0.1336212158203125
5838733750.0,	0.09148406982421875,	0.1305694580078125
5838779375.0,	0.0919952392578125,	0.13037872314453125
5838825000.0,	0.09107208251953125,	0.1307220458984375
5838870625.0,	0.092193603515625,	0.1331634521484375
5838916250.0,	0.09197235107421875,	0.13396453857421875
5838961875.0,	0.09227752685546875,	0.13278961181640625
5839007500.0,	0.0914154052734375,	0.1321563720703125
5839053125.0,	0.0895233154296875,	0.1299285888671875
5839098750.0,	0.0915985107421875,	0.13037872314453125
5839144375.0,	0.0897369384765625,	0.13127899169921875
5839190000.0,	0.0897369384765625,	0.12950897216796875
5839235625.0,	0.09226226806640625,	0.13155364990234375
5839281250.0,	0.09161376953125,	0.13103485107421875
5839326875.0,	0.09261322021484375,	0.1281585693359375
5839372500.0,	0.0913238525390625,	0.13077545166015625
5839418125.0,	0.09149932861328125,	0.13091278076171875
5839463750.0,	0.09130859375,	0.1302642822265625
5839509375.0,	0.09033966064453125,	0.1322479248046875
5839555000.0,	0.092071533203125,	0.13016510009765625
5839600625.0,	0.09173583984375,	0.13246917724609375
5839646250.0,	0.0930633544921875,	0.13156890869140625
5839691875.0,	0.0952606201171875,	0.130950927734375
5839737500.0,	0.09409332275390625,	0.131134033203125
5839783125.0,	0.09151458740234375,	0.1309814453125
5839828750.0,	0.09201812744140625,	0.13274383544921875
5839874375.0,	0.09415435791015625,	0.1295166015625
5839920000.0,	0.09377288818359375,	0.12994384765625
5839965625.0,	0.093170166015625,	0.132354736328125
5840011250.0,	0.09181976318359375,	0.1297149658203125
5840056875.0,	0.09455108642578125,	0.128631591796875
5840102500.0,	0.0934600830078125,	0.13045501708984375
5840148125.0,	0.09283447265625,	0.130401611328125
5840193750.0,	0.0944061279296875,	0.1300201416015625
5840239375.0,	0.09174346923828125,	0.1291351318359375
5840285000.0,	0.09344482421875,	0.13189697265625
5840330625.0,	0.09401702880859375,	0.13079833984375
5840376250.0,	0.09503173828125,	0.13108062744140625
5840421875.0,	0.092315673828125,	0.12931060791015625
5840467500.0,	0.093292236328125,	0.13104248046875
5840513125.0,	0.09291839599609375,	0.1295928955078125
5840558750.0,	0.095855712890625,	0.129791259765625
5840604375.0,	0.09310150146484375,	0.12762451171875
5840650000.0,	0.095550537109375,	0.1298828125
5840695625.0,	0.09267425537109375,	0.13013458251953125
5840741250.0,	0.0946502685546875,	0.13089752197265625
5840786875.0,	0.0948333740234375,	0.13065338134765625
5840832500.0,	0.0944366455078125,	0.13004302978515625
5840878125.0,	0.09532928466796875,	0.1279449462890625
5840923750.0,	0.09386444091796875,	0.13065338134765625
5840969375.0,	0.094635009765625,	0.12847137451171875
5841015000.0,	0.09477996826171875,	0.129974365234375
5841060625.0,	0.0943145751953125,	0.12915802001953125
5841106250.0,	0.09589385986328125,	0.12866973876953125
5841151875.0,	0.09671783447265625,	0.1270904541015625
5841197500.0,	0.0941619873046875,	0.1290435791015625
5841243125.0,	0.09557342529296875,	0.1270751953125
5841288750.0,	0.094635009765625,	0.12827301025390625
5841334375.0,	0.0952301025390625,	0.12786865234375
5841380000.0,	0.094757080078125,	0.12619781494140625
5841425625.0,	0.097076416015625,	0.128448486328125
5841471250.0,	0.0947113037109375,	0.12950897216796875
5841516875.0,	0.0963287353515625,	0.12495040893554688
5841562500.0,	0.09449005126953125,	0.13016510009765625
5841608125.0,	0.094970703125,	0.12879180908203125
5841653750.0,	0.0968780517578125,	0.12793731689453125
5841699375.0,	0.09719085693359375,	0.1277618408203125
5841745000.0,	0.09601593017578125,	0.1278076171875
5841790625.0,	0.094085693359375,	0.1287384033203125
5841836250.0,	0.096954345703125,	0.12796783447265625
5841881875.0,	0.09392547607421875,	0.12896728515625
5841927500.0,	0.09423065185546875,	0.12825775146484375
5841973125.0,	0.0949859619140625,	0.12873077392578125
5842018750.0,	0.09731292724609375,	0.12673187255859375
5842064375.0,	0.09674072265625,	0.1273956298828125
5842110000.0,	0.096649169921875,	0.12741851806640625
5842155625.0,	0.0978240966796875,	0.1267242431640625
5842201250.0,	0.09729766845703125,	0.12798309326171875
5842246875.0,	0.097442626953125,	0.1272125244140625
5842292500.0,	0.09624481201171875,	0.12737274169921875
5842338125.0,	0.0977020263671875,	0.12715911865234375
5842383750.0,	0.09676361083984375,	0.12844085693359375
5842429375.0,	0.09691619873046875,	0.12703704833984375
5842475000.0,	0.09537506103515625,	0.1261749267578125
5842520625.0,	0.0985870361328125,	0.12706756591796875
5842566250.0,	0.0981597900390625,	0.1265411376953125
5842611875.0,	0.09803009033203125,	0.125091552734375
5842657500.0,	0.095703125,	0.12650299072265625
5842703125.0,	0.0992279052734375,	0.12796783447265625
5842748750.0,	0.09938812255859375,	0.125335693359375
5842794375.0,	0.0978546142578125,	0.124969482421875
5842840000.0,	0.097747802734375,	0.12841033935546875
5842885625.0,	0.09757232666015625,	0.12540435791015625
5842931250.0,	0.09673309326171875,	0.12808990478515625
5842976875.0,	0.09613037109375,	0.12689971923828125
5843022500.0,	0.0974273681640625,	0.12644195556640625
5843068125.0,	0.0972137451171875,	0.12491607666015625
5843113750.0,	0.09588623046875,	0.12770843505859375
5843159375.0,	0.09766387939453125,	0.12396621704101562
5843205000.0,	0.0992584228515625,	0.1259307861328125
5843250625.0,	0.09783935546875,	0.12741851806640625
5843296250.0,	0.09691619873046875,	0.12360382080078125
5843341875.0,	0.0975799560546875,	0.12519073486328125
5843387500.0,	0.09923553466796875,	0.12276458740234375
5843433125.0,	0.0988006591796875,	0.12502288818359375
5843478750.0,	0.09725570678710938,	0.12410736083984375
5843524375.0,	0.099517822265625,	0.12410736083984375
5843570000.0,	0.09653854370117188,	0.122650146484375
5843615625.0,	0.09855270385742188,	0.12463760375976562
5843661250.0,	0.09958648681640625,	0.1253814697265625
5843706875.0,	0.09703826904296875,	0.12650299072265625
5843752500.0,	0.0986328125,	0.125762939453125
5843798125.0,	0.101165771484375,	0.12606048583984375
5843843750.0,	0.095794677734375,	0.124542236328125
5843889375.0,	0.0988006591796875,	0.12479782104492188
5843935000.0,	0.0995941162109375,	0.12664031982421875
5843980625.0,	0.097869873046875,	0.12467193603515625
5844026250.0,	0.10039520263671875,	0.12376022338867188
5844071875.0,	0.0975341796875,	0.12541961669921875
5844117500.0,	0.09942626953125,	0.126220703125
5844163125.0,	0.09783935546875,	0.125701904296875
5844208750.0,	0.09963226318359375,	0.12454605102539062
5844254375.0,	0.0989227294921875,	0.12495040893554688
5844300000.0,	0.0980987548828125,	0.1252899169921875
5844345625.0,	0.09950637817382812,	0.12301254272460938
5844391250.0,	0.09814453125,	0.12371444702148438
5844436875.0,	0.09889984130859375,	0.12396621704101562
5844482500.0,	0.096099853515625,	0.12479782104492188
5844528125.0,	0.09972763061523438,	0.124237060546875
5844573750.0,	0.10007476806640625,	0.12441635131835938
5844619375.0,	0.09936141967773438,	0.123748779296875
5844665000.0,	0.09865570068359375,	0.12397384643554688
5844710625.0,	0.09981155395507812,	0.1226806640625
5844756250.0,	0.09986114501953125,	0.12301254272460938
5844801875.0,	0.10179901123046875,	0.12506866455078125
5844847500.0,	0.1023406982421875,	0.1229705810546875
5844893125.0,	0.09915924072265625,	0.12531280517578125
5844938750.0,	0.10248565673828125,	0.12256622314453125
5844984375.0,	0.09955215454101562,	0.1235198974609375
5845030000.0,	0.10118865966796875,	0.12255859375
5845075625.0,	0.09871292114257812,	0.12398910522460938
5845121250.0,	0.09920120239257812,	0.12195968627929688
5845166875.0,	0.09784317016601562,	0.12210845947265625
5845212500.0,	0.09954452514648438,	0.12350082397460938
5845258125.0,	0.09852981567382812,	0.12354660034179688
5845303750.0,	0.0999908447265625,	0.12239837646484375
5845349375.0,	0.10085678100585938,	0.12334823608398438
5845395000.0,	0.100860595703125,	0.12034988403320312
5845440625.0,	0.10090255737304688,	0.12322616577148438
5845486250.0,	0.10028076171875,	0.12377166748046875
5845531875.0,	0.098052978515625,	0.1236572265625
5845577500.0,	0.10073089599609375,	0.12173843383789062
5845623125.0,	0.10109710693359375,	0.12032699584960938
5845668750.0,	0.10218048095703125,	0.122344970703125
5845714375.0,	0.10017013549804688,	0.1202850341796875
5845760000.0,	0.10062026977539062,	0.12185287475585938
5845805625.0,	0.10127639770507812,	0.12160110473632812
5845851250.0,	0.10050582885742188,	0.1218109130859375
5845896875.0,	0.10013198852539062,	0.1190643310546875
5845942500.0,	0.10023117065429688,	0.12202072143554688
5845988125.0,	0.10206222534179688,	0.1209259033203125
5846033750.0,	0.10186386108398438,	0.11846160888671875
5846079375.0,	0.10079193115234375,	0.12056732177734375
5846125000.0,	0.100067138671875,	0.12115478515625
5846170625.0,	0.10057449340820312,	0.11920547485351562
5846216250.0,	0.100860595703125,	0.12032318115234375
5846261875.0,	0.10118484497070312,	0.12017059326171875
5846307500.0,	0.10124969482421875,	0.119720458984375
5846353125.0,	0.10033416748046875,	0.12189483642578125
5846398750.0,	0.10013198852539062,	0.12098312377929688
5846444375.0,	0.09948348999023438,	0.11986923217773438
5846490000.0,	0.10193634033203125,	0.12002182006835938
5846535625.0,	0.10013198852539062,	0.121551513671875
5846581250.0,	0.101409912109375,	0.118682861328125
5846626875.0,	0.10164642333984375,	0.12136077880859375
5846672500.0,	0.10274887084960938,	0.12068939208984375
5846718125.0,	0.10265731811523438,	0.12213897705078125
5846763750.0,	0.10116195678710938,	0.11942291259765625
5846809375.0,	0.10130691528320312,	0.12028121948242188
5846855000.0,	0.10025405883789062,	0.11896133422851562
5846900625.0,	0.1022491455078125,	0.12164306640625
5846946250.0,	0.10302352905273438,	0.1190948486328125
5846991875.0,	0.10112380981445312,	0.1183624267578125
5847037500.0,	0.10214996337890625,	0.12116241455078125
5847083125.0,	0.10199356079101562,	0.11865234375
5847128750.0,	0.10221481323242188,	0.12066268920898438
5847174375.0,	0.10028457641601562,	0.119598388671875
5847220000.0,	0.10369110107421875,	0.11967086791992188
5847265625.0,	0.10074234008789062,	0.11868667602539062
5847311250.0,	0.10199737548828125,	0.12065505981445312
5847356875.0,	0.10360336303710938,	0.117889404296875
5847402500.0,	0.10082626342773438,	0.11849594116210938
5847448125.0,	0.10284805297851562,	0.11964797973632812
5847493750.0,	0.10181808471679688,	0.1189117431640625
5847539375.0,	0.10058975219726562,	0.11872482299804688
5847585000.0,	0.10189437866210938,	0.11792755126953125
5847630625.0,	0.1010894775390625,	0.11852264404296875
5847676250.0,	0.09971237182617188,	0.11900711059570312
5847721875.0,	0.10193252563476562,	0.119110107421875
5847767500.0,	0.1014404296875,	0.11890411376953125
5847813125.0,	0.10174179077148438,	0.11785888671875
5847858750.0,	0.10041427612304688,	0.11925506591796875
5847904375.0,	0.1019744873046875,	0.11911773681640625
5847950000.0,	0.10174560546875,	0.11618804931640625
5847995625.0,	0.1001434326171875,	0.11688995361328125
5848041250.0,	0.10276412963867188,	0.11785507202148438
5848086875.0,	0.10263442993164062,	0.11614227294921875
5848132500.0,	0.10431289672851562,	0.11893081665039062
5848178125.0,	0.10131454467773438,	0.11582183837890625
5848223750.0,	0.10266876220703125,	0.11717987060546875
5848269375.0,	0.10039901733398438,	0.1180267333984375
5848315000.0,	0.10216522216796875,	0.11938095092773438
5848360625.0,	0.1015777587890625,	0.11811447143554688
5848406250.0,	0.10257720947265625,	0.1172332763671875
5848451875.0,	0.10254287719726562,	0.11541366577148438
5848497500.0,	0.10315704345703125,	0.11805343627929688
5848543125.0,	0.10128402709960938,	0.11587142944335938
5848588750.0,	0.10300445556640625,	0.1154327392578125
5848634375.0,	0.10223388671875,	0.11666107177734375
5848680000.0,	0.10262298583984375,	0.11842727661132812
5848725625.0,	0.10449600219726562,	0.11639022827148438
5848771250.0,	0.10326385498046875,	0.11932754516601562
5848816875.0,	0.10419464111328125,	0.11638259887695312
5848862500.0,	0.10422897338867188,	0.116241455078125
5848908125.0,	0.10225296020507812,	0.11714935302734375
5848953750.0,	0.10250473022460938,	0.1166534423828125
5848999375.0,	0.10269546508789062,	0.11525344848632812
5849045000.0,	0.1030731201171875,	0.11501312255859375
5849090625.0,	0.1015472412109375,	0.11518478393554688
5849136250.0,	0.1034088134765625,	0.11669921875
5849181875.0,	0.10150146484375,	0.11597442626953125
5849227500.0,	0.10412979125976562,	0.1152191162109375
5849273125.0,	0.10118865966796875,	0.11527252197265625
5849318750.0,	0.10135269165039062,	0.1150970458984375
5849364375.0,	0.10374069213867188,	0.1145477294921875
5849410000.0,	0.10162734985351562,	0.11365127563476562
5849455625.0,	0.10335922241210938,	0.11640548706054688
5849501250.0,	0.10326004028320312,	0.11614608764648438
5849546875.0,	0.10518264770507812,	0.11574172973632812
5849592500.0,	0.10425949096679688,	0.114990234375
5849638125.0,	0.10138702392578125,	0.1158905029296875
5849683750.0,	0.10307693481445312,	0.1156005859375
5849729375.0,	0.10382461547851562,	0.11585617065429688
5849775000.0,	0.10286331176757812,	0.11215591430664062
5849820625.0,	0.10260391235351562,	0.11449050903320312
5849866250.0,	0.10325241088867188,	0.1132049560546875
5849911875.0,	0.10292816162109375,	0.1153411865234375
5849957500.0,	0.10437774658203125,	0.11684799194335938
5850003125.0,	0.1029815673828125,	0.11403274536132812
5850048750.0,	0.10338592529296875,	0.11577987670898438
5850094375.0,	0.10191726684570312,	0.11401748657226562
5850140000.0,	0.10223770141601562,	0.11304473876953125
5850185625.0,	0.10360336303710938,	0.11663055419921875
5850231250.0,	0.1028289794921875,	0.11384201049804688
5850276875.0,	0.10169219970703125,	0.11330795288085938
5850322500.0,	0.10139083862304688,	0.11380386352539062
5850368125.0,	0.10358047485351562,	0.112823486328125
5850413750.0,	0.10580825805664062,	0.11468124389648438
5850459375.0,	0.10260009765625,	0.11469650268554688
5850505000.0,	0.10470199584960938,	0.11379241943359375
5850550625.0,	0.10374069213867188,	0.11409759521484375
5850596250.0,	0.10530471801757812,	0.11430740356445312
5850641875.0,	0.10417938232421875,	0.114166259765625
5850687500.0,	0.10479354858398438,	0.11410903930664062
5850733125.0,	0.1021270751953125,	0.11392974853515625
5850778750.0,	0.10373306274414062,	0.11432647705078125
5850824375.0,	0.10213088989257812,	0.11222076416015625
5850870000.0,	0.10491943359375,	0.1119384765625
5850915625.0,	0.10451889038085938,	0.11263656616210938
5850961250.0,	0.10396194458007812,	0.11281204223632812
5851006875.0,	0.10400772094726562,	0.112884521484375
5851052500.0,	0.10326766967773438,	0.11482620239257812
5851098125.0,	0.10448455810546875,	0.11173248291015625
5851143750.0,	0.103851318359375,	0.1124114990234375
5851189375.0,	0.104705810546875,	0.11107635498046875
5851235000.0,	0.10269546508789062,	0.1141815185546875
5851280625.0,	0.10334014892578125,	0.11317062377929688
5851326250.0,	0.1034088134765625,	0.11268997192382812
5851371875.0,	0.10308456420898438,	0.11344528198242188
5851417500.0,	0.10428237915039062,	0.11266326904296875
5851463125.0,	0.10245895385742188,	0.11133193969726562
5851508750.0,	0.10464859008789062,	0.11288070678710938
5851554375.0,	0.1027374267578125,	0.11339187622070312
5851600000.0,	0.10617446899414062,	0.11296844482421875
5851645625.0,	0.10376739501953125,	0.11249160766601562
5851691250.0,	0.10424423217773438,	0.1121826171875
5851736875.0,	0.104827880859375,	0.11151504516601562
5851782500.0,	0.10262680053710938,	0.11260223388671875
5851828125.0,	0.10358047485351562,	0.11285018920898438
5851873750.0,	0.10491180419921875,	0.1124420166015625
5851919375.0,	0.10451889038085938,	0.11093902587890625
5851965000.0,	0.10226821899414062,	0.11272430419921875
5852010625.0,	0.1040191650390625,	0.11135101318359375
5852056250.0,	0.10429763793945312,	0.11080169677734375
5852101875.0,	0.10388565063476562,	0.11150360107421875
5852147500.0,	0.10338592529296875,	0.11173629760742188
5852193125.0,	0.1050567626953125,	0.10978317260742188
5852238750.0,	0.10317230224609375,	0.11199188232421875
5852284375.0,	0.10205459594726562,	0.11004257202148438
5852330000.0,	0.10443496704101562,	0.11069107055664062
5852375625.0,	0.10456085205078125,	0.11140823364257812
5852421250.0,	0.10330581665039062,	0.11190414428710938
5852466875.0,	0.10340499877929688,	0.11224365234375
5852512500.0,	0.1042022705078125,	0.11174774169921875
5852558125.0,	0.10237503051757812,	0.11216354370117188
5852603750.0,	0.10427474975585938,	0.11045455932617188
5852649375.0,	0.10583877563476562,	0.11056137084960938
5852695000.0,	0.10431671142578125,	0.10969924926757812
5852740625.0,	0.10348129272460938,	0.1109619140625
5852786250.0,	0.1046142578125,	0.11057662963867188
5852831875.0,	0.10302734375,	0.10854339599609375
5852877500.0,	0.104644775390625,	0.11184310913085938
5852923125.0,	0.10467529296875,	0.11016464233398438
5852968750.0,	0.10314559936523438,	0.1109466552734375
5853014375.0,	0.10164642333984375,	0.11154937744140625
5853060000.0,	0.1052703857421875,	0.1110992431640625
5853105625.0,	0.10448074340820312,	0.10880661010742188
5853151250.0,	0.10476303100585938,	0.10984039306640625
5853196875.0,	0.1046905517578125,	0.11105728149414062
5853242500.0,	0.1053009033203125,	0.10943603515625
5853288125.0,	0.10184860229492188,	0.11095046997070312
5853333750.0,	0.10460662841796875,	0.11244964599609375
5853379375.0,	0.10419464111328125,	0.10901641845703125
5853425000.0,	0.105194091796875,	0.10974502563476562
5853470625.0,	0.10448074340820312,	0.11017990112304688
5853516250.0,	0.10570907592773438,	0.10864639282226562
5853561875.0,	0.10570526123046875,	0.1097259521484375
5853607500.0,	0.10565185546875,	0.10806655883789062
5853653125.0,	0.10475540161132812,	0.10651779174804688
5853698750.0,	0.10412979125976562,	0.10837173461914062
5853744375.0,	0.10442733764648438,	0.108001708984375
5853790000.0,	0.1054229736328125,	0.10894775390625
5853835625.0,	0.104583740234375,	0.11028671264648438
5853881250.0,	0.10471343994140625,	0.10945892333984375
5853926875.0,	0.10285186767578125,	0.10810470581054688
5853972500.0,	0.10478973388671875,	0.10816192626953125
5854018125.0,	0.10526657104492188,	0.10874176025390625
5854063750.0,	0.10479736328125,	0.10992813110351562
5854109375.0,	0.10466766357421875,	0.10817337036132812
5854155000.0,	0.1036224365234375,	0.10898971557617188
5854200625.0,	0.10396575927734375,	0.108856201171875
5854246250.0,	0.10631561279296875,	0.10802459716796875
5854291875.0,	0.10415267944335938,	0.1094512939453125
5854337500.0,	0.10495376586914062,	0.10932159423828125
5854383125.0,	0.10429763793945312,	0.10827255249023438
5854428750.0,	0.10655593872070312,	0.10862350463867188
5854474375.0,	0.10410690307617188,	0.1089935302734375
5854520000.0,	0.102294921875,	0.10855865478515625
5854565625.0,	0.101837158203125,	0.10734939575195312
5854611250.0,	0.1049346923828125,	0.10926437377929688
5854656875.0,	0.10588455200195312,	0.10940170288085938
5854702500.0,	0.10689926147460938,	0.107940673828125
5854748125.0,	0.105499267578125,	0.1083526611328125
5854793750.0,	0.10535430908203125,	0.10926437377929688
5854839375.0,	0.10717010498046875,	0.10797119140625
5854885000.0,	0.10679244995117188,	0.1071319580078125
5854930625.0,	0.10565948486328125,	0.10809707641601562
5854976250.0,	0.10328292846679688,	0.1076202392578125
5855021875.0,	0.10547256469726562,	0.107574462890625
5855067500.0,	0.10684967041015625,	0.10906219482421875
5855113125.0,	0.10463714599609375,	0.1086273193359375
5855158750.0,	0.10662460327148438,	0.10907363891601562
5855204375.0,	0.10528945922851562,	0.10554122924804688
5855250000.0,	0.10499954223632812,	0.10857772827148438
5855295625.0,	0.10472869873046875,	0.10606002807617188
5855341250.0,	0.10430145263671875,	0.10825347900390625
5855386875.0,	0.10567092895507812,	0.1082916259765625
5855432500.0,	0.10467529296875,	0.1068572998046875
5855478125.0,	0.10674667358398438,	0.10599136352539062
5855523750.0,	0.10432052612304688,	0.10712814331054688
5855569375.0,	0.10510635375976562,	0.10759353637695312
5855615000.0,	0.10470199584960938,	0.10571670532226562
5855660625.0,	0.10543060302734375,	0.10688018798828125
5855706250.0,	0.10615921020507812,	0.10787582397460938
5855751875.0,	0.10420608520507812,	0.10571670532226562
5855797500.0,	0.10467147827148438,	0.10703277587890625
5855843125.0,	0.10352706909179688,	0.10535049438476562
5855888750.0,	0.10402679443359375,	0.106170654296875
5855934375.0,	0.10744476318359375,	0.10625457763671875
5855980000.0,	0.10560226440429688,	0.10477447509765625
5856025625.0,	0.10511398315429688,	0.1055450439453125
5856071250.0,	0.10564422607421875,	0.10604095458984375
5856116875.0,	0.10561752319335938,	0.1074066162109375
5856162500.0,	0.10473251342773438,	0.10558700561523438
5856208125.0,	0.10568618774414062,	0.10750579833984375
5856253750.0,	0.10503768920898438,	0.10546493530273438
5856299375.0,	0.10496139526367188,	0.105133056640625
5856345000.0,	0.10531997680664062,	0.10559463500976562
5856390625.0,	0.10676956176757812,	0.10568618774414062
5856436250.0,	0.10610580444335938,	0.10498046875
5856481875.0,	0.10602569580078125,	0.10770034790039062
5856527500.0,	0.10547256469726562,	0.1046142578125
5856573125.0,	0.10482025146484375,	0.10623931884765625
5856618750.0,	0.1046295166015625,	0.10631942749023438
5856664375.0,	0.10445404052734375,	0.1060943603515625
5856710000.0,	0.10564422607421875,	0.10547256469726562
5856755625.0,	0.10551834106445312,	0.10548019409179688
5856801250.0,	0.10506057739257812,	0.104888916015625
5856846875.0,	0.10636520385742188,	0.10631179809570312
5856892500.0,	0.10567855834960938,	0.10538101196289062
5856938125.0,	0.107574462890625,	0.104705810546875
5856983750.0,	0.10591888427734375,	0.10448455810546875
5857029375.0,	0.10426712036132812,	0.1045379638671875
5857075000.0,	0.10609817504882812,	0.10443496704101562
5857120625.0,	0.10703659057617188,	0.1046295166015625
5857166250.0,	0.10536956787109375,	0.1039276123046875
5857211875.0,	0.10546112060546875,	0.10435104370117188
5857257500.0,	0.10614776611328125,	0.10407257080078125
5857303125.0,	0.1055450439453125,	0.10472488403320312
5857348750.0,	0.106292724609375,	0.103485107421875
5857394375.0,	0.10425186157226562,	0.10536575317382812
5857440000.0,	0.10651397705078125,	0.10472488403320312
5857485625.0,	0.10655593872070312,	0.1053314208984375
5857531250.0,	0.10607528686523438,	0.10437774658203125
5857576875.0,	0.10628890991210938,	0.10355758666992188
5857622500.0,	0.10520553588867188,	0.10554122924804688
5857668125.0,	0.10578536987304688,	0.10475921630859375
5857713750.0,	0.1080780029296875,	0.10329818725585938
5857759375.0,	0.10618209838867188,	0.10430145263671875
5857805000.0,	0.106414794921875,	0.10266876220703125
5857850625.0,	0.10491180419921875,	0.10335159301757812
5857896250.0,	0.1070098876953125,	0.1034088134765625
5857941875.0,	0.10583877563476562,	0.10381698608398438
5857987500.0,	0.10379791259765625,	0.10158920288085938
5858033125.0,	0.10553359985351562,	0.10452651977539062
5858078750.0,	0.10633468627929688,	0.10277175903320312
5858124375.0,	0.10452651977539062,	0.1044464111328125
5858170000.0,	0.108154296875,	0.1032257080078125
5858215625.0,	0.10666656494140625,	0.10451126098632812
5858261250.0,	0.10517501831054688,	0.10337066650390625
5858306875.0,	0.10513687133789062,	0.10259246826171875
5858352500.0,	0.10570144653320312,	0.10352325439453125
5858398125.0,	0.10538101196289062,	0.10396194458007812
5858443750.0,	0.10599517822265625,	0.10277557373046875
5858489375.0,	0.1065673828125,	0.10176849365234375
5858535000.0,	0.10707855224609375,	0.10237503051757812
5858580625.0,	0.10586166381835938,	0.10403823852539062
5858626250.0,	0.10688018798828125,	0.1034088134765625
5858671875.0,	0.10430908203125,	0.10171127319335938
5858717500.0,	0.1067352294921875,	0.10326004028320312
5858763125.0,	0.10703277587890625,	0.10298538208007812
5858808750.0,	0.10536575317382812,	0.10258102416992188
5858854375.0,	0.10412216186523438,	0.10207748413085938
5858900000.0,	0.1079254150390625,	0.103118896484375
5858945625.0,	0.10522079467773438,	0.10199356079101562
5858991250.0,	0.10843658447265625,	0.1036834716796875
5859036875.0,	0.10874176025390625,	0.10280227661132812
5859082500.0,	0.1074066162109375,	0.10216140747070312
5859128125.0,	0.10913467407226562,	0.1004486083984375
5859173750.0,	0.10799789428710938,	0.10279083251953125
5859219375.0,	0.10747909545898438,	0.10410308837890625
5859265000.0,	0.10651397705078125,	0.10154342651367188
5859310625.0,	0.10772705078125,	0.10150146484375
5859356250.0,	0.1072540283203125,	0.10198593139648438
5859401875.0,	0.10532760620117188,	0.10144805908203125
5859447500.0,	0.10822296142578125,	0.10200881958007812
5859493125.0,	0.107025146484375,	0.100341796875
5859538750.0,	0.10980987548828125,	0.1015777587890625
5859584375.0,	0.10753631591796875,	0.10172271728515625
5859630000.0,	0.10731124877929688,	0.10268783569335938
5859675625.0,	0.110748291015625,	0.10024642944335938
5859721250.0,	0.10656356811523438,	0.1001434326171875
5859766875.0,	0.10655593872070312,	0.1020355224609375
5859812500.0,	0.10675811767578125,	0.10191726684570312
5859858125.0,	0.10636520385742188,	0.10049057006835938
5859903750.0,	0.10860824584960938,	0.10019683837890625
5859949375.0,	0.10662078857421875,	0.10198974609375
5859995000.0,	0.107879638671875,	0.10019683837890625
5860040625.0,	0.10688400268554688,	0.0992431640625
5860086250.0,	0.1088714599609375,	0.09923934936523438
5860131875.0,	0.10878372192382812,	0.10034561157226562
5860177500.0,	0.106658935546875,	0.101715087890625
5860223125.0,	0.10883712768554688,	0.09997940063476562
5860268750.0,	0.10742568969726562,	0.10010528564453125
5860314375.0,	0.1079864501953125,	0.09946441650390625
5860360000.0,	0.10868453979492188,	0.09883880615234375
5860405625.0,	0.10723114013671875,	0.09933090209960938
5860451250.0,	0.10879898071289062,	0.10124588012695312
5860496875.0,	0.10882568359375,	0.1004486083984375
5860542500.0,	0.10994720458984375,	0.09897613525390625
5860588125.0,	0.11050033569335938,	0.09928512573242188
5860633750.0,	0.109283447265625,	0.09981155395507812
5860679375.0,	0.10965728759765625,	0.098876953125
5860725000.0,	0.10930633544921875,	0.09895706176757812
5860770625.0,	0.11013412475585938,	0.0983123779296875
5860816250.0,	0.10906219482421875,	0.09841156005859375
5860861875.0,	0.10906219482421875,	0.09987258911132812
5860907500.0,	0.10858154296875,	0.09601974487304688
5860953125.0,	0.10857391357421875,	0.0984344482421875
5860998750.0,	0.10899734497070312,	0.0975189208984375
5861044375.0,	0.10799789428710938,	0.0990753173828125
5861090000.0,	0.11004257202148438,	0.09735488891601562
5861135625.0,	0.10897064208984375,	0.09784317016601562
5861181250.0,	0.11006546020507812,	0.09805679321289062
5861226875.0,	0.11072540283203125,	0.09928512573242188
5861272500.0,	0.1097564697265625,	0.098541259765625
5861318125.0,	0.11009597778320312,	0.1000213623046875
5861363750.0,	0.1105804443359375,	0.0959625244140625
5861409375.0,	0.10995864868164062,	0.09893417358398438
5861455000.0,	0.11075973510742188,	0.0968017578125
5861500625.0,	0.110198974609375,	0.0973052978515625
5861546250.0,	0.11104583740234375,	0.09972000122070312
5861591875.0,	0.112152099609375,	0.097564697265625
5861637500.0,	0.11046600341796875,	0.09746932983398438
5861683125.0,	0.11111068725585938,	0.09884262084960938
5861728750.0,	0.11178970336914062,	0.09601593017578125
5861774375.0,	0.11075592041015625,	0.097320556640625
5861820000.0,	0.10971832275390625,	0.09793472290039062
5861865625.0,	0.10953903198242188,	0.09744644165039062
5861911250.0,	0.11158370971679688,	0.09714508056640625
5861956875.0,	0.11346054077148438,	0.098236083984375
5862002500.0,	0.11017990112304688,	0.09718704223632812
5862048125.0,	0.11175918579101562,	0.09682846069335938
5862093750.0,	0.11114501953125,	0.09484481811523438
5862139375.0,	0.11063766479492188,	0.09525299072265625
5862185000.0,	0.11234664916992188,	0.09564971923828125
5862230625.0,	0.11339950561523438,	0.095245361328125
5862276250.0,	0.11192703247070312,	0.09673309326171875
5862321875.0,	0.11497879028320312,	0.09466552734375
5862367500.0,	0.112030029296875,	0.09558868408203125
5862413125.0,	0.11297988891601562,	0.09586715698242188
5862458750.0,	0.11320114135742188,	0.09490966796875
5862504375.0,	0.112518310546875,	0.09433746337890625
5862550000.0,	0.114227294921875,	0.09481048583984375
5862595625.0,	0.11545181274414062,	0.0952911376953125
5862641250.0,	0.1134490966796875,	0.09348297119140625
5862686875.0,	0.11468124389648438,	0.09471893310546875
5862732500.0,	0.1135406494140625,	0.09209060668945312
5862778125.0,	0.11487579345703125,	0.095916748046875
5862823750.0,	0.11547088623046875,	0.0938568115234375
5862869375.0,	0.115386962890625,	0.09276199340820312
5862915000.0,	0.114898681640625,	0.09248733520507812
5862960625.0,	0.115020751953125,	0.09214401245117188
5863006250.0,	0.11314773559570312,	0.093719482421875
5863051875.0,	0.114837646484375,	0.09255599975585938
5863097500.0,	0.11504364013671875,	0.0912017822265625
5863143125.0,	0.116546630859375,	0.09293365478515625
5863188750.0,	0.11582183837890625,	0.090911865234375
5863234375.0,	0.11655426025390625,	0.09151458740234375
5863280000.0,	0.11575698852539062,	0.09168243408203125
5863325625.0,	0.11641693115234375,	0.0910797119140625
5863371250.0,	0.11715316772460938,	0.09162521362304688
5863416875.0,	0.11698150634765625,	0.09267807006835938
5863462500.0,	0.1165313720703125,	0.09124755859375
5863508125.0,	0.11898040771484375,	0.08960342407226562
5863553750.0,	0.11796188354492188,	0.0915985107421875
5863599375.0,	0.11741256713867188,	0.0922393798828125
5863645000.0,	0.11917495727539062,	0.08893203735351562
5863690625.0,	0.11899948120117188,	0.088470458984375
5863736250.0,	0.11806488037109375,	0.09097671508789062
5863781875.0,	0.1171112060546875,	0.08964920043945312
5863827500.0,	0.11676025390625,	0.08988571166992188
5863873125.0,	0.11525344848632812,	0.08856964111328125
5863918750.0,	0.1170654296875,	0.08836746215820312
5863964375.0,	0.119476318359375,	0.08881378173828125
5864010000.0,	0.11767578125,	0.08786773681640625
5864055625.0,	0.11891937255859375,	0.08879852294921875
5864101250.0,	0.12035369873046875,	0.0874481201171875
5864146875.0,	0.11991500854492188,	0.087799072265625
5864192500.0,	0.12141036987304688,	0.08793258666992188
5864238125.0,	0.12060546875,	0.08836746215820312
5864283750.0,	0.12128448486328125,	0.08581161499023438
5864329375.0,	0.11994171142578125,	0.0879974365234375
5864375000.0,	0.12062454223632812,	0.08702468872070312
5864420625.0,	0.12198638916015625,	0.08462905883789062
5864466250.0,	0.121307373046875,	0.08588790893554688
5864511875.0,	0.1224365234375,	0.0854339599609375
5864557500.0,	0.12108993530273438,	0.08523941040039062
5864603125.0,	0.12229156494140625,	0.08453369140625
5864648750.0,	0.12165451049804688,	0.08346939086914062
5864694375.0,	0.12227630615234375,	0.08237838745117188
5864740000.0,	0.1224517822265625,	0.0843963623046875
5864785625.0,	0.1222686767578125,	0.08050918579101562
5864831250.0,	0.1237030029296875,	0.08258056640625
5864876875.0,	0.12424468994140625,	0.08180999755859375
5864922500.0,	0.12429046630859375,	0.08133316040039062
5864968125.0,	0.1267242431640625,	0.083404541015625
5865013750.0,	0.12383651733398438,	0.08013916015625
5865059375.0,	0.12645721435546875,	0.08185577392578125
5865105000.0,	0.12394332885742188,	0.08118820190429688
5865150625.0,	0.12578582763671875,	0.0794677734375
5865196250.0,	0.12586212158203125,	0.08116912841796875
5865241875.0,	0.12615966796875,	0.07805633544921875
5865287500.0,	0.12448883056640625,	0.07808303833007812
5865333125.0,	0.12847137451171875,	0.078460693359375
5865378750.0,	0.12808990478515625,	0.07878875732421875
5865424375.0,	0.12882232666015625,	0.07721710205078125
5865470000.0,	0.12662506103515625,	0.0759429931640625
5865515625.0,	0.12853240966796875,	0.07643890380859375
5865561250.0,	0.13050079345703125,	0.07517242431640625
5865606875.0,	0.129150390625,	0.07471466064453125
5865652500.0,	0.12897491455078125,	0.076202392578125
5865698125.0,	0.13051605224609375,	0.07421875
5865743750.0,	0.13068389892578125,	0.070587158203125
5865789375.0,	0.130767822265625,	0.0730743408203125
5865835000.0,	0.1295166015625,	0.070831298828125
5865880625.0,	0.1321258544921875,	0.0687103271484375
5865926250.0,	0.1322021484375,	0.06987762451171875
5865971875.0,	0.1316375732421875,	0.068572998046875
5866017500.0,	0.1317596435546875,	0.0682830810546875
5866063125.0,	0.134490966796875,	0.06751251220703125
5866108750.0,	0.13257598876953125,	0.0665130615234375
5866154375.0,	0.132537841796875,	0.06513214111328125
5866200000.0,	0.1343994140625,	0.06465911865234375
5866245625.0,	0.13326263427734375,	0.06403350830078125
5866291250.0,	0.13433074951171875,	0.06345367431640625
5866336875.0,	0.13285064697265625,	0.0601348876953125
5866382500.0,	0.1338958740234375,	0.0602264404296875
5866428125.0,	0.1353607177734375,	0.0606689453125
5866473750.0,	0.13399505615234375,	0.05883026123046875
5866519375.0,	0.13555145263671875,	0.0582122802734375
5866565000.0,	0.13188934326171875,	0.05718994140625
5866610625.0,	0.1373443603515625,	0.05503082275390625
5866656250.0,	0.13620758056640625,	0.05593109130859375
5866701875.0,	0.1357574462890625,	0.05263519287109375
5866747500.0,	0.136383056640625,	0.0498046875
5866793125.0,	0.1360015869140625,	0.04946136474609375
5866838750.0,	0.13690185546875,	0.04894256591796875
5866884375.0,	0.1363372802734375,	0.0482940673828125
5866930000.0,	0.13449859619140625,	0.047149658203125
5866975625.0,	0.13661956787109375,	0.044464111328125
5867021250.0,	0.13799285888671875,	0.04457855224609375
5867066875.0,	0.1373443603515625,	0.04116058349609375
5867112500.0,	0.13599395751953125,	0.04010009765625
5867158125.0,	0.13497161865234375,	0.04071807861328125
5867203750.0,	0.137725830078125,	0.0367889404296875
5867249375.0,	0.1360015869140625,	0.034637451171875
5867295000.0,	0.13620758056640625,	0.0305938720703125
5867340625.0,	0.13409423828125,	0.0300750732421875
5867386250.0,	0.1344451904296875,	0.02820587158203125
5867431875.0,	0.13568878173828125,	0.0276641845703125
5867477500.0,	0.1333465576171875,	0.02666473388671875
5867523125.0,	0.1335906982421875,	0.0238189697265625
5867568750.0,	0.13211822509765625,	0.0205078125
5867614375.0,	0.1305694580078125,	0.0186004638671875
5867660000.0,	0.13144683837890625,	0.0182647705078125
5867705625.0,	0.1294708251953125,	0.01282501220703125
5867751250.0,	0.12915802001953125,	0.01336669921875
5867796875.0,	0.12548828125,	0.0083770751953125
5867842500.0,	0.1263580322265625,	0.00618743896484375
5867888125.0,	0.12516021728515625,	0.00624847412109375
5867933750.0,	0.12215423583984375,	0.004779815673828125
5867979375.0,	0.1219329833984375,	0.0022735595703125
5868025000.0,	0.11864089965820312,	-0.000652313232421875
5868070625.0,	0.11628341674804688,	-0.003749847412109375
5868116250.0,	0.11429595947265625,	-0.005458831787109375
5868161875.0,	0.11310577392578125,	-0.006134033203125
5868207500.0,	0.11091232299804688,	-0.00959014892578125
5868253125.0,	0.10754776000976562,	-0.01125335693359375
5868298750.0,	0.10442352294921875,	-0.0144805908203125
5868344375.0,	0.1023406982421875,	-0.0153961181640625
5868390000.0,	0.099517822265625,	-0.015979766845703125
5868435625.0,	0.09331893920898438,	-0.0186004638671875
5868481250.0,	0.09193801879882812,	-0.019992828369140625
5868526875.0,	0.08894729614257812,	-0.019512176513671875
5868572500.0,	0.08489990234375,	-0.018680572509765625
5868618125.0,	0.08260345458984375,	-0.020313262939453125
5868663750.0,	0.07779693603515625,	-0.020236968994140625
5868709375.0,	0.07501220703125,	-0.0208282470703125
5868755000.0,	0.06983566284179688,	-0.021823883056640625
5868800625.0,	0.06763076782226562,	-0.020938873291015625
5868846250.0,	0.0640869140625,	-0.02127838134765625
5868891875.0,	0.06269073486328125,	-0.020053863525390625
5868937500.0,	0.05831336975097656,	-0.019872665405273438
5868983125.0,	0.05338859558105469,	-0.0178985595703125
5869028750.0,	0.05242919921875,	-0.01953887939453125
5869074375.0,	0.046230316162109375,	-0.016021728515625
5869120000.0,	0.04479026794433594,	-0.01377105712890625
5869165625.0,	0.044445037841796875,	-0.015401840209960938
5869211250.0,	0.0385894775390625,	-0.012912750244140625
5869256875.0,	0.03383827209472656,	-0.013124465942382812
5869302500.0,	0.031711578369140625,	-0.0077190399169921875
5869348125.0,	0.031011581420898438,	-0.006382942199707031
5869393750.0,	0.026078224182128906,	-0.005431175231933594
5869439375.0,	0.02527904510498047,	-0.003643035888671875
5869485000.0,	0.02171039581298828,	-0.0009202957153320312
5869530625.0,	0.02191925048828125,	-0.000720977783203125
5869576250.0,	0.01904296875,	0.0027208328247070312
5869621875.0,	0.019083023071289062,	0.0045070648193359375
5869667500.0,	0.016141891479492188,	0.0079803466796875
5869713125.0,	0.0156402587890625,	0.008947372436523438
5869758750.0,	0.013455390930175781,	0.009959697723388672
5869804375.0,	0.011015892028808594,	0.013811111450195312
5869850000.0,	0.010430335998535156,	0.016420364379882812
5869895625.0,	0.008914947509765625,	0.017995834350585938
5869941250.0,	0.007437705993652344,	0.02128314971923828
5869986875.0,	0.009075164794921875,	0.021421432495117188
5870032500.0,	0.009013175964355469,	0.024858474731445312
5870078125.0,	0.008022308349609375,	0.028026580810546875
5870123750.0,	0.006808280944824219,	0.02933979034423828
5870169375.0,	0.0066986083984375,	0.030948638916015625
5870215000.0,	0.0061626434326171875,	0.03303337097167969
5870260625.0,	0.0071086883544921875,	0.03573036193847656
5870306250.0,	0.005062103271484375,	0.0375213623046875
5870351875.0,	0.0059833526611328125,	0.040313720703125
5870397500.0,	0.0061550140380859375,	0.04178619384765625
5870443125.0,	0.0041980743408203125,	0.04417610168457031
5870488750.0,	0.004791259765625,	0.04403114318847656
5870534375.0,	0.005825042724609375,	0.04932975769042969
5870580000.0,	0.004566192626953125,	0.049335479736328125
5870625625.0,	0.0046024322509765625,	0.051544189453125
5870671250.0,	0.0050258636474609375,	0.0550537109375
5870716875.0,	0.0067844390869140625,	0.054412841796875
5870762500.0,	0.00742340087890625,	0.056644439697265625
5870808125.0,	0.00849151611328125,	0.05718803405761719
5870853750.0,	0.0063610076904296875,	0.05970573425292969
5870899375.0,	0.007595062255859375,	0.060718536376953125
5870945000.0,	0.0067596435546875,	0.06142997741699219
5870990625.0,	0.008287429809570312,	0.06062126159667969
5871036250.0,	0.0076141357421875,	0.06478500366210938
5871081875.0,	0.009613037109375,	0.06461715698242188
5871127500.0,	0.007114410400390625,	0.06638336181640625
5871173125.0,	0.0099639892578125,	0.06613922119140625
5871218750.0,	0.0113067626953125,	0.06927108764648438
5871264375.0,	0.00897216796875,	0.07181549072265625
5871310000.0,	0.010318756103515625,	0.07276535034179688
5871355625.0,	0.011474609375,	0.07239913940429688
5871401250.0,	0.01259613037109375,	0.07355117797851562
5871446875.0,	0.01212310791015625,	0.07374191284179688
5871492500.0,	0.011302947998046875,	0.0764923095703125
5871538125.0,	0.0122528076171875,	0.07641220092773438
5871583750.0,	0.013851165771484375,	0.0769805908203125
5871629375.0,	0.016208648681640625,	0.07648849487304688
5871675000.0,	0.014469146728515625,	0.0771636962890625
5871720625.0,	0.017436981201171875,	0.07871246337890625
5871766250.0,	0.016361236572265625,	0.08001327514648438
5871811875.0,	0.014019012451171875,	0.08142471313476562
5871857500.0,	0.01641845703125,	0.08314895629882812
5871903125.0,	0.0183563232421875,	0.08447265625
5871948750.0,	0.01721954345703125,	0.08286666870117188
5871994375.0,	0.01760101318359375,	0.08419418334960938
5872040000.0,	0.019626617431640625,	0.08445358276367188
5872085625.0,	0.017879486083984375,	0.0843505859375
5872131250.0,	0.01873016357421875,	0.0859527587890625
5872176875.0,	0.018581390380859375,	0.08596038818359375
5872222500.0,	0.021183013916015625,	0.0866851806640625
5872268125.0,	0.02252960205078125,	0.08868789672851562
5872313750.0,	0.02098846435546875,	0.08858108520507812
5872359375.0,	0.021778106689453125,	0.08876419067382812
5872405000.0,	0.023654937744140625,	0.08987808227539062
5872450625.0,	0.02318572998046875,	0.09124374389648438
5872496250.0,	0.0215911865234375,	0.08830642700195312
5872541875.0,	0.024646759033203125,	0.09014511108398438
5872587500.0,	0.0232086181640625,	0.088348388671875
5872633125.0,	0.024547576904296875,	0.090606689453125
5872678750.0,	0.02623748779296875,	0.0922698974609375
5872724375.0,	0.02407073974609375,	0.09319305419921875
5872770000.0,	0.02623748779296875,	0.09203720092773438
5872815625.0,	0.025737762451171875,	0.093902587890625
5872861250.0,	0.025341033935546875,	0.09463882446289062
5872906875.0,	0.027194976806640625,	0.09442901611328125
5872952500.0,	0.025867462158203125,	0.0934600830078125
5872998125.0,	0.02637481689453125,	0.0932769775390625
5873043750.0,	0.0282440185546875,	0.09513092041015625
5873089375.0,	0.0277862548828125,	0.09595489501953125
5873135000.0,	0.0292205810546875,	0.0960845947265625
5873180625.0,	0.027706146240234375,	0.09609603881835938
5873226250.0,	0.03037261962890625,	0.09755325317382812
5873271875.0,	0.03105926513671875,	0.09536361694335938
5873317500.0,	0.030422210693359375,	0.0946197509765625
5873363125.0,	0.032138824462890625,	0.0984649658203125
5873408750.0,	0.03112030029296875,	0.0980224609375
5873454375.0,	0.03073883056640625,	0.09566116333007812
5873500000.0,	0.032215118408203125,	0.09649658203125
5873545625.0,	0.032749176025390625,	0.0994415283203125
5873591250.0,	0.0342559814453125,	0.09857559204101562
5873636875.0,	0.031452178955078125,	0.09824371337890625
5873682500.0,	0.03261566162109375,	0.09746932983398438
5873728125.0,	0.0339508056640625,	0.10009765625
5873773750.0,	0.0336456298828125,	0.09993743896484375
5873819375.0,	0.033420562744140625,	0.098114013671875
5873865000.0,	0.034687042236328125,	0.09876251220703125
5873910625.0,	0.034015655517578125,	0.10190963745117188
5873956250.0,	0.0331573486328125,	0.09970855712890625
5874001875.0,	0.03554534912109375,	0.09918975830078125
5874047500.0,	0.035121917724609375,	0.10009002685546875
5874093125.0,	0.0352020263671875,	0.09815597534179688
5874138750.0,	0.0357666015625,	0.10170745849609375
5874184375.0,	0.034942626953125,	0.10072708129882812
5874230000.0,	0.035007476806640625,	0.10131454467773438
5874275625.0,	0.036296844482421875,	0.1047515869140625
5874321250.0,	0.036594390869140625,	0.10334396362304688
5874366875.0,	0.038143157958984375,	0.10337448120117188
5874412500.0,	0.0347747802734375,	0.10161209106445312
5874458125.0,	0.03740692138671875,	0.1021728515625
5874503750.0,	0.037601470947265625,	0.10054397583007812
5874549375.0,	0.0384979248046875,	0.10485458374023438
5874595000.0,	0.03885650634765625,	0.1014404296875
5874640625.0,	0.0378570556640625,	0.10169219970703125
5874686250.0,	0.03948974609375,	0.10226821899414062
5874731875.0,	0.041973114013671875,	0.10174560546875
5874777500.0,	0.040576934814453125,	0.10436630249023438
5874823125.0,	0.03800201416015625,	0.10355758666992188
5874868750.0,	0.037403106689453125,	0.10290145874023438
5874914375.0,	0.0390167236328125,	0.10152053833007812
5874960000.0,	0.039394378662109375,	0.1037445068359375
5875005625.0,	0.039752960205078125,	0.10603713989257812
5875051250.0,	0.042011260986328125,	0.10428619384765625
5875096875.0,	0.03942108154296875,	0.10483932495117188
5875142500.0,	0.03855133056640625,	0.10333633422851562
5875188125.0,	0.04157257080078125,	0.10364151000976562
5875233750.0,	0.04230499267578125,	0.106597900390625
5875279375.0,	0.042797088623046875,	0.10519790649414062
5875325000.0,	0.04207611083984375,	0.104278564453125
5875370625.0,	0.041896820068359375,	0.10511016845703125
5875416250.0,	0.042236328125,	0.10784149169921875
5875461875.0,	0.041534423828125,	0.10552215576171875
5875507500.0,	0.040676116943359375,	0.105804443359375
5875553125.0,	0.04209136962890625,	0.10538482666015625
5875598750.0,	0.042407989501953125,	0.10529327392578125
5875644375.0,	0.044528961181640625,	0.10652542114257812
5875690000.0,	0.044891357421875,	0.10530471801757812
5875735625.0,	0.04467010498046875,	0.10638046264648438
5875781250.0,	0.043094635009765625,	0.10508346557617188
5875826875.0,	0.042957305908203125,	0.10544204711914062
5875872500.0,	0.04340362548828125,	0.10503768920898438
5875918125.0,	0.043682098388671875,	0.10785293579101562
5875963750.0,	0.04306793212890625,	0.10587310791015625
5876009375.0,	0.045063018798828125,	0.10671234130859375
5876055000.0,	0.045909881591796875,	0.10617828369140625
5876100625.0,	0.043792724609375,	0.10756683349609375
5876146250.0,	0.043933868408203125,	0.10631942749023438
5876191875.0,	0.045352935791015625,	0.10675048828125
5876237500.0,	0.045047760009765625,	0.10562896728515625
5876283125.0,	0.0460357666015625,	0.10602569580078125
5876328750.0,	0.04598236083984375,	0.10724258422851562
5876374375.0,	0.04449462890625,	0.10564422607421875
5876420000.0,	0.044071197509765625,	0.10572052001953125
5876465625.0,	0.04686737060546875,	0.10564804077148438
5876511250.0,	0.04673004150390625,	0.10708236694335938
5876556875.0,	0.046844482421875,	0.10932540893554688
5876602500.0,	0.0475006103515625,	0.10845184326171875
5876648125.0,	0.045711517333984375,	0.10717010498046875
5876693750.0,	0.04659271240234375,	0.10752487182617188
5876739375.0,	0.046276092529296875,	0.10874176025390625
5876785000.0,	0.046245574951171875,	0.10818099975585938
5876830625.0,	0.046878814697265625,	0.10615921020507812
5876876250.0,	0.04676055908203125,	0.1068267822265625
5876921875.0,	0.047214508056640625,	0.10776519775390625
5876967500.0,	0.048152923583984375,	0.10666656494140625
5877013125.0,	0.04853057861328125,	0.10916900634765625
5877058750.0,	0.048984527587890625,	0.10864639282226562
5877104375.0,	0.048244476318359375,	0.10754013061523438
5877150000.0,	0.048252105712890625,	0.11037063598632812
5877195625.0,	0.048816680908203125,	0.10699081420898438
5877241250.0,	0.050075531005859375,	0.10793685913085938
5877286875.0,	0.04906463623046875,	0.10860824584960938
5877332500.0,	0.049129486083984375,	0.11028671264648438
5877378125.0,	0.04747772216796875,	0.10686492919921875
5877423750.0,	0.047512054443359375,	0.10776138305664062
5877469375.0,	0.048007965087890625,	0.1086883544921875
5877515000.0,	0.0493316650390625,	0.11034393310546875
5877560625.0,	0.049274444580078125,	0.11043930053710938
5877606250.0,	0.04969024658203125,	0.10852432250976562
5877651875.0,	0.051136016845703125,	0.10956573486328125
5877697500.0,	0.05019378662109375,	0.10900497436523438
5877743125.0,	0.048892974853515625,	0.11188125610351562
5877788750.0,	0.04830169677734375,	0.10681533813476562
5877834375.0,	0.04852294921875,	0.10909652709960938
5877880000.0,	0.049701690673828125,	0.10848236083984375
5877925625.0,	0.049747467041015625,	0.11002731323242188
5877971250.0,	0.0503997802734375,	0.10951995849609375
5878016875.0,	0.049144744873046875,	0.11104202270507812
5878062500.0,	0.051975250244140625,	0.10941314697265625
5878108125.0,	0.050243377685546875,	0.10908126831054688
5878153750.0,	0.050853729248046875,	0.11069488525390625
5878199375.0,	0.049579620361328125,	0.11075973510742188
5878245000.0,	0.052234649658203125,	0.10744094848632812
5878290625.0,	0.051025390625,	0.10920333862304688
5878336250.0,	0.049556732177734375,	0.10915374755859375
5878381875.0,	0.04986572265625,	0.11024856567382812
5878427500.0,	0.049968719482421875,	0.10967254638671875
5878473125.0,	0.051380157470703125,	0.1085968017578125
5878518750.0,	0.05271148681640625,	0.109954833984375
5878564375.0,	0.05106353759765625,	0.1099853515625
5878610000.0,	0.051380157470703125,	0.11054611206054688
5878655625.0,	0.051036834716796875,	0.11103439331054688
5878701250.0,	0.051334381103515625,	0.10931777954101562
5878746875.0,	0.050678253173828125,	0.1108551025390625
5878792500.0,	0.052001953125,	0.10846328735351562
5878838125.0,	0.050792694091796875,	0.11214065551757812
5878883750.0,	0.051563262939453125,	0.11259078979492188
5878929375.0,	0.050533294677734375,	0.11167526245117188
5878975000.0,	0.05457305908203125,	0.11086273193359375
5879020625.0,	0.050670623779296875,	0.11017608642578125
5879066250.0,	0.052028656005859375,	0.11331558227539062
5879111875.0,	0.052333831787109375,	0.10944366455078125
5879157500.0,	0.053966522216796875,	0.11131668090820312
5879203125.0,	0.050815582275390625,	0.11104583740234375
5879248750.0,	0.054386138916015625,	0.11022567749023438
5879294375.0,	0.053424835205078125,	0.11028671264648438
5879340000.0,	0.05434417724609375,	0.11009597778320312
5879385625.0,	0.054714202880859375,	0.11162567138671875
5879431250.0,	0.053134918212890625,	0.1113433837890625
5879476875.0,	0.054210662841796875,	0.111602783203125
5879522500.0,	0.052730560302734375,	0.11188507080078125
5879568125.0,	0.055347442626953125,	0.111480712890625
5879613750.0,	0.054821014404296875,	0.10987091064453125
5879659375.0,	0.05339813232421875,	0.11186981201171875
5879705000.0,	0.054164886474609375,	0.11009597778320312
5879750625.0,	0.05245208740234375,	0.10919952392578125
5879796250.0,	0.056034088134765625,	0.11078262329101562
5879841875.0,	0.053279876708984375,	0.11275482177734375
5879887500.0,	0.053546905517578125,	0.11106109619140625
5879933125.0,	0.053958892822265625,	0.11167144775390625
5879978750.0,	0.055332183837890625,	0.11233139038085938
5880024375.0,	0.0570831298828125,	0.11063766479492188
5880070000.0,	0.055450439453125,	0.111785888671875
5880115625.0,	0.0542755126953125,	0.110626220703125
5880161250.0,	0.05229949951171875,	0.11214828491210938
5880206875.0,	0.05402374267578125,	0.11144638061523438
5880252500.0,	0.05428314208984375,	0.11188888549804688
5880298125.0,	0.0540313720703125,	0.11358642578125
5880343750.0,	0.055789947509765625,	0.11133193969726562
5880389375.0,	0.05544281005859375,	0.11112594604492188
5880435000.0,	0.05478668212890625,	0.11040115356445312
5880480625.0,	0.054691314697265625,	0.1114044189453125
5880526250.0,	0.053951263427734375,	0.11343002319335938
5880571875.0,	0.0549468994140625,	0.11163711547851562
5880617500.0,	0.0552215576171875,	0.11159133911132812
5880663125.0,	0.055706024169921875,	0.11169815063476562
5880708750.0,	0.0553436279296875,	0.11165237426757812
5880754375.0,	0.0562896728515625,	0.11348342895507812
5880800000.0,	0.05570220947265625,	0.11193466186523438
5880845625.0,	0.054897308349609375,	0.11090850830078125
5880891250.0,	0.054988861083984375,	0.1113128662109375
5880936875.0,	0.0552825927734375,	0.11235809326171875
5880982500.0,	0.057338714599609375,	0.1149444580078125
5881028125.0,	0.055583953857421875,	0.11504364013671875
5881073750.0,	0.059101104736328125,	0.11280059814453125
5881119375.0,	0.055591583251953125,	0.11316299438476562
5881165000.0,	0.056484222412109375,	0.11334991455078125
5881210625.0,	0.056636810302734375,	0.11262893676757812
5881256250.0,	0.05461883544921875,	0.1114349365234375
5881301875.0,	0.05747222900390625,	0.11156845092773438
5881347500.0,	0.05704498291015625,	0.11497879028320312
5881393125.0,	0.05553436279296875,	0.1130218505859375
5881438750.0,	0.05692291259765625,	0.11278533935546875
5881484375.0,	0.05847930908203125,	0.11205291748046875
5881530000.0,	0.05379486083984375,	0.11352157592773438
5881575625.0,	0.05574798583984375,	0.11260223388671875
5881621250.0,	0.05786895751953125,	0.11329269409179688
5881666875.0,	0.05857086181640625,	0.11092376708984375
5881712500.0,	0.055694580078125,	0.11230087280273438
5881758125.0,	0.05916595458984375,	0.11442947387695312
5881803750.0,	0.056522369384765625,	0.11418914794921875
5881849375.0,	0.057315826416015625,	0.11219406127929688
5881895000.0,	0.05707550048828125,	0.11500167846679688
5881940625.0,	0.055698394775390625,	0.113800048828125
5881986250.0,	0.05727386474609375,	0.11253738403320312
5882031875.0,	0.05632781982421875,	0.11353302001953125
5882077500.0,	0.058834075927734375,	0.11285018920898438
5882123125.0,	0.057308197021484375,	0.11370468139648438
5882168750.0,	0.057125091552734375,	0.11381912231445312
5882214375.0,	0.05710601806640625,	0.11268997192382812
5882260000.0,	0.056957244873046875,	0.11370849609375
5882305625.0,	0.05590057373046875,	0.11312103271484375
5882351250.0,	0.059986114501953125,	0.1125946044921875
5882396875.0,	0.058330535888671875,	0.11309051513671875
5882442500.0,	0.057125091552734375,	0.11362457275390625
5882488125.0,	0.057804107666015625,	0.1147918701171875
5882533750.0,	0.057201385498046875,	0.11220169067382812
5882579375.0,	0.058124542236328125,	0.1104583740234375
5882625000.0,	0.05811309814453125,	0.1146240234375
5882670625.0,	0.05776214599609375,	0.114654541015625
5882716250.0,	0.058124542236328125,	0.11403656005859375
5882761875.0,	0.058826446533203125,	0.11471176147460938
5882807500.0,	0.060146331787109375,	0.114013671875
5882853125.0,	0.056606292724609375,	0.11341476440429688
5882898750.0,	0.05927276611328125,	0.11410140991210938
5882944375.0,	0.057964324951171875,	0.11437606811523438
5882990000.0,	0.05838775634765625,	0.11468887329101562
5883035625.0,	0.05823516845703125,	0.11577224731445312
5883081250.0,	0.06008148193359375,	0.1132354736328125
5883126875.0,	0.057315826416015625,	0.115081787109375
5883172500.0,	0.0567626953125,	0.11428451538085938
5883218125.0,	0.05814361572265625,	0.11456680297851562
5883263750.0,	0.058368682861328125,	0.11443328857421875
5883309375.0,	0.05876922607421875,	0.113037109375
5883355000.0,	0.059017181396484375,	0.11331558227539062
5883400625.0,	0.0603485107421875,	0.11247634887695312
5883446250.0,	0.059207916259765625,	0.11182785034179688
5883491875.0,	0.058536529541015625,	0.11577224731445312
5883537500.0,	0.05873870849609375,	0.11246109008789062
5883583125.0,	0.060337066650390625,	0.1154327392578125
5883628750.0,	0.0587921142578125,	0.11388397216796875
5883674375.0,	0.05805206298828125,	0.11619186401367188
5883720000.0,	0.05858612060546875,	0.11276626586914062
5883765625.0,	0.059326171875,	0.114959716796875
5883811250.0,	0.060028076171875,	0.11469650268554688
5883856875.0,	0.061389923095703125,	0.115509033203125
5883902500.0,	0.05957794189453125,	0.11487960815429688
5883948125.0,	0.059795379638671875,	0.11490631103515625
5883993750.0,	0.059604644775390625,	0.11429214477539062
5884039375.0,	0.060546875,	0.115966796875
5884085000.0,	0.06072998046875,	0.11664962768554688
5884130625.0,	0.059329986572265625,	0.1146392822265625
5884176250.0,	0.061305999755859375,	0.11480712890625
5884221875.0,	0.05933380126953125,	0.11470413208007812
5884267500.0,	0.059795379638671875,	0.115692138671875
5884313125.0,	0.059452056884765625,	0.11318588256835938
5884358750.0,	0.060382843017578125,	0.11611557006835938
5884404375.0,	0.060390472412109375,	0.11356353759765625
5884450000.0,	0.060047149658203125,	0.11506271362304688
5884495625.0,	0.060413360595703125,	0.11487960815429688
5884541250.0,	0.05997467041015625,	0.11643600463867188
5884586875.0,	0.059421539306640625,	0.11389923095703125
5884632500.0,	0.062160491943359375,	0.11431121826171875
5884678125.0,	0.060749053955078125,	0.11651229858398438
5884723750.0,	0.0604248046875,	0.11466598510742188
5884769375.0,	0.060546875,	0.11603164672851562
5884815000.0,	0.061649322509765625,	0.1137237548828125
5884860625.0,	0.06069183349609375,	0.11569976806640625
5884906250.0,	0.0613861083984375,	0.1175079345703125
5884951875.0,	0.0601654052734375,	0.11614227294921875
5884997500.0,	0.060459136962890625,	0.11492538452148438
5885043125.0,	0.060558319091796875,	0.11556625366210938
5885088750.0,	0.059101104736328125,	0.1159820556640625
5885134375.0,	0.06182861328125,	0.11561965942382812
5885180000.0,	0.06113433837890625,	0.11599349975585938
5885225625.0,	0.061473846435546875,	0.11529159545898438
5885271250.0,	0.060207366943359375,	0.11592483520507812
5885316875.0,	0.059696197509765625,	0.11478042602539062
5885362500.0,	0.060733795166015625,	0.11571121215820312
5885408125.0,	0.061687469482421875,	0.115142822265625
5885453750.0,	0.06087493896484375,	0.11603927612304688
5885499375.0,	0.059841156005859375,	0.11394500732421875
5885545000.0,	0.06306838989257812,	0.11730575561523438
5885590625.0,	0.059787750244140625,	0.11411666870117188
5885636250.0,	0.061725616455078125,	0.11520767211914062
5885681875.0,	0.062774658203125,	0.1165771484375
5885727500.0,	0.059581756591796875,	0.11640167236328125
5885773125.0,	0.0624237060546875,	0.11556625366210938
5885818750.0,	0.06089019775390625,	0.11420440673828125
5885864375.0,	0.0626678466796875,	0.11558151245117188
5885910000.0,	0.06011199951171875,	0.11565780639648438
5885955625.0,	0.061977386474609375,	0.11764907836914062
5886001250.0,	0.06061553955078125,	0.11688995361328125
5886046875.0,	0.062335968017578125,	0.1163177490234375
5886092500.0,	0.061122894287109375,	0.11618423461914062
5886138125.0,	0.062107086181640625,	0.11635208129882812
5886183750.0,	0.05873870849609375,	0.1157379150390625
5886229375.0,	0.062206268310546875,	0.11446762084960938
5886275000.0,	0.06270980834960938,	0.117095947265625
5886320625.0,	0.060031890869140625,	0.11809921264648438
5886366250.0,	0.060848236083984375,	0.1159515380859375
5886411875.0,	0.0602874755859375,	0.11525726318359375
5886457500.0,	0.06323623657226562,	0.11406707763671875
5886503125.0,	0.06250762939453125,	0.1160736083984375
5886548750.0,	0.061328887939453125,	0.11748123168945312
5886594375.0,	0.06339645385742188,	0.116180419921875
5886640000.0,	0.061878204345703125,	0.1151275634765625
5886685625.0,	0.06211090087890625,	0.11652374267578125
5886731250.0,	0.06294631958007812,	0.11638259887695312
5886776875.0,	0.06297683715820312,	0.11554718017578125
5886822500.0,	0.06063079833984375,	0.11563491821289062
5886868125.0,	0.060253143310546875,	0.11452102661132812
5886913750.0,	0.0604248046875,	0.11785125732421875
5886959375.0,	0.06139373779296875,	0.11620712280273438
5887005000.0,	0.0623931884765625,	0.11671066284179688
5887050625.0,	0.06293487548828125,	0.11476898193359375
5887096250.0,	0.061733245849609375,	0.11524200439453125
5887141875.0,	0.06345748901367188,	0.11565017700195312
5887187500.0,	0.06378173828125,	0.11592864990234375
5887233125.0,	0.06145477294921875,	0.115509033203125
5887278750.0,	0.0643310546875,	0.11793899536132812
5887324375.0,	0.062206268310546875,	0.11694717407226562
5887370000.0,	0.06412887573242188,	0.11640548706054688
5887415625.0,	0.06136322021484375,	0.11684036254882812
5887461250.0,	0.06349563598632812,	0.11417388916015625
5887506875.0,	0.061595916748046875,	0.11671829223632812
5887552500.0,	0.061939239501953125,	0.11664581298828125
5887598125.0,	0.061161041259765625,	0.115509033203125
5887643750.0,	0.0644073486328125,	0.11516571044921875
5887689375.0,	0.06385421752929688,	0.11699676513671875
5887735000.0,	0.06370925903320312,	0.11658859252929688
5887780625.0,	0.0627288818359375,	0.11880874633789062
5887826250.0,	0.0626678466796875,	0.1168975830078125
5887871875.0,	0.06436920166015625,	0.11622238159179688
5887917500.0,	0.062835693359375,	0.11648178100585938
5887963125.0,	0.060832977294921875,	0.11806488037109375
5888008750.0,	0.06521987915039062,	0.11535263061523438
5888054375.0,	0.06351852416992188,	0.11645889282226562
5888100000.0,	0.062103271484375,	0.11551666259765625
5888145625.0,	0.06308364868164062,	0.11548995971679688
5888191250.0,	0.06172943115234375,	0.1154022216796875
5888236875.0,	0.060329437255859375,	0.11589431762695312
5888282500.0,	0.06555938720703125,	0.11658859252929688
5888328125.0,	0.06362533569335938,	0.11693954467773438
5888373750.0,	0.06312179565429688,	0.1171417236328125
5888419375.0,	0.06467819213867188,	0.11452484130859375
5888465000.0,	0.06439208984375,	0.1164398193359375
5888510625.0,	0.06303024291992188,	0.11777877807617188
5888556250.0,	0.06395339965820312,	0.11632919311523438
5888601875.0,	0.064666748046875,	0.11916351318359375
5888647500.0,	0.0635528564453125,	0.11670303344726562
5888693125.0,	0.06322479248046875,	0.11877822875976562
5888738750.0,	0.062225341796875,	0.12157821655273438
5888784375.0,	0.06488418579101562,	0.11639022827148438
5888830000.0,	0.0625152587890625,	0.11764907836914062
5888875625.0,	0.06424331665039062,	0.11741256713867188
5888921250.0,	0.0639801025390625,	0.11773300170898438
5888966875.0,	0.06457901000976562,	0.11674118041992188
5889012500.0,	0.06451416015625,	0.116851806640625
5889058125.0,	0.06496810913085938,	0.11697006225585938
5889103750.0,	0.06391525268554688,	0.11792755126953125
5889149375.0,	0.06331634521484375,	0.11661911010742188
5889195000.0,	0.06362152099609375,	0.11891937255859375
5889240625.0,	0.06698226928710938,	0.11757659912109375
5889286250.0,	0.06417083740234375,	0.11650466918945312
5889331875.0,	0.06383514404296875,	0.11754226684570312
5889377500.0,	0.06292343139648438,	0.11779403686523438
5889423125.0,	0.06658554077148438,	0.1182708740234375
5889468750.0,	0.06482696533203125,	0.11499786376953125
5889514375.0,	0.064971923828125,	0.11808013916015625
5889560000.0,	0.06467819213867188,	0.117034912109375
5889605625.0,	0.062038421630859375,	0.11820602416992188
5889651250.0,	0.06491851806640625,	0.11708831787109375
5889696875.0,	0.06461334228515625,	0.11846542358398438
5889742500.0,	0.06541061401367188,	0.11944580078125
5889788125.0,	0.06348419189453125,	0.11873626708984375
5889833750.0,	0.06402969360351562,	0.11754608154296875
5889879375.0,	0.066009521484375,	0.11762237548828125
5889925000.0,	0.06516265869140625,	0.11724090576171875
5889970625.0,	0.066986083984375,	0.11817550659179688
5890016250.0,	0.06566238403320312,	0.11789703369140625
5890061875.0,	0.06340408325195312,	0.11892318725585938
5890107500.0,	0.06368637084960938,	0.1150054931640625
5890153125.0,	0.06492233276367188,	0.1196136474609375
5890198750.0,	0.06441879272460938,	0.11839675903320312
5890244375.0,	0.063690185546875,	0.11773300170898438
5890290000.0,	0.06598281860351562,	0.117462158203125
5890335625.0,	0.06521224975585938,	0.116912841796875
5890381250.0,	0.06682205200195312,	0.11734771728515625
5890426875.0,	0.06469345092773438,	0.1167449951171875
5890472500.0,	0.06512832641601562,	0.11743927001953125
5890518125.0,	0.06452560424804688,	0.11796188354492188
5890563750.0,	0.06639862060546875,	0.11702728271484375
5890609375.0,	0.0648651123046875,	0.11754989624023438
5890655000.0,	0.06619644165039062,	0.11774444580078125
5890700625.0,	0.0657958984375,	0.117156982421875
5890746250.0,	0.06442642211914062,	0.11711502075195312
5890791875.0,	0.06525802612304688,	0.11758041381835938
5890837500.0,	0.06647872924804688,	0.11828231811523438
5890883125.0,	0.066375732421875,	0.12044906616210938
5890928750.0,	0.06376266479492188,	0.11856842041015625
5890974375.0,	0.06618118286132812,	0.11668777465820312
5891020000.0,	0.06492233276367188,	0.11785888671875
5891065625.0,	0.06645584106445312,	0.11795425415039062
5891111250.0,	0.06444549560546875,	0.118896484375
5891156875.0,	0.06544876098632812,	0.1168975830078125
5891202500.0,	0.0661773681640625,	0.11927032470703125
5891248125.0,	0.06627273559570312,	0.1156463623046875
5891293750.0,	0.06618499755859375,	0.11766433715820312
5891339375.0,	0.06528091430664062,	0.11712265014648438
5891385000.0,	0.06597900390625,	0.11804962158203125
5891430625.0,	0.06500625610351562,	0.11925888061523438
5891476250.0,	0.06462478637695312,	0.1184539794921875
5891521875.0,	0.06610488891601562,	0.11631011962890625
5891567500.0,	0.0660552978515625,	0.11724472045898438
5891613125.0,	0.06612014770507812,	0.119415283203125
5891658750.0,	0.0654754638671875,	0.11705398559570312
5891704375.0,	0.06563949584960938,	0.11977386474609375
5891750000.0,	0.068267822265625,	0.1190032958984375
5891795625.0,	0.06549835205078125,	0.11716461181640625
5891841250.0,	0.06589508056640625,	0.11974334716796875
5891886875.0,	0.06429672241210938,	0.11809921264648438
5891932500.0,	0.06605148315429688,	0.1182861328125
5891978125.0,	0.06597518920898438,	0.11790847778320312
5892023750.0,	0.06546783447265625,	0.11811065673828125
5892069375.0,	0.06602859497070312,	0.11865615844726562
5892115000.0,	0.06734848022460938,	0.11770248413085938
5892160625.0,	0.06463623046875,	0.11915969848632812
5892206250.0,	0.06746292114257812,	0.1195068359375
5892251875.0,	0.067657470703125,	0.1183929443359375
5892297500.0,	0.0653228759765625,	0.11965179443359375
5892343125.0,	0.06853866577148438,	0.11926651000976562
5892388750.0,	0.06856918334960938,	0.11864471435546875
5892434375.0,	0.06737136840820312,	0.11815261840820312
5892480000.0,	0.06591415405273438,	0.118927001953125
5892525625.0,	0.0638580322265625,	0.11861419677734375
5892571250.0,	0.06592559814453125,	0.11609268188476562
5892616875.0,	0.0647430419921875,	0.11820220947265625
5892662500.0,	0.06498336791992188,	0.116668701171875
5892708125.0,	0.0677947998046875,	0.11838912963867188
5892753750.0,	0.06820297241210938,	0.11832046508789062
5892799375.0,	0.06695938110351562,	0.11919403076171875
5892845000.0,	0.06745147705078125,	0.12038421630859375
5892890625.0,	0.06769943237304688,	0.11695098876953125
5892936250.0,	0.06650161743164062,	0.1185455322265625
5892981875.0,	0.06925201416015625,	0.11828231811523438
5893027500.0,	0.06640243530273438,	0.11898040771484375
5893073125.0,	0.068389892578125,	0.11808395385742188
5893118750.0,	0.06958389282226562,	0.11809539794921875
5893164375.0,	0.06740188598632812,	0.1207122802734375
5893210000.0,	0.068084716796875,	0.12125778198242188
5893255625.0,	0.06514739990234375,	0.11808395385742188
5893301250.0,	0.06774520874023438,	0.11688232421875
5893346875.0,	0.06703567504882812,	0.1196136474609375
5893392500.0,	0.06856536865234375,	0.11920547485351562
5893438125.0,	0.06772994995117188,	0.1170501708984375
5893483750.0,	0.066802978515625,	0.11707305908203125
5893529375.0,	0.06879425048828125,	0.11836624145507812
5893575000.0,	0.06740570068359375,	0.11895751953125
5893620625.0,	0.06767654418945312,	0.11861801147460938
5893666250.0,	0.06727981567382812,	0.11687088012695312
5893711875.0,	0.06702804565429688,	0.11880874633789062
5893757500.0,	0.06914520263671875,	0.11765289306640625
5893803125.0,	0.06673049926757812,	0.1177825927734375
5893848750.0,	0.0689697265625,	0.1207427978515625
5893894375.0,	0.0647430419921875,	0.1212615966796875
5893940000.0,	0.0678558349609375,	0.12049102783203125
5893985625.0,	0.06778335571289062,	0.11947250366210938
5894031250.0,	0.06744384765625,	0.12050628662109375
5894076875.0,	0.06744384765625,	0.1165771484375
5894122500.0,	0.06723785400390625,	0.12087249755859375
5894168125.0,	0.07041168212890625,	0.11701202392578125
5894213750.0,	0.07159042358398438,	0.119598388671875
5894259375.0,	0.06795501708984375,	0.12154388427734375
5894305000.0,	0.06982803344726562,	0.11900711059570312
5894350625.0,	0.06628799438476562,	0.11897659301757812
5894396250.0,	0.06749725341796875,	0.11960601806640625
5894441875.0,	0.06829071044921875,	0.118927001953125
5894487500.0,	0.0688323974609375,	0.12048721313476562
5894533125.0,	0.06664276123046875,	0.12105178833007812
5894578750.0,	0.06834030151367188,	0.12321853637695312
5894624375.0,	0.06607437133789062,	0.119659423828125
5894670000.0,	0.06909561157226562,	0.12124252319335938
5894715625.0,	0.06751632690429688,	0.11959457397460938
5894761250.0,	0.07030868530273438,	0.11843490600585938
5894806875.0,	0.0685577392578125,	0.11818313598632812
5894852500.0,	0.06940078735351562,	0.11885833740234375
5894898125.0,	0.06911468505859375,	0.12006759643554688
5894943750.0,	0.06921768188476562,	0.11933135986328125
5894989375.0,	0.06798934936523438,	0.1181793212890625
5895035000.0,	0.06928634643554688,	0.11919784545898438
5895080625.0,	0.06797027587890625,	0.11771392822265625
5895126250.0,	0.06861114501953125,	0.11914825439453125
5895171875.0,	0.06747055053710938,	0.12060546875
5895217500.0,	0.0682220458984375,	0.11992645263671875
5895263125.0,	0.06624603271484375,	0.11700439453125
5895308750.0,	0.06975936889648438,	0.11946487426757812
5895354375.0,	0.06890869140625,	0.1207275390625
5895400000.0,	0.070220947265625,	0.1208038330078125
5895445625.0,	0.06880569458007812,	0.12058639526367188
5895491250.0,	0.06857681274414062,	0.11946487426757812
5895536875.0,	0.0692291259765625,	0.117889404296875
5895582500.0,	0.068389892578125,	0.12197494506835938
5895628125.0,	0.0716552734375,	0.11964035034179688
5895673750.0,	0.06829833984375,	0.12094879150390625
5895719375.0,	0.07118606567382812,	0.12064743041992188
5895765000.0,	0.06873321533203125,	0.11982345581054688
5895810625.0,	0.0696258544921875,	0.119781494140625
5895856250.0,	0.06859207153320312,	0.118621826171875
5895901875.0,	0.06805419921875,	0.11908721923828125
5895947500.0,	0.07081222534179688,	0.12054824829101562
5895993125.0,	0.06924057006835938,	0.1199188232421875
5896038750.0,	0.0712890625,	0.12227630615234375
5896084375.0,	0.07012176513671875,	0.1197662353515625
5896130000.0,	0.07023239135742188,	0.12028884887695312
5896175625.0,	0.07061386108398438,	0.12005233764648438
5896221250.0,	0.06915664672851562,	0.120513916015625
5896266875.0,	0.06867599487304688,	0.11956024169921875
5896312500.0,	0.07036590576171875,	0.12003707885742188
5896358125.0,	0.07045364379882812,	0.12148666381835938
5896403750.0,	0.06893157958984375,	0.11962127685546875
5896449375.0,	0.06973648071289062,	0.12060165405273438
5896495000.0,	0.06970596313476562,	0.11843109130859375
5896540625.0,	0.07132339477539062,	0.11908721923828125
5896586250.0,	0.07114791870117188,	0.11945724487304688
5896631875.0,	0.07044219970703125,	0.11922836303710938
5896677500.0,	0.069183349609375,	0.1204833984375
5896723125.0,	0.07072067260742188,	0.12087631225585938
5896768750.0,	0.070037841796875,	0.11936187744140625
5896814375.0,	0.06940078735351562,	0.12020111083984375
5896860000.0,	0.06801605224609375,	0.11980819702148438
5896905625.0,	0.0708160400390625,	0.1208953857421875
5896951250.0,	0.06985855102539062,	0.11978912353515625
5896996875.0,	0.070220947265625,	0.11891555786132812
5897042500.0,	0.069976806640625,	0.11874771118164062
5897088125.0,	0.07077789306640625,	0.11877822875976562
5897133750.0,	0.0706634521484375,	0.11886978149414062
5897179375.0,	0.07086181640625,	0.1190338134765625
5897225000.0,	0.07186126708984375,	0.120391845703125
5897270625.0,	0.07262420654296875,	0.1213836669921875
5897316250.0,	0.07059097290039062,	0.1211090087890625
5897361875.0,	0.07100296020507812,	0.11981582641601562
5897407500.0,	0.07201766967773438,	0.11813735961914062
5897453125.0,	0.07080459594726562,	0.12114334106445312
5897498750.0,	0.07137298583984375,	0.1203460693359375
5897544375.0,	0.07127761840820312,	0.12102508544921875
5897590000.0,	0.07083892822265625,	0.11998367309570312
5897635625.0,	0.07135772705078125,	0.11867904663085938
5897681250.0,	0.071990966796875,	0.118865966796875
5897726875.0,	0.0717315673828125,	0.11883544921875
5897772500.0,	0.068939208984375,	0.11955642700195312
5897818125.0,	0.07147216796875,	0.12034988403320312
5897863750.0,	0.0704498291015625,	0.11953353881835938
5897909375.0,	0.0712127685546875,	0.120880126953125
5897955000.0,	0.07082748413085938,	0.12076568603515625
5898000625.0,	0.06978988647460938,	0.11899948120117188
5898046250.0,	0.0693359375,	0.12206268310546875
5898091875.0,	0.07131195068359375,	0.11991119384765625
5898137500.0,	0.07003021240234375,	0.12036514282226562
5898183125.0,	0.07131576538085938,	0.12247467041015625
5898228750.0,	0.07228851318359375,	0.12198638916015625
5898274375.0,	0.0701141357421875,	0.1197662353515625
5898320000.0,	0.07075119018554688,	0.12129974365234375
5898365625.0,	0.072174072265625,	0.12168121337890625
5898411250.0,	0.06929779052734375,	0.12185287475585938
5898456875.0,	0.06927108764648438,	0.12115859985351562
5898502500.0,	0.07025527954101562,	0.12130355834960938
5898548125.0,	0.07135009765625,	0.12007904052734375
5898593750.0,	0.07111740112304688,	0.12088394165039062
5898639375.0,	0.07176589965820312,	0.12117385864257812
5898685000.0,	0.07184219360351562,	0.12244033813476562
5898730625.0,	0.07213592529296875,	0.12100982666015625
5898776250.0,	0.07057952880859375,	0.12088394165039062
5898821875.0,	0.07247543334960938,	0.12112808227539062
5898867500.0,	0.0734100341796875,	0.1207427978515625
5898913125.0,	0.0699920654296875,	0.12084579467773438
5898958750.0,	0.07262802124023438,	0.12264251708984375
5899004375.0,	0.07088851928710938,	0.12320327758789062
5899050000.0,	0.0717620849609375,	0.1215972900390625
5899095625.0,	0.07347488403320312,	0.1214752197265625
5899141250.0,	0.07164764404296875,	0.12155532836914062
5899186875.0,	0.07033538818359375,	0.12122344970703125
5899232500.0,	0.07271957397460938,	0.11972808837890625
5899278125.0,	0.07012939453125,	0.12200164794921875
5899323750.0,	0.07360458374023438,	0.11920928955078125
5899369375.0,	0.07164382934570312,	0.120208740234375
5899415000.0,	0.0710296630859375,	0.12096023559570312
5899460625.0,	0.0703277587890625,	0.12130355834960938
5899506250.0,	0.07304000854492188,	0.11979293823242188
5899551875.0,	0.07244873046875,	0.12088775634765625
5899597500.0,	0.07135391235351562,	0.12053680419921875
5899643125.0,	0.0712738037109375,	0.122344970703125
5899688750.0,	0.07193374633789062,	0.12184524536132812
5899734375.0,	0.07358169555664062,	0.1207275390625
5899780000.0,	0.07250595092773438,	0.12162399291992188
5899825625.0,	0.07147979736328125,	0.12298965454101562
5899871250.0,	0.07257843017578125,	0.12104034423828125
5899916875.0,	0.0723876953125,	0.12059783935546875
5899962500.0,	0.07209014892578125,	0.12133407592773438
5900008125.0,	0.07311248779296875,	0.122222900390625
5900053750.0,	0.07059097290039062,	0.1188507080078125
5900099375.0,	0.07281875610351562,	0.12123870849609375
5900145000.0,	0.07228851318359375,	0.12131118774414062
5900190625.0,	0.074066162109375,	0.11993789672851562
5900236250.0,	0.07270050048828125,	0.11816024780273438
5900281875.0,	0.07265853881835938,	0.12306594848632812
5900327500.0,	0.07242965698242188,	0.1214599609375
5900373125.0,	0.0722808837890625,	0.12152099609375
5900418750.0,	0.07235336303710938,	0.12183761596679688
5900464375.0,	0.0731353759765625,	0.12092208862304688
5900510000.0,	0.07181167602539062,	0.12143707275390625
5900555625.0,	0.0725250244140625,	0.12107467651367188
5900601250.0,	0.07513809204101562,	0.12157058715820312
5900646875.0,	0.07286453247070312,	0.11970138549804688
5900692500.0,	0.0733642578125,	0.12310409545898438
5900738125.0,	0.07320022583007812,	0.12166213989257812
5900783750.0,	0.07379531860351562,	0.12157058715820312
5900829375.0,	0.072479248046875,	0.12266921997070312
5900875000.0,	0.07120132446289062,	0.121490478515625
5900920625.0,	0.07189559936523438,	0.12175750732421875
5900966250.0,	0.07145309448242188,	0.11926651000976562
5901011875.0,	0.07311248779296875,	0.1219940185546875
5901057500.0,	0.0731658935546875,	0.12324905395507812
5901103125.0,	0.07213592529296875,	0.12241744995117188
5901148750.0,	0.07346725463867188,	0.12117385864257812
5901194375.0,	0.07215499877929688,	0.12148284912109375
5901240000.0,	0.07293701171875,	0.12072372436523438
5901285625.0,	0.07307052612304688,	0.12404251098632812
5901331250.0,	0.0743255615234375,	0.12137603759765625
5901376875.0,	0.07303619384765625,	0.1216278076171875
5901422500.0,	0.07449722290039062,	0.12046051025390625
5901468125.0,	0.07151031494140625,	0.12196731567382812
5901513750.0,	0.07414627075195312,	0.12297439575195312
5901559375.0,	0.0761871337890625,	0.12253189086914062
5901605000.0,	0.073699951171875,	0.12290573120117188
5901650625.0,	0.07303237915039062,	0.12060928344726562
5901696250.0,	0.0752716064453125,	0.12250518798828125
5901741875.0,	0.07280731201171875,	0.122283935546875
5901787500.0,	0.07291030883789062,	0.12056732177734375
5901833125.0,	0.07432174682617188,	0.12113189697265625
5901878750.0,	0.0738067626953125,	0.12087631225585938
5901924375.0,	0.07265090942382812,	0.1225738525390625
5901970000.0,	0.07300949096679688,	0.1215362548828125
5902015625.0,	0.075225830078125,	0.12268447875976562
5902061250.0,	0.07451629638671875,	0.120697021484375
5902106875.0,	0.07440567016601562,	0.12268829345703125
5902152500.0,	0.07305908203125,	0.11960220336914062
5902198125.0,	0.07465362548828125,	0.1208038330078125
5902243750.0,	0.07246017456054688,	0.12154769897460938
5902289375.0,	0.07378387451171875,	0.1229248046875
5902335000.0,	0.07442092895507812,	0.12147903442382812
5902380625.0,	0.07452011108398438,	0.12209320068359375
5902426250.0,	0.07358932495117188,	0.122833251953125
5902471875.0,	0.07443618774414062,	0.12279891967773438
5902517500.0,	0.07415008544921875,	0.12252426147460938
5902563125.0,	0.0737457275390625,	0.12263870239257812
5902608750.0,	0.07437515258789062,	0.12288665771484375
5902654375.0,	0.07442092895507812,	0.12084579467773438
5902700000.0,	0.07513809204101562,	0.11949539184570312
5902745625.0,	0.07731246948242188,	0.12230300903320312
5902791250.0,	0.0749664306640625,	0.12055587768554688
5902836875.0,	0.0749969482421875,	0.1213836669921875
5902882500.0,	0.0741424560546875,	0.122344970703125
5902928125.0,	0.0723876953125,	0.12223434448242188
5902973750.0,	0.07596969604492188,	0.12139511108398438
5903019375.0,	0.0738983154296875,	0.12306976318359375
5903065000.0,	0.07498931884765625,	0.12096786499023438
5903110625.0,	0.07537078857421875,	0.1217041015625
5903156250.0,	0.07612228393554688,	0.12142562866210938
5903201875.0,	0.07459640502929688,	0.12248611450195312
5903247500.0,	0.0736846923828125,	0.12170028686523438
5903293125.0,	0.07481765747070312,	0.1222381591796875
5903338750.0,	0.07597732543945312,	0.12201309204101562
5903384375.0,	0.073577880859375,	0.12209701538085938
5903430000.0,	0.07329177856445312,	0.1224212646484375
5903475625.0,	0.07495880126953125,	0.1228790283203125
5903521250.0,	0.07387542724609375,	0.1229248046875
5903566875.0,	0.07572555541992188,	0.1217803955078125
5903612500.0,	0.07584762573242188,	0.12325668334960938
5903658125.0,	0.07505416870117188,	0.11967086791992188
5903703750.0,	0.07403945922851562,	0.12134552001953125
5903749375.0,	0.0752105712890625,	0.12320709228515625
5903795000.0,	0.07590103149414062,	0.12247848510742188
5903840625.0,	0.07558059692382812,	0.12165069580078125
5903886250.0,	0.07645416259765625,	0.1242523193359375
5903931875.0,	0.0751800537109375,	0.12343597412109375
5903977500.0,	0.074371337890625,	0.12148284912109375
5904023125.0,	0.0754852294921875,	0.12239837646484375
5904068750.0,	0.07352447509765625,	0.12105560302734375
5904114375.0,	0.07459640502929688,	0.12183380126953125
5904160000.0,	0.0762481689453125,	0.1197052001953125
5904205625.0,	0.07704925537109375,	0.1226959228515625
5904251250.0,	0.07529067993164062,	0.1211700439453125
5904296875.0,	0.076385498046875,	0.12276077270507812
5904342500.0,	0.07572174072265625,	0.12250518798828125
5904388125.0,	0.07423782348632812,	0.1214447021484375
5904433750.0,	0.07552719116210938,	0.12366867065429688
5904479375.0,	0.07456588745117188,	0.12265777587890625
5904525000.0,	0.07564163208007812,	0.12118911743164062
5904570625.0,	0.07677841186523438,	0.12145233154296875
5904616250.0,	0.07598114013671875,	0.12183761596679688
5904661875.0,	0.07616043090820312,	0.12270355224609375
5904707500.0,	0.07649612426757812,	0.12229156494140625
5904753125.0,	0.0762939453125,	0.12133026123046875
5904798750.0,	0.0748138427734375,	0.12090682983398438
5904844375.0,	0.07657241821289062,	0.12305068969726562
5904890000.0,	0.076507568359375,	0.12195968627929688
5904935625.0,	0.0756378173828125,	0.12148666381835938
5904981250.0,	0.07608795166015625,	0.12102127075195312
5905026875.0,	0.07728195190429688,	0.12397384643554688
5905072500.0,	0.07586669921875,	0.12266921997070312
5905118125.0,	0.0768585205078125,	0.12324142456054688
5905163750.0,	0.076202392578125,	0.12250900268554688
5905209375.0,	0.07583236694335938,	0.12368011474609375
5905255000.0,	0.07638168334960938,	0.12164306640625
5905300625.0,	0.07665252685546875,	0.1221466064453125
5905346250.0,	0.07686614990234375,	0.12174606323242188
5905391875.0,	0.07434844970703125,	0.12430572509765625
5905437500.0,	0.07699203491210938,	0.12281417846679688
5905483125.0,	0.07561111450195312,	0.12317276000976562
5905528750.0,	0.07747650146484375,	0.12380599975585938
5905574375.0,	0.07672882080078125,	0.12114334106445312
5905620000.0,	0.07726669311523438,	0.12315750122070312
5905665625.0,	0.07831573486328125,	0.12076187133789062
5905711250.0,	0.07938385009765625,	0.12455368041992188
5905756875.0,	0.07799530029296875,	0.12076950073242188
5905802500.0,	0.07683181762695312,	0.1237640380859375
5905848125.0,	0.07621002197265625,	0.12349700927734375
5905893750.0,	0.07629013061523438,	0.12290573120117188
5905939375.0,	0.07376480102539062,	0.12373733520507812
5905985000.0,	0.07816696166992188,	0.1188812255859375
5906030625.0,	0.07726669311523438,	0.12161636352539062
5906076250.0,	0.07979583740234375,	0.12312698364257812
5906121875.0,	0.07851791381835938,	0.12238693237304688
5906167500.0,	0.07732009887695312,	0.12143707275390625
5906213125.0,	0.07931137084960938,	0.12347412109375
5906258750.0,	0.0758514404296875,	0.12282562255859375
5906304375.0,	0.07793807983398438,	0.11993408203125
5906350000.0,	0.0736236572265625,	0.12057113647460938
5906395625.0,	0.07582855224609375,	0.12224578857421875
5906441250.0,	0.07863998413085938,	0.120758056640625
5906486875.0,	0.077239990234375,	0.12208175659179688
5906532500.0,	0.07622146606445312,	0.12351608276367188
5906578125.0,	0.07878494262695312,	0.1244354248046875
5906623750.0,	0.077056884765625,	0.12320327758789062
5906669375.0,	0.0777130126953125,	0.12177276611328125
5906715000.0,	0.07880783081054688,	0.1222686767578125
5906760625.0,	0.078826904296875,	0.12018203735351562
5906806250.0,	0.077239990234375,	0.12262344360351562
5906851875.0,	0.0777435302734375,	0.12221527099609375
5906897500.0,	0.07764434814453125,	0.12191390991210938
5906943125.0,	0.07839584350585938,	0.12218856811523438
5906988750.0,	0.07759475708007812,	0.12332916259765625
5907034375.0,	0.07743072509765625,	0.12308883666992188
5907080000.0,	0.0777130126953125,	0.12339019775390625
5907125625.0,	0.07978439331054688,	0.1212158203125
5907171250.0,	0.0794219970703125,	0.12187576293945312
5907216875.0,	0.07761001586914062,	0.12325286865234375
5907262500.0,	0.07992172241210938,	0.123016357421875
5907308125.0,	0.0770721435546875,	0.12354660034179688
5907353750.0,	0.07754135131835938,	0.12172698974609375
5907399375.0,	0.07872772216796875,	0.12242889404296875
5907445000.0,	0.080047607421875,	0.12084197998046875
5907490625.0,	0.079559326171875,	0.12216567993164062
5907536250.0,	0.07887649536132812,	0.12339019775390625
5907581875.0,	0.0771636962890625,	0.1222076416015625
5907627500.0,	0.07894134521484375,	0.12232589721679688
5907673125.0,	0.07953262329101562,	0.1226959228515625
5907718750.0,	0.07724380493164062,	0.12227249145507812
5907764375.0,	0.07624053955078125,	0.1237640380859375
5907810000.0,	0.07840347290039062,	0.12366485595703125
5907855625.0,	0.07762527465820312,	0.12282180786132812
5907901250.0,	0.08044052124023438,	0.12327957153320312
5907946875.0,	0.08065414428710938,	0.12343597412109375
5907992500.0,	0.07688140869140625,	0.12372589111328125
5908038125.0,	0.0773468017578125,	0.12408065795898438
5908083750.0,	0.07844161987304688,	0.12346267700195312
5908129375.0,	0.07805633544921875,	0.1224517822265625
5908175000.0,	0.07932281494140625,	0.12126922607421875
5908220625.0,	0.07921218872070312,	0.12236404418945312
5908266250.0,	0.07793045043945312,	0.12146377563476562
5908311875.0,	0.07993316650390625,	0.12256240844726562
5908357500.0,	0.07818984985351562,	0.12253570556640625
5908403125.0,	0.07958602905273438,	0.12356948852539062
5908448750.0,	0.07851028442382812,	0.12322235107421875
5908494375.0,	0.07818222045898438,	0.12308883666992188
5908540000.0,	0.07993698120117188,	0.12323760986328125
5908585625.0,	0.07874679565429688,	0.12261962890625
5908631250.0,	0.078399658203125,	0.12234878540039062
5908676875.0,	0.07830047607421875,	0.12226104736328125
5908722500.0,	0.08005905151367188,	0.12163543701171875
5908768125.0,	0.08028411865234375,	0.12287521362304688
5908813750.0,	0.0799407958984375,	0.1220855712890625
5908859375.0,	0.077789306640625,	0.12257003784179688
5908905000.0,	0.077911376953125,	0.125
5908950625.0,	0.07986068725585938,	0.12369537353515625
5908996250.0,	0.07973480224609375,	0.12215042114257812
5909041875.0,	0.08156204223632812,	0.12170028686523438
5909087500.0,	0.08066177368164062,	0.12316131591796875
5909133125.0,	0.080169677734375,	0.12289810180664062
5909178750.0,	0.07915115356445312,	0.12178421020507812
5909224375.0,	0.08099746704101562,	0.12267303466796875
5909270000.0,	0.07950592041015625,	0.12136077880859375
5909315625.0,	0.08096694946289062,	0.1225433349609375
5909361250.0,	0.08058547973632812,	0.12226486206054688
5909406875.0,	0.07886886596679688,	0.12082672119140625
5909452500.0,	0.081146240234375,	0.12294769287109375
5909498125.0,	0.07968902587890625,	0.12430953979492188
5909543750.0,	0.08141326904296875,	0.12285995483398438
5909589375.0,	0.080230712890625,	0.12376785278320312
5909635000.0,	0.082000732421875,	0.12165451049804688
5909680625.0,	0.07947921752929688,	0.12258529663085938
5909726250.0,	0.08085250854492188,	0.120361328125
5909771875.0,	0.07946395874023438,	0.12212371826171875
5909817500.0,	0.07968521118164062,	0.121551513671875
5909863125.0,	0.08185958862304688,	0.12170028686523438
5909908750.0,	0.07779693603515625,	0.12152481079101562
5909954375.0,	0.0802764892578125,	0.12320709228515625
5910000000.0,	0.08208084106445312,	0.12097549438476562
