5610031250.0,	0.06967544555664062,	0.09053421020507812
5610062500.0,	0.07061004638671875,	0.09130096435546875
5610093750.0,	0.07093048095703125,	0.09065628051757812
5610125000.0,	0.06958770751953125,	0.09208297729492188
5610156250.0,	0.06943130493164062,	0.09108352661132812
5610187500.0,	0.07082748413085938,	0.09152984619140625
5610218750.0,	0.06957626342773438,	0.09009170532226562
5610250000.0,	0.07135009765625,	0.09137344360351562
5610281250.0,	0.06917953491210938,	0.09086227416992188
5610312500.0,	0.06869125366210938,	0.08925247192382812
5610343750.0,	0.06872940063476562,	0.0924530029296875
5610375000.0,	0.06869125366210938,	0.09058380126953125
5610406250.0,	0.06972885131835938,	0.09137344360351562
5610437500.0,	0.06873703002929688,	0.09268951416015625
5610468750.0,	0.06898117065429688,	0.09278488159179688
5610500000.0,	0.070465087890625,	0.090362548828125
5610531250.0,	0.06935882568359375,	0.09100341796875
5610562500.0,	0.07122039794921875,	0.09260177612304688
5610593750.0,	0.06969070434570312,	0.0893707275390625
5610625000.0,	0.06893539428710938,	0.09206008911132812
5610656250.0,	0.06893539428710938,	0.08951187133789062
5610687500.0,	0.0683135986328125,	0.09135818481445312
5610718750.0,	0.06981658935546875,	0.09200668334960938
5610750000.0,	0.06982040405273438,	0.09308242797851562
5610781250.0,	0.06946182250976562,	0.09331512451171875
5610812500.0,	0.0697479248046875,	0.09097671508789062
5610843750.0,	0.06983184814453125,	0.09175872802734375
5610875000.0,	0.06933975219726562,	0.092529296875
5610906250.0,	0.0703582763671875,	0.092620849609375
5610937500.0,	0.06998443603515625,	0.092010498046875
5610968750.0,	0.06991958618164062,	0.09090805053710938
5611000000.0,	0.0724029541015625,	0.09054946899414062
5611031250.0,	0.06732940673828125,	0.09264373779296875
5611062500.0,	0.07127761840820312,	0.09152984619140625
5611093750.0,	0.06795501708984375,	0.09009933471679688
5611125000.0,	0.06919097900390625,	0.0930328369140625
5611156250.0,	0.06870651245117188,	0.09226226806640625
5611187500.0,	0.0687408447265625,	0.09056472778320312
5611218750.0,	0.06768798828125,	0.09099197387695312
5611250000.0,	0.06813430786132812,	0.09356689453125
5611281250.0,	0.07049179077148438,	0.08943939208984375
5611312500.0,	0.06968307495117188,	0.09070968627929688
5611343750.0,	0.0695648193359375,	0.0913848876953125
5611375000.0,	0.07210922241210938,	0.09272384643554688
5611406250.0,	0.07118988037109375,	0.093475341796875
5611437500.0,	0.07028961181640625,	0.08917617797851562
5611468750.0,	0.07004928588867188,	0.09202194213867188
5611500000.0,	0.06986618041992188,	0.09199905395507812
5611531250.0,	0.07029342651367188,	0.09157562255859375
5611562500.0,	0.06989669799804688,	0.09177780151367188
5611593750.0,	0.0721893310546875,	0.09425735473632812
5611625000.0,	0.07011795043945312,	0.09038543701171875
5611656250.0,	0.07001876831054688,	0.09289932250976562
5611687500.0,	0.06814193725585938,	0.0948333740234375
5611718750.0,	0.07110977172851562,	0.09427642822265625
5611750000.0,	0.06968307495117188,	0.0934906005859375
5611781250.0,	0.07089996337890625,	0.09381103515625
5611812500.0,	0.06867599487304688,	0.09249114990234375
5611843750.0,	0.06952285766601562,	0.09117889404296875
5611875000.0,	0.068695068359375,	0.09116744995117188
5611906250.0,	0.07091903686523438,	0.09247970581054688
5611937500.0,	0.0692138671875,	0.09233474731445312
5611968750.0,	0.0700531005859375,	0.09593582153320312
5612000000.0,	0.0728759765625,	0.09261703491210938
5612031250.0,	0.070526123046875,	0.09421157836914062
5612062500.0,	0.0695648193359375,	0.09302902221679688
5612093750.0,	0.07057571411132812,	0.09252548217773438
5612125000.0,	0.06963729858398438,	0.092071533203125
5612156250.0,	0.06775665283203125,	0.09400558471679688
5612187500.0,	0.069305419921875,	0.09146499633789062
5612218750.0,	0.07155990600585938,	0.0939788818359375
5612250000.0,	0.07028579711914062,	0.09261703491210938
5612281250.0,	0.06932449340820312,	0.0939178466796875
5612312500.0,	0.06927490234375,	0.09337615966796875
5612343750.0,	0.06988143920898438,	0.09185791015625
5612375000.0,	0.07013702392578125,	0.092071533203125
5612406250.0,	0.0701141357421875,	0.09312820434570312
5612437500.0,	0.06986618041992188,	0.092620849609375
5612468750.0,	0.07111740112304688,	0.09243392944335938
5612500000.0,	0.0691375732421875,	0.09344863891601562
5612531250.0,	0.07047271728515625,	0.09188079833984375
5612562500.0,	0.07030487060546875,	0.09202194213867188
5612593750.0,	0.07131576538085938,	0.094757080078125
5612625000.0,	0.07061386108398438,	0.09329605102539062
5612656250.0,	0.07184982299804688,	0.09597015380859375
5612687500.0,	0.07020950317382812,	0.09393310546875
5612718750.0,	0.07142257690429688,	0.09458541870117188
5612750000.0,	0.07120513916015625,	0.0925140380859375
5612781250.0,	0.06883621215820312,	0.09314727783203125
5612812500.0,	0.07210159301757812,	0.0945587158203125
5612843750.0,	0.07206344604492188,	0.09452056884765625
5612875000.0,	0.07106399536132812,	0.09550857543945312
5612906250.0,	0.0727996826171875,	0.093780517578125
5612937500.0,	0.06924057006835938,	0.09462356567382812
5612968750.0,	0.07033920288085938,	0.09378814697265625
5613000000.0,	0.06878280639648438,	0.09457778930664062
5613031250.0,	0.07340240478515625,	0.09405517578125
5613062500.0,	0.07152175903320312,	0.09437942504882812
5613093750.0,	0.06814193725585938,	0.09417343139648438
5613125000.0,	0.07052993774414062,	0.09271240234375
5613156250.0,	0.07233047485351562,	0.09472274780273438
5613187500.0,	0.06827545166015625,	0.0959014892578125
5613218750.0,	0.06966400146484375,	0.0963287353515625
5613250000.0,	0.07088470458984375,	0.09309768676757812
5613281250.0,	0.07007217407226562,	0.09492874145507812
5613312500.0,	0.06902694702148438,	0.09313201904296875
5613343750.0,	0.06840133666992188,	0.09332275390625
5613375000.0,	0.06978225708007812,	0.09474563598632812
5613406250.0,	0.06961441040039062,	0.0939483642578125
5613437500.0,	0.07384872436523438,	0.09581375122070312
5613468750.0,	0.07153701782226562,	0.09360885620117188
5613500000.0,	0.06995010375976562,	0.095306396484375
5613531250.0,	0.07115936279296875,	0.09404373168945312
5613562500.0,	0.07253265380859375,	0.09332656860351562
5613593750.0,	0.0694732666015625,	0.09334182739257812
5613625000.0,	0.07163619995117188,	0.09391021728515625
5613656250.0,	0.06968307495117188,	0.0953369140625
5613687500.0,	0.07284927368164062,	0.09563446044921875
5613718750.0,	0.07053375244140625,	0.09571075439453125
5613750000.0,	0.07137298583984375,	0.0946044921875
5613781250.0,	0.0727386474609375,	0.09408950805664062
5613812500.0,	0.071197509765625,	0.09649658203125
5613843750.0,	0.06837081909179688,	0.09509658813476562
5613875000.0,	0.07223129272460938,	0.09762191772460938
5613906250.0,	0.07123947143554688,	0.0976104736328125
5613937500.0,	0.07201385498046875,	0.09468460083007812
5613968750.0,	0.0703887939453125,	0.09520339965820312
5614000000.0,	0.06974029541015625,	0.09438705444335938
5614031250.0,	0.07207870483398438,	0.09668731689453125
5614062500.0,	0.06991195678710938,	0.09650039672851562
5614093750.0,	0.07117462158203125,	0.09714889526367188
5614125000.0,	0.0707550048828125,	0.09482574462890625
5614156250.0,	0.06945037841796875,	0.09708786010742188
5614187500.0,	0.0727691650390625,	0.09490203857421875
5614218750.0,	0.06984710693359375,	0.09575653076171875
5614250000.0,	0.07172775268554688,	0.09467315673828125
5614281250.0,	0.0702362060546875,	0.097900390625
5614312500.0,	0.07050323486328125,	0.09288406372070312
5614343750.0,	0.07358169555664062,	0.09608078002929688
5614375000.0,	0.07189559936523438,	0.09697341918945312
5614406250.0,	0.07388687133789062,	0.09399795532226562
5614437500.0,	0.0729522705078125,	0.09391403198242188
5614468750.0,	0.07315826416015625,	0.09531784057617188
5614500000.0,	0.07265090942382812,	0.09657669067382812
5614531250.0,	0.073150634765625,	0.0970458984375
5614562500.0,	0.07212448120117188,	0.0962677001953125
5614593750.0,	0.07267379760742188,	0.09686279296875
5614625000.0,	0.0711822509765625,	0.09722518920898438
5614656250.0,	0.07140731811523438,	0.09532546997070312
5614687500.0,	0.06983184814453125,	0.0979461669921875
5614718750.0,	0.0702972412109375,	0.09451675415039062
5614750000.0,	0.07324981689453125,	0.097442626953125
5614781250.0,	0.07263946533203125,	0.0941925048828125
5614812500.0,	0.07255935668945312,	0.09615707397460938
5614843750.0,	0.07341384887695312,	0.096893310546875
5614875000.0,	0.0701751708984375,	0.09666824340820312
5614906250.0,	0.07403182983398438,	0.09496688842773438
5614937500.0,	0.0716705322265625,	0.09733200073242188
5614968750.0,	0.06927490234375,	0.09779739379882812
5615000000.0,	0.07181549072265625,	0.0955047607421875
5615031250.0,	0.07007598876953125,	0.0954132080078125
5615062500.0,	0.07175827026367188,	0.09683609008789062
5615093750.0,	0.07210159301757812,	0.09689712524414062
5615125000.0,	0.07198333740234375,	0.09667205810546875
5615156250.0,	0.07072830200195312,	0.0972137451171875
5615187500.0,	0.07213211059570312,	0.09656143188476562
5615218750.0,	0.07177352905273438,	0.09641647338867188
5615250000.0,	0.0719757080078125,	0.09607315063476562
5615281250.0,	0.07120513916015625,	0.09753799438476562
5615312500.0,	0.07032394409179688,	0.09700775146484375
5615343750.0,	0.0717926025390625,	0.0977630615234375
5615375000.0,	0.07217788696289062,	0.0981292724609375
5615406250.0,	0.07056427001953125,	0.09678268432617188
5615437500.0,	0.07146453857421875,	0.09796524047851562
5615468750.0,	0.07444381713867188,	0.09686279296875
5615500000.0,	0.07240676879882812,	0.09575653076171875
5615531250.0,	0.07273483276367188,	0.09714126586914062
5615562500.0,	0.07212448120117188,	0.09632492065429688
5615593750.0,	0.0726776123046875,	0.09859085083007812
5615625000.0,	0.07054901123046875,	0.09676361083984375
5615656250.0,	0.07143402099609375,	0.09751129150390625
5615687500.0,	0.07378005981445312,	0.09760284423828125
5615718750.0,	0.07053375244140625,	0.0960540771484375
5615750000.0,	0.07366180419921875,	0.09780502319335938
5615781250.0,	0.07113265991210938,	0.097747802734375
5615812500.0,	0.07170867919921875,	0.0987091064453125
5615843750.0,	0.07416152954101562,	0.097564697265625
5615875000.0,	0.07279205322265625,	0.09457778930664062
5615906250.0,	0.07091903686523438,	0.09551239013671875
5615937500.0,	0.07300567626953125,	0.098663330078125
5615968750.0,	0.071807861328125,	0.09726715087890625
5616000000.0,	0.07097625732421875,	0.09761810302734375
5616031250.0,	0.07446670532226562,	0.09778213500976562
5616062500.0,	0.07195281982421875,	0.09783935546875
5616093750.0,	0.07286453247070312,	0.09700393676757812
5616125000.0,	0.07237625122070312,	0.09777450561523438
5616156250.0,	0.073577880859375,	0.09939193725585938
5616187500.0,	0.07066726684570312,	0.09783554077148438
5616218750.0,	0.07284164428710938,	0.09955978393554688
5616250000.0,	0.07226943969726562,	0.09846878051757812
5616281250.0,	0.0740814208984375,	0.09887313842773438
5616312500.0,	0.07388687133789062,	0.0972442626953125
5616343750.0,	0.07425689697265625,	0.09696578979492188
5616375000.0,	0.07321548461914062,	0.09883880615234375
5616406250.0,	0.0747222900390625,	0.09387969970703125
5616437500.0,	0.07273101806640625,	0.09983444213867188
5616468750.0,	0.07294464111328125,	0.0960540771484375
5616500000.0,	0.07285308837890625,	0.09859085083007812
5616531250.0,	0.07236862182617188,	0.09755706787109375
5616562500.0,	0.0732879638671875,	0.0998077392578125
5616593750.0,	0.07219696044921875,	0.09910964965820312
5616625000.0,	0.0720062255859375,	0.09861373901367188
5616656250.0,	0.07134628295898438,	0.098236083984375
5616687500.0,	0.07321548461914062,	0.09821701049804688
5616718750.0,	0.07192230224609375,	0.0977783203125
5616750000.0,	0.07144927978515625,	0.09811782836914062
5616781250.0,	0.07135009765625,	0.0979156494140625
5616812500.0,	0.07484054565429688,	0.10231399536132812
5616843750.0,	0.07162857055664062,	0.09790420532226562
5616875000.0,	0.0716705322265625,	0.09842681884765625
5616906250.0,	0.07215499877929688,	0.0983734130859375
5616937500.0,	0.07258224487304688,	0.09743499755859375
5616968750.0,	0.07476043701171875,	0.09898757934570312
5617000000.0,	0.0735321044921875,	0.09657669067382812
5617031250.0,	0.07448577880859375,	0.0984039306640625
5617062500.0,	0.07315826416015625,	0.09833145141601562
5617093750.0,	0.07514190673828125,	0.0987091064453125
5617125000.0,	0.07160186767578125,	0.098236083984375
5617156250.0,	0.07265853881835938,	0.09782028198242188
5617187500.0,	0.07330322265625,	0.09941482543945312
5617218750.0,	0.07440185546875,	0.09965896606445312
5617250000.0,	0.0730438232421875,	0.09771728515625
5617281250.0,	0.07372283935546875,	0.096954345703125
5617312500.0,	0.07345199584960938,	0.09809112548828125
5617343750.0,	0.074127197265625,	0.10147476196289062
5617375000.0,	0.07431793212890625,	0.09928131103515625
5617406250.0,	0.07535552978515625,	0.09831619262695312
5617437500.0,	0.073150634765625,	0.0999755859375
5617468750.0,	0.07161331176757812,	0.10097885131835938
5617500000.0,	0.07383346557617188,	0.10040283203125
5617531250.0,	0.07424163818359375,	0.100128173828125
5617562500.0,	0.0763702392578125,	0.0987548828125
5617593750.0,	0.07366561889648438,	0.09972763061523438
5617625000.0,	0.07238388061523438,	0.09938430786132812
5617656250.0,	0.0727996826171875,	0.09743118286132812
5617687500.0,	0.07379531860351562,	0.10074996948242188
5617718750.0,	0.07248306274414062,	0.10114288330078125
5617750000.0,	0.0734100341796875,	0.09926986694335938
5617781250.0,	0.0743560791015625,	0.09960174560546875
5617812500.0,	0.07399368286132812,	0.09952545166015625
5617843750.0,	0.0723724365234375,	0.09817123413085938
5617875000.0,	0.07294082641601562,	0.09986114501953125
5617906250.0,	0.07308578491210938,	0.098114013671875
5617937500.0,	0.074005126953125,	0.09967803955078125
5617968750.0,	0.07122039794921875,	0.0991668701171875
5618000000.0,	0.07461929321289062,	0.10188674926757812
5618031250.0,	0.0759735107421875,	0.1009063720703125
5618062500.0,	0.07415771484375,	0.1000213623046875
5618093750.0,	0.07443618774414062,	0.10001754760742188
5618125000.0,	0.07460784912109375,	0.09904861450195312
5618156250.0,	0.07460403442382812,	0.10158920288085938
5618187500.0,	0.07394790649414062,	0.09989166259765625
5618218750.0,	0.07396697998046875,	0.10135650634765625
5618250000.0,	0.07361602783203125,	0.10044479370117188
5618281250.0,	0.07566452026367188,	0.10065460205078125
5618312500.0,	0.074249267578125,	0.10038375854492188
5618343750.0,	0.0738677978515625,	0.0990447998046875
5618375000.0,	0.07483673095703125,	0.10171127319335938
5618406250.0,	0.07477951049804688,	0.10238265991210938
5618437500.0,	0.07590103149414062,	0.1020355224609375
5618468750.0,	0.074066162109375,	0.10125350952148438
5618500000.0,	0.07471847534179688,	0.10069656372070312
5618531250.0,	0.07468032836914062,	0.09823989868164062
5618562500.0,	0.07524871826171875,	0.09906768798828125
5618593750.0,	0.07552719116210938,	0.09944534301757812
5618625000.0,	0.07226943969726562,	0.10010147094726562
5618656250.0,	0.07468795776367188,	0.09937286376953125
5618687500.0,	0.07647323608398438,	0.10117340087890625
5618718750.0,	0.0767059326171875,	0.1010589599609375
5618750000.0,	0.07566070556640625,	0.101287841796875
5618781250.0,	0.07546234130859375,	0.10172653198242188
5618812500.0,	0.07641983032226562,	0.10131454467773438
5618843750.0,	0.07626724243164062,	0.100341796875
5618875000.0,	0.07700347900390625,	0.10001754760742188
5618906250.0,	0.07550430297851562,	0.10050201416015625
5618937500.0,	0.07452011108398438,	0.10005950927734375
5618968750.0,	0.07508087158203125,	0.10068893432617188
5619000000.0,	0.07439041137695312,	0.09992599487304688
5619031250.0,	0.0778961181640625,	0.10010910034179688
5619062500.0,	0.07572174072265625,	0.10138320922851562
5619093750.0,	0.07578277587890625,	0.0998077392578125
5619125000.0,	0.076141357421875,	0.10049057006835938
5619156250.0,	0.07421493530273438,	0.10224151611328125
5619187500.0,	0.07394790649414062,	0.09983444213867188
5619218750.0,	0.07518386840820312,	0.10293960571289062
5619250000.0,	0.07578277587890625,	0.1005859375
5619281250.0,	0.07500839233398438,	0.10007476806640625
5619312500.0,	0.075592041015625,	0.10032272338867188
5619343750.0,	0.0742645263671875,	0.1010589599609375
5619375000.0,	0.07830429077148438,	0.10223007202148438
5619406250.0,	0.07639694213867188,	0.1021270751953125
5619437500.0,	0.07624435424804688,	0.100433349609375
5619468750.0,	0.07736968994140625,	0.10285568237304688
5619500000.0,	0.07773590087890625,	0.10322189331054688
5619531250.0,	0.07732391357421875,	0.10322952270507812
5619562500.0,	0.07756805419921875,	0.10124969482421875
5619593750.0,	0.07765579223632812,	0.1020050048828125
5619625000.0,	0.07524490356445312,	0.102630615234375
5619656250.0,	0.07550048828125,	0.1007080078125
5619687500.0,	0.07537460327148438,	0.10131454467773438
5619718750.0,	0.07491302490234375,	0.1030426025390625
5619750000.0,	0.07482147216796875,	0.10155868530273438
5619781250.0,	0.076324462890625,	0.1022186279296875
5619812500.0,	0.07599258422851562,	0.10390090942382812
5619843750.0,	0.07503509521484375,	0.10199737548828125
5619875000.0,	0.07673263549804688,	0.10121917724609375
5619906250.0,	0.075531005859375,	0.10252761840820312
5619937500.0,	0.07580184936523438,	0.1025238037109375
5619968750.0,	0.0765228271484375,	0.10198593139648438
5620000000.0,	0.07631683349609375,	0.10269546508789062
5620031250.0,	0.07819366455078125,	0.10075759887695312
5620062500.0,	0.078277587890625,	0.10133743286132812
5620093750.0,	0.07851409912109375,	0.10060882568359375
5620125000.0,	0.07524490356445312,	0.10106277465820312
5620156250.0,	0.07842636108398438,	0.10380935668945312
5620187500.0,	0.07696151733398438,	0.10045242309570312
5620218750.0,	0.07678985595703125,	0.10230255126953125
5620250000.0,	0.076202392578125,	0.1035003662109375
5620281250.0,	0.0757293701171875,	0.10225677490234375
5620312500.0,	0.075653076171875,	0.100738525390625
5620343750.0,	0.07849884033203125,	0.10205078125
5620375000.0,	0.076080322265625,	0.1051788330078125
5620406250.0,	0.07837295532226562,	0.10465240478515625
5620437500.0,	0.07635116577148438,	0.1024627685546875
5620468750.0,	0.07617568969726562,	0.100860595703125
5620500000.0,	0.07622528076171875,	0.10308837890625
5620531250.0,	0.07767486572265625,	0.10358047485351562
5620562500.0,	0.07609939575195312,	0.10154342651367188
5620593750.0,	0.07799530029296875,	0.10306549072265625
5620625000.0,	0.07671737670898438,	0.10354232788085938
5620656250.0,	0.07770156860351562,	0.10333633422851562
5620687500.0,	0.07654190063476562,	0.1026458740234375
5620718750.0,	0.07870101928710938,	0.10166549682617188
5620750000.0,	0.0771636962890625,	0.1024932861328125
5620781250.0,	0.0777587890625,	0.10322189331054688
5620812500.0,	0.07768630981445312,	0.10089111328125
5620843750.0,	0.07741546630859375,	0.10260772705078125
5620875000.0,	0.0775299072265625,	0.102508544921875
5620906250.0,	0.07976150512695312,	0.10335922241210938
5620937500.0,	0.07747650146484375,	0.10262680053710938
5620968750.0,	0.075347900390625,	0.10318756103515625
5621000000.0,	0.0784759521484375,	0.10274887084960938
5621031250.0,	0.07829666137695312,	0.101654052734375
5621062500.0,	0.07598876953125,	0.10330581665039062
5621093750.0,	0.07662582397460938,	0.10186386108398438
5621125000.0,	0.07611083984375,	0.1030120849609375
5621156250.0,	0.07892990112304688,	0.10440826416015625
5621187500.0,	0.07658767700195312,	0.104705810546875
5621218750.0,	0.07904815673828125,	0.10319900512695312
5621250000.0,	0.07606887817382812,	0.10171890258789062
5621281250.0,	0.07714462280273438,	0.10369873046875
5621312500.0,	0.07767105102539062,	0.10380935668945312
5621343750.0,	0.07816314697265625,	0.1036529541015625
5621375000.0,	0.07740402221679688,	0.1043701171875
5621406250.0,	0.07701873779296875,	0.10262680053710938
5621437500.0,	0.07712173461914062,	0.10222244262695312
5621468750.0,	0.0765380859375,	0.10503387451171875
5621500000.0,	0.07678985595703125,	0.10289382934570312
5621531250.0,	0.07788467407226562,	0.10370254516601562
5621562500.0,	0.0768280029296875,	0.1041107177734375
5621593750.0,	0.07860946655273438,	0.10358810424804688
5621625000.0,	0.07734298706054688,	0.10311508178710938
5621656250.0,	0.078216552734375,	0.10660934448242188
5621687500.0,	0.0794677734375,	0.1039886474609375
5621718750.0,	0.07691574096679688,	0.10459136962890625
5621750000.0,	0.07873916625976562,	0.1036376953125
5621781250.0,	0.08069610595703125,	0.10366439819335938
5621812500.0,	0.0805816650390625,	0.10480117797851562
5621843750.0,	0.07778549194335938,	0.10456085205078125
5621875000.0,	0.07744598388671875,	0.10383987426757812
5621906250.0,	0.07851791381835938,	0.10215377807617188
5621937500.0,	0.07784652709960938,	0.10320663452148438
5621968750.0,	0.0787811279296875,	0.10272216796875
5622000000.0,	0.07747650146484375,	0.10274887084960938
5622031250.0,	0.07940673828125,	0.10231781005859375
5622062500.0,	0.07696914672851562,	0.103973388671875
5622093750.0,	0.0797576904296875,	0.10601425170898438
5622125000.0,	0.07976150512695312,	0.10277557373046875
5622156250.0,	0.08029937744140625,	0.10486602783203125
5622187500.0,	0.08077621459960938,	0.10494613647460938
5622218750.0,	0.07906723022460938,	0.10332489013671875
5622250000.0,	0.08029556274414062,	0.10486984252929688
5622281250.0,	0.07854461669921875,	0.10399246215820312
5622312500.0,	0.07956695556640625,	0.10451126098632812
5622343750.0,	0.07866287231445312,	0.10286712646484375
5622375000.0,	0.07852554321289062,	0.10350418090820312
5622406250.0,	0.080047607421875,	0.10272979736328125
5622437500.0,	0.08007049560546875,	0.10523605346679688
5622468750.0,	0.07963943481445312,	0.10428619384765625
5622500000.0,	0.08033370971679688,	0.10421371459960938
5622531250.0,	0.07948684692382812,	0.10457611083984375
5622562500.0,	0.0798492431640625,	0.10636138916015625
5622593750.0,	0.07950210571289062,	0.10279083251953125
5622625000.0,	0.08005905151367188,	0.10279083251953125
5622656250.0,	0.07995223999023438,	0.10482406616210938
5622687500.0,	0.078521728515625,	0.1052093505859375
5622718750.0,	0.07831573486328125,	0.1061859130859375
5622750000.0,	0.08001327514648438,	0.10374832153320312
5622781250.0,	0.07960891723632812,	0.10508346557617188
5622812500.0,	0.08162689208984375,	0.10425567626953125
5622843750.0,	0.08161544799804688,	0.10635757446289062
5622875000.0,	0.08148193359375,	0.10538101196289062
5622906250.0,	0.08124542236328125,	0.10429763793945312
5622937500.0,	0.081329345703125,	0.1069488525390625
5622968750.0,	0.0802764892578125,	0.10552215576171875
5623000000.0,	0.08021163940429688,	0.10551834106445312
5623031250.0,	0.0832672119140625,	0.10485076904296875
5623062500.0,	0.08065032958984375,	0.10562515258789062
5623093750.0,	0.08184051513671875,	0.10454559326171875
5623125000.0,	0.0819091796875,	0.10389328002929688
5623156250.0,	0.08195877075195312,	0.10359573364257812
5623187500.0,	0.07927322387695312,	0.105682373046875
5623218750.0,	0.07955551147460938,	0.10815048217773438
5623250000.0,	0.08042526245117188,	0.10916900634765625
5623281250.0,	0.08170318603515625,	0.104827880859375
5623312500.0,	0.0785369873046875,	0.10463714599609375
5623343750.0,	0.0812225341796875,	0.10691452026367188
5623375000.0,	0.082122802734375,	0.103973388671875
5623406250.0,	0.0798492431640625,	0.10700225830078125
5623437500.0,	0.08075714111328125,	0.10479354858398438
5623468750.0,	0.08057403564453125,	0.10628890991210938
5623500000.0,	0.08121109008789062,	0.10683441162109375
5623531250.0,	0.08103179931640625,	0.10379791259765625
5623562500.0,	0.0804443359375,	0.10583877563476562
5623593750.0,	0.083526611328125,	0.10565185546875
5623625000.0,	0.0811767578125,	0.10625839233398438
5623656250.0,	0.08332443237304688,	0.10526275634765625
5623687500.0,	0.082916259765625,	0.10605621337890625
5623718750.0,	0.08193206787109375,	0.10772323608398438
5623750000.0,	0.08001708984375,	0.10549545288085938
5623781250.0,	0.08032989501953125,	0.10647201538085938
5623812500.0,	0.0814971923828125,	0.10544204711914062
5623843750.0,	0.0826568603515625,	0.10638046264648438
5623875000.0,	0.080902099609375,	0.10569000244140625
5623906250.0,	0.08394241333007812,	0.10459136962890625
5623937500.0,	0.08301925659179688,	0.10741043090820312
5623968750.0,	0.0816650390625,	0.10535049438476562
5624000000.0,	0.08223724365234375,	0.1052703857421875
5624031250.0,	0.08441543579101562,	0.10485076904296875
5624062500.0,	0.08217620849609375,	0.105926513671875
5624093750.0,	0.08228302001953125,	0.10462570190429688
5624125000.0,	0.08145904541015625,	0.10607528686523438
5624156250.0,	0.08385848999023438,	0.10597610473632812
5624187500.0,	0.08501434326171875,	0.10757064819335938
5624218750.0,	0.0840606689453125,	0.10538482666015625
5624250000.0,	0.08126449584960938,	0.10656356811523438
5624281250.0,	0.08231735229492188,	0.10614395141601562
5624312500.0,	0.08129501342773438,	0.10673141479492188
5624343750.0,	0.08353424072265625,	0.10626983642578125
5624375000.0,	0.08237838745117188,	0.10642242431640625
5624406250.0,	0.08044815063476562,	0.105682373046875
5624437500.0,	0.08441925048828125,	0.107452392578125
5624468750.0,	0.08277511596679688,	0.10676193237304688
5624500000.0,	0.08246612548828125,	0.10683441162109375
5624531250.0,	0.08405685424804688,	0.10588836669921875
5624562500.0,	0.083770751953125,	0.10586166381835938
5624593750.0,	0.08234786987304688,	0.10792922973632812
5624625000.0,	0.08472824096679688,	0.10560989379882812
5624656250.0,	0.08416748046875,	0.10590744018554688
5624687500.0,	0.08321380615234375,	0.10818099975585938
5624718750.0,	0.0837249755859375,	0.1067657470703125
5624750000.0,	0.08430862426757812,	0.1069183349609375
5624781250.0,	0.082855224609375,	0.10698318481445312
5624812500.0,	0.083343505859375,	0.104766845703125
5624843750.0,	0.08621597290039062,	0.10639190673828125
5624875000.0,	0.08472442626953125,	0.10650634765625
5624906250.0,	0.08384323120117188,	0.10797119140625
5624937500.0,	0.0854644775390625,	0.10716629028320312
5624968750.0,	0.08456039428710938,	0.10660171508789062
5625000000.0,	0.08339309692382812,	0.10540771484375
5625031250.0,	0.08462905883789062,	0.10758590698242188
5625062500.0,	0.083282470703125,	0.106536865234375
5625093750.0,	0.083160400390625,	0.1056671142578125
5625125000.0,	0.08528900146484375,	0.10747528076171875
5625156250.0,	0.08373641967773438,	0.10588455200195312
5625187500.0,	0.0824127197265625,	0.10673904418945312
5625218750.0,	0.08237457275390625,	0.10861968994140625
5625250000.0,	0.08606719970703125,	0.1052703857421875
5625281250.0,	0.0845947265625,	0.10609817504882812
5625312500.0,	0.08508682250976562,	0.10660552978515625
5625343750.0,	0.08531570434570312,	0.10872650146484375
5625375000.0,	0.0861053466796875,	0.10707473754882812
5625406250.0,	0.08405685424804688,	0.10639190673828125
5625437500.0,	0.0858306884765625,	0.10656356811523438
5625468750.0,	0.08742141723632812,	0.10614395141601562
5625500000.0,	0.08403778076171875,	0.1076507568359375
5625531250.0,	0.08712387084960938,	0.10704421997070312
5625562500.0,	0.0853118896484375,	0.10574722290039062
5625593750.0,	0.08585739135742188,	0.10648727416992188
5625625000.0,	0.0855560302734375,	0.10730743408203125
5625656250.0,	0.0851593017578125,	0.10719680786132812
5625687500.0,	0.0854034423828125,	0.10538101196289062
5625718750.0,	0.08428192138671875,	0.1090545654296875
5625750000.0,	0.08659744262695312,	0.106781005859375
5625781250.0,	0.08490371704101562,	0.10790252685546875
5625812500.0,	0.08615493774414062,	0.10692977905273438
5625843750.0,	0.08652114868164062,	0.1059722900390625
5625875000.0,	0.0879058837890625,	0.107666015625
5625906250.0,	0.08721160888671875,	0.10757827758789062
5625937500.0,	0.08661270141601562,	0.1069488525390625
5625968750.0,	0.08612060546875,	0.10654830932617188
5626000000.0,	0.08679962158203125,	0.10707473754882812
5626031250.0,	0.08756637573242188,	0.106903076171875
5626062500.0,	0.08623504638671875,	0.1071319580078125
5626093750.0,	0.08637619018554688,	0.10811614990234375
5626125000.0,	0.08591079711914062,	0.106231689453125
5626156250.0,	0.087310791015625,	0.10614776611328125
5626187500.0,	0.08742904663085938,	0.10544204711914062
5626218750.0,	0.0872039794921875,	0.1069793701171875
5626250000.0,	0.08602523803710938,	0.10788726806640625
5626281250.0,	0.08742141723632812,	0.10911178588867188
5626312500.0,	0.08790206909179688,	0.10828399658203125
5626343750.0,	0.08533859252929688,	0.1087646484375
5626375000.0,	0.08647918701171875,	0.1074676513671875
5626406250.0,	0.088958740234375,	0.10665130615234375
5626437500.0,	0.08718109130859375,	0.10793304443359375
5626468750.0,	0.086822509765625,	0.10610580444335938
5626500000.0,	0.08723068237304688,	0.1089019775390625
5626531250.0,	0.08708953857421875,	0.1066436767578125
5626562500.0,	0.08588790893554688,	0.10650634765625
5626593750.0,	0.08919525146484375,	0.10810470581054688
5626625000.0,	0.08975601196289062,	0.10709381103515625
5626656250.0,	0.08896636962890625,	0.10673904418945312
5626687500.0,	0.0895843505859375,	0.10563278198242188
5626718750.0,	0.08753204345703125,	0.10705184936523438
5626750000.0,	0.088623046875,	0.10692214965820312
5626781250.0,	0.08527755737304688,	0.1081390380859375
5626812500.0,	0.0890350341796875,	0.10865020751953125
5626843750.0,	0.08761978149414062,	0.1068115234375
5626875000.0,	0.08996200561523438,	0.10760116577148438
5626906250.0,	0.0881195068359375,	0.10870361328125
5626937500.0,	0.08861160278320312,	0.1069488525390625
5626968750.0,	0.08835220336914062,	0.10619354248046875
5627000000.0,	0.08945083618164062,	0.10614776611328125
5627031250.0,	0.08827972412109375,	0.1072540283203125
5627062500.0,	0.0892333984375,	0.10912322998046875
5627093750.0,	0.08782196044921875,	0.10704421997070312
5627125000.0,	0.08955001831054688,	0.10845565795898438
5627156250.0,	0.09003067016601562,	0.10763931274414062
5627187500.0,	0.08844375610351562,	0.1078948974609375
5627218750.0,	0.08723831176757812,	0.107818603515625
5627250000.0,	0.08791732788085938,	0.10664749145507812
5627281250.0,	0.08921432495117188,	0.10741424560546875
5627312500.0,	0.09142684936523438,	0.10848236083984375
5627343750.0,	0.09108352661132812,	0.10876083374023438
5627375000.0,	0.08933258056640625,	0.10774993896484375
5627406250.0,	0.09170913696289062,	0.10707855224609375
5627437500.0,	0.0900726318359375,	0.10564422607421875
5627468750.0,	0.08906936645507812,	0.105438232421875
5627500000.0,	0.08984375,	0.10843276977539062
5627531250.0,	0.09175491333007812,	0.10906600952148438
5627562500.0,	0.08922576904296875,	0.107940673828125
5627593750.0,	0.0910797119140625,	0.10776901245117188
5627625000.0,	0.09295654296875,	0.10686874389648438
5627656250.0,	0.09114837646484375,	0.10839080810546875
5627687500.0,	0.08916473388671875,	0.10822296142578125
5627718750.0,	0.09119415283203125,	0.10904312133789062
5627750000.0,	0.08839797973632812,	0.10744094848632812
5627781250.0,	0.09122467041015625,	0.10901641845703125
5627812500.0,	0.09171295166015625,	0.10840225219726562
5627843750.0,	0.09003067016601562,	0.10599136352539062
5627875000.0,	0.08831405639648438,	0.10739898681640625
5627906250.0,	0.09197616577148438,	0.10794448852539062
5627937500.0,	0.090484619140625,	0.10804367065429688
5627968750.0,	0.09296798706054688,	0.10877227783203125
5628000000.0,	0.08953857421875,	0.11022567749023438
5628031250.0,	0.09137725830078125,	0.10725021362304688
5628062500.0,	0.09244155883789062,	0.10774612426757812
5628093750.0,	0.09067153930664062,	0.10944366455078125
5628125000.0,	0.09057235717773438,	0.10773086547851562
5628156250.0,	0.09179306030273438,	0.10718536376953125
5628187500.0,	0.0910797119140625,	0.10900115966796875
5628218750.0,	0.09173583984375,	0.10866165161132812
5628250000.0,	0.09117507934570312,	0.10839462280273438
5628281250.0,	0.0923309326171875,	0.10765457153320312
5628312500.0,	0.09334182739257812,	0.10735321044921875
5628343750.0,	0.09323501586914062,	0.10886764526367188
5628375000.0,	0.09260940551757812,	0.10995864868164062
5628406250.0,	0.0929718017578125,	0.10672378540039062
5628437500.0,	0.09139633178710938,	0.10779571533203125
5628468750.0,	0.09178924560546875,	0.10620880126953125
5628500000.0,	0.0925140380859375,	0.10857009887695312
5628531250.0,	0.09194564819335938,	0.10863876342773438
5628562500.0,	0.09299087524414062,	0.108489990234375
5628593750.0,	0.0917510986328125,	0.1097564697265625
5628625000.0,	0.09276580810546875,	0.10833358764648438
5628656250.0,	0.09378814697265625,	0.1096038818359375
5628687500.0,	0.09197998046875,	0.10615921020507812
5628718750.0,	0.09243392944335938,	0.10842514038085938
5628750000.0,	0.09285736083984375,	0.1075439453125
5628781250.0,	0.09302139282226562,	0.1091156005859375
5628812500.0,	0.0930328369140625,	0.110107421875
5628843750.0,	0.09444046020507812,	0.10879898071289062
5628875000.0,	0.09429168701171875,	0.10654449462890625
5628906250.0,	0.09285354614257812,	0.10843658447265625
5628937500.0,	0.095001220703125,	0.10650253295898438
5628968750.0,	0.0961456298828125,	0.10734939575195312
5629000000.0,	0.09392929077148438,	0.10869598388671875
5629031250.0,	0.09552764892578125,	0.10628128051757812
5629062500.0,	0.0946197509765625,	0.10733413696289062
5629093750.0,	0.09502029418945312,	0.10697555541992188
5629125000.0,	0.0948944091796875,	0.10659027099609375
5629156250.0,	0.09346389770507812,	0.107879638671875
5629187500.0,	0.0944671630859375,	0.10912322998046875
5629218750.0,	0.09497451782226562,	0.10818099975585938
5629250000.0,	0.09439849853515625,	0.1081695556640625
5629281250.0,	0.09575653076171875,	0.10750961303710938
5629312500.0,	0.09368133544921875,	0.10963821411132812
5629343750.0,	0.09598159790039062,	0.10925674438476562
5629375000.0,	0.09785079956054688,	0.10895538330078125
5629406250.0,	0.09656524658203125,	0.10894012451171875
5629437500.0,	0.09594345092773438,	0.10875701904296875
5629468750.0,	0.09704208374023438,	0.10893630981445312
5629500000.0,	0.09494400024414062,	0.10994720458984375
5629531250.0,	0.0966796875,	0.10582351684570312
5629562500.0,	0.09818649291992188,	0.10792922973632812
5629593750.0,	0.094146728515625,	0.11103057861328125
5629625000.0,	0.095611572265625,	0.10924148559570312
5629656250.0,	0.09694671630859375,	0.10724639892578125
5629687500.0,	0.096038818359375,	0.10625839233398438
5629718750.0,	0.09797286987304688,	0.10901641845703125
5629750000.0,	0.09570693969726562,	0.1076507568359375
5629781250.0,	0.09721755981445312,	0.10805892944335938
5629812500.0,	0.09654998779296875,	0.10764694213867188
5629843750.0,	0.09720611572265625,	0.10837173461914062
5629875000.0,	0.0986785888671875,	0.1090545654296875
5629906250.0,	0.09747695922851562,	0.10713577270507812
5629937500.0,	0.09731674194335938,	0.10831069946289062
5629968750.0,	0.09639739990234375,	0.10788726806640625
5630000000.0,	0.09787368774414062,	0.1089935302734375
5630031250.0,	0.09899139404296875,	0.10800552368164062
5630062500.0,	0.09881210327148438,	0.10683822631835938
5630093750.0,	0.09928512573242188,	0.10759353637695312
5630125000.0,	0.09751129150390625,	0.10947418212890625
5630156250.0,	0.09839630126953125,	0.10717010498046875
5630187500.0,	0.09958267211914062,	0.11002349853515625
5630218750.0,	0.09848403930664062,	0.11000823974609375
5630250000.0,	0.09806060791015625,	0.11022567749023438
5630281250.0,	0.09797286987304688,	0.109039306640625
5630312500.0,	0.1009674072265625,	0.10864639282226562
5630343750.0,	0.10005950927734375,	0.10776901245117188
5630375000.0,	0.09818267822265625,	0.10678482055664062
5630406250.0,	0.09958267211914062,	0.10837936401367188
5630437500.0,	0.09987640380859375,	0.10657882690429688
5630468750.0,	0.09839630126953125,	0.10727691650390625
5630500000.0,	0.09821319580078125,	0.10762786865234375
5630531250.0,	0.1001434326171875,	0.1064453125
5630562500.0,	0.09722518920898438,	0.10753631591796875
5630593750.0,	0.09917068481445312,	0.10691452026367188
5630625000.0,	0.0994720458984375,	0.10906219482421875
5630656250.0,	0.10054779052734375,	0.10741424560546875
5630687500.0,	0.09938430786132812,	0.1068878173828125
5630718750.0,	0.099365234375,	0.10813522338867188
5630750000.0,	0.09918594360351562,	0.107818603515625
5630781250.0,	0.100830078125,	0.107025146484375
5630812500.0,	0.09930038452148438,	0.10890579223632812
5630843750.0,	0.10157012939453125,	0.10865402221679688
5630875000.0,	0.0998382568359375,	0.10914993286132812
5630906250.0,	0.099700927734375,	0.10741043090820312
5630937500.0,	0.10021209716796875,	0.10765838623046875
5630968750.0,	0.10015869140625,	0.10842514038085938
5631000000.0,	0.10497665405273438,	0.10733795166015625
5631031250.0,	0.10210800170898438,	0.10858917236328125
5631062500.0,	0.09996795654296875,	0.10860443115234375
5631093750.0,	0.101043701171875,	0.10706329345703125
5631125000.0,	0.09945297241210938,	0.10697174072265625
5631156250.0,	0.10206222534179688,	0.10752105712890625
5631187500.0,	0.101470947265625,	0.10740280151367188
5631218750.0,	0.1028900146484375,	0.106048583984375
5631250000.0,	0.10190200805664062,	0.1088714599609375
5631281250.0,	0.10163116455078125,	0.10826873779296875
5631312500.0,	0.10372161865234375,	0.1081390380859375
5631343750.0,	0.10256195068359375,	0.10865402221679688
5631375000.0,	0.10177230834960938,	0.10639190673828125
5631406250.0,	0.10353469848632812,	0.10871124267578125
5631437500.0,	0.10465240478515625,	0.10642242431640625
5631468750.0,	0.10260391235351562,	0.10715103149414062
5631500000.0,	0.10199737548828125,	0.107208251953125
5631531250.0,	0.10322189331054688,	0.11042404174804688
5631562500.0,	0.10373306274414062,	0.10649871826171875
5631593750.0,	0.10372543334960938,	0.10928726196289062
5631625000.0,	0.10428619384765625,	0.10846328735351562
5631656250.0,	0.10407257080078125,	0.10782623291015625
5631687500.0,	0.10435104370117188,	0.10845565795898438
5631718750.0,	0.10305023193359375,	0.1062469482421875
5631750000.0,	0.10337448120117188,	0.10560226440429688
5631781250.0,	0.10229873657226562,	0.10741806030273438
5631812500.0,	0.10619354248046875,	0.10686111450195312
5631843750.0,	0.10622406005859375,	0.1060638427734375
5631875000.0,	0.10608291625976562,	0.10802841186523438
5631906250.0,	0.1064910888671875,	0.10714340209960938
5631937500.0,	0.10671615600585938,	0.1067657470703125
5631968750.0,	0.10396957397460938,	0.10697174072265625
5632000000.0,	0.10733795166015625,	0.1083984375
5632031250.0,	0.105865478515625,	0.10778427124023438
5632062500.0,	0.10417556762695312,	0.10615158081054688
5632093750.0,	0.10875320434570312,	0.10549163818359375
5632125000.0,	0.10657882690429688,	0.10601425170898438
5632156250.0,	0.10524749755859375,	0.10595703125
5632187500.0,	0.1061553955078125,	0.10741424560546875
5632218750.0,	0.10676956176757812,	0.10634231567382812
5632250000.0,	0.1065673828125,	0.10714340209960938
5632281250.0,	0.10810470581054688,	0.10680770874023438
5632312500.0,	0.1078338623046875,	0.10735321044921875
5632343750.0,	0.10802078247070312,	0.10844039916992188
5632375000.0,	0.10768508911132812,	0.10594558715820312
5632406250.0,	0.10870361328125,	0.10663986206054688
5632437500.0,	0.10763168334960938,	0.10532760620117188
5632468750.0,	0.10636520385742188,	0.10754776000976562
5632500000.0,	0.1080322265625,	0.10686874389648438
5632531250.0,	0.109649658203125,	0.1041717529296875
5632562500.0,	0.10869216918945312,	0.10588836669921875
5632593750.0,	0.10738754272460938,	0.10607147216796875
5632625000.0,	0.10970687866210938,	0.10619354248046875
5632656250.0,	0.11063385009765625,	0.10661697387695312
5632687500.0,	0.108154296875,	0.10612106323242188
5632718750.0,	0.111572265625,	0.10828781127929688
5632750000.0,	0.10936355590820312,	0.105682373046875
5632781250.0,	0.11028671264648438,	0.10364913940429688
5632812500.0,	0.11048507690429688,	0.1066436767578125
5632843750.0,	0.10968399047851562,	0.10543060302734375
5632875000.0,	0.1119537353515625,	0.10441207885742188
5632906250.0,	0.11336135864257812,	0.10323333740234375
5632937500.0,	0.1121063232421875,	0.10419082641601562
5632968750.0,	0.10786819458007812,	0.10610198974609375
5633000000.0,	0.10998916625976562,	0.1040802001953125
5633031250.0,	0.1108245849609375,	0.10383987426757812
5633062500.0,	0.11137771606445312,	0.10548782348632812
5633093750.0,	0.11206817626953125,	0.1044158935546875
5633125000.0,	0.11258316040039062,	0.10453033447265625
5633156250.0,	0.11330795288085938,	0.10486221313476562
5633187500.0,	0.11193084716796875,	0.10428619384765625
5633218750.0,	0.11375045776367188,	0.10430908203125
5633250000.0,	0.11328506469726562,	0.10253143310546875
5633281250.0,	0.11563873291015625,	0.10611724853515625
5633312500.0,	0.11330413818359375,	0.1042327880859375
5633343750.0,	0.11392593383789062,	0.10206985473632812
5633375000.0,	0.1133575439453125,	0.10699844360351562
5633406250.0,	0.11489105224609375,	0.10469818115234375
5633437500.0,	0.11507034301757812,	0.10448074340820312
5633468750.0,	0.11365127563476562,	0.10367965698242188
5633500000.0,	0.11685943603515625,	0.10214614868164062
5633531250.0,	0.11674880981445312,	0.10359573364257812
5633562500.0,	0.11532974243164062,	0.10439682006835938
5633593750.0,	0.11537551879882812,	0.10114288330078125
5633625000.0,	0.11936187744140625,	0.10445404052734375
5633656250.0,	0.11820220947265625,	0.10300064086914062
5633687500.0,	0.1169891357421875,	0.10357666015625
5633718750.0,	0.11912155151367188,	0.1054840087890625
5633750000.0,	0.1170654296875,	0.10350799560546875
5633781250.0,	0.11767578125,	0.10474777221679688
5633812500.0,	0.11734771728515625,	0.1038970947265625
5633843750.0,	0.12094497680664062,	0.10475540161132812
5633875000.0,	0.11740493774414062,	0.10371017456054688
5633906250.0,	0.118896484375,	0.10213088989257812
5633937500.0,	0.12118148803710938,	0.1045989990234375
5633968750.0,	0.1195068359375,	0.10138702392578125
5634000000.0,	0.11976242065429688,	0.10460662841796875
5634031250.0,	0.12049484252929688,	0.1027679443359375
5634062500.0,	0.120391845703125,	0.10323333740234375
5634093750.0,	0.12176132202148438,	0.1030426025390625
5634125000.0,	0.12009429931640625,	0.10378265380859375
5634156250.0,	0.122283935546875,	0.10396575927734375
5634187500.0,	0.12173843383789062,	0.10081100463867188
5634218750.0,	0.1214752197265625,	0.10152816772460938
5634250000.0,	0.122406005859375,	0.10264205932617188
5634281250.0,	0.1229248046875,	0.10182952880859375
5634312500.0,	0.12155532836914062,	0.10314178466796875
5634343750.0,	0.12388992309570312,	0.10044479370117188
5634375000.0,	0.12195205688476562,	0.1017303466796875
5634406250.0,	0.12285995483398438,	0.10066986083984375
5634437500.0,	0.12469482421875,	0.10094451904296875
5634468750.0,	0.1238861083984375,	0.10054779052734375
5634500000.0,	0.1255950927734375,	0.099517822265625
5634531250.0,	0.1255645751953125,	0.1012725830078125
5634562500.0,	0.12511444091796875,	0.09932708740234375
5634593750.0,	0.12651824951171875,	0.099029541015625
5634625000.0,	0.12693023681640625,	0.0989532470703125
5634656250.0,	0.12895965576171875,	0.098480224609375
5634687500.0,	0.12725067138671875,	0.09979248046875
5634718750.0,	0.12827301025390625,	0.0980987548828125
5634750000.0,	0.1287078857421875,	0.09711456298828125
5634781250.0,	0.13111114501953125,	0.09818267822265625
5634812500.0,	0.12664031982421875,	0.09592437744140625
5634843750.0,	0.12830352783203125,	0.097625732421875
5634875000.0,	0.13150787353515625,	0.09803009033203125
5634906250.0,	0.130950927734375,	0.09485626220703125
5634937500.0,	0.13053131103515625,	0.0971832275390625
5634968750.0,	0.1312408447265625,	0.0955047607421875
5635000000.0,	0.1321258544921875,	0.09654998779296875
5635031250.0,	0.12979888916015625,	0.09576416015625
5635062500.0,	0.13372802734375,	0.09494781494140625
5635093750.0,	0.1320037841796875,	0.0947113037109375
5635125000.0,	0.13472747802734375,	0.0950775146484375
5635156250.0,	0.13330078125,	0.09395599365234375
5635187500.0,	0.13460540771484375,	0.09505462646484375
5635218750.0,	0.13748931884765625,	0.09574127197265625
5635250000.0,	0.135284423828125,	0.09302520751953125
5635281250.0,	0.1351776123046875,	0.09397125244140625
5635312500.0,	0.13721466064453125,	0.093353271484375
5635343750.0,	0.1371612548828125,	0.09377288818359375
5635375000.0,	0.13909912109375,	0.09124755859375
5635406250.0,	0.13887786865234375,	0.0913238525390625
5635437500.0,	0.13701629638671875,	0.0924072265625
5635468750.0,	0.13935089111328125,	0.0892486572265625
5635500000.0,	0.14049530029296875,	0.08994293212890625
5635531250.0,	0.14023590087890625,	0.09052276611328125
5635562500.0,	0.141204833984375,	0.08972930908203125
5635593750.0,	0.14075469970703125,	0.088134765625
5635625000.0,	0.14321136474609375,	0.08868408203125
5635656250.0,	0.14250946044921875,	0.0877838134765625
5635687500.0,	0.14498138427734375,	0.0862884521484375
5635718750.0,	0.143829345703125,	0.08696746826171875
5635750000.0,	0.14459228515625,	0.086456298828125
5635781250.0,	0.14582061767578125,	0.086090087890625
5635812500.0,	0.14508056640625,	0.08164215087890625
5635843750.0,	0.1465301513671875,	0.08332061767578125
5635875000.0,	0.14666748046875,	0.08318328857421875
5635906250.0,	0.14913177490234375,	0.0833282470703125
5635937500.0,	0.1486053466796875,	0.08147430419921875
5635968750.0,	0.149169921875,	0.0821380615234375
5636000000.0,	0.15128326416015625,	0.07973480224609375
5636031250.0,	0.151641845703125,	0.07798004150390625
5636062500.0,	0.15151214599609375,	0.07851409912109375
5636093750.0,	0.151641845703125,	0.07649993896484375
5636125000.0,	0.1533203125,	0.074676513671875
5636156250.0,	0.153076171875,	0.076019287109375
5636187500.0,	0.155029296875,	0.075927734375
5636218750.0,	0.1541900634765625,	0.07173919677734375
5636250000.0,	0.15594482421875,	0.07183837890625
5636281250.0,	0.15453338623046875,	0.06972503662109375
5636312500.0,	0.1575164794921875,	0.06982421875
5636343750.0,	0.155242919921875,	0.06899261474609375
5636375000.0,	0.15924072265625,	0.06402587890625
5636406250.0,	0.16127777099609375,	0.0646820068359375
5636437500.0,	0.16207122802734375,	0.0641632080078125
5636468750.0,	0.1589508056640625,	0.05953216552734375
5636500000.0,	0.1614532470703125,	0.057159423828125
5636531250.0,	0.1598052978515625,	0.055816650390625
5636562500.0,	0.1613311767578125,	0.0536346435546875
5636593750.0,	0.162139892578125,	0.05265045166015625
5636625000.0,	0.1639404296875,	0.05080413818359375
5636656250.0,	0.16130828857421875,	0.04763031005859375
5636687500.0,	0.16265106201171875,	0.0454254150390625
5636718750.0,	0.16191864013671875,	0.04071807861328125
5636750000.0,	0.161956787109375,	0.0401763916015625
5636781250.0,	0.1645660400390625,	0.0366058349609375
5636812500.0,	0.16408538818359375,	0.036102294921875
5636843750.0,	0.162689208984375,	0.03092193603515625
5636875000.0,	0.16265106201171875,	0.02777099609375
5636906250.0,	0.16005706787109375,	0.026885986328125
5636937500.0,	0.1602325439453125,	0.02069854736328125
5636968750.0,	0.1578369140625,	0.017364501953125
5637000000.0,	0.1582794189453125,	0.0137939453125
5637031250.0,	0.15473175048828125,	0.00896453857421875
5637062500.0,	0.14959716796875,	0.00576019287109375
5637093750.0,	0.15084075927734375,	0.003387451171875
5637125000.0,	0.1485137939453125,	-0.0003814697265625
5637156250.0,	0.14461517333984375,	-0.00408935546875
5637187500.0,	0.14115142822265625,	-0.00701904296875
5637218750.0,	0.13793182373046875,	-0.00844573974609375
5637250000.0,	0.13555145263671875,	-0.0126953125
5637281250.0,	0.12946319580078125,	-0.01507568359375
5637312500.0,	0.12581634521484375,	-0.01862335205078125
5637343750.0,	0.12400436401367188,	-0.018566131591796875
5637375000.0,	0.11768341064453125,	-0.02280426025390625
5637406250.0,	0.1154327392578125,	-0.02239990234375
5637437500.0,	0.10985946655273438,	-0.0232696533203125
5637468750.0,	0.10540008544921875,	-0.024700164794921875
5637500000.0,	0.10277557373046875,	-0.026092529296875
5637531250.0,	0.09711837768554688,	-0.0255279541015625
5637562500.0,	0.09296417236328125,	-0.024993896484375
5637593750.0,	0.09083938598632812,	-0.02520751953125
5637625000.0,	0.08695220947265625,	-0.0261688232421875
5637656250.0,	0.08141326904296875,	-0.025394439697265625
5637687500.0,	0.078643798828125,	-0.024112701416015625
5637718750.0,	0.07749557495117188,	-0.02376556396484375
5637750000.0,	0.07352066040039062,	-0.021389007568359375
5637781250.0,	0.0711517333984375,	-0.0227203369140625
5637812500.0,	0.0675506591796875,	-0.02068328857421875
5637843750.0,	0.06226539611816406,	-0.019021987915039062
5637875000.0,	0.06140708923339844,	-0.017393112182617188
5637906250.0,	0.05808830261230469,	-0.01488494873046875
5637937500.0,	0.0595855712890625,	-0.015249252319335938
5637968750.0,	0.05342292785644531,	-0.011867523193359375
5638000000.0,	0.05072212219238281,	-0.012380599975585938
5638031250.0,	0.05024909973144531,	-0.009809494018554688
5638062500.0,	0.0467376708984375,	-0.010951995849609375
5638093750.0,	0.045185089111328125,	-0.0066699981689453125
5638125000.0,	0.0436859130859375,	-0.0031070709228515625
5638156250.0,	0.04030036926269531,	-0.0019664764404296875
5638187500.0,	0.04005622863769531,	0.00092315673828125
5638218750.0,	0.038585662841796875,	0.002346038818359375
5638250000.0,	0.036396026611328125,	0.0020275115966796875
5638281250.0,	0.03345298767089844,	0.0036525726318359375
5638312500.0,	0.03447532653808594,	0.006908416748046875
5638343750.0,	0.03374290466308594,	0.009578704833984375
5638375000.0,	0.0347442626953125,	0.010435104370117188
5638406250.0,	0.030019760131835938,	0.01372528076171875
5638437500.0,	0.030679702758789062,	0.015383720397949219
5638468750.0,	0.030776023864746094,	0.019306182861328125
5638500000.0,	0.02893543243408203,	0.020122528076171875
5638531250.0,	0.02848529815673828,	0.02222919464111328
5638562500.0,	0.029572486877441406,	0.024031639099121094
5638593750.0,	0.028299331665039062,	0.02640819549560547
5638625000.0,	0.027164459228515625,	0.025740623474121094
5638656250.0,	0.027770042419433594,	0.028766632080078125
5638687500.0,	0.026458740234375,	0.031848907470703125
5638718750.0,	0.027652740478515625,	0.034427642822265625
5638750000.0,	0.026737213134765625,	0.03479766845703125
5638781250.0,	0.026241302490234375,	0.036594390869140625
5638812500.0,	0.028066635131835938,	0.038303375244140625
5638843750.0,	0.0270843505859375,	0.04097175598144531
5638875000.0,	0.025358200073242188,	0.0424346923828125
5638906250.0,	0.026845932006835938,	0.04255867004394531
5638937500.0,	0.029155731201171875,	0.04555702209472656
5638968750.0,	0.026098251342773438,	0.045886993408203125
5639000000.0,	0.028112411499023438,	0.04773139953613281
5639031250.0,	0.028001785278320312,	0.050861358642578125
5639062500.0,	0.028104782104492188,	0.05341529846191406
5639093750.0,	0.029520034790039062,	0.05057716369628906
5639125000.0,	0.029817581176757812,	0.05488395690917969
5639156250.0,	0.028636932373046875,	0.05487823486328125
5639187500.0,	0.030467987060546875,	0.05833625793457031
5639218750.0,	0.030118942260742188,	0.05644416809082031
5639250000.0,	0.027652740478515625,	0.06010627746582031
5639281250.0,	0.03259849548339844,	0.060161590576171875
5639312500.0,	0.028478622436523438,	0.06156730651855469
5639343750.0,	0.0306243896484375,	0.06221580505371094
5639375000.0,	0.032772064208984375,	0.06629180908203125
5639406250.0,	0.03312873840332031,	0.06202507019042969
5639437500.0,	0.032596588134765625,	0.06574630737304688
5639468750.0,	0.03375244140625,	0.06555938720703125
5639500000.0,	0.035037994384765625,	0.0651092529296875
5639531250.0,	0.03485870361328125,	0.06727981567382812
5639562500.0,	0.034381866455078125,	0.07053756713867188
5639593750.0,	0.03521728515625,	0.06897354125976562
5639625000.0,	0.034496307373046875,	0.068817138671875
5639656250.0,	0.038516998291015625,	0.06976699829101562
5639687500.0,	0.0375213623046875,	0.07027816772460938
5639718750.0,	0.038692474365234375,	0.07358932495117188
5639750000.0,	0.03902435302734375,	0.07353591918945312
5639781250.0,	0.037685394287109375,	0.07489013671875
5639812500.0,	0.038417816162109375,	0.07518768310546875
5639843750.0,	0.040557861328125,	0.07598495483398438
5639875000.0,	0.039398193359375,	0.07908248901367188
5639906250.0,	0.041782379150390625,	0.0760345458984375
5639937500.0,	0.040050506591796875,	0.07545089721679688
5639968750.0,	0.041172027587890625,	0.077239990234375
5640000000.0,	0.042621612548828125,	0.07989501953125
5640031250.0,	0.041805267333984375,	0.07758712768554688
5640062500.0,	0.04315185546875,	0.078338623046875
5640093750.0,	0.04282379150390625,	0.07978439331054688
5640125000.0,	0.043609619140625,	0.08169174194335938
5640156250.0,	0.043994903564453125,	0.08191680908203125
5640187500.0,	0.047885894775390625,	0.08177947998046875
5640218750.0,	0.04433441162109375,	0.08074188232421875
5640250000.0,	0.046222686767578125,	0.08354949951171875
5640281250.0,	0.046703338623046875,	0.08289718627929688
5640312500.0,	0.04642486572265625,	0.0833892822265625
5640343750.0,	0.046291351318359375,	0.08457183837890625
5640375000.0,	0.04689788818359375,	0.0846405029296875
5640406250.0,	0.04778289794921875,	0.08440780639648438
5640437500.0,	0.050128936767578125,	0.08590316772460938
5640468750.0,	0.049774169921875,	0.08553314208984375
5640500000.0,	0.048862457275390625,	0.086029052734375
5640531250.0,	0.05063629150390625,	0.08696365356445312
5640562500.0,	0.05020904541015625,	0.08659744262695312
5640593750.0,	0.050235748291015625,	0.08563613891601562
5640625000.0,	0.04854583740234375,	0.08760833740234375
5640656250.0,	0.051097869873046875,	0.08852005004882812
5640687500.0,	0.05257415771484375,	0.08682632446289062
5640718750.0,	0.05377960205078125,	0.08803939819335938
5640750000.0,	0.05190277099609375,	0.08787918090820312
5640781250.0,	0.05309295654296875,	0.087493896484375
5640812500.0,	0.05370330810546875,	0.0886077880859375
5640843750.0,	0.05374908447265625,	0.08784103393554688
5640875000.0,	0.05280303955078125,	0.08848190307617188
5640906250.0,	0.05359649658203125,	0.09150314331054688
5640937500.0,	0.0562896728515625,	0.08855438232421875
5640968750.0,	0.0537872314453125,	0.09062957763671875
5641000000.0,	0.0534515380859375,	0.0920257568359375
5641031250.0,	0.05664825439453125,	0.0917510986328125
5641062500.0,	0.054973602294921875,	0.09003448486328125
5641093750.0,	0.05701446533203125,	0.08960723876953125
5641125000.0,	0.05513763427734375,	0.09122085571289062
5641156250.0,	0.05907440185546875,	0.08847808837890625
5641187500.0,	0.056354522705078125,	0.09197616577148438
5641218750.0,	0.05838775634765625,	0.08966445922851562
5641250000.0,	0.05495452880859375,	0.09052658081054688
5641281250.0,	0.05896759033203125,	0.09218978881835938
5641312500.0,	0.058551788330078125,	0.09247589111328125
5641343750.0,	0.06011962890625,	0.09261703491210938
5641375000.0,	0.059478759765625,	0.09308624267578125
5641406250.0,	0.05731964111328125,	0.09417343139648438
5641437500.0,	0.058536529541015625,	0.09244155883789062
5641468750.0,	0.059642791748046875,	0.09321212768554688
5641500000.0,	0.057102203369140625,	0.09226226806640625
5641531250.0,	0.059307098388671875,	0.0941925048828125
5641562500.0,	0.06130218505859375,	0.09282302856445312
5641593750.0,	0.0601959228515625,	0.094268798828125
5641625000.0,	0.06133270263671875,	0.09395217895507812
5641656250.0,	0.06286239624023438,	0.09339523315429688
5641687500.0,	0.061100006103515625,	0.094390869140625
5641718750.0,	0.061985015869140625,	0.09261322021484375
5641750000.0,	0.06365585327148438,	0.09400177001953125
5641781250.0,	0.06324386596679688,	0.09460067749023438
5641812500.0,	0.0609130859375,	0.09328842163085938
5641843750.0,	0.06330108642578125,	0.09619903564453125
5641875000.0,	0.06525421142578125,	0.09408187866210938
5641906250.0,	0.059551239013671875,	0.09581375122070312
5641937500.0,	0.06461334228515625,	0.0951080322265625
5641968750.0,	0.06377029418945312,	0.09671401977539062
5642000000.0,	0.063568115234375,	0.09611129760742188
5642031250.0,	0.06563949584960938,	0.09286880493164062
5642062500.0,	0.06410598754882812,	0.09582138061523438
5642093750.0,	0.06499481201171875,	0.09570693969726562
5642125000.0,	0.0655059814453125,	0.09297561645507812
5642156250.0,	0.0666961669921875,	0.09518814086914062
5642187500.0,	0.06653213500976562,	0.09471511840820312
5642218750.0,	0.0659942626953125,	0.09670257568359375
5642250000.0,	0.06644058227539062,	0.09735488891601562
5642281250.0,	0.06678009033203125,	0.09407806396484375
5642312500.0,	0.06763839721679688,	0.09586715698242188
5642343750.0,	0.06670379638671875,	0.09664535522460938
5642375000.0,	0.06506729125976562,	0.09423828125
5642406250.0,	0.06794357299804688,	0.09325027465820312
5642437500.0,	0.06746673583984375,	0.09600830078125
5642468750.0,	0.0677947998046875,	0.09593963623046875
5642500000.0,	0.06748199462890625,	0.09508895874023438
5642531250.0,	0.06925201416015625,	0.09716033935546875
5642562500.0,	0.06751251220703125,	0.0963897705078125
5642593750.0,	0.06847381591796875,	0.09688186645507812
5642625000.0,	0.06933975219726562,	0.0947723388671875
5642656250.0,	0.06902313232421875,	0.09804534912109375
5642687500.0,	0.06793212890625,	0.09632492065429688
5642718750.0,	0.06845855712890625,	0.09584426879882812
5642750000.0,	0.07057952880859375,	0.09622955322265625
5642781250.0,	0.0701141357421875,	0.09637832641601562
5642812500.0,	0.06927490234375,	0.09653854370117188
5642843750.0,	0.06952285766601562,	0.09560394287109375
5642875000.0,	0.07119369506835938,	0.09527587890625
5642906250.0,	0.071441650390625,	0.09716033935546875
5642937500.0,	0.07135009765625,	0.09652328491210938
5642968750.0,	0.071319580078125,	0.09662628173828125
5643000000.0,	0.07073974609375,	0.09687423706054688
5643031250.0,	0.07294845581054688,	0.09595489501953125
5643062500.0,	0.06980133056640625,	0.09714508056640625
5643093750.0,	0.071685791015625,	0.095367431640625
5643125000.0,	0.07041549682617188,	0.09779739379882812
5643156250.0,	0.0724945068359375,	0.097808837890625
5643187500.0,	0.07133102416992188,	0.095489501953125
5643218750.0,	0.0718841552734375,	0.0975189208984375
5643250000.0,	0.07367324829101562,	0.09710311889648438
5643281250.0,	0.07248687744140625,	0.09812164306640625
5643312500.0,	0.07239532470703125,	0.09752655029296875
5643343750.0,	0.07191085815429688,	0.09751129150390625
5643375000.0,	0.07295989990234375,	0.09702682495117188
5643406250.0,	0.07480239868164062,	0.09689712524414062
5643437500.0,	0.0733795166015625,	0.09709930419921875
5643468750.0,	0.07363128662109375,	0.0981903076171875
5643500000.0,	0.07440185546875,	0.09792709350585938
5643531250.0,	0.072509765625,	0.09803390502929688
5643562500.0,	0.071685791015625,	0.09780502319335938
5643593750.0,	0.07146453857421875,	0.09798812866210938
5643625000.0,	0.0753631591796875,	0.09745025634765625
5643656250.0,	0.073272705078125,	0.09535980224609375
5643687500.0,	0.07448959350585938,	0.09778213500976562
5643718750.0,	0.07570648193359375,	0.099884033203125
5643750000.0,	0.07553482055664062,	0.09922409057617188
5643781250.0,	0.07369613647460938,	0.0978546142578125
5643812500.0,	0.07631683349609375,	0.09851455688476562
5643843750.0,	0.07427215576171875,	0.09737396240234375
5643875000.0,	0.07518768310546875,	0.09770965576171875
5643906250.0,	0.07643508911132812,	0.09589767456054688
5643937500.0,	0.07654190063476562,	0.09748077392578125
5643968750.0,	0.07621383666992188,	0.09849166870117188
5644000000.0,	0.07667922973632812,	0.09520339965820312
5644031250.0,	0.07572174072265625,	0.0968170166015625
5644062500.0,	0.07646942138671875,	0.09634017944335938
5644093750.0,	0.073944091796875,	0.09844970703125
5644125000.0,	0.07402420043945312,	0.09838485717773438
5644156250.0,	0.07405471801757812,	0.09822463989257812
5644187500.0,	0.07740020751953125,	0.09861373901367188
5644218750.0,	0.080078125,	0.09793472290039062
5644250000.0,	0.07633209228515625,	0.09742355346679688
5644281250.0,	0.07570648193359375,	0.097747802734375
5644312500.0,	0.07843017578125,	0.099517822265625
5644343750.0,	0.07618331909179688,	0.09834671020507812
5644375000.0,	0.07549285888671875,	0.09849929809570312
5644406250.0,	0.07617568969726562,	0.09639739990234375
5644437500.0,	0.07814788818359375,	0.09755706787109375
5644468750.0,	0.07587432861328125,	0.09728622436523438
5644500000.0,	0.07667160034179688,	0.09737777709960938
5644531250.0,	0.07740402221679688,	0.097412109375
5644562500.0,	0.07653045654296875,	0.09897232055664062
5644593750.0,	0.07774734497070312,	0.09783554077148438
5644625000.0,	0.07764053344726562,	0.0983428955078125
5644656250.0,	0.07889556884765625,	0.09868240356445312
5644687500.0,	0.079559326171875,	0.09770584106445312
5644718750.0,	0.07809066772460938,	0.09886550903320312
5644750000.0,	0.07789230346679688,	0.09825515747070312
5644781250.0,	0.07808685302734375,	0.09755325317382812
5644812500.0,	0.07732391357421875,	0.095062255859375
5644843750.0,	0.07784271240234375,	0.09872817993164062
5644875000.0,	0.07989501953125,	0.09894180297851562
5644906250.0,	0.07892990112304688,	0.09664154052734375
5644937500.0,	0.07628631591796875,	0.09760284423828125
5644968750.0,	0.07668304443359375,	0.09875869750976562
5645000000.0,	0.07831192016601562,	0.09922409057617188
5645031250.0,	0.0785980224609375,	0.09570693969726562
5645062500.0,	0.078216552734375,	0.09878921508789062
5645093750.0,	0.08007431030273438,	0.097686767578125
5645125000.0,	0.07862091064453125,	0.09729766845703125
5645156250.0,	0.07923507690429688,	0.09817886352539062
5645187500.0,	0.07984161376953125,	0.09699630737304688
5645218750.0,	0.08123397827148438,	0.099395751953125
5645250000.0,	0.07921981811523438,	0.09771728515625
5645281250.0,	0.07922744750976562,	0.09733963012695312
5645312500.0,	0.08138275146484375,	0.096954345703125
5645343750.0,	0.08007431030273438,	0.0975494384765625
5645375000.0,	0.08089828491210938,	0.09801101684570312
5645406250.0,	0.07960128784179688,	0.09650421142578125
5645437500.0,	0.08080291748046875,	0.09884262084960938
5645468750.0,	0.08106231689453125,	0.0971221923828125
5645500000.0,	0.08154678344726562,	0.0963287353515625
5645531250.0,	0.07957077026367188,	0.09506607055664062
5645562500.0,	0.08099746704101562,	0.09671401977539062
5645593750.0,	0.07988739013671875,	0.09754180908203125
5645625000.0,	0.0814971923828125,	0.09649658203125
5645656250.0,	0.08151626586914062,	0.09644317626953125
5645687500.0,	0.08206558227539062,	0.09647369384765625
5645718750.0,	0.0792388916015625,	0.097412109375
5645750000.0,	0.08147048950195312,	0.09745407104492188
5645781250.0,	0.08118820190429688,	0.09615325927734375
5645812500.0,	0.08169937133789062,	0.098968505859375
5645843750.0,	0.08292007446289062,	0.09714889526367188
5645875000.0,	0.08199691772460938,	0.0992889404296875
5645906250.0,	0.08246231079101562,	0.0956573486328125
5645937500.0,	0.0813446044921875,	0.0954132080078125
5645968750.0,	0.08027267456054688,	0.09637451171875
5646000000.0,	0.08316421508789062,	0.09653091430664062
5646031250.0,	0.0824737548828125,	0.09684371948242188
5646062500.0,	0.08250808715820312,	0.09761810302734375
5646093750.0,	0.0841827392578125,	0.09876251220703125
5646125000.0,	0.08282089233398438,	0.09539413452148438
5646156250.0,	0.08489990234375,	0.09614181518554688
5646187500.0,	0.08208847045898438,	0.0959320068359375
5646218750.0,	0.08228302001953125,	0.0965118408203125
5646250000.0,	0.0830078125,	0.0962371826171875
5646281250.0,	0.0841064453125,	0.09571456909179688
5646312500.0,	0.08406829833984375,	0.0954132080078125
5646343750.0,	0.0834503173828125,	0.09827041625976562
5646375000.0,	0.08414459228515625,	0.0989532470703125
5646406250.0,	0.0836639404296875,	0.09560775756835938
5646437500.0,	0.0814208984375,	0.09792327880859375
5646468750.0,	0.08314132690429688,	0.09923553466796875
5646500000.0,	0.08395004272460938,	0.09743118286132812
5646531250.0,	0.08504104614257812,	0.09730148315429688
5646562500.0,	0.0830230712890625,	0.09731674194335938
5646593750.0,	0.0826416015625,	0.096588134765625
5646625000.0,	0.08145904541015625,	0.09670257568359375
5646656250.0,	0.08428573608398438,	0.09498977661132812
5646687500.0,	0.08417892456054688,	0.09556961059570312
5646718750.0,	0.08251571655273438,	0.09654617309570312
5646750000.0,	0.084320068359375,	0.09605026245117188
5646781250.0,	0.08464813232421875,	0.09749603271484375
5646812500.0,	0.08370590209960938,	0.09595489501953125
5646843750.0,	0.08349609375,	0.0943450927734375
5646875000.0,	0.08619308471679688,	0.09555816650390625
5646906250.0,	0.08565902709960938,	0.09632110595703125
5646937500.0,	0.08533096313476562,	0.09770584106445312
5646968750.0,	0.0859527587890625,	0.09486770629882812
5647000000.0,	0.08449172973632812,	0.09486007690429688
5647031250.0,	0.08603286743164062,	0.09807205200195312
5647062500.0,	0.08433914184570312,	0.09419631958007812
5647093750.0,	0.08401870727539062,	0.09579086303710938
5647125000.0,	0.08613204956054688,	0.09601974487304688
5647156250.0,	0.08512496948242188,	0.09628677368164062
5647187500.0,	0.08528518676757812,	0.09568405151367188
5647218750.0,	0.08599472045898438,	0.09431076049804688
5647250000.0,	0.08383560180664062,	0.09508895874023438
5647281250.0,	0.08477020263671875,	0.09596633911132812
5647312500.0,	0.08708572387695312,	0.0969085693359375
5647343750.0,	0.08526611328125,	0.09549331665039062
5647375000.0,	0.08658599853515625,	0.09621810913085938
5647406250.0,	0.08506393432617188,	0.0955963134765625
5647437500.0,	0.085906982421875,	0.0960235595703125
5647468750.0,	0.08411026000976562,	0.0959625244140625
5647500000.0,	0.08720779418945312,	0.09491729736328125
5647531250.0,	0.08478927612304688,	0.09587860107421875
5647562500.0,	0.08566665649414062,	0.0965423583984375
5647593750.0,	0.08388900756835938,	0.09756088256835938
5647625000.0,	0.0851287841796875,	0.09735870361328125
5647656250.0,	0.08629226684570312,	0.09647369384765625
5647687500.0,	0.08693695068359375,	0.09485244750976562
5647718750.0,	0.08739089965820312,	0.09514236450195312
5647750000.0,	0.08465194702148438,	0.09605026245117188
5647781250.0,	0.0846710205078125,	0.0986175537109375
5647812500.0,	0.08707427978515625,	0.09454727172851562
5647843750.0,	0.08737564086914062,	0.09560012817382812
5647875000.0,	0.08691024780273438,	0.09636688232421875
5647906250.0,	0.0866851806640625,	0.09645843505859375
5647937500.0,	0.08846282958984375,	0.09708404541015625
5647968750.0,	0.0856781005859375,	0.0939788818359375
5648000000.0,	0.08339309692382812,	0.09806442260742188
5648031250.0,	0.08697128295898438,	0.09527587890625
5648062500.0,	0.08716583251953125,	0.09438705444335938
5648093750.0,	0.08658218383789062,	0.09406280517578125
5648125000.0,	0.08713531494140625,	0.09601974487304688
5648156250.0,	0.08734130859375,	0.09487533569335938
5648187500.0,	0.08628463745117188,	0.0943450927734375
5648218750.0,	0.08866119384765625,	0.09435653686523438
5648250000.0,	0.08853912353515625,	0.09728622436523438
5648281250.0,	0.088592529296875,	0.094818115234375
5648312500.0,	0.08715057373046875,	0.0944366455078125
5648343750.0,	0.08759307861328125,	0.095733642578125
5648375000.0,	0.0894012451171875,	0.09613037109375
5648406250.0,	0.0864715576171875,	0.09619522094726562
5648437500.0,	0.08788681030273438,	0.09546279907226562
5648468750.0,	0.08736419677734375,	0.09492874145507812
5648500000.0,	0.08759307861328125,	0.09509658813476562
5648531250.0,	0.08839797973632812,	0.0956268310546875
5648562500.0,	0.08709716796875,	0.09350204467773438
5648593750.0,	0.0877532958984375,	0.09466934204101562
5648625000.0,	0.0867919921875,	0.0939788818359375
5648656250.0,	0.08777618408203125,	0.09319305419921875
5648687500.0,	0.08858489990234375,	0.09641265869140625
5648718750.0,	0.08821487426757812,	0.09487533569335938
5648750000.0,	0.0872802734375,	0.09500885009765625
5648781250.0,	0.0874481201171875,	0.09365463256835938
5648812500.0,	0.08837890625,	0.096771240234375
5648843750.0,	0.08884048461914062,	0.09431076049804688
5648875000.0,	0.088043212890625,	0.0944976806640625
5648906250.0,	0.08566665649414062,	0.09488296508789062
5648937500.0,	0.08936691284179688,	0.09474563598632812
5648968750.0,	0.09004592895507812,	0.09370040893554688
5649000000.0,	0.08850860595703125,	0.09505081176757812
5649031250.0,	0.08861541748046875,	0.09460067749023438
5649062500.0,	0.08871841430664062,	0.0946044921875
5649093750.0,	0.08619308471679688,	0.0942230224609375
5649125000.0,	0.08938980102539062,	0.0950775146484375
5649156250.0,	0.08893203735351562,	0.09368133544921875
5649187500.0,	0.0873565673828125,	0.09442901611328125
5649218750.0,	0.08711624145507812,	0.093231201171875
5649250000.0,	0.08864593505859375,	0.09463119506835938
5649281250.0,	0.08922958374023438,	0.09570693969726562
5649312500.0,	0.08945083618164062,	0.09564971923828125
5649343750.0,	0.0891571044921875,	0.09350204467773438
5649375000.0,	0.0887908935546875,	0.09150314331054688
5649406250.0,	0.0878448486328125,	0.09334564208984375
5649437500.0,	0.09064483642578125,	0.0941009521484375
5649468750.0,	0.09002304077148438,	0.09447479248046875
5649500000.0,	0.0882568359375,	0.09411239624023438
5649531250.0,	0.08855819702148438,	0.09395217895507812
5649562500.0,	0.08738327026367188,	0.09241867065429688
5649593750.0,	0.08993148803710938,	0.093475341796875
5649625000.0,	0.08746719360351562,	0.09560775756835938
5649656250.0,	0.08935165405273438,	0.093231201171875
5649687500.0,	0.08860397338867188,	0.09354782104492188
5649718750.0,	0.08890914916992188,	0.093963623046875
5649750000.0,	0.08742141723632812,	0.09177017211914062
5649781250.0,	0.08996200561523438,	0.09403610229492188
5649812500.0,	0.09010696411132812,	0.09316253662109375
5649843750.0,	0.08870315551757812,	0.0946197509765625
5649875000.0,	0.08936309814453125,	0.09339141845703125
5649906250.0,	0.08870697021484375,	0.09380722045898438
5649937500.0,	0.09122085571289062,	0.09366989135742188
5649968750.0,	0.0894927978515625,	0.092437744140625
5650000000.0,	0.08814620971679688,	0.09322738647460938
5650031250.0,	0.09069442749023438,	0.09412002563476562
5650062500.0,	0.08913421630859375,	0.094482421875
5650093750.0,	0.08955764770507812,	0.09438323974609375
5650125000.0,	0.08853530883789062,	0.09315109252929688
5650156250.0,	0.090362548828125,	0.09540176391601562
5650187500.0,	0.08834457397460938,	0.09487152099609375
5650218750.0,	0.090057373046875,	0.090789794921875
5650250000.0,	0.08881759643554688,	0.09333419799804688
5650281250.0,	0.09038543701171875,	0.0958709716796875
5650312500.0,	0.08919906616210938,	0.094390869140625
5650343750.0,	0.09050750732421875,	0.09450912475585938
5650375000.0,	0.08981704711914062,	0.09258651733398438
5650406250.0,	0.09038162231445312,	0.09123992919921875
5650437500.0,	0.09184646606445312,	0.093475341796875
5650468750.0,	0.09241867065429688,	0.09197998046875
5650500000.0,	0.08901214599609375,	0.09345626831054688
5650531250.0,	0.0907135009765625,	0.092315673828125
5650562500.0,	0.0916900634765625,	0.0915069580078125
5650593750.0,	0.09182357788085938,	0.09226608276367188
5650625000.0,	0.08910369873046875,	0.0942535400390625
5650656250.0,	0.08966827392578125,	0.09323501586914062
5650687500.0,	0.08837890625,	0.09189224243164062
5650718750.0,	0.09100341796875,	0.08944320678710938
5650750000.0,	0.0911865234375,	0.093170166015625
5650781250.0,	0.08982086181640625,	0.09408187866210938
5650812500.0,	0.08758544921875,	0.0924530029296875
5650843750.0,	0.09140396118164062,	0.09320449829101562
5650875000.0,	0.09177398681640625,	0.09289932250976562
5650906250.0,	0.0916595458984375,	0.09126663208007812
5650937500.0,	0.09136581420898438,	0.0927581787109375
5650968750.0,	0.09013748168945312,	0.09274673461914062
5651000000.0,	0.09041213989257812,	0.09253311157226562
5651031250.0,	0.09072494506835938,	0.09228897094726562
5651062500.0,	0.09078216552734375,	0.09259414672851562
5651093750.0,	0.0882720947265625,	0.09279632568359375
5651125000.0,	0.08990097045898438,	0.09400177001953125
5651156250.0,	0.09104537963867188,	0.09023666381835938
5651187500.0,	0.093231201171875,	0.09181594848632812
5651218750.0,	0.09275054931640625,	0.09198760986328125
5651250000.0,	0.0900726318359375,	0.09180831909179688
5651281250.0,	0.08842086791992188,	0.09193801879882812
5651312500.0,	0.09127426147460938,	0.09371566772460938
5651343750.0,	0.09133148193359375,	0.09248733520507812
5651375000.0,	0.090728759765625,	0.09283828735351562
5651406250.0,	0.0895843505859375,	0.09217453002929688
5651437500.0,	0.09112930297851562,	0.09221649169921875
5651468750.0,	0.0911407470703125,	0.09287261962890625
5651500000.0,	0.09093093872070312,	0.09327316284179688
5651531250.0,	0.09027862548828125,	0.090362548828125
5651562500.0,	0.08778762817382812,	0.09257888793945312
5651593750.0,	0.0895233154296875,	0.09228515625
5651625000.0,	0.08945083618164062,	0.09304046630859375
5651656250.0,	0.08935546875,	0.09058761596679688
5651687500.0,	0.09178924560546875,	0.09172439575195312
5651718750.0,	0.089630126953125,	0.09039306640625
5651750000.0,	0.09153366088867188,	0.09183120727539062
5651781250.0,	0.09115219116210938,	0.09244155883789062
5651812500.0,	0.09066390991210938,	0.09254074096679688
5651843750.0,	0.09108734130859375,	0.09021377563476562
5651875000.0,	0.09318923950195312,	0.09271621704101562
5651906250.0,	0.089385986328125,	0.09162521362304688
5651937500.0,	0.09099578857421875,	0.09183883666992188
5651968750.0,	0.0915069580078125,	0.08932113647460938
5652000000.0,	0.09200668334960938,	0.09212112426757812
5652031250.0,	0.08962249755859375,	0.09244918823242188
5652062500.0,	0.0908660888671875,	0.09009170532226562
5652093750.0,	0.09114456176757812,	0.089630126953125
5652125000.0,	0.08898162841796875,	0.08942794799804688
5652156250.0,	0.0908660888671875,	0.0902099609375
5652187500.0,	0.09202194213867188,	0.08928298950195312
5652218750.0,	0.0905303955078125,	0.09142684936523438
5652250000.0,	0.09202957153320312,	0.09003448486328125
5652281250.0,	0.09111404418945312,	0.09030914306640625
5652312500.0,	0.09069061279296875,	0.09072113037109375
5652343750.0,	0.092071533203125,	0.0926361083984375
5652375000.0,	0.0902252197265625,	0.09066390991210938
5652406250.0,	0.09195327758789062,	0.08992767333984375
5652437500.0,	0.0914154052734375,	0.09106826782226562
5652468750.0,	0.09102249145507812,	0.09132003784179688
5652500000.0,	0.09125900268554688,	0.09074020385742188
5652531250.0,	0.09114456176757812,	0.08945846557617188
5652562500.0,	0.0915069580078125,	0.09056854248046875
5652593750.0,	0.09106826782226562,	0.09098052978515625
5652625000.0,	0.09167098999023438,	0.09001541137695312
5652656250.0,	0.09231185913085938,	0.09159469604492188
5652687500.0,	0.09152984619140625,	0.09062576293945312
5652718750.0,	0.08941650390625,	0.09138107299804688
5652750000.0,	0.09113311767578125,	0.090423583984375
5652781250.0,	0.09024810791015625,	0.09136962890625
5652812500.0,	0.092742919921875,	0.0890655517578125
5652843750.0,	0.09342193603515625,	0.08962631225585938
5652875000.0,	0.0887603759765625,	0.09078598022460938
5652906250.0,	0.09256362915039062,	0.09085464477539062
5652937500.0,	0.09194183349609375,	0.0915985107421875
5652968750.0,	0.09120941162109375,	0.09059524536132812
5653000000.0,	0.09086227416992188,	0.09002685546875
5653031250.0,	0.0899505615234375,	0.08914566040039062
5653062500.0,	0.0917510986328125,	0.08945083618164062
5653093750.0,	0.09208297729492188,	0.09051895141601562
5653125000.0,	0.09128189086914062,	0.09038162231445312
5653156250.0,	0.09191513061523438,	0.09104156494140625
5653187500.0,	0.0933837890625,	0.09045791625976562
5653218750.0,	0.09312057495117188,	0.08938980102539062
5653250000.0,	0.092376708984375,	0.08863449096679688
5653281250.0,	0.094879150390625,	0.08916091918945312
5653312500.0,	0.09381866455078125,	0.0909423828125
5653343750.0,	0.09276580810546875,	0.08792495727539062
5653375000.0,	0.09244537353515625,	0.0895233154296875
5653406250.0,	0.093353271484375,	0.09062576293945312
5653437500.0,	0.09317398071289062,	0.0901031494140625
5653468750.0,	0.09065628051757812,	0.08884429931640625
5653500000.0,	0.09238433837890625,	0.0901947021484375
5653531250.0,	0.09344863891601562,	0.08853530883789062
5653562500.0,	0.09141159057617188,	0.08855819702148438
5653593750.0,	0.09169769287109375,	0.08770370483398438
5653625000.0,	0.0912933349609375,	0.08752059936523438
5653656250.0,	0.0915985107421875,	0.08896255493164062
5653687500.0,	0.09409713745117188,	0.0895538330078125
5653718750.0,	0.09218597412109375,	0.0894012451171875
5653750000.0,	0.09114837646484375,	0.08941650390625
5653781250.0,	0.09077835083007812,	0.08945846557617188
5653812500.0,	0.092681884765625,	0.09136199951171875
5653843750.0,	0.09294891357421875,	0.08725357055664062
5653875000.0,	0.09233474731445312,	0.09046173095703125
5653906250.0,	0.09253692626953125,	0.0892181396484375
5653937500.0,	0.09188079833984375,	0.08948516845703125
5653968750.0,	0.0936431884765625,	0.0894622802734375
5654000000.0,	0.09222030639648438,	0.09002304077148438
5654031250.0,	0.09320831298828125,	0.08778762817382812
5654062500.0,	0.09484481811523438,	0.08944320678710938
5654093750.0,	0.09352493286132812,	0.08980560302734375
5654125000.0,	0.09307098388671875,	0.08971405029296875
5654156250.0,	0.09392929077148438,	0.08782958984375
5654187500.0,	0.09160995483398438,	0.08891677856445312
5654218750.0,	0.0944366455078125,	0.0899200439453125
5654250000.0,	0.09156417846679688,	0.088287353515625
5654281250.0,	0.089813232421875,	0.0889892578125
5654312500.0,	0.09139633178710938,	0.08840560913085938
5654343750.0,	0.09290695190429688,	0.089996337890625
5654375000.0,	0.092437744140625,	0.08539962768554688
5654406250.0,	0.09258270263671875,	0.08861923217773438
5654437500.0,	0.09324264526367188,	0.08824920654296875
5654468750.0,	0.0927734375,	0.08719253540039062
5654500000.0,	0.09225082397460938,	0.08695602416992188
5654531250.0,	0.09254837036132812,	0.08684921264648438
5654562500.0,	0.09328079223632812,	0.08732223510742188
5654593750.0,	0.09285736083984375,	0.08800888061523438
5654625000.0,	0.09285736083984375,	0.08745574951171875
5654656250.0,	0.09246826171875,	0.088958740234375
5654687500.0,	0.09424972534179688,	0.087921142578125
5654718750.0,	0.09117507934570312,	0.08685302734375
5654750000.0,	0.09215927124023438,	0.0878448486328125
5654781250.0,	0.09325027465820312,	0.0885772705078125
5654812500.0,	0.094085693359375,	0.08769989013671875
5654843750.0,	0.09334182739257812,	0.08762741088867188
5654875000.0,	0.09268951416015625,	0.0885772705078125
5654906250.0,	0.09307098388671875,	0.08728790283203125
5654937500.0,	0.094696044921875,	0.08704757690429688
5654968750.0,	0.09366607666015625,	0.08877944946289062
5655000000.0,	0.08997726440429688,	0.08970260620117188
5655031250.0,	0.0943145751953125,	0.08678817749023438
5655062500.0,	0.09226608276367188,	0.08858489990234375
5655093750.0,	0.09415054321289062,	0.08629989624023438
5655125000.0,	0.09194564819335938,	0.08789443969726562
5655156250.0,	0.09144973754882812,	0.08754348754882812
5655187500.0,	0.09302139282226562,	0.09032058715820312
5655218750.0,	0.09334182739257812,	0.08953094482421875
5655250000.0,	0.0918426513671875,	0.08806228637695312
5655281250.0,	0.09254837036132812,	0.0880584716796875
5655312500.0,	0.0919647216796875,	0.088104248046875
5655343750.0,	0.093353271484375,	0.08819580078125
5655375000.0,	0.09317779541015625,	0.08837890625
5655406250.0,	0.09403610229492188,	0.0870361328125
5655437500.0,	0.09312057495117188,	0.08633804321289062
5655468750.0,	0.09340286254882812,	0.08880615234375
5655500000.0,	0.092071533203125,	0.08742523193359375
5655531250.0,	0.09493637084960938,	0.08703994750976562
5655562500.0,	0.09305953979492188,	0.08836746215820312
5655593750.0,	0.09261322021484375,	0.0868072509765625
5655625000.0,	0.09337615966796875,	0.08811187744140625
5655656250.0,	0.093658447265625,	0.08768844604492188
5655687500.0,	0.09246063232421875,	0.08560562133789062
5655718750.0,	0.09322357177734375,	0.0860443115234375
5655750000.0,	0.09283828735351562,	0.087738037109375
5655781250.0,	0.09326934814453125,	0.08644866943359375
5655812500.0,	0.09302520751953125,	0.085601806640625
5655843750.0,	0.09329605102539062,	0.08726119995117188
5655875000.0,	0.09409332275390625,	0.086151123046875
5655906250.0,	0.09195327758789062,	0.08868789672851562
5655937500.0,	0.09271240234375,	0.08600616455078125
5655968750.0,	0.093505859375,	0.08545303344726562
5656000000.0,	0.09320068359375,	0.08922576904296875
5656031250.0,	0.09289932250976562,	0.08666229248046875
5656062500.0,	0.09316253662109375,	0.08709716796875
5656093750.0,	0.09345245361328125,	0.08739471435546875
5656125000.0,	0.09210205078125,	0.0873260498046875
5656156250.0,	0.09173965454101562,	0.08550262451171875
5656187500.0,	0.09225082397460938,	0.08576583862304688
5656218750.0,	0.09079360961914062,	0.08663177490234375
5656250000.0,	0.09315109252929688,	0.08677291870117188
5656281250.0,	0.0936126708984375,	0.08531570434570312
5656312500.0,	0.09144973754882812,	0.0858001708984375
5656343750.0,	0.09329605102539062,	0.08739089965820312
5656375000.0,	0.09261703491210938,	0.08655929565429688
5656406250.0,	0.09173965454101562,	0.08623886108398438
5656437500.0,	0.09188079833984375,	0.08574676513671875
5656468750.0,	0.09349822998046875,	0.08795166015625
5656500000.0,	0.09279632568359375,	0.0859832763671875
5656531250.0,	0.09200286865234375,	0.08612060546875
5656562500.0,	0.09119033813476562,	0.08710479736328125
5656593750.0,	0.0936431884765625,	0.08591842651367188
5656625000.0,	0.09244918823242188,	0.08675765991210938
5656656250.0,	0.09219741821289062,	0.08536148071289062
5656687500.0,	0.095489501953125,	0.08584213256835938
5656718750.0,	0.09325027465820312,	0.08471298217773438
5656750000.0,	0.09222412109375,	0.08723068237304688
5656781250.0,	0.09383773803710938,	0.08684158325195312
5656812500.0,	0.091064453125,	0.0878143310546875
5656843750.0,	0.09064102172851562,	0.085357666015625
5656875000.0,	0.09258651733398438,	0.08604812622070312
5656906250.0,	0.09442901611328125,	0.08634185791015625
5656937500.0,	0.09441757202148438,	0.08450698852539062
5656968750.0,	0.09066009521484375,	0.08491134643554688
5657000000.0,	0.0929107666015625,	0.0858001708984375
5657031250.0,	0.09077072143554688,	0.083770751953125
5657062500.0,	0.09426498413085938,	0.08536911010742188
5657093750.0,	0.09230804443359375,	0.08591461181640625
5657125000.0,	0.09316253662109375,	0.08644485473632812
5657156250.0,	0.09266281127929688,	0.08494186401367188
5657187500.0,	0.09162521362304688,	0.08514785766601562
5657218750.0,	0.09188461303710938,	0.08737945556640625
5657250000.0,	0.09308624267578125,	0.08644866943359375
5657281250.0,	0.09537887573242188,	0.08562469482421875
5657312500.0,	0.0925140380859375,	0.08731460571289062
5657343750.0,	0.09093475341796875,	0.08642959594726562
5657375000.0,	0.09281158447265625,	0.08544921875
5657406250.0,	0.09229660034179688,	0.0835113525390625
5657437500.0,	0.09097671508789062,	0.0857086181640625
5657468750.0,	0.09411239624023438,	0.08600616455078125
5657500000.0,	0.09174728393554688,	0.08434295654296875
5657531250.0,	0.09380340576171875,	0.08549118041992188
5657562500.0,	0.09291839599609375,	0.08567047119140625
5657593750.0,	0.09189987182617188,	0.08549880981445312
5657625000.0,	0.09273910522460938,	0.0852508544921875
5657656250.0,	0.09189987182617188,	0.08503341674804688
5657687500.0,	0.09134674072265625,	0.08435821533203125
5657718750.0,	0.09120941162109375,	0.0841064453125
5657750000.0,	0.09302902221679688,	0.08530044555664062
5657781250.0,	0.0914306640625,	0.08383560180664062
5657812500.0,	0.0930633544921875,	0.08393478393554688
5657843750.0,	0.09138870239257812,	0.0832366943359375
5657875000.0,	0.09431076049804688,	0.0856475830078125
5657906250.0,	0.09206008911132812,	0.08338165283203125
5657937500.0,	0.09296417236328125,	0.08597564697265625
5657968750.0,	0.09375,	0.08509063720703125
5658000000.0,	0.09386444091796875,	0.08516311645507812
5658031250.0,	0.09455490112304688,	0.08429336547851562
5658062500.0,	0.09425735473632812,	0.08311080932617188
5658093750.0,	0.09302520751953125,	0.08419036865234375
5658125000.0,	0.0923919677734375,	0.08545684814453125
5658156250.0,	0.0943603515625,	0.08356475830078125
5658187500.0,	0.09271240234375,	0.08455657958984375
5658218750.0,	0.09257888793945312,	0.08399581909179688
5658250000.0,	0.09220123291015625,	0.08482742309570312
5658281250.0,	0.09420394897460938,	0.0828094482421875
5658312500.0,	0.09285736083984375,	0.08356475830078125
5658343750.0,	0.09251785278320312,	0.08288192749023438
5658375000.0,	0.0933074951171875,	0.08397674560546875
5658406250.0,	0.092926025390625,	0.08303451538085938
5658437500.0,	0.09185028076171875,	0.08611297607421875
5658468750.0,	0.09396743774414062,	0.0838623046875
5658500000.0,	0.09471893310546875,	0.08371734619140625
5658531250.0,	0.09141921997070312,	0.08520889282226562
5658562500.0,	0.09357833862304688,	0.08412933349609375
5658593750.0,	0.09023284912109375,	0.08324050903320312
5658625000.0,	0.092681884765625,	0.08171463012695312
5658656250.0,	0.09206390380859375,	0.0809326171875
5658687500.0,	0.09104537963867188,	0.082916259765625
5658718750.0,	0.09447479248046875,	0.08555221557617188
5658750000.0,	0.09262847900390625,	0.08336257934570312
5658781250.0,	0.09265518188476562,	0.08362579345703125
5658812500.0,	0.093841552734375,	0.08420944213867188
5658843750.0,	0.09164810180664062,	0.08497238159179688
5658875000.0,	0.09074020385742188,	0.08502197265625
5658906250.0,	0.09368896484375,	0.08567428588867188
5658937500.0,	0.09299087524414062,	0.08383560180664062
5658968750.0,	0.09392547607421875,	0.08209991455078125
5659000000.0,	0.094024658203125,	0.08225631713867188
5659031250.0,	0.09129714965820312,	0.08186721801757812
5659062500.0,	0.0933685302734375,	0.0850067138671875
5659093750.0,	0.0923004150390625,	0.08164215087890625
5659125000.0,	0.09148025512695312,	0.08239364624023438
5659156250.0,	0.09276199340820312,	0.08343887329101562
5659187500.0,	0.0931396484375,	0.08454132080078125
5659218750.0,	0.09224700927734375,	0.08280563354492188
5659250000.0,	0.09427642822265625,	0.08222579956054688
5659281250.0,	0.09260177612304688,	0.08424758911132812
5659312500.0,	0.09214401245117188,	0.08287429809570312
5659343750.0,	0.09035110473632812,	0.08375167846679688
5659375000.0,	0.09152984619140625,	0.08241653442382812
5659406250.0,	0.09398269653320312,	0.084381103515625
5659437500.0,	0.09246444702148438,	0.08150482177734375
5659468750.0,	0.09304046630859375,	0.08442306518554688
5659500000.0,	0.09226226806640625,	0.08165740966796875
5659531250.0,	0.09313583374023438,	0.08356475830078125
5659562500.0,	0.09325027465820312,	0.08242416381835938
5659593750.0,	0.0921173095703125,	0.08356094360351562
5659625000.0,	0.09223556518554688,	0.08270645141601562
5659656250.0,	0.0930938720703125,	0.08256149291992188
5659687500.0,	0.09401702880859375,	0.08397293090820312
5659718750.0,	0.09366226196289062,	0.08333587646484375
5659750000.0,	0.0926513671875,	0.08370208740234375
5659781250.0,	0.09193801879882812,	0.08215713500976562
5659812500.0,	0.09152603149414062,	0.08231353759765625
5659843750.0,	0.09281158447265625,	0.08200836181640625
5659875000.0,	0.09291839599609375,	0.08201217651367188
5659906250.0,	0.09200668334960938,	0.08182525634765625
5659937500.0,	0.09511947631835938,	0.08039474487304688
5659968750.0,	0.0905609130859375,	0.08393096923828125
5660000000.0,	0.090118408203125,	0.08072662353515625
