5310037500.0,	0.04641532897949219,	0.05438041687011719
5310075000.0,	0.04533958435058594,	0.05504608154296875
5310112500.0,	0.04324150085449219,	0.05332183837890625
5310150000.0,	0.04683876037597656,	0.05426597595214844
5310187500.0,	0.045085906982421875,	0.05520820617675781
5310225000.0,	0.04716300964355469,	0.05500030517578125
5310262500.0,	0.04709434509277344,	0.053623199462890625
5310300000.0,	0.04542350769042969,	0.05557441711425781
5310337500.0,	0.045711517333984375,	0.052234649658203125
5310375000.0,	0.04574012756347656,	0.05388069152832031
5310412500.0,	0.044025421142578125,	0.054294586181640625
5310450000.0,	0.04803466796875,	0.0537261962890625
5310487500.0,	0.04775238037109375,	0.05587196350097656
5310525000.0,	0.046070098876953125,	0.0572357177734375
5310562500.0,	0.046604156494140625,	0.05449867248535156
5310600000.0,	0.046749114990234375,	0.05330085754394531
5310637500.0,	0.04719734191894531,	0.0537261962890625
5310675000.0,	0.04725456237792969,	0.05288887023925781
5310712500.0,	0.047725677490234375,	0.056610107421875
5310750000.0,	0.04572486877441406,	0.05523490905761719
5310787500.0,	0.047580718994140625,	0.055103302001953125
5310825000.0,	0.046703338623046875,	0.05429267883300781
5310862500.0,	0.04635810852050781,	0.05583763122558594
5310900000.0,	0.04932594299316406,	0.05603599548339844
5310937500.0,	0.04571533203125,	0.05719947814941406
5310975000.0,	0.04733085632324219,	0.054645538330078125
5311012500.0,	0.046680450439453125,	0.05510139465332031
5311050000.0,	0.04660606384277344,	0.054798126220703125
5311087500.0,	0.046474456787109375,	0.0546722412109375
5311125000.0,	0.04541587829589844,	0.05254173278808594
5311162500.0,	0.04510688781738281,	0.05716133117675781
5311200000.0,	0.04764366149902344,	0.05326271057128906
5311237500.0,	0.04547309875488281,	0.05365180969238281
5311275000.0,	0.047084808349609375,	0.054462432861328125
5311312500.0,	0.0472412109375,	0.05515861511230469
5311350000.0,	0.04650688171386719,	0.05408668518066406
5311387500.0,	0.046031951904296875,	0.05450439453125
5311425000.0,	0.04709625244140625,	0.054042816162109375
5311462500.0,	0.04504966735839844,	0.055568695068359375
5311500000.0,	0.04553794860839844,	0.05404853820800781
5311537500.0,	0.04594993591308594,	0.05510139465332031
5311575000.0,	0.04585075378417969,	0.0563812255859375
5311612500.0,	0.04913139343261719,	0.057704925537109375
5311650000.0,	0.04653167724609375,	0.056919097900390625
5311687500.0,	0.04659271240234375,	0.05626106262207031
5311725000.0,	0.0481719970703125,	0.054050445556640625
5311762500.0,	0.047298431396484375,	0.05401420593261719
5311800000.0,	0.04625511169433594,	0.05562782287597656
5311837500.0,	0.04770088195800781,	0.05459403991699219
5311875000.0,	0.046642303466796875,	0.05479621887207031
5311912500.0,	0.04663276672363281,	0.05482292175292969
5311950000.0,	0.04644775390625,	0.053966522216796875
5311987500.0,	0.045841217041015625,	0.05714225769042969
5312025000.0,	0.04789543151855469,	0.05576324462890625
5312062500.0,	0.0467376708984375,	0.05614662170410156
5312100000.0,	0.04840850830078125,	0.05610084533691406
5312137500.0,	0.04771995544433594,	0.05354118347167969
5312175000.0,	0.04749488830566406,	0.05492210388183594
5312212500.0,	0.04867744445800781,	0.056209564208984375
5312250000.0,	0.04792022705078125,	0.05602073669433594
5312287500.0,	0.04807472229003906,	0.05705070495605469
5312325000.0,	0.048465728759765625,	0.05559539794921875
5312362500.0,	0.049579620361328125,	0.05553436279296875
5312400000.0,	0.04704856872558594,	0.05535316467285156
5312437500.0,	0.046970367431640625,	0.05617713928222656
5312475000.0,	0.04504203796386719,	0.055637359619140625
5312512500.0,	0.04698753356933594,	0.055011749267578125
5312550000.0,	0.04960060119628906,	0.05489349365234375
5312587500.0,	0.04749298095703125,	0.053485870361328125
5312625000.0,	0.04736328125,	0.05517768859863281
5312662500.0,	0.047893524169921875,	0.05406379699707031
5312700000.0,	0.04819297790527344,	0.05632209777832031
5312737500.0,	0.04652214050292969,	0.05518150329589844
5312775000.0,	0.04571723937988281,	0.0568084716796875
5312812500.0,	0.04696464538574219,	0.05443382263183594
5312850000.0,	0.047351837158203125,	0.054492950439453125
5312887500.0,	0.04737663269042969,	0.0558929443359375
5312925000.0,	0.047069549560546875,	0.05382537841796875
5312962500.0,	0.04802894592285156,	0.05535316467285156
5313000000.0,	0.04868888854980469,	0.05411720275878906
5313037500.0,	0.047763824462890625,	0.05587959289550781
5313075000.0,	0.047916412353515625,	0.055072784423828125
5313112500.0,	0.04560279846191406,	0.054718017578125
5313150000.0,	0.0482177734375,	0.057098388671875
5313187500.0,	0.04891777038574219,	0.05652809143066406
5313225000.0,	0.04754066467285156,	0.05650520324707031
5313262500.0,	0.048038482666015625,	0.05719566345214844
5313300000.0,	0.04872703552246094,	0.05797004699707031
5313337500.0,	0.0462493896484375,	0.05614662170410156
5313375000.0,	0.048614501953125,	0.05634498596191406
5313412500.0,	0.04725837707519531,	0.05635833740234375
5313450000.0,	0.0469818115234375,	0.05622673034667969
5313487500.0,	0.04857063293457031,	0.055255889892578125
5313525000.0,	0.04765510559082031,	0.05679130554199219
5313562500.0,	0.04836463928222656,	0.05683326721191406
5313600000.0,	0.04886817932128906,	0.054046630859375
5313637500.0,	0.04711151123046875,	0.05739593505859375
5313675000.0,	0.0473480224609375,	0.05642127990722656
5313712500.0,	0.04876899719238281,	0.05579185485839844
5313750000.0,	0.04895210266113281,	0.05579185485839844
5313787500.0,	0.04834175109863281,	0.05735588073730469
5313825000.0,	0.0480194091796875,	0.0557403564453125
5313862500.0,	0.04842185974121094,	0.05642127990722656
5313900000.0,	0.049098968505859375,	0.05561637878417969
5313937500.0,	0.0491180419921875,	0.05609130859375
5313975000.0,	0.0484619140625,	0.05856513977050781
5314012500.0,	0.047664642333984375,	0.05803871154785156
5314050000.0,	0.04764747619628906,	0.05696296691894531
5314087500.0,	0.048610687255859375,	0.05684852600097656
5314125000.0,	0.04990196228027344,	0.05741310119628906
5314162500.0,	0.04794883728027344,	0.05854988098144531
5314200000.0,	0.04885673522949219,	0.05754661560058594
5314237500.0,	0.04883766174316406,	0.05673980712890625
5314275000.0,	0.04701805114746094,	0.0561676025390625
5314312500.0,	0.04892921447753906,	0.057285308837890625
5314350000.0,	0.04904937744140625,	0.05698204040527344
5314387500.0,	0.04840660095214844,	0.055942535400390625
5314425000.0,	0.04735565185546875,	0.05596160888671875
5314462500.0,	0.04930877685546875,	0.05765342712402344
5314500000.0,	0.04946327209472656,	0.056674957275390625
5314537500.0,	0.048496246337890625,	0.055149078369140625
5314575000.0,	0.0463714599609375,	0.056339263916015625
5314612500.0,	0.047985076904296875,	0.05658721923828125
5314650000.0,	0.04872894287109375,	0.05616950988769531
5314687500.0,	0.04913520812988281,	0.05724143981933594
5314725000.0,	0.04926872253417969,	0.05742645263671875
5314762500.0,	0.0482025146484375,	0.05531501770019531
5314800000.0,	0.045803070068359375,	0.05634117126464844
5314837500.0,	0.048320770263671875,	0.055919647216796875
5314875000.0,	0.05122947692871094,	0.057590484619140625
5314912500.0,	0.04803466796875,	0.05716514587402344
5314950000.0,	0.04784202575683594,	0.05704689025878906
5314987500.0,	0.05002021789550781,	0.05620765686035156
5315025000.0,	0.04616546630859375,	0.054950714111328125
5315062500.0,	0.051654815673828125,	0.05389213562011719
5315100000.0,	0.05056571960449219,	0.05839347839355469
5315137500.0,	0.046237945556640625,	0.05672264099121094
5315175000.0,	0.047637939453125,	0.0565032958984375
5315212500.0,	0.04915809631347656,	0.05823707580566406
5315250000.0,	0.0476226806640625,	0.05738639831542969
5315287500.0,	0.04831695556640625,	0.05715370178222656
5315325000.0,	0.0498199462890625,	0.056713104248046875
5315362500.0,	0.04895210266113281,	0.05681610107421875
5315400000.0,	0.0503692626953125,	0.058757781982421875
5315437500.0,	0.04879188537597656,	0.05888938903808594
5315475000.0,	0.04892539978027344,	0.056514739990234375
5315512500.0,	0.047718048095703125,	0.05499076843261719
5315550000.0,	0.04772377014160156,	0.05727577209472656
5315587500.0,	0.048480987548828125,	0.05663108825683594
5315625000.0,	0.05077552795410156,	0.056591033935546875
5315662500.0,	0.04855918884277344,	0.056491851806640625
5315700000.0,	0.04768943786621094,	0.05805778503417969
5315737500.0,	0.04855155944824219,	0.05799102783203125
5315775000.0,	0.048572540283203125,	0.059600830078125
5315812500.0,	0.04951286315917969,	0.0561065673828125
5315850000.0,	0.04962348937988281,	0.05699729919433594
5315887500.0,	0.050548553466796875,	0.057537078857421875
5315925000.0,	0.05024528503417969,	0.056243896484375
5315962500.0,	0.0482635498046875,	0.055072784423828125
5316000000.0,	0.04966545104980469,	0.057186126708984375
5316037500.0,	0.05061531066894531,	0.05738258361816406
5316075000.0,	0.04915046691894531,	0.05877685546875
5316112500.0,	0.048488616943359375,	0.0594024658203125
5316150000.0,	0.04960823059082031,	0.060199737548828125
5316187500.0,	0.0492706298828125,	0.05851554870605469
5316225000.0,	0.05000114440917969,	0.05656242370605469
5316262500.0,	0.048419952392578125,	0.05817985534667969
5316300000.0,	0.049686431884765625,	0.0584869384765625
5316337500.0,	0.04887962341308594,	0.058094024658203125
5316375000.0,	0.049407958984375,	0.058818817138671875
5316412500.0,	0.05180549621582031,	0.058628082275390625
5316450000.0,	0.04924774169921875,	0.057094573974609375
5316487500.0,	0.05063438415527344,	0.05684661865234375
5316525000.0,	0.05061531066894531,	0.0585479736328125
5316562500.0,	0.04995536804199219,	0.05762481689453125
5316600000.0,	0.049755096435546875,	0.05702781677246094
5316637500.0,	0.05035209655761719,	0.057552337646484375
5316675000.0,	0.04631233215332031,	0.057628631591796875
5316712500.0,	0.05012702941894531,	0.0587005615234375
5316750000.0,	0.05071830749511719,	0.05780792236328125
5316787500.0,	0.05095672607421875,	0.05632972717285156
5316825000.0,	0.04654121398925781,	0.05781745910644531
5316862500.0,	0.05233192443847656,	0.06025886535644531
5316900000.0,	0.05033683776855469,	0.0569915771484375
5316937500.0,	0.04932594299316406,	0.056926727294921875
5316975000.0,	0.05064201354980469,	0.058902740478515625
5317012500.0,	0.04816627502441406,	0.05711174011230469
5317050000.0,	0.05096244812011719,	0.05857086181640625
5317087500.0,	0.04908180236816406,	0.05866241455078125
5317125000.0,	0.050731658935546875,	0.0561065673828125
5317162500.0,	0.04931449890136719,	0.05729103088378906
5317200000.0,	0.04883575439453125,	0.05741691589355469
5317237500.0,	0.05202293395996094,	0.05827903747558594
5317275000.0,	0.048435211181640625,	0.05722618103027344
5317312500.0,	0.048675537109375,	0.05909538269042969
5317350000.0,	0.050079345703125,	0.057186126708984375
5317387500.0,	0.04885101318359375,	0.056995391845703125
5317425000.0,	0.04899406433105469,	0.05890655517578125
5317462500.0,	0.048336029052734375,	0.0580902099609375
5317500000.0,	0.049488067626953125,	0.06011009216308594
5317537500.0,	0.0500946044921875,	0.05814552307128906
5317575000.0,	0.05076026916503906,	0.0582427978515625
5317612500.0,	0.04938316345214844,	0.05910682678222656
5317650000.0,	0.04886436462402344,	0.05825233459472656
5317687500.0,	0.04967689514160156,	0.05765533447265625
5317725000.0,	0.04919242858886719,	0.059253692626953125
5317762500.0,	0.051044464111328125,	0.05785942077636719
5317800000.0,	0.049968719482421875,	0.05823326110839844
5317837500.0,	0.048267364501953125,	0.05793571472167969
5317875000.0,	0.050201416015625,	0.059482574462890625
5317912500.0,	0.050052642822265625,	0.058990478515625
5317950000.0,	0.05035972595214844,	0.060489654541015625
5317987500.0,	0.0517730712890625,	0.05878448486328125
5318025000.0,	0.04951667785644531,	0.057460784912109375
5318062500.0,	0.04913330078125,	0.05768394470214844
5318100000.0,	0.05091094970703125,	0.05659675598144531
5318137500.0,	0.050052642822265625,	0.058742523193359375
5318175000.0,	0.05141639709472656,	0.058048248291015625
5318212500.0,	0.05054283142089844,	0.06017494201660156
5318250000.0,	0.04951286315917969,	0.05912590026855469
5318287500.0,	0.0489654541015625,	0.05768585205078125
5318325000.0,	0.05056571960449219,	0.058013916015625
5318362500.0,	0.04999542236328125,	0.0572052001953125
5318400000.0,	0.04918098449707031,	0.05891227722167969
5318437500.0,	0.05029487609863281,	0.05856895446777344
5318475000.0,	0.05047035217285156,	0.057826995849609375
5318512500.0,	0.05198478698730469,	0.06045341491699219
5318550000.0,	0.05022239685058594,	0.057773590087890625
5318587500.0,	0.049041748046875,	0.06031990051269531
5318625000.0,	0.05027580261230469,	0.059032440185546875
5318662500.0,	0.049922943115234375,	0.059444427490234375
5318700000.0,	0.05125617980957031,	0.058063507080078125
5318737500.0,	0.05095100402832031,	0.059085845947265625
5318775000.0,	0.05031585693359375,	0.06012153625488281
5318812500.0,	0.05077362060546875,	0.057964324951171875
5318850000.0,	0.051586151123046875,	0.0597686767578125
5318887500.0,	0.05012702941894531,	0.0575103759765625
5318925000.0,	0.05075836181640625,	0.05865287780761719
5318962500.0,	0.05252647399902344,	0.06089019775390625
5319000000.0,	0.05153656005859375,	0.05991935729980469
5319037500.0,	0.05023384094238281,	0.057544708251953125
5319075000.0,	0.050472259521484375,	0.059356689453125
5319112500.0,	0.051891326904296875,	0.05769538879394531
5319150000.0,	0.04892158508300781,	0.05963706970214844
5319187500.0,	0.05081939697265625,	0.05999946594238281
5319225000.0,	0.04922676086425781,	0.060516357421875
5319262500.0,	0.05027961730957031,	0.05828857421875
5319300000.0,	0.05053138732910156,	0.059238433837890625
5319337500.0,	0.050647735595703125,	0.058994293212890625
5319375000.0,	0.05048561096191406,	0.05856895446777344
5319412500.0,	0.04836082458496094,	0.05826377868652344
5319450000.0,	0.05165672302246094,	0.05794715881347656
5319487500.0,	0.049957275390625,	0.061130523681640625
5319525000.0,	0.05051422119140625,	0.06079292297363281
5319562500.0,	0.05064964294433594,	0.060222625732421875
5319600000.0,	0.05060386657714844,	0.058933258056640625
5319637500.0,	0.050136566162109375,	0.058185577392578125
5319675000.0,	0.051300048828125,	0.06078147888183594
5319712500.0,	0.05120849609375,	0.059658050537109375
5319750000.0,	0.050014495849609375,	0.059719085693359375
5319787500.0,	0.051177978515625,	0.058238983154296875
5319825000.0,	0.0519866943359375,	0.059841156005859375
5319862500.0,	0.050693511962890625,	0.060344696044921875
5319900000.0,	0.050678253173828125,	0.05985450744628906
5319937500.0,	0.05190086364746094,	0.060333251953125
5319975000.0,	0.052570343017578125,	0.05890083312988281
5320012500.0,	0.05062103271484375,	0.060764312744140625
5320050000.0,	0.05140876770019531,	0.05873680114746094
5320087500.0,	0.0504150390625,	0.05948829650878906
5320125000.0,	0.051830291748046875,	0.059246063232421875
5320162500.0,	0.05226898193359375,	0.05933189392089844
5320200000.0,	0.049407958984375,	0.060207366943359375
5320237500.0,	0.05231285095214844,	0.061817169189453125
5320275000.0,	0.04957389831542969,	0.05892372131347656
5320312500.0,	0.05226898193359375,	0.059688568115234375
5320350000.0,	0.05230140686035156,	0.05861854553222656
5320387500.0,	0.05072784423828125,	0.05832099914550781
5320425000.0,	0.05071067810058594,	0.05764198303222656
5320462500.0,	0.05151176452636719,	0.0587921142578125
5320500000.0,	0.05286216735839844,	0.05904960632324219
5320537500.0,	0.052364349365234375,	0.06049346923828125
5320575000.0,	0.053485870361328125,	0.05856513977050781
5320612500.0,	0.05125999450683594,	0.061614990234375
5320650000.0,	0.0526275634765625,	0.05929374694824219
5320687500.0,	0.05221748352050781,	0.0593109130859375
5320725000.0,	0.05233192443847656,	0.05844688415527344
5320762500.0,	0.05018806457519531,	0.05879402160644531
5320800000.0,	0.050022125244140625,	0.06098365783691406
5320837500.0,	0.05068397521972656,	0.06011199951171875
5320875000.0,	0.05304145812988281,	0.06157875061035156
5320912500.0,	0.05501747131347656,	0.059970855712890625
5320950000.0,	0.051372528076171875,	0.060382843017578125
5320987500.0,	0.04982566833496094,	0.05971336364746094
5321025000.0,	0.05082130432128906,	0.05868721008300781
5321062500.0,	0.05277061462402344,	0.058536529541015625
5321100000.0,	0.049503326416015625,	0.06156349182128906
5321137500.0,	0.050441741943359375,	0.0594635009765625
5321175000.0,	0.052135467529296875,	0.06298446655273438
5321212500.0,	0.05188560485839844,	0.059234619140625
5321250000.0,	0.05385017395019531,	0.06138801574707031
5321287500.0,	0.05271148681640625,	0.05956077575683594
5321325000.0,	0.05197334289550781,	0.062160491943359375
5321362500.0,	0.053089141845703125,	0.06317138671875
5321400000.0,	0.05291557312011719,	0.05987739562988281
5321437500.0,	0.05251502990722656,	0.05986976623535156
5321475000.0,	0.052585601806640625,	0.06250381469726562
5321512500.0,	0.0524444580078125,	0.06029510498046875
5321550000.0,	0.05281639099121094,	0.06092643737792969
5321587500.0,	0.05397987365722656,	0.06079673767089844
5321625000.0,	0.05438804626464844,	0.05920219421386719
5321662500.0,	0.05252265930175781,	0.06227302551269531
5321700000.0,	0.05060005187988281,	0.058086395263671875
5321737500.0,	0.0558929443359375,	0.05852317810058594
5321775000.0,	0.052021026611328125,	0.06161308288574219
5321812500.0,	0.05332374572753906,	0.060855865478515625
5321850000.0,	0.054378509521484375,	0.060638427734375
5321887500.0,	0.051517486572265625,	0.06069755554199219
5321925000.0,	0.053806304931640625,	0.059783935546875
5321962500.0,	0.053302764892578125,	0.059726715087890625
5322000000.0,	0.0524749755859375,	0.06309127807617188
5322037500.0,	0.052577972412109375,	0.05937957763671875
5322075000.0,	0.05381584167480469,	0.06121063232421875
5322112500.0,	0.051685333251953125,	0.05910301208496094
5322150000.0,	0.05032157897949219,	0.06166267395019531
5322187500.0,	0.054058074951171875,	0.06192588806152344
5322225000.0,	0.050945281982421875,	0.06096076965332031
5322262500.0,	0.05306053161621094,	0.060756683349609375
5322300000.0,	0.05345726013183594,	0.059200286865234375
5322337500.0,	0.05166053771972656,	0.06023597717285156
5322375000.0,	0.05521392822265625,	0.06283187866210938
5322412500.0,	0.05529594421386719,	0.06172370910644531
5322450000.0,	0.05361175537109375,	0.058727264404296875
5322487500.0,	0.05528831481933594,	0.060474395751953125
5322525000.0,	0.0518341064453125,	0.06124305725097656
5322562500.0,	0.05474281311035156,	0.061641693115234375
5322600000.0,	0.052021026611328125,	0.06150627136230469
5322637500.0,	0.05373382568359375,	0.059619903564453125
5322675000.0,	0.05381965637207031,	0.060718536376953125
5322712500.0,	0.05362701416015625,	0.05914497375488281
5322750000.0,	0.05475616455078125,	0.0609588623046875
5322787500.0,	0.053127288818359375,	0.05872535705566406
5322825000.0,	0.05473899841308594,	0.06000328063964844
5322862500.0,	0.05130767822265625,	0.06038856506347656
5322900000.0,	0.05373573303222656,	0.059322357177734375
5322937500.0,	0.054386138916015625,	0.059322357177734375
5322975000.0,	0.05202674865722656,	0.05975151062011719
5323012500.0,	0.05462646484375,	0.06078910827636719
5323050000.0,	0.05486488342285156,	0.06055450439453125
5323087500.0,	0.0535736083984375,	0.060276031494140625
5323125000.0,	0.054462432861328125,	0.06052970886230469
5323162500.0,	0.052196502685546875,	0.06182289123535156
5323200000.0,	0.05227851867675781,	0.06042671203613281
5323237500.0,	0.05340003967285156,	0.060535430908203125
5323275000.0,	0.055347442626953125,	0.05906105041503906
5323312500.0,	0.051116943359375,	0.06060791015625
5323350000.0,	0.05440521240234375,	0.059261322021484375
5323387500.0,	0.05219459533691406,	0.06131744384765625
5323425000.0,	0.05510711669921875,	0.059906005859375
5323462500.0,	0.05672264099121094,	0.06113243103027344
5323500000.0,	0.05440330505371094,	0.06006050109863281
5323537500.0,	0.056903839111328125,	0.06261062622070312
5323575000.0,	0.05624961853027344,	0.05990791320800781
5323612500.0,	0.053272247314453125,	0.05864524841308594
5323650000.0,	0.0561065673828125,	0.05788230895996094
5323687500.0,	0.054599761962890625,	0.05935859680175781
5323725000.0,	0.05512809753417969,	0.05927467346191406
5323762500.0,	0.054889678955078125,	0.06195831298828125
5323800000.0,	0.053783416748046875,	0.06059074401855469
5323837500.0,	0.05581474304199219,	0.06052970886230469
5323875000.0,	0.05540657043457031,	0.06021690368652344
5323912500.0,	0.05536079406738281,	0.0587921142578125
5323950000.0,	0.05482292175292969,	0.06152534484863281
5323987500.0,	0.05424308776855469,	0.05974769592285156
5324025000.0,	0.053058624267578125,	0.05968475341796875
5324062500.0,	0.052581787109375,	0.06131935119628906
5324100000.0,	0.05346870422363281,	0.05985450744628906
5324137500.0,	0.055698394775390625,	0.058353424072265625
5324175000.0,	0.0546875,	0.0619659423828125
5324212500.0,	0.055538177490234375,	0.06109428405761719
5324250000.0,	0.05220985412597656,	0.06000518798828125
5324287500.0,	0.05466461181640625,	0.060699462890625
5324325000.0,	0.05580329895019531,	0.059795379638671875
5324362500.0,	0.05359077453613281,	0.06080818176269531
5324400000.0,	0.05556488037109375,	0.05990409851074219
5324437500.0,	0.05446815490722656,	0.0619659423828125
5324475000.0,	0.05371284484863281,	0.060527801513671875
5324512500.0,	0.05357551574707031,	0.059871673583984375
5324550000.0,	0.05511665344238281,	0.06183624267578125
5324587500.0,	0.05281829833984375,	0.0631561279296875
5324625000.0,	0.05577850341796875,	0.06227684020996094
5324662500.0,	0.055774688720703125,	0.06009483337402344
5324700000.0,	0.055301666259765625,	0.0608062744140625
5324737500.0,	0.0563507080078125,	0.06254196166992188
5324775000.0,	0.054157257080078125,	0.06264495849609375
5324812500.0,	0.05565643310546875,	0.061664581298828125
5324850000.0,	0.055843353271484375,	0.06252670288085938
5324887500.0,	0.05465888977050781,	0.06243705749511719
5324925000.0,	0.05501747131347656,	0.060581207275390625
5324962500.0,	0.05551338195800781,	0.06058502197265625
5325000000.0,	0.05571174621582031,	0.061862945556640625
5325037500.0,	0.05464935302734375,	0.06122398376464844
5325075000.0,	0.054012298583984375,	0.05900764465332031
5325112500.0,	0.0556640625,	0.061267852783203125
5325150000.0,	0.055408477783203125,	0.05934906005859375
5325187500.0,	0.0548248291015625,	0.06011772155761719
5325225000.0,	0.05604743957519531,	0.06166648864746094
5325262500.0,	0.05541419982910156,	0.06156730651855469
5325300000.0,	0.05675506591796875,	0.06119346618652344
5325337500.0,	0.057338714599609375,	0.06060600280761719
5325375000.0,	0.05426597595214844,	0.06069183349609375
5325412500.0,	0.05625152587890625,	0.05988883972167969
5325450000.0,	0.05537605285644531,	0.059856414794921875
5325487500.0,	0.054187774658203125,	0.0636138916015625
5325525000.0,	0.05554771423339844,	0.06032752990722656
5325562500.0,	0.057037353515625,	0.060596466064453125
5325600000.0,	0.05525398254394531,	0.062042236328125
5325637500.0,	0.0568084716796875,	0.06270599365234375
5325675000.0,	0.055301666259765625,	0.06091880798339844
5325712500.0,	0.055126190185546875,	0.061908721923828125
5325750000.0,	0.055675506591796875,	0.06014442443847656
5325787500.0,	0.05708503723144531,	0.06069374084472656
5325825000.0,	0.05556488037109375,	0.06127357482910156
5325862500.0,	0.05414772033691406,	0.06026458740234375
5325900000.0,	0.056728363037109375,	0.05944061279296875
5325937500.0,	0.056804656982421875,	0.06130027770996094
5325975000.0,	0.056629180908203125,	0.06047821044921875
5326012500.0,	0.05710029602050781,	0.06198883056640625
5326050000.0,	0.05846595764160156,	0.06237220764160156
5326087500.0,	0.05625152587890625,	0.06176185607910156
5326125000.0,	0.05756187438964844,	0.05840110778808594
5326162500.0,	0.05520820617675781,	0.058452606201171875
5326200000.0,	0.0566253662109375,	0.06116294860839844
5326237500.0,	0.05609703063964844,	0.060756683349609375
5326275000.0,	0.05623435974121094,	0.06131172180175781
5326312500.0,	0.0559539794921875,	0.06186866760253906
5326350000.0,	0.05573463439941406,	0.05993843078613281
5326387500.0,	0.05600929260253906,	0.06041717529296875
5326425000.0,	0.05681037902832031,	0.061382293701171875
5326462500.0,	0.056201934814453125,	0.0600128173828125
5326500000.0,	0.054996490478515625,	0.06298065185546875
5326537500.0,	0.05736541748046875,	0.06170654296875
5326575000.0,	0.05695152282714844,	0.06138801574707031
5326612500.0,	0.05639076232910156,	0.061061859130859375
5326650000.0,	0.058040618896484375,	0.061275482177734375
5326687500.0,	0.05642509460449219,	0.0604095458984375
5326725000.0,	0.05727958679199219,	0.06100273132324219
5326762500.0,	0.05738639831542969,	0.0594635009765625
5326800000.0,	0.057315826416015625,	0.06128501892089844
5326837500.0,	0.0565185546875,	0.061710357666015625
5326875000.0,	0.05548858642578125,	0.06121826171875
5326912500.0,	0.05741691589355469,	0.05943870544433594
5326950000.0,	0.05763053894042969,	0.059513092041015625
5326987500.0,	0.05791282653808594,	0.06069755554199219
5327025000.0,	0.056644439697265625,	0.06128120422363281
5327062500.0,	0.05815315246582031,	0.06134986877441406
5327100000.0,	0.0578765869140625,	0.0609130859375
5327137500.0,	0.05729866027832031,	0.059871673583984375
5327175000.0,	0.058780670166015625,	0.05904388427734375
5327212500.0,	0.05695533752441406,	0.06075859069824219
5327250000.0,	0.05810546875,	0.06070518493652344
5327287500.0,	0.05889320373535156,	0.06158638000488281
5327325000.0,	0.05788421630859375,	0.060901641845703125
5327362500.0,	0.058666229248046875,	0.05884742736816406
5327400000.0,	0.05565071105957031,	0.062046051025390625
5327437500.0,	0.05695152282714844,	0.060375213623046875
5327475000.0,	0.05821037292480469,	0.06094932556152344
5327512500.0,	0.05962371826171875,	0.0627288818359375
5327550000.0,	0.05675506591796875,	0.060665130615234375
5327587500.0,	0.057193756103515625,	0.06304168701171875
5327625000.0,	0.058383941650390625,	0.061565399169921875
5327662500.0,	0.05626869201660156,	0.06044197082519531
5327700000.0,	0.056491851806640625,	0.060596466064453125
5327737500.0,	0.05783271789550781,	0.05989265441894531
5327775000.0,	0.05807304382324219,	0.06207466125488281
5327812500.0,	0.057361602783203125,	0.061737060546875
5327850000.0,	0.057216644287109375,	0.060699462890625
5327887500.0,	0.056049346923828125,	0.06190299987792969
5327925000.0,	0.0577545166015625,	0.06203460693359375
5327962500.0,	0.0579833984375,	0.05957794189453125
5328000000.0,	0.05806732177734375,	0.061435699462890625
5328037500.0,	0.05733680725097656,	0.060482025146484375
5328075000.0,	0.05954551696777344,	0.06193733215332031
5328112500.0,	0.05858039855957031,	0.061130523681640625
5328150000.0,	0.059383392333984375,	0.06346511840820312
5328187500.0,	0.05718994140625,	0.06241416931152344
5328225000.0,	0.059848785400390625,	0.062053680419921875
5328262500.0,	0.059642791748046875,	0.06097602844238281
5328300000.0,	0.057773590087890625,	0.06085395812988281
5328337500.0,	0.057811737060546875,	0.060604095458984375
5328375000.0,	0.059535980224609375,	0.05986595153808594
5328412500.0,	0.058879852294921875,	0.06204986572265625
5328450000.0,	0.05988311767578125,	0.061550140380859375
5328487500.0,	0.058441162109375,	0.0608673095703125
5328525000.0,	0.059375762939453125,	0.061183929443359375
5328562500.0,	0.059009552001953125,	0.06152153015136719
5328600000.0,	0.05925750732421875,	0.059902191162109375
5328637500.0,	0.06019020080566406,	0.06069755554199219
5328675000.0,	0.05864715576171875,	0.05955696105957031
5328712500.0,	0.05818367004394531,	0.0611572265625
5328750000.0,	0.0586090087890625,	0.06080055236816406
5328787500.0,	0.059429168701171875,	0.059452056884765625
5328825000.0,	0.05848884582519531,	0.05973625183105469
5328862500.0,	0.05859375,	0.059024810791015625
5328900000.0,	0.05627250671386719,	0.05965423583984375
5328937500.0,	0.057186126708984375,	0.06259536743164062
5328975000.0,	0.060779571533203125,	0.0610504150390625
5329012500.0,	0.0579833984375,	0.06011772155761719
5329050000.0,	0.05864143371582031,	0.061733245849609375
5329087500.0,	0.05782318115234375,	0.06074333190917969
5329125000.0,	0.05904579162597656,	0.060604095458984375
5329162500.0,	0.05866050720214844,	0.06137275695800781
5329200000.0,	0.05980491638183594,	0.06003570556640625
5329237500.0,	0.05969810485839844,	0.061187744140625
5329275000.0,	0.05951690673828125,	0.06000709533691406
5329312500.0,	0.05830955505371094,	0.061859130859375
5329350000.0,	0.05924415588378906,	0.06021308898925781
5329387500.0,	0.058155059814453125,	0.0595550537109375
5329425000.0,	0.057941436767578125,	0.05909538269042969
5329462500.0,	0.058628082275390625,	0.06130218505859375
5329500000.0,	0.060749053955078125,	0.060382843017578125
5329537500.0,	0.05900382995605469,	0.05933952331542969
5329575000.0,	0.06050682067871094,	0.06060981750488281
5329612500.0,	0.059299468994140625,	0.059955596923828125
5329650000.0,	0.06000709533691406,	0.058742523193359375
5329687500.0,	0.059520721435546875,	0.06163215637207031
5329725000.0,	0.05939292907714844,	0.05865478515625
5329762500.0,	0.058933258056640625,	0.06146049499511719
5329800000.0,	0.0614471435546875,	0.05969047546386719
5329837500.0,	0.060985565185546875,	0.05925941467285156
5329875000.0,	0.059864044189453125,	0.06293106079101562
5329912500.0,	0.06035804748535156,	0.06016349792480469
5329950000.0,	0.060211181640625,	0.06270217895507812
5329987500.0,	0.05928802490234375,	0.06370162963867188
5330025000.0,	0.05987358093261719,	0.0597686767578125
5330062500.0,	0.06123161315917969,	0.06091117858886719
5330100000.0,	0.060024261474609375,	0.060756683349609375
5330137500.0,	0.060710906982421875,	0.06009864807128906
5330175000.0,	0.059581756591796875,	0.06038856506347656
5330212500.0,	0.05758094787597656,	0.05887603759765625
5330250000.0,	0.06066322326660156,	0.06060600280761719
5330287500.0,	0.059478759765625,	0.0614776611328125
5330325000.0,	0.0598297119140625,	0.060855865478515625
5330362500.0,	0.06098175048828125,	0.0628509521484375
5330400000.0,	0.06219291687011719,	0.06075859069824219
5330437500.0,	0.06049156188964844,	0.05998992919921875
5330475000.0,	0.061374664306640625,	0.05948066711425781
5330512500.0,	0.058704376220703125,	0.05951118469238281
5330550000.0,	0.0604705810546875,	0.05881500244140625
5330587500.0,	0.05936622619628906,	0.06022834777832031
5330625000.0,	0.06069374084472656,	0.05922889709472656
5330662500.0,	0.061267852783203125,	0.06011390686035156
5330700000.0,	0.06032752990722656,	0.06002044677734375
5330737500.0,	0.059856414794921875,	0.05921745300292969
5330775000.0,	0.06118011474609375,	0.059642791748046875
5330812500.0,	0.0597686767578125,	0.06210517883300781
5330850000.0,	0.06123542785644531,	0.059864044189453125
5330887500.0,	0.0600128173828125,	0.05788421630859375
5330925000.0,	0.06116485595703125,	0.05846214294433594
5330962500.0,	0.05953407287597656,	0.05966949462890625
5331000000.0,	0.060688018798828125,	0.057231903076171875
5331037500.0,	0.06221771240234375,	0.05914878845214844
5331075000.0,	0.06072044372558594,	0.05963134765625
5331112500.0,	0.06147193908691406,	0.061290740966796875
5331150000.0,	0.05889701843261719,	0.057708740234375
5331187500.0,	0.06023979187011719,	0.057308197021484375
5331225000.0,	0.06069755554199219,	0.0584259033203125
5331262500.0,	0.06095314025878906,	0.05935859680175781
5331300000.0,	0.06122016906738281,	0.059406280517578125
5331337500.0,	0.06215858459472656,	0.06174278259277344
5331375000.0,	0.06231117248535156,	0.059604644775390625
5331412500.0,	0.06174659729003906,	0.06075859069824219
5331450000.0,	0.059833526611328125,	0.06023979187011719
5331487500.0,	0.06143951416015625,	0.05872917175292969
5331525000.0,	0.06165885925292969,	0.05802345275878906
5331562500.0,	0.06146430969238281,	0.05802154541015625
5331600000.0,	0.0610809326171875,	0.06083488464355469
5331637500.0,	0.05883216857910156,	0.058551788330078125
5331675000.0,	0.06218528747558594,	0.05785369873046875
5331712500.0,	0.06078338623046875,	0.05898284912109375
5331750000.0,	0.06298828125,	0.0595703125
5331787500.0,	0.06124687194824219,	0.05785560607910156
5331825000.0,	0.06292724609375,	0.059581756591796875
5331862500.0,	0.05905914306640625,	0.06015777587890625
5331900000.0,	0.06071662902832031,	0.057830810546875
5331937500.0,	0.058712005615234375,	0.05780792236328125
5331975000.0,	0.05985450744628906,	0.05965232849121094
5332012500.0,	0.060131072998046875,	0.061305999755859375
5332050000.0,	0.06208229064941406,	0.05786895751953125
5332087500.0,	0.06179046630859375,	0.060760498046875
5332125000.0,	0.06361770629882812,	0.05751800537109375
5332162500.0,	0.06085777282714844,	0.05760002136230469
5332200000.0,	0.0651702880859375,	0.059314727783203125
5332237500.0,	0.06261825561523438,	0.06067657470703125
5332275000.0,	0.0628509521484375,	0.057415008544921875
5332312500.0,	0.06071662902832031,	0.06003570556640625
5332350000.0,	0.06305694580078125,	0.058368682861328125
5332387500.0,	0.061664581298828125,	0.057796478271484375
5332425000.0,	0.0614471435546875,	0.05854225158691406
5332462500.0,	0.06271743774414062,	0.05865478515625
5332500000.0,	0.061916351318359375,	0.05799674987792969
5332537500.0,	0.0618438720703125,	0.057582855224609375
5332575000.0,	0.0637054443359375,	0.058284759521484375
5332612500.0,	0.0615692138671875,	0.05871772766113281
5332650000.0,	0.06131553649902344,	0.05876350402832031
5332687500.0,	0.06311798095703125,	0.059505462646484375
5332725000.0,	0.06353378295898438,	0.057987213134765625
5332762500.0,	0.0643768310546875,	0.058963775634765625
5332800000.0,	0.06386947631835938,	0.058498382568359375
5332837500.0,	0.065185546875,	0.0574493408203125
5332875000.0,	0.0646514892578125,	0.056362152099609375
5332912500.0,	0.06406402587890625,	0.056873321533203125
5332950000.0,	0.06169891357421875,	0.05957221984863281
5332987500.0,	0.06166839599609375,	0.056560516357421875
5333025000.0,	0.0630950927734375,	0.056537628173828125
5333062500.0,	0.06076240539550781,	0.05886650085449219
5333100000.0,	0.06277847290039062,	0.059467315673828125
5333137500.0,	0.064453125,	0.058300018310546875
5333175000.0,	0.06464385986328125,	0.0592193603515625
5333212500.0,	0.06255340576171875,	0.058490753173828125
5333250000.0,	0.0611724853515625,	0.05660820007324219
5333287500.0,	0.06258010864257812,	0.05829620361328125
5333325000.0,	0.062335968017578125,	0.05823326110839844
5333362500.0,	0.064208984375,	0.058040618896484375
5333400000.0,	0.06273651123046875,	0.0590972900390625
5333437500.0,	0.06389236450195312,	0.0569305419921875
5333475000.0,	0.06116294860839844,	0.05644416809082031
5333512500.0,	0.06162834167480469,	0.059612274169921875
5333550000.0,	0.06192207336425781,	0.057529449462890625
5333587500.0,	0.06252288818359375,	0.053836822509765625
5333625000.0,	0.0633544921875,	0.05832672119140625
5333662500.0,	0.06202888488769531,	0.05720710754394531
5333700000.0,	0.061809539794921875,	0.05621147155761719
5333737500.0,	0.06581497192382812,	0.0568389892578125
5333775000.0,	0.06338882446289062,	0.05764007568359375
5333812500.0,	0.06452178955078125,	0.056377410888671875
5333850000.0,	0.06332778930664062,	0.05603790283203125
5333887500.0,	0.06377029418945312,	0.056247711181640625
5333925000.0,	0.060642242431640625,	0.054935455322265625
5333962500.0,	0.06531524658203125,	0.055179595947265625
5334000000.0,	0.06593704223632812,	0.057888031005859375
5334037500.0,	0.06219291687011719,	0.0579681396484375
5334075000.0,	0.0610198974609375,	0.05492401123046875
5334112500.0,	0.06444931030273438,	0.0546722412109375
5334150000.0,	0.06216621398925781,	0.05443000793457031
5334187500.0,	0.0634002685546875,	0.055042266845703125
5334225000.0,	0.06448745727539062,	0.057949066162109375
5334262500.0,	0.0621795654296875,	0.05534553527832031
5334300000.0,	0.061737060546875,	0.05838584899902344
5334337500.0,	0.06507110595703125,	0.055877685546875
5334375000.0,	0.0626220703125,	0.057170867919921875
5334412500.0,	0.061920166015625,	0.05551338195800781
5334450000.0,	0.06229972839355469,	0.05488014221191406
5334487500.0,	0.06444168090820312,	0.055023193359375
5334525000.0,	0.06401443481445312,	0.05339813232421875
5334562500.0,	0.0646514892578125,	0.056888580322265625
5334600000.0,	0.06394577026367188,	0.053318023681640625
5334637500.0,	0.0633087158203125,	0.05435943603515625
5334675000.0,	0.06330490112304688,	0.05422210693359375
5334712500.0,	0.062191009521484375,	0.0548858642578125
5334750000.0,	0.06267166137695312,	0.055694580078125
5334787500.0,	0.06142616271972656,	0.056789398193359375
5334825000.0,	0.06220817565917969,	0.057865142822265625
5334862500.0,	0.061275482177734375,	0.0565032958984375
5334900000.0,	0.06357192993164062,	0.05478668212890625
5334937500.0,	0.06230354309082031,	0.05439567565917969
5334975000.0,	0.06307220458984375,	0.053661346435546875
5335012500.0,	0.0643463134765625,	0.055477142333984375
5335050000.0,	0.0632476806640625,	0.05438232421875
5335087500.0,	0.0641021728515625,	0.056243896484375
5335125000.0,	0.06367111206054688,	0.054180145263671875
5335162500.0,	0.0640411376953125,	0.055877685546875
5335200000.0,	0.06239128112792969,	0.054119110107421875
5335237500.0,	0.06486129760742188,	0.05290985107421875
5335275000.0,	0.06206512451171875,	0.054813385009765625
5335312500.0,	0.06333160400390625,	0.0558929443359375
5335350000.0,	0.06389617919921875,	0.056026458740234375
5335387500.0,	0.06407546997070312,	0.05333709716796875
5335425000.0,	0.06430435180664062,	0.0534210205078125
5335462500.0,	0.06531906127929688,	0.056789398193359375
5335500000.0,	0.06368255615234375,	0.053070068359375
5335537500.0,	0.06367874145507812,	0.05303192138671875
5335575000.0,	0.06411361694335938,	0.05340576171875
5335612500.0,	0.0616912841796875,	0.052867889404296875
5335650000.0,	0.0659027099609375,	0.053493499755859375
5335687500.0,	0.06281280517578125,	0.05489349365234375
5335725000.0,	0.06372833251953125,	0.05352783203125
5335762500.0,	0.06324005126953125,	0.053253173828125
5335800000.0,	0.064453125,	0.054813385009765625
5335837500.0,	0.06341552734375,	0.054962158203125
5335875000.0,	0.062160491943359375,	0.05063438415527344
5335912500.0,	0.06624603271484375,	0.0509490966796875
5335950000.0,	0.0645904541015625,	0.052013397216796875
5335987500.0,	0.06455612182617188,	0.053638458251953125
5336025000.0,	0.06292343139648438,	0.05271148681640625
5336062500.0,	0.06395721435546875,	0.052898406982421875
5336100000.0,	0.06233978271484375,	0.05267524719238281
5336137500.0,	0.063262939453125,	0.051433563232421875
5336175000.0,	0.06570053100585938,	0.0511932373046875
5336212500.0,	0.06593704223632812,	0.051021575927734375
5336250000.0,	0.06447601318359375,	0.0514678955078125
5336287500.0,	0.06217384338378906,	0.05257606506347656
5336325000.0,	0.06589126586914062,	0.05176544189453125
5336362500.0,	0.06427001953125,	0.0534515380859375
5336400000.0,	0.06335830688476562,	0.050792694091796875
5336437500.0,	0.063446044921875,	0.0503997802734375
5336475000.0,	0.06114768981933594,	0.05213165283203125
5336512500.0,	0.06296539306640625,	0.049762725830078125
5336550000.0,	0.064056396484375,	0.05306243896484375
5336587500.0,	0.064697265625,	0.050380706787109375
5336625000.0,	0.06555557250976562,	0.051456451416015625
5336662500.0,	0.06375503540039062,	0.04802703857421875
5336700000.0,	0.06305694580078125,	0.049716949462890625
5336737500.0,	0.06433486938476562,	0.04940032958984375
5336775000.0,	0.06377029418945312,	0.049869537353515625
5336812500.0,	0.06236076354980469,	0.05127906799316406
5336850000.0,	0.064483642578125,	0.050750732421875
5336887500.0,	0.06219291687011719,	0.05152320861816406
5336925000.0,	0.06363677978515625,	0.05042266845703125
5336962500.0,	0.06432723999023438,	0.051513671875
5337000000.0,	0.06373977661132812,	0.050189971923828125
5337037500.0,	0.0650787353515625,	0.052310943603515625
5337075000.0,	0.06309127807617188,	0.051715850830078125
5337112500.0,	0.06294631958007812,	0.04828643798828125
5337150000.0,	0.06529998779296875,	0.049343109130859375
5337187500.0,	0.06570053100585938,	0.049957275390625
5337225000.0,	0.06456375122070312,	0.049640655517578125
5337262500.0,	0.062530517578125,	0.051837921142578125
5337300000.0,	0.06365585327148438,	0.049419403076171875
5337337500.0,	0.06594085693359375,	0.04876708984375
5337375000.0,	0.06267547607421875,	0.0494842529296875
5337412500.0,	0.06425857543945312,	0.04846954345703125
5337450000.0,	0.06426620483398438,	0.049251556396484375
5337487500.0,	0.06539535522460938,	0.049072265625
5337525000.0,	0.06653976440429688,	0.0487518310546875
5337562500.0,	0.06401443481445312,	0.049724578857421875
5337600000.0,	0.06230926513671875,	0.04862785339355469
5337637500.0,	0.06433868408203125,	0.04999542236328125
5337675000.0,	0.06435775756835938,	0.04987335205078125
5337712500.0,	0.06316375732421875,	0.04925537109375
5337750000.0,	0.06346511840820312,	0.04755401611328125
5337787500.0,	0.0624542236328125,	0.04642295837402344
5337825000.0,	0.06305313110351562,	0.04958343505859375
5337862500.0,	0.06479263305664062,	0.048877716064453125
5337900000.0,	0.06294631958007812,	0.049800872802734375
5337937500.0,	0.06470489501953125,	0.047763824462890625
5337975000.0,	0.06453704833984375,	0.048854827880859375
5338012500.0,	0.06514739990234375,	0.047374725341796875
5338050000.0,	0.06224822998046875,	0.047344207763671875
5338087500.0,	0.0634765625,	0.048290252685546875
5338125000.0,	0.06589508056640625,	0.045989990234375
5338162500.0,	0.062191009521484375,	0.047550201416015625
5338200000.0,	0.06404876708984375,	0.0466766357421875
5338237500.0,	0.06121635437011719,	0.04788970947265625
5338275000.0,	0.062286376953125,	0.04619598388671875
5338312500.0,	0.060405731201171875,	0.04516410827636719
5338350000.0,	0.06232261657714844,	0.047611236572265625
5338387500.0,	0.06065940856933594,	0.04623222351074219
5338425000.0,	0.06222343444824219,	0.048831939697265625
5338462500.0,	0.06095123291015625,	0.047389984130859375
5338500000.0,	0.06231117248535156,	0.047130584716796875
5338537500.0,	0.060810089111328125,	0.046230316162109375
5338575000.0,	0.06312942504882812,	0.045955657958984375
5338612500.0,	0.06055450439453125,	0.04757118225097656
5338650000.0,	0.0625457763671875,	0.04325103759765625
5338687500.0,	0.06202507019042969,	0.045413970947265625
5338725000.0,	0.0623016357421875,	0.04476356506347656
5338762500.0,	0.06162452697753906,	0.0440216064453125
5338800000.0,	0.061809539794921875,	0.04475975036621094
5338837500.0,	0.06425857543945312,	0.044567108154296875
5338875000.0,	0.06204986572265625,	0.04477691650390625
5338912500.0,	0.06239128112792969,	0.044322967529296875
5338950000.0,	0.06277084350585938,	0.044307708740234375
5338987500.0,	0.062290191650390625,	0.04335975646972656
5339025000.0,	0.062255859375,	0.04461860656738281
5339062500.0,	0.06138420104980469,	0.044158935546875
5339100000.0,	0.062530517578125,	0.043216705322265625
5339137500.0,	0.06316757202148438,	0.043727874755859375
5339175000.0,	0.06276702880859375,	0.044002532958984375
5339212500.0,	0.06181526184082031,	0.04596138000488281
5339250000.0,	0.0594329833984375,	0.041545867919921875
5339287500.0,	0.062957763671875,	0.04390716552734375
5339325000.0,	0.0605010986328125,	0.04229736328125
5339362500.0,	0.06117820739746094,	0.0419464111328125
5339400000.0,	0.06037330627441406,	0.041736602783203125
5339437500.0,	0.06050300598144531,	0.04102134704589844
5339475000.0,	0.0607147216796875,	0.0417633056640625
5339512500.0,	0.06142997741699219,	0.042064666748046875
5339550000.0,	0.06063079833984375,	0.04392433166503906
5339587500.0,	0.0594940185546875,	0.04118156433105469
5339625000.0,	0.060619354248046875,	0.04243278503417969
5339662500.0,	0.06072235107421875,	0.0428466796875
5339700000.0,	0.06239509582519531,	0.041088104248046875
5339737500.0,	0.06082725524902344,	0.040493011474609375
5339775000.0,	0.06127357482910156,	0.04177284240722656
5339812500.0,	0.060089111328125,	0.04042625427246094
5339850000.0,	0.061115264892578125,	0.04089546203613281
5339887500.0,	0.05984306335449219,	0.04279327392578125
5339925000.0,	0.060375213623046875,	0.04065513610839844
5339962500.0,	0.05722236633300781,	0.03866767883300781
5340000000.0,	0.06135368347167969,	0.03997230529785156
5340037500.0,	0.0606231689453125,	0.0387115478515625
5340075000.0,	0.0597686767578125,	0.03906822204589844
5340112500.0,	0.05876731872558594,	0.0417938232421875
5340150000.0,	0.058269500732421875,	0.04114723205566406
5340187500.0,	0.06004524230957031,	0.03920173645019531
5340225000.0,	0.05817413330078125,	0.03948020935058594
5340262500.0,	0.058010101318359375,	0.03938484191894531
5340300000.0,	0.05771446228027344,	0.03838157653808594
5340337500.0,	0.05837440490722656,	0.035861968994140625
5340375000.0,	0.0571136474609375,	0.03726768493652344
5340412500.0,	0.05819892883300781,	0.03845024108886719
5340450000.0,	0.05868721008300781,	0.03629302978515625
5340487500.0,	0.05546760559082031,	0.03873252868652344
5340525000.0,	0.05673408508300781,	0.036006927490234375
5340562500.0,	0.05750846862792969,	0.03678703308105469
5340600000.0,	0.05780982971191406,	0.036273956298828125
5340637500.0,	0.05530548095703125,	0.03638267517089844
5340675000.0,	0.056884765625,	0.038639068603515625
5340712500.0,	0.05747413635253906,	0.03631782531738281
5340750000.0,	0.05481529235839844,	0.0370025634765625
5340787500.0,	0.057590484619140625,	0.03707122802734375
5340825000.0,	0.0547943115234375,	0.032917022705078125
5340862500.0,	0.056316375732421875,	0.035045623779296875
5340900000.0,	0.05521965026855469,	0.03653717041015625
5340937500.0,	0.05441093444824219,	0.0355987548828125
5340975000.0,	0.057254791259765625,	0.03585624694824219
5341012500.0,	0.055206298828125,	0.036998748779296875
5341050000.0,	0.054767608642578125,	0.03396034240722656
5341087500.0,	0.05434417724609375,	0.03436470031738281
5341125000.0,	0.05445671081542969,	0.033100128173828125
5341162500.0,	0.05221748352050781,	0.0321502685546875
5341200000.0,	0.05512046813964844,	0.03151702880859375
5341237500.0,	0.055507659912109375,	0.033573150634765625
5341275000.0,	0.055694580078125,	0.03217124938964844
5341312500.0,	0.05235099792480469,	0.03267669677734375
5341350000.0,	0.053417205810546875,	0.03464698791503906
5341387500.0,	0.05316162109375,	0.03193092346191406
5341425000.0,	0.05170631408691406,	0.030782699584960938
5341462500.0,	0.05085563659667969,	0.03221893310546875
5341500000.0,	0.050357818603515625,	0.03260040283203125
5341537500.0,	0.049785614013671875,	0.031122207641601562
5341575000.0,	0.051929473876953125,	0.030984878540039062
5341612500.0,	0.04929924011230469,	0.030687332153320312
5341650000.0,	0.05026054382324219,	0.03240776062011719
5341687500.0,	0.04978179931640625,	0.0298309326171875
5341725000.0,	0.05267524719238281,	0.031513214111328125
5341762500.0,	0.04825019836425781,	0.029937744140625
5341800000.0,	0.04710578918457031,	0.030269622802734375
5341837500.0,	0.05013084411621094,	0.030195236206054688
5341875000.0,	0.04741096496582031,	0.029012680053710938
5341912500.0,	0.047698974609375,	0.027799606323242188
5341950000.0,	0.04556846618652344,	0.028467178344726562
5341987500.0,	0.04585838317871094,	0.0279083251953125
5342025000.0,	0.04571342468261719,	0.028509140014648438
5342062500.0,	0.04384803771972656,	0.02727508544921875
5342100000.0,	0.04470252990722656,	0.027696609497070312
5342137500.0,	0.043483734130859375,	0.026460647583007812
5342175000.0,	0.04630470275878906,	0.026691436767578125
5342212500.0,	0.04419708251953125,	0.028493881225585938
5342250000.0,	0.04421234130859375,	0.024774551391601562
5342287500.0,	0.043949127197265625,	0.025529861450195312
5342325000.0,	0.043109893798828125,	0.02685546875
5342362500.0,	0.04082298278808594,	0.02579498291015625
5342400000.0,	0.04194068908691406,	0.02593994140625
5342437500.0,	0.039928436279296875,	0.024261474609375
5342475000.0,	0.03988075256347656,	0.026103973388671875
5342512500.0,	0.04028511047363281,	0.026006698608398438
5342550000.0,	0.03871917724609375,	0.022602081298828125
5342587500.0,	0.03665924072265625,	0.025987625122070312
5342625000.0,	0.034915924072265625,	0.0246429443359375
5342662500.0,	0.035518646240234375,	0.022735595703125
5342700000.0,	0.03630828857421875,	0.022756576538085938
5342737500.0,	0.03433990478515625,	0.024560928344726562
5342775000.0,	0.033233642578125,	0.022890090942382812
5342812500.0,	0.03442192077636719,	0.024173736572265625
5342850000.0,	0.03322792053222656,	0.02203369140625
5342887500.0,	0.030427932739257812,	0.020395278930664062
5342925000.0,	0.03182411193847656,	0.021684646606445312
5342962500.0,	0.028525352478027344,	0.022133827209472656
5343000000.0,	0.030042648315429688,	0.023337364196777344
5343037500.0,	0.026503562927246094,	0.02044677734375
5343075000.0,	0.025844573974609375,	0.020560264587402344
5343112500.0,	0.025396347045898438,	0.02232646942138672
5343150000.0,	0.027892112731933594,	0.0220184326171875
5343187500.0,	0.02165699005126953,	0.02041149139404297
5343225000.0,	0.02210521697998047,	0.021192550659179688
5343262500.0,	0.020778656005859375,	0.02146625518798828
5343300000.0,	0.022762298583984375,	0.021620750427246094
5343337500.0,	0.0200958251953125,	0.0230712890625
5343375000.0,	0.01887035369873047,	0.023545265197753906
5343412500.0,	0.01654529571533203,	0.02090930938720703
5343450000.0,	0.015162467956542969,	0.021892547607421875
5343487500.0,	0.015414237976074219,	0.02050495147705078
5343525000.0,	0.01172637939453125,	0.022470474243164062
5343562500.0,	0.011768341064453125,	0.02093505859375
5343600000.0,	0.01033782958984375,	0.023421287536621094
5343637500.0,	0.006893157958984375,	0.023253440856933594
5343675000.0,	0.005629539489746094,	0.02267742156982422
5343712500.0,	0.0057735443115234375,	0.02576732635498047
5343750000.0,	0.004207611083984375,	0.024812698364257812
5343787500.0,	0.0019464492797851562,	0.024483680725097656
5343825000.0,	-0.0003376007080078125,	0.02421283721923828
5343862500.0,	-0.0007877349853515625,	0.026506423950195312
5343900000.0,	-0.004263877868652344,	0.029850006103515625
5343937500.0,	-0.005063056945800781,	0.02878856658935547
5343975000.0,	-0.00780487060546875,	0.02978515625
5344012500.0,	-0.008240699768066406,	0.030750274658203125
5344050000.0,	-0.01088714599609375,	0.029634475708007812
5344087500.0,	-0.01226806640625,	0.034458160400390625
5344125000.0,	-0.013729095458984375,	0.03619194030761719
5344162500.0,	-0.01572418212890625,	0.037845611572265625
5344200000.0,	-0.019521713256835938,	0.03793907165527344
5344237500.0,	-0.02118682861328125,	0.03922080993652344
5344275000.0,	-0.019109725952148438,	0.042896270751953125
5344312500.0,	-0.020984649658203125,	0.04414558410644531
5344350000.0,	-0.024290084838867188,	0.048091888427734375
5344387500.0,	-0.025121688842773438,	0.04908561706542969
5344425000.0,	-0.027338027954101562,	0.05266571044921875
5344462500.0,	-0.029623031616210938,	0.05021858215332031
5344500000.0,	-0.030637741088867188,	0.05592918395996094
5344537500.0,	-0.029798507690429688,	0.05823326110839844
5344575000.0,	-0.032955169677734375,	0.06253814697265625
5344612500.0,	-0.03227996826171875,	0.06563186645507812
5344650000.0,	-0.0331878662109375,	0.06633758544921875
5344687500.0,	-0.033908843994140625,	0.07269287109375
5344725000.0,	-0.0310821533203125,	0.07523727416992188
5344762500.0,	-0.033985137939453125,	0.07712173461914062
5344800000.0,	-0.03125762939453125,	0.08115386962890625
5344837500.0,	-0.031024932861328125,	0.08411788940429688
5344875000.0,	-0.029453277587890625,	0.08669662475585938
5344912500.0,	-0.030117034912109375,	0.09140396118164062
5344950000.0,	-0.0309295654296875,	0.09318923950195312
5344987500.0,	-0.0279541015625,	0.096771240234375
5345025000.0,	-0.025634765625,	0.10092926025390625
5345062500.0,	-0.025966644287109375,	0.10197067260742188
5345100000.0,	-0.025135040283203125,	0.10497665405273438
5345137500.0,	-0.0221405029296875,	0.10732650756835938
5345175000.0,	-0.020839691162109375,	0.11018753051757812
5345212500.0,	-0.0174407958984375,	0.11241912841796875
5345250000.0,	-0.015056610107421875,	0.1136016845703125
5345287500.0,	-0.0153350830078125,	0.115966796875
5345325000.0,	-0.01287841796875,	0.1185455322265625
5345362500.0,	-0.010715484619140625,	0.11983871459960938
5345400000.0,	-0.0062255859375,	0.12142181396484375
5345437500.0,	-0.00626373291015625,	0.12255477905273438
5345475000.0,	-0.00518798828125,	0.1251373291015625
5345512500.0,	-0.0022735595703125,	0.12622833251953125
5345550000.0,	0.0022430419921875,	0.12735748291015625
5345587500.0,	0.00383758544921875,	0.128997802734375
5345625000.0,	0.00634765625,	0.128143310546875
5345662500.0,	0.00881195068359375,	0.12969970703125
5345700000.0,	0.01090240478515625,	0.1303253173828125
5345737500.0,	0.01287078857421875,	0.12957000732421875
5345775000.0,	0.01540374755859375,	0.13179779052734375
5345812500.0,	0.0146636962890625,	0.1319732666015625
5345850000.0,	0.0197906494140625,	0.13156890869140625
5345887500.0,	0.02099609375,	0.13146209716796875
5345925000.0,	0.0215606689453125,	0.131744384765625
5345962500.0,	0.0269927978515625,	0.13390350341796875
5346000000.0,	0.02695465087890625,	0.13275146484375
5346037500.0,	0.0306549072265625,	0.131439208984375
5346075000.0,	0.02899932861328125,	0.1325225830078125
5346112500.0,	0.0333709716796875,	0.131072998046875
5346150000.0,	0.03569793701171875,	0.13005828857421875
5346187500.0,	0.03931427001953125,	0.12964630126953125
5346225000.0,	0.03868865966796875,	0.12801361083984375
5346262500.0,	0.04114532470703125,	0.13037109375
5346300000.0,	0.04193115234375,	0.12841033935546875
5346337500.0,	0.04508209228515625,	0.1274566650390625
5346375000.0,	0.044464111328125,	0.1303863525390625
5346412500.0,	0.04541778564453125,	0.12587738037109375
5346450000.0,	0.046722412109375,	0.12557220458984375
5346487500.0,	0.047027587890625,	0.12464141845703125
5346525000.0,	0.04994964599609375,	0.12392425537109375
5346562500.0,	0.05059051513671875,	0.12574005126953125
5346600000.0,	0.050807952880859375,	0.12328720092773438
5346637500.0,	0.0511932373046875,	0.12264633178710938
5346675000.0,	0.05272674560546875,	0.12233734130859375
5346712500.0,	0.0530242919921875,	0.12131881713867188
5346750000.0,	0.05614471435546875,	0.12087631225585938
5346787500.0,	0.056636810302734375,	0.12047195434570312
5346825000.0,	0.0572662353515625,	0.1195220947265625
5346862500.0,	0.058383941650390625,	0.11915206909179688
5346900000.0,	0.057491302490234375,	0.11879730224609375
5346937500.0,	0.059635162353515625,	0.11835479736328125
5346975000.0,	0.0598602294921875,	0.116119384765625
5347012500.0,	0.063751220703125,	0.11436080932617188
5347050000.0,	0.06410598754882812,	0.116455078125
5347087500.0,	0.061168670654296875,	0.11595535278320312
5347125000.0,	0.06301498413085938,	0.11278152465820312
5347162500.0,	0.06256103515625,	0.11390304565429688
5347200000.0,	0.06510162353515625,	0.11307525634765625
5347237500.0,	0.06525039672851562,	0.11330413818359375
5347275000.0,	0.06638717651367188,	0.11207962036132812
5347312500.0,	0.06509017944335938,	0.11261367797851562
5347350000.0,	0.0670928955078125,	0.11124801635742188
5347387500.0,	0.06788253784179688,	0.11220932006835938
5347425000.0,	0.06642532348632812,	0.10867691040039062
5347462500.0,	0.06655502319335938,	0.10907363891601562
5347500000.0,	0.065704345703125,	0.10850143432617188
5347537500.0,	0.06792831420898438,	0.10796356201171875
5347575000.0,	0.06809616088867188,	0.10622406005859375
5347612500.0,	0.06945037841796875,	0.1048126220703125
5347650000.0,	0.07069015502929688,	0.10680389404296875
5347687500.0,	0.070281982421875,	0.10366058349609375
5347725000.0,	0.07064437866210938,	0.10430908203125
5347762500.0,	0.07191085815429688,	0.10491180419921875
5347800000.0,	0.07144546508789062,	0.10366058349609375
5347837500.0,	0.07294082641601562,	0.103515625
5347875000.0,	0.07345199584960938,	0.10409927368164062
5347912500.0,	0.07300567626953125,	0.10239791870117188
5347950000.0,	0.072662353515625,	0.10114669799804688
5347987500.0,	0.0716552734375,	0.1029510498046875
5348025000.0,	0.07355499267578125,	0.1006317138671875
5348062500.0,	0.07403945922851562,	0.098907470703125
5348100000.0,	0.07448196411132812,	0.1000213623046875
5348137500.0,	0.07424163818359375,	0.10164260864257812
5348175000.0,	0.07492446899414062,	0.10027694702148438
5348212500.0,	0.07432937622070312,	0.10103607177734375
5348250000.0,	0.07459640502929688,	0.09981918334960938
5348287500.0,	0.07377243041992188,	0.09751510620117188
5348325000.0,	0.07480239868164062,	0.09666824340820312
5348362500.0,	0.07794189453125,	0.09680938720703125
5348400000.0,	0.0748748779296875,	0.09540939331054688
5348437500.0,	0.07400131225585938,	0.09495162963867188
5348475000.0,	0.0755615234375,	0.094451904296875
5348512500.0,	0.07478713989257812,	0.09667587280273438
5348550000.0,	0.0750732421875,	0.09371566772460938
5348587500.0,	0.07524871826171875,	0.09511566162109375
5348625000.0,	0.07522201538085938,	0.0946502685546875
5348662500.0,	0.07792282104492188,	0.0926971435546875
5348700000.0,	0.07503509521484375,	0.09459304809570312
5348737500.0,	0.0774993896484375,	0.09379196166992188
5348775000.0,	0.07753372192382812,	0.090576171875
5348812500.0,	0.077117919921875,	0.09315872192382812
5348850000.0,	0.07590866088867188,	0.0914764404296875
5348887500.0,	0.07654571533203125,	0.093414306640625
5348925000.0,	0.07594680786132812,	0.09140777587890625
5348962500.0,	0.07861709594726562,	0.09259033203125
5349000000.0,	0.07773971557617188,	0.08963775634765625
5349037500.0,	0.0785369873046875,	0.08854293823242188
5349075000.0,	0.0782623291015625,	0.0891876220703125
5349112500.0,	0.07712173461914062,	0.09014511108398438
5349150000.0,	0.07931900024414062,	0.08730697631835938
5349187500.0,	0.07786941528320312,	0.090667724609375
5349225000.0,	0.07823944091796875,	0.08982086181640625
5349262500.0,	0.07732391357421875,	0.08930587768554688
5349300000.0,	0.07723236083984375,	0.08868026733398438
5349337500.0,	0.078887939453125,	0.08833694458007812
5349375000.0,	0.078033447265625,	0.08611679077148438
5349412500.0,	0.07927322387695312,	0.08772659301757812
5349450000.0,	0.079193115234375,	0.08761978149414062
5349487500.0,	0.07652664184570312,	0.08806610107421875
5349525000.0,	0.07718658447265625,	0.08715438842773438
5349562500.0,	0.07842636108398438,	0.08601760864257812
5349600000.0,	0.07944869995117188,	0.08701324462890625
5349637500.0,	0.07712936401367188,	0.0847625732421875
5349675000.0,	0.07995986938476562,	0.084320068359375
5349712500.0,	0.07910919189453125,	0.08334732055664062
5349750000.0,	0.08121871948242188,	0.0836334228515625
5349787500.0,	0.08070755004882812,	0.08442306518554688
5349825000.0,	0.07916259765625,	0.08333206176757812
5349862500.0,	0.07932662963867188,	0.08319091796875
5349900000.0,	0.08013534545898438,	0.0831756591796875
5349937500.0,	0.07876205444335938,	0.0834503173828125
5349975000.0,	0.07979202270507812,	0.0828857421875
5350012500.0,	0.07935714721679688,	0.08441925048828125
5350050000.0,	0.0804290771484375,	0.0827789306640625
5350087500.0,	0.07809829711914062,	0.08282470703125
5350125000.0,	0.0782318115234375,	0.08209609985351562
5350162500.0,	0.07822418212890625,	0.080078125
5350200000.0,	0.07763671875,	0.08256912231445312
5350237500.0,	0.07912063598632812,	0.08144760131835938
5350275000.0,	0.07846450805664062,	0.0793304443359375
5350312500.0,	0.07794952392578125,	0.08054351806640625
5350350000.0,	0.07965087890625,	0.07900619506835938
5350387500.0,	0.08085250854492188,	0.07933807373046875
5350425000.0,	0.07947540283203125,	0.0801544189453125
5350462500.0,	0.08013153076171875,	0.0789031982421875
5350500000.0,	0.07867431640625,	0.08087539672851562
5350537500.0,	0.07977676391601562,	0.07748794555664062
5350575000.0,	0.080322265625,	0.07751846313476562
5350612500.0,	0.07989120483398438,	0.07818603515625
5350650000.0,	0.07759475708007812,	0.0766448974609375
5350687500.0,	0.08041763305664062,	0.07938003540039062
5350725000.0,	0.08023834228515625,	0.07989120483398438
5350762500.0,	0.07927322387695312,	0.08000564575195312
5350800000.0,	0.07640457153320312,	0.07945632934570312
5350837500.0,	0.0807647705078125,	0.07532882690429688
5350875000.0,	0.07819366455078125,	0.07666397094726562
5350912500.0,	0.08157730102539062,	0.0775146484375
5350950000.0,	0.07913970947265625,	0.07720947265625
5350987500.0,	0.08156967163085938,	0.07553863525390625
5351025000.0,	0.08081817626953125,	0.07677078247070312
5351062500.0,	0.08120346069335938,	0.0759124755859375
5351100000.0,	0.07898330688476562,	0.07714080810546875
5351137500.0,	0.08127212524414062,	0.07598876953125
5351175000.0,	0.07976150512695312,	0.07515335083007812
5351212500.0,	0.07867050170898438,	0.07445144653320312
5351250000.0,	0.08098983764648438,	0.07480621337890625
5351287500.0,	0.07847213745117188,	0.07478713989257812
5351325000.0,	0.07902908325195312,	0.07606887817382812
5351362500.0,	0.08119583129882812,	0.07464599609375
5351400000.0,	0.07859420776367188,	0.07519912719726562
5351437500.0,	0.07861328125,	0.073760986328125
5351475000.0,	0.07876205444335938,	0.07482528686523438
5351512500.0,	0.07732009887695312,	0.07366943359375
5351550000.0,	0.08039474487304688,	0.07259368896484375
5351587500.0,	0.07991790771484375,	0.07508468627929688
5351625000.0,	0.08066940307617188,	0.0732421875
5351662500.0,	0.07989883422851562,	0.07426834106445312
5351700000.0,	0.07914352416992188,	0.0743560791015625
5351737500.0,	0.0801544189453125,	0.07405471801757812
5351775000.0,	0.08057022094726562,	0.07235336303710938
5351812500.0,	0.07904052734375,	0.07511138916015625
5351850000.0,	0.08191299438476562,	0.07482528686523438
5351887500.0,	0.07920074462890625,	0.06995773315429688
5351925000.0,	0.080322265625,	0.07269668579101562
5351962500.0,	0.07956695556640625,	0.07350540161132812
5352000000.0,	0.0791168212890625,	0.07338714599609375
5352037500.0,	0.0789642333984375,	0.07050704956054688
5352075000.0,	0.07713699340820312,	0.07159805297851562
5352112500.0,	0.07850265502929688,	0.0727386474609375
5352150000.0,	0.08028030395507812,	0.07355117797851562
5352187500.0,	0.08158493041992188,	0.07047271728515625
5352225000.0,	0.07878875732421875,	0.07383346557617188
5352262500.0,	0.07899093627929688,	0.07114028930664062
5352300000.0,	0.07949066162109375,	0.07073211669921875
5352337500.0,	0.08095932006835938,	0.07108688354492188
5352375000.0,	0.08116912841796875,	0.07147598266601562
5352412500.0,	0.0788116455078125,	0.07032012939453125
5352450000.0,	0.07913589477539062,	0.07137680053710938
5352487500.0,	0.07822799682617188,	0.07126617431640625
5352525000.0,	0.07796096801757812,	0.06927108764648438
5352562500.0,	0.07985305786132812,	0.07012939453125
5352600000.0,	0.07765960693359375,	0.0717010498046875
5352637500.0,	0.08005523681640625,	0.06977081298828125
5352675000.0,	0.07993698120117188,	0.068756103515625
5352712500.0,	0.07927703857421875,	0.07081985473632812
5352750000.0,	0.07888031005859375,	0.07039642333984375
5352787500.0,	0.07839202880859375,	0.06925582885742188
5352825000.0,	0.0806732177734375,	0.06988906860351562
5352862500.0,	0.07872772216796875,	0.06989669799804688
5352900000.0,	0.079498291015625,	0.07160186767578125
5352937500.0,	0.0785064697265625,	0.06783676147460938
5352975000.0,	0.07726287841796875,	0.06932449340820312
5353012500.0,	0.0800018310546875,	0.07033157348632812
5353050000.0,	0.07883453369140625,	0.06827926635742188
5353087500.0,	0.0803375244140625,	0.06900405883789062
5353125000.0,	0.07656478881835938,	0.07004928588867188
5353162500.0,	0.0781707763671875,	0.06628036499023438
5353200000.0,	0.0784759521484375,	0.070556640625
5353237500.0,	0.07870864868164062,	0.0712432861328125
5353275000.0,	0.07823562622070312,	0.06810760498046875
5353312500.0,	0.07977676391601562,	0.0706024169921875
5353350000.0,	0.07678604125976562,	0.06707000732421875
5353387500.0,	0.07958984375,	0.06715011596679688
5353425000.0,	0.07844161987304688,	0.06830596923828125
5353462500.0,	0.07809066772460938,	0.06774520874023438
5353500000.0,	0.07732009887695312,	0.0677337646484375
5353537500.0,	0.07850265502929688,	0.06787109375
5353575000.0,	0.07996368408203125,	0.06840896606445312
5353612500.0,	0.07651901245117188,	0.06842041015625
5353650000.0,	0.078887939453125,	0.06864166259765625
5353687500.0,	0.07797622680664062,	0.06758499145507812
5353725000.0,	0.077880859375,	0.0670166015625
5353762500.0,	0.07964324951171875,	0.0692596435546875
5353800000.0,	0.08067703247070312,	0.06609725952148438
5353837500.0,	0.07753372192382812,	0.06711196899414062
5353875000.0,	0.07865142822265625,	0.064849853515625
5353912500.0,	0.07949066162109375,	0.06735610961914062
5353950000.0,	0.0794677734375,	0.06644439697265625
5353987500.0,	0.07846450805664062,	0.06663131713867188
5354025000.0,	0.07950592041015625,	0.06543731689453125
5354062500.0,	0.077362060546875,	0.06805038452148438
5354100000.0,	0.07913970947265625,	0.06640243530273438
5354137500.0,	0.07752227783203125,	0.06666183471679688
5354175000.0,	0.08007049560546875,	0.06810760498046875
5354212500.0,	0.07689666748046875,	0.06502151489257812
5354250000.0,	0.07790756225585938,	0.0657958984375
5354287500.0,	0.0779876708984375,	0.06627273559570312
5354325000.0,	0.0779571533203125,	0.06620407104492188
5354362500.0,	0.07912063598632812,	0.06461334228515625
5354400000.0,	0.07764053344726562,	0.06357574462890625
5354437500.0,	0.07739639282226562,	0.06590652465820312
5354475000.0,	0.079132080078125,	0.06641006469726562
5354512500.0,	0.0774078369140625,	0.06442642211914062
5354550000.0,	0.07721710205078125,	0.06309127807617188
5354587500.0,	0.07743453979492188,	0.0660858154296875
5354625000.0,	0.0764007568359375,	0.06482696533203125
5354662500.0,	0.077178955078125,	0.06592559814453125
5354700000.0,	0.0767974853515625,	0.06446075439453125
5354737500.0,	0.07938003540039062,	0.06320953369140625
5354775000.0,	0.07897567749023438,	0.0645599365234375
5354812500.0,	0.07738876342773438,	0.062496185302734375
5354850000.0,	0.07866668701171875,	0.06380462646484375
5354887500.0,	0.07853317260742188,	0.06435012817382812
5354925000.0,	0.07563400268554688,	0.06383895874023438
5354962500.0,	0.07709503173828125,	0.06420135498046875
5355000000.0,	0.07831573486328125,	0.06299209594726562
5355037500.0,	0.07719039916992188,	0.0626983642578125
5355075000.0,	0.07953643798828125,	0.06525421142578125
5355112500.0,	0.07764053344726562,	0.0643463134765625
5355150000.0,	0.0785369873046875,	0.06466293334960938
5355187500.0,	0.07820892333984375,	0.06320571899414062
5355225000.0,	0.07882308959960938,	0.06341171264648438
5355262500.0,	0.07732009887695312,	0.06150054931640625
5355300000.0,	0.07714080810546875,	0.062175750732421875
5355337500.0,	0.078460693359375,	0.06257247924804688
5355375000.0,	0.07899856567382812,	0.0649261474609375
5355412500.0,	0.07812118530273438,	0.06346893310546875
5355450000.0,	0.0782623291015625,	0.06409072875976562
5355487500.0,	0.07866287231445312,	0.06344985961914062
5355525000.0,	0.07747650146484375,	0.0612335205078125
5355562500.0,	0.07725143432617188,	0.06219482421875
5355600000.0,	0.07670211791992188,	0.06347274780273438
5355637500.0,	0.077178955078125,	0.061206817626953125
5355675000.0,	0.07883453369140625,	0.062076568603515625
5355712500.0,	0.07805252075195312,	0.06032562255859375
5355750000.0,	0.0776824951171875,	0.06209564208984375
5355787500.0,	0.07574081420898438,	0.06110382080078125
5355825000.0,	0.0749664306640625,	0.061920166015625
5355862500.0,	0.07791900634765625,	0.06119537353515625
5355900000.0,	0.07809829711914062,	0.06294631958007812
5355937500.0,	0.075927734375,	0.0625
5355975000.0,	0.07658767700195312,	0.06375503540039062
5356012500.0,	0.0749969482421875,	0.061481475830078125
5356050000.0,	0.07616424560546875,	0.06322479248046875
5356087500.0,	0.076751708984375,	0.06101226806640625
5356125000.0,	0.07769775390625,	0.0621490478515625
5356162500.0,	0.0778961181640625,	0.064361572265625
5356200000.0,	0.07463455200195312,	0.06269073486328125
5356237500.0,	0.07572555541992188,	0.06266403198242188
5356275000.0,	0.07616043090820312,	0.061153411865234375
5356312500.0,	0.07712554931640625,	0.06118011474609375
5356350000.0,	0.07522964477539062,	0.05924224853515625
5356387500.0,	0.075592041015625,	0.06231689453125
5356425000.0,	0.07759475708007812,	0.060939788818359375
5356462500.0,	0.07695388793945312,	0.061550140380859375
5356500000.0,	0.07563400268554688,	0.060546875
5356537500.0,	0.07636260986328125,	0.06279373168945312
5356575000.0,	0.07705307006835938,	0.061832427978515625
5356612500.0,	0.07631301879882812,	0.061481475830078125
5356650000.0,	0.07418441772460938,	0.061309814453125
5356687500.0,	0.07883453369140625,	0.06070709228515625
5356725000.0,	0.07502365112304688,	0.061313629150390625
5356762500.0,	0.07566070556640625,	0.06119537353515625
5356800000.0,	0.0772247314453125,	0.0599517822265625
5356837500.0,	0.07530593872070312,	0.061004638671875
5356875000.0,	0.0752410888671875,	0.0606231689453125
5356912500.0,	0.0753631591796875,	0.059467315673828125
5356950000.0,	0.07497024536132812,	0.060451507568359375
5356987500.0,	0.07610321044921875,	0.05858612060546875
5357025000.0,	0.07794189453125,	0.062297821044921875
5357062500.0,	0.07658767700195312,	0.059581756591796875
5357100000.0,	0.07558441162109375,	0.05867767333984375
5357137500.0,	0.07784271240234375,	0.057880401611328125
5357175000.0,	0.07623291015625,	0.060047149658203125
5357212500.0,	0.075103759765625,	0.059490203857421875
5357250000.0,	0.07568359375,	0.059017181396484375
5357287500.0,	0.07631683349609375,	0.06035614013671875
5357325000.0,	0.07513809204101562,	0.059780120849609375
5357362500.0,	0.07601165771484375,	0.0604400634765625
5357400000.0,	0.07432174682617188,	0.059619903564453125
5357437500.0,	0.07646942138671875,	0.059581756591796875
5357475000.0,	0.07506179809570312,	0.0612030029296875
5357512500.0,	0.07743453979492188,	0.05954742431640625
5357550000.0,	0.07735443115234375,	0.05908966064453125
5357587500.0,	0.0775604248046875,	0.060337066650390625
5357625000.0,	0.07798004150390625,	0.058460235595703125
5357662500.0,	0.07554244995117188,	0.06003570556640625
5357700000.0,	0.07799530029296875,	0.057861328125
5357737500.0,	0.07442855834960938,	0.05902099609375
5357775000.0,	0.07409286499023438,	0.057727813720703125
5357812500.0,	0.07477569580078125,	0.05762481689453125
5357850000.0,	0.07527923583984375,	0.058879852294921875
5357887500.0,	0.07520675659179688,	0.059413909912109375
5357925000.0,	0.07588958740234375,	0.057704925537109375
5357962500.0,	0.07649993896484375,	0.05877685546875
5358000000.0,	0.07502365112304688,	0.057880401611328125
5358037500.0,	0.07495880126953125,	0.05825042724609375
5358075000.0,	0.07358551025390625,	0.057392120361328125
5358112500.0,	0.07523345947265625,	0.060527801513671875
5358150000.0,	0.07518386840820312,	0.05876922607421875
5358187500.0,	0.07615280151367188,	0.058643341064453125
5358225000.0,	0.07403182983398438,	0.0586395263671875
5358262500.0,	0.07483291625976562,	0.06006622314453125
5358300000.0,	0.07280731201171875,	0.056423187255859375
5358337500.0,	0.07561492919921875,	0.05768585205078125
5358375000.0,	0.07425308227539062,	0.05950927734375
5358412500.0,	0.07408523559570312,	0.057071685791015625
5358450000.0,	0.07452011108398438,	0.05948638916015625
5358487500.0,	0.0769805908203125,	0.058807373046875
5358525000.0,	0.07503128051757812,	0.0592803955078125
5358562500.0,	0.07650375366210938,	0.058025360107421875
5358600000.0,	0.07310867309570312,	0.0566253662109375
5358637500.0,	0.07472610473632812,	0.058292388916015625
5358675000.0,	0.07445526123046875,	0.057163238525390625
5358712500.0,	0.0751190185546875,	0.057308197021484375
5358750000.0,	0.07300949096679688,	0.05574798583984375
5358787500.0,	0.07442092895507812,	0.05895233154296875
5358825000.0,	0.07407760620117188,	0.057811737060546875
5358862500.0,	0.072662353515625,	0.057598114013671875
5358900000.0,	0.075653076171875,	0.057369232177734375
5358937500.0,	0.07252120971679688,	0.0567626953125
5358975000.0,	0.07293701171875,	0.059154510498046875
5359012500.0,	0.07312393188476562,	0.0568084716796875
5359050000.0,	0.0736083984375,	0.057018280029296875
5359087500.0,	0.07548904418945312,	0.0581512451171875
5359125000.0,	0.07252883911132812,	0.05655670166015625
5359162500.0,	0.0726165771484375,	0.05687713623046875
5359200000.0,	0.07541275024414062,	0.057254791259765625
5359237500.0,	0.07305145263671875,	0.055507659912109375
5359275000.0,	0.07405853271484375,	0.056781768798828125
5359312500.0,	0.0726318359375,	0.056362152099609375
5359350000.0,	0.07269287109375,	0.056514739990234375
5359387500.0,	0.07314300537109375,	0.05702972412109375
5359425000.0,	0.07357025146484375,	0.05742645263671875
5359462500.0,	0.07413482666015625,	0.05736541748046875
5359500000.0,	0.07403564453125,	0.056247711181640625
5359537500.0,	0.0746307373046875,	0.05696868896484375
5359575000.0,	0.07336044311523438,	0.05858612060546875
5359612500.0,	0.0702972412109375,	0.05777740478515625
5359650000.0,	0.07269668579101562,	0.054904937744140625
5359687500.0,	0.0712738037109375,	0.055667877197265625
5359725000.0,	0.07406997680664062,	0.0559539794921875
5359762500.0,	0.07476043701171875,	0.056697845458984375
5359800000.0,	0.0742950439453125,	0.056011199951171875
5359837500.0,	0.0734710693359375,	0.057353973388671875
5359875000.0,	0.07147979736328125,	0.057613372802734375
5359912500.0,	0.07486343383789062,	0.05686187744140625
5359950000.0,	0.07278060913085938,	0.055210113525390625
5359987500.0,	0.0717315673828125,	0.05791473388671875
5360025000.0,	0.072845458984375,	0.055568695068359375
5360062500.0,	0.0735931396484375,	0.05615234375
5360100000.0,	0.07425689697265625,	0.055667877197265625
5360137500.0,	0.07086944580078125,	0.0560150146484375
5360175000.0,	0.07371139526367188,	0.056545257568359375
5360212500.0,	0.0760498046875,	0.05562591552734375
5360250000.0,	0.07274246215820312,	0.0550384521484375
5360287500.0,	0.07322311401367188,	0.054931640625
5360325000.0,	0.07391738891601562,	0.055286407470703125
5360362500.0,	0.0723876953125,	0.055629730224609375
5360400000.0,	0.07263946533203125,	0.054531097412109375
5360437500.0,	0.07248306274414062,	0.057109832763671875
5360475000.0,	0.07222747802734375,	0.056659698486328125
5360512500.0,	0.072113037109375,	0.058292388916015625
5360550000.0,	0.0728302001953125,	0.056957244873046875
5360587500.0,	0.07167816162109375,	0.05797576904296875
5360625000.0,	0.07237625122070312,	0.05611419677734375
5360662500.0,	0.07270431518554688,	0.05553436279296875
5360700000.0,	0.07297515869140625,	0.0535125732421875
5360737500.0,	0.07219696044921875,	0.05594635009765625
5360775000.0,	0.07300567626953125,	0.056255340576171875
5360812500.0,	0.07170867919921875,	0.0562591552734375
5360850000.0,	0.07086181640625,	0.055202484130859375
5360887500.0,	0.07044601440429688,	0.054622650146484375
5360925000.0,	0.07155990600585938,	0.05304718017578125
5360962500.0,	0.0706634521484375,	0.054279327392578125
5361000000.0,	0.07413864135742188,	0.054840087890625
5361037500.0,	0.07212066650390625,	0.056690216064453125
5361075000.0,	0.07157135009765625,	0.056415557861328125
5361112500.0,	0.07287979125976562,	0.054897308349609375
5361150000.0,	0.07117843627929688,	0.056781768798828125
5361187500.0,	0.0715789794921875,	0.055572509765625
5361225000.0,	0.07207107543945312,	0.057315826416015625
5361262500.0,	0.07395172119140625,	0.054805755615234375
5361300000.0,	0.07252883911132812,	0.05529022216796875
5361337500.0,	0.07232666015625,	0.055080413818359375
5361375000.0,	0.0712738037109375,	0.054622650146484375
5361412500.0,	0.0711669921875,	0.052478790283203125
5361450000.0,	0.07244873046875,	0.0566864013671875
5361487500.0,	0.07067108154296875,	0.055652618408203125
5361525000.0,	0.07196807861328125,	0.05609130859375
5361562500.0,	0.07218551635742188,	0.055706024169921875
5361600000.0,	0.07075881958007812,	0.05402374267578125
5361637500.0,	0.07094955444335938,	0.054981231689453125
5361675000.0,	0.07171249389648438,	0.0545806884765625
5361712500.0,	0.06986618041992188,	0.05515289306640625
5361750000.0,	0.07370758056640625,	0.05429840087890625
5361787500.0,	0.07123184204101562,	0.055797576904296875
5361825000.0,	0.07104110717773438,	0.054126739501953125
5361862500.0,	0.06989669799804688,	0.05332183837890625
5361900000.0,	0.07013320922851562,	0.0543365478515625
5361937500.0,	0.07277679443359375,	0.055728912353515625
5361975000.0,	0.07115936279296875,	0.053050994873046875
5362012500.0,	0.070068359375,	0.054840087890625
5362050000.0,	0.07305908203125,	0.054866790771484375
5362087500.0,	0.07007980346679688,	0.0540771484375
5362125000.0,	0.0717926025390625,	0.05492401123046875
5362162500.0,	0.06960678100585938,	0.055217742919921875
5362200000.0,	0.07001876831054688,	0.054798126220703125
5362237500.0,	0.07072067260742188,	0.05486297607421875
5362275000.0,	0.06882476806640625,	0.0542449951171875
5362312500.0,	0.07042312622070312,	0.054119110107421875
5362350000.0,	0.0700225830078125,	0.052906036376953125
5362387500.0,	0.07086181640625,	0.0543975830078125
5362425000.0,	0.072601318359375,	0.054168701171875
5362462500.0,	0.07050323486328125,	0.0532989501953125
5362500000.0,	0.07093048095703125,	0.054576873779296875
5362537500.0,	0.0700531005859375,	0.05438232421875
5362575000.0,	0.07041549682617188,	0.053050994873046875
5362612500.0,	0.0711212158203125,	0.052646636962890625
5362650000.0,	0.0676116943359375,	0.05237579345703125
5362687500.0,	0.06884765625,	0.05414581298828125
5362725000.0,	0.06897354125976562,	0.053966522216796875
5362762500.0,	0.070770263671875,	0.0540313720703125
5362800000.0,	0.06964492797851562,	0.053173065185546875
5362837500.0,	0.07110595703125,	0.054454803466796875
5362875000.0,	0.06967544555664062,	0.05471038818359375
5362912500.0,	0.07136154174804688,	0.053989410400390625
5362950000.0,	0.07235336303710938,	0.053882598876953125
5362987500.0,	0.07217788696289062,	0.053863525390625
5363025000.0,	0.07063674926757812,	0.051776885986328125
5363062500.0,	0.07121658325195312,	0.054347991943359375
5363100000.0,	0.0696563720703125,	0.05405426025390625
5363137500.0,	0.07095718383789062,	0.053009033203125
5363175000.0,	0.07112503051757812,	0.053958892822265625
5363212500.0,	0.07082748413085938,	0.0522308349609375
5363250000.0,	0.07202911376953125,	0.05348968505859375
5363287500.0,	0.06935882568359375,	0.05265045166015625
5363325000.0,	0.0717315673828125,	0.052211761474609375
5363362500.0,	0.0708160400390625,	0.053958892822265625
5363400000.0,	0.07131576538085938,	0.052722930908203125
5363437500.0,	0.0700225830078125,	0.0527496337890625
5363475000.0,	0.07147979736328125,	0.0520782470703125
5363512500.0,	0.06989288330078125,	0.05347442626953125
5363550000.0,	0.069305419921875,	0.0563507080078125
5363587500.0,	0.06817626953125,	0.053043365478515625
5363625000.0,	0.07097244262695312,	0.053043365478515625
5363662500.0,	0.0708770751953125,	0.05426025390625
5363700000.0,	0.068450927734375,	0.05236053466796875
5363737500.0,	0.06908035278320312,	0.0540924072265625
5363775000.0,	0.07021331787109375,	0.05396270751953125
5363812500.0,	0.07108306884765625,	0.0528106689453125
5363850000.0,	0.0686187744140625,	0.05568695068359375
5363887500.0,	0.07123184204101562,	0.0543365478515625
5363925000.0,	0.068939208984375,	0.0522003173828125
5363962500.0,	0.07226943969726562,	0.053314208984375
5364000000.0,	0.06984329223632812,	0.052478790283203125
5364037500.0,	0.07055282592773438,	0.051204681396484375
5364075000.0,	0.07065582275390625,	0.05420684814453125
5364112500.0,	0.0710906982421875,	0.050731658935546875
5364150000.0,	0.06995391845703125,	0.053653717041015625
5364187500.0,	0.07096099853515625,	0.05431365966796875
5364225000.0,	0.0710906982421875,	0.0538787841796875
5364262500.0,	0.06747055053710938,	0.05242919921875
5364300000.0,	0.06962966918945312,	0.05364990234375
5364337500.0,	0.06943130493164062,	0.051239013671875
5364375000.0,	0.07175064086914062,	0.053005218505859375
5364412500.0,	0.070648193359375,	0.052837371826171875
5364450000.0,	0.07049942016601562,	0.05255126953125
5364487500.0,	0.07009506225585938,	0.054935455322265625
5364525000.0,	0.06849288940429688,	0.053619384765625
5364562500.0,	0.07065200805664062,	0.053066253662109375
5364600000.0,	0.07003402709960938,	0.05255126953125
5364637500.0,	0.06961441040039062,	0.052349090576171875
5364675000.0,	0.06926727294921875,	0.052814483642578125
5364712500.0,	0.06923294067382812,	0.052845001220703125
5364750000.0,	0.06956863403320312,	0.053478240966796875
5364787500.0,	0.0694732666015625,	0.053043365478515625
5364825000.0,	0.06840133666992188,	0.052616119384765625
5364862500.0,	0.07056808471679688,	0.05326080322265625
5364900000.0,	0.06940078735351562,	0.0510711669921875
5364937500.0,	0.0703887939453125,	0.053619384765625
5364975000.0,	0.06881332397460938,	0.052913665771484375
5365012500.0,	0.067657470703125,	0.053371429443359375
5365050000.0,	0.07201004028320312,	0.05382537841796875
5365087500.0,	0.06697463989257812,	0.05145263671875
5365125000.0,	0.06786727905273438,	0.05228424072265625
5365162500.0,	0.06911468505859375,	0.05236053466796875
5365200000.0,	0.06852340698242188,	0.052379608154296875
5365237500.0,	0.06967544555664062,	0.052982330322265625
5365275000.0,	0.06726837158203125,	0.05316925048828125
5365312500.0,	0.06816864013671875,	0.05255889892578125
5365350000.0,	0.066680908203125,	0.053157806396484375
5365387500.0,	0.0693511962890625,	0.052692413330078125
5365425000.0,	0.06992721557617188,	0.052341461181640625
5365462500.0,	0.06657028198242188,	0.052631378173828125
5365500000.0,	0.06993484497070312,	0.052379608154296875
5365537500.0,	0.06779098510742188,	0.05310821533203125
5365575000.0,	0.0684661865234375,	0.05312347412109375
5365612500.0,	0.06964492797851562,	0.054141998291015625
5365650000.0,	0.0707855224609375,	0.05188751220703125
5365687500.0,	0.069610595703125,	0.05092620849609375
5365725000.0,	0.06900405883789062,	0.0509490966796875
5365762500.0,	0.068603515625,	0.05206298828125
5365800000.0,	0.06860733032226562,	0.052928924560546875
5365837500.0,	0.06822586059570312,	0.052944183349609375
5365875000.0,	0.06653976440429688,	0.052700042724609375
5365912500.0,	0.06854629516601562,	0.052371978759765625
5365950000.0,	0.06937789916992188,	0.050205230712890625
5365987500.0,	0.06787109375,	0.052623748779296875
5366025000.0,	0.06824111938476562,	0.0531463623046875
5366062500.0,	0.06835556030273438,	0.051807403564453125
5366100000.0,	0.06618118286132812,	0.053508758544921875
5366137500.0,	0.06940841674804688,	0.049846649169921875
5366175000.0,	0.06941986083984375,	0.048831939697265625
5366212500.0,	0.06716156005859375,	0.0537567138671875
5366250000.0,	0.0650787353515625,	0.051235198974609375
5366287500.0,	0.06763458251953125,	0.05161285400390625
5366325000.0,	0.06670761108398438,	0.05272674560546875
5366362500.0,	0.06676101684570312,	0.05330657958984375
5366400000.0,	0.06853103637695312,	0.053684234619140625
5366437500.0,	0.06739044189453125,	0.052112579345703125
5366475000.0,	0.06590652465820312,	0.052074432373046875
5366512500.0,	0.06828689575195312,	0.051792144775390625
5366550000.0,	0.06840133666992188,	0.053958892822265625
5366587500.0,	0.06744766235351562,	0.05464935302734375
5366625000.0,	0.06851577758789062,	0.054500579833984375
5366662500.0,	0.06784820556640625,	0.05408477783203125
5366700000.0,	0.0695648193359375,	0.05062103271484375
5366737500.0,	0.06858062744140625,	0.052516937255859375
5366775000.0,	0.06984710693359375,	0.0546112060546875
5366812500.0,	0.06671905517578125,	0.053211212158203125
5366850000.0,	0.06524276733398438,	0.05065155029296875
5366887500.0,	0.06766510009765625,	0.05059814453125
5366925000.0,	0.0675811767578125,	0.053890228271484375
5366962500.0,	0.0677490234375,	0.0509796142578125
5367000000.0,	0.06713485717773438,	0.052005767822265625
5367037500.0,	0.06650924682617188,	0.0532073974609375
5367075000.0,	0.06914138793945312,	0.05208587646484375
5367112500.0,	0.06711959838867188,	0.05173492431640625
5367150000.0,	0.0678558349609375,	0.05230712890625
5367187500.0,	0.0676116943359375,	0.05171966552734375
5367225000.0,	0.06512069702148438,	0.053089141845703125
5367262500.0,	0.067169189453125,	0.053348541259765625
5367300000.0,	0.06556320190429688,	0.053375244140625
5367337500.0,	0.06735610961914062,	0.0522613525390625
5367375000.0,	0.06485366821289062,	0.04979705810546875
5367412500.0,	0.06797027587890625,	0.051815032958984375
5367450000.0,	0.06857681274414062,	0.053253173828125
5367487500.0,	0.06673812866210938,	0.050792694091796875
5367525000.0,	0.06636428833007812,	0.0516357421875
5367562500.0,	0.06750869750976562,	0.054454803466796875
5367600000.0,	0.06754684448242188,	0.049663543701171875
5367637500.0,	0.06623458862304688,	0.052639007568359375
5367675000.0,	0.06428146362304688,	0.05138397216796875
5367712500.0,	0.06818771362304688,	0.05246734619140625
5367750000.0,	0.06677627563476562,	0.0522308349609375
5367787500.0,	0.067626953125,	0.05283355712890625
5367825000.0,	0.06415557861328125,	0.051631927490234375
5367862500.0,	0.06473541259765625,	0.052143096923828125
5367900000.0,	0.06782913208007812,	0.052700042724609375
5367937500.0,	0.06796646118164062,	0.05181121826171875
5367975000.0,	0.06711578369140625,	0.052272796630859375
5368012500.0,	0.06793212890625,	0.05327606201171875
5368050000.0,	0.06720733642578125,	0.052089691162109375
5368087500.0,	0.06533050537109375,	0.0509796142578125
5368125000.0,	0.0679168701171875,	0.053485870361328125
5368162500.0,	0.06764984130859375,	0.050998687744140625
5368200000.0,	0.06801223754882812,	0.051517486572265625
5368237500.0,	0.06696701049804688,	0.050655364990234375
5368275000.0,	0.067840576171875,	0.05197906494140625
5368312500.0,	0.06557846069335938,	0.050785064697265625
5368350000.0,	0.06717681884765625,	0.051753997802734375
5368387500.0,	0.0664215087890625,	0.053157806396484375
5368425000.0,	0.06675338745117188,	0.05399322509765625
5368462500.0,	0.06994247436523438,	0.05303955078125
5368500000.0,	0.06716156005859375,	0.05272674560546875
5368537500.0,	0.06808090209960938,	0.054149627685546875
5368575000.0,	0.0663909912109375,	0.0513153076171875
5368612500.0,	0.06790542602539062,	0.05133819580078125
5368650000.0,	0.06667709350585938,	0.053813934326171875
5368687500.0,	0.06560516357421875,	0.05184173583984375
5368725000.0,	0.06686782836914062,	0.052829742431640625
5368762500.0,	0.06699752807617188,	0.049884796142578125
5368800000.0,	0.06624984741210938,	0.051422119140625
5368837500.0,	0.0671539306640625,	0.05123138427734375
5368875000.0,	0.06638336181640625,	0.0510406494140625
5368912500.0,	0.06708526611328125,	0.0522308349609375
5368950000.0,	0.06691741943359375,	0.051799774169921875
5368987500.0,	0.06402206420898438,	0.05290985107421875
5369025000.0,	0.066009521484375,	0.0513153076171875
5369062500.0,	0.06580352783203125,	0.05377197265625
5369100000.0,	0.0660400390625,	0.053974151611328125
5369137500.0,	0.06695175170898438,	0.053791046142578125
5369175000.0,	0.06509017944335938,	0.0523223876953125
5369212500.0,	0.0666046142578125,	0.052410125732421875
5369250000.0,	0.066802978515625,	0.0534515380859375
5369287500.0,	0.06690216064453125,	0.053203582763671875
5369325000.0,	0.06715011596679688,	0.05207061767578125
5369362500.0,	0.06689453125,	0.05246734619140625
5369400000.0,	0.06596755981445312,	0.052127838134765625
5369437500.0,	0.06485366821289062,	0.05220794677734375
5369475000.0,	0.06498336791992188,	0.053325653076171875
5369512500.0,	0.06704330444335938,	0.053691864013671875
5369550000.0,	0.06490707397460938,	0.052387237548828125
5369587500.0,	0.06356048583984375,	0.0520172119140625
5369625000.0,	0.06641006469726562,	0.05251312255859375
5369662500.0,	0.06676864624023438,	0.05326080322265625
5369700000.0,	0.06481552124023438,	0.051483154296875
5369737500.0,	0.06529998779296875,	0.054347991943359375
5369775000.0,	0.06322097778320312,	0.051311492919921875
5369812500.0,	0.06736373901367188,	0.052722930908203125
5369850000.0,	0.06633758544921875,	0.053577423095703125
5369887500.0,	0.06511306762695312,	0.05115509033203125
5369925000.0,	0.06819534301757812,	0.052173614501953125
5369962500.0,	0.066131591796875,	0.051464080810546875
5370000000.0,	0.06740570068359375,	0.052173614501953125
