5360018750.0,	0.07369232177734375,	0.054203033447265625
5360037500.0,	0.073883056640625,	0.056667327880859375
5360056250.0,	0.07204437255859375,	0.056995391845703125
5360075000.0,	0.072845458984375,	0.057575225830078125
5360093750.0,	0.07118988037109375,	0.05438995361328125
5360112500.0,	0.07104873657226562,	0.054859161376953125
5360131250.0,	0.07317733764648438,	0.054500579833984375
5360150000.0,	0.0708770751953125,	0.0566253662109375
5360168750.0,	0.0728607177734375,	0.056491851806640625
5360187500.0,	0.07279586791992188,	0.056110382080078125
5360206250.0,	0.07363128662109375,	0.056461334228515625
5360225000.0,	0.0720977783203125,	0.058094024658203125
5360243750.0,	0.07320022583007812,	0.054473876953125
5360262500.0,	0.07286453247070312,	0.055248260498046875
5360281250.0,	0.07187271118164062,	0.055713653564453125
5360300000.0,	0.07556915283203125,	0.058422088623046875
5360318750.0,	0.07250595092773438,	0.053760528564453125
5360337500.0,	0.07307052612304688,	0.0566864013671875
5360356250.0,	0.07200241088867188,	0.05504608154296875
5360375000.0,	0.07337570190429688,	0.0560302734375
5360393750.0,	0.07305526733398438,	0.057765960693359375
5360412500.0,	0.07344818115234375,	0.055908203125
5360431250.0,	0.0732574462890625,	0.056331634521484375
5360450000.0,	0.07244491577148438,	0.05612945556640625
5360468750.0,	0.07262802124023438,	0.055877685546875
5360487500.0,	0.07068252563476562,	0.054351806640625
5360506250.0,	0.07278060913085938,	0.054370880126953125
5360525000.0,	0.07288360595703125,	0.05551910400390625
5360543750.0,	0.07286453247070312,	0.055713653564453125
5360562500.0,	0.07080459594726562,	0.0561981201171875
5360581250.0,	0.0726318359375,	0.05698394775390625
5360600000.0,	0.07505035400390625,	0.055782318115234375
5360618750.0,	0.07355499267578125,	0.053951263427734375
5360637500.0,	0.07217788696289062,	0.0567169189453125
5360656250.0,	0.07207107543945312,	0.055027008056640625
5360675000.0,	0.07167434692382812,	0.054752349853515625
5360693750.0,	0.0717010498046875,	0.056369781494140625
5360712500.0,	0.07217025756835938,	0.0539093017578125
5360731250.0,	0.07371902465820312,	0.0537261962890625
5360750000.0,	0.07431793212890625,	0.05455780029296875
5360768750.0,	0.07215499877929688,	0.05475616455078125
5360787500.0,	0.07218170166015625,	0.053768157958984375
5360806250.0,	0.07195281982421875,	0.055057525634765625
5360825000.0,	0.07062530517578125,	0.056697845458984375
5360843750.0,	0.072845458984375,	0.054164886474609375
5360862500.0,	0.07297134399414062,	0.056713104248046875
5360881250.0,	0.0731658935546875,	0.05379486083984375
5360900000.0,	0.07065200805664062,	0.054996490478515625
5360918750.0,	0.0703887939453125,	0.0562591552734375
5360937500.0,	0.070526123046875,	0.05359649658203125
5360956250.0,	0.07330703735351562,	0.055133819580078125
5360975000.0,	0.07210922241210938,	0.055572509765625
5360993750.0,	0.07355117797851562,	0.05544281005859375
5361012500.0,	0.07189559936523438,	0.05486297607421875
5361031250.0,	0.07061386108398438,	0.0543060302734375
5361050000.0,	0.07010650634765625,	0.054149627685546875
5361068750.0,	0.07266998291015625,	0.058109283447265625
5361087500.0,	0.07221603393554688,	0.055362701416015625
5361106250.0,	0.0726165771484375,	0.05573272705078125
5361125000.0,	0.07079315185546875,	0.055423736572265625
5361143750.0,	0.07251739501953125,	0.055339813232421875
5361162500.0,	0.072296142578125,	0.05435943603515625
5361181250.0,	0.0703277587890625,	0.054622650146484375
5361200000.0,	0.0728759765625,	0.056934356689453125
5361218750.0,	0.07255172729492188,	0.05410003662109375
5361237500.0,	0.07213211059570312,	0.053630828857421875
5361256250.0,	0.07288742065429688,	0.054779052734375
5361275000.0,	0.07095718383789062,	0.05402374267578125
5361293750.0,	0.07100677490234375,	0.054443359375
5361312500.0,	0.07064437866210938,	0.05419921875
5361331250.0,	0.070709228515625,	0.05599212646484375
5361350000.0,	0.07081985473632812,	0.05594635009765625
5361368750.0,	0.0724029541015625,	0.0561065673828125
5361387500.0,	0.07310104370117188,	0.0549163818359375
5361406250.0,	0.0715484619140625,	0.05704498291015625
5361425000.0,	0.07287979125976562,	0.054386138916015625
5361443750.0,	0.07195663452148438,	0.0573272705078125
5361462500.0,	0.07299423217773438,	0.0534820556640625
5361481250.0,	0.07251358032226562,	0.05384063720703125
5361500000.0,	0.07264328002929688,	0.054958343505859375
5361518750.0,	0.07242965698242188,	0.05576324462890625
5361537500.0,	0.07276153564453125,	0.053874969482421875
5361556250.0,	0.07095718383789062,	0.055179595947265625
5361575000.0,	0.07188796997070312,	0.054874420166015625
5361593750.0,	0.07202911376953125,	0.056690216064453125
5361612500.0,	0.07201766967773438,	0.051788330078125
5361631250.0,	0.07007217407226562,	0.056041717529296875
5361650000.0,	0.0714874267578125,	0.055133819580078125
5361668750.0,	0.07074737548828125,	0.05593109130859375
5361687500.0,	0.07221603393554688,	0.05612945556640625
5361706250.0,	0.07175445556640625,	0.05493927001953125
5361725000.0,	0.07125091552734375,	0.054836273193359375
5361743750.0,	0.07398223876953125,	0.05352783203125
5361762500.0,	0.07369232177734375,	0.053264617919921875
5361781250.0,	0.06911849975585938,	0.053730010986328125
5361800000.0,	0.07402801513671875,	0.0540008544921875
5361818750.0,	0.0724945068359375,	0.053966522216796875
5361837500.0,	0.0714111328125,	0.05792236328125
5361856250.0,	0.0725250244140625,	0.05706787109375
5361875000.0,	0.07289505004882812,	0.052433013916015625
5361893750.0,	0.07263565063476562,	0.05628204345703125
5361912500.0,	0.071380615234375,	0.055179595947265625
5361931250.0,	0.0707244873046875,	0.053615570068359375
5361950000.0,	0.07220077514648438,	0.053760528564453125
5361968750.0,	0.07109832763671875,	0.05310821533203125
5361987500.0,	0.07333755493164062,	0.055450439453125
5362006250.0,	0.07121658325195312,	0.0557098388671875
5362025000.0,	0.07223129272460938,	0.05483245849609375
5362043750.0,	0.06954574584960938,	0.055133819580078125
5362062500.0,	0.07133102416992188,	0.054119110107421875
5362081250.0,	0.0698394775390625,	0.05523681640625
5362100000.0,	0.07227706909179688,	0.05323028564453125
5362118750.0,	0.070465087890625,	0.05556488037109375
5362137500.0,	0.07032012939453125,	0.054111480712890625
5362156250.0,	0.07279205322265625,	0.05352020263671875
5362175000.0,	0.07107162475585938,	0.05506134033203125
5362193750.0,	0.0738525390625,	0.055690765380859375
5362212500.0,	0.07020187377929688,	0.056732177734375
5362231250.0,	0.07074356079101562,	0.05371856689453125
5362250000.0,	0.06861114501953125,	0.0550994873046875
5362268750.0,	0.07193374633789062,	0.05538177490234375
5362287500.0,	0.072357177734375,	0.054595947265625
5362306250.0,	0.06974411010742188,	0.05664825439453125
5362325000.0,	0.07089996337890625,	0.057575225830078125
5362343750.0,	0.070159912109375,	0.054271697998046875
5362362500.0,	0.0713348388671875,	0.05588531494140625
5362381250.0,	0.07036209106445312,	0.05558013916015625
5362400000.0,	0.07236862182617188,	0.0552825927734375
5362418750.0,	0.07001876831054688,	0.054168701171875
5362437500.0,	0.07082366943359375,	0.0547332763671875
5362456250.0,	0.0715789794921875,	0.054180145263671875
5362475000.0,	0.07076263427734375,	0.054962158203125
5362493750.0,	0.0704803466796875,	0.054698944091796875
5362512500.0,	0.06956100463867188,	0.05218505859375
5362531250.0,	0.07120132446289062,	0.055103302001953125
5362550000.0,	0.07221603393554688,	0.05449676513671875
5362568750.0,	0.07046127319335938,	0.053478240966796875
5362587500.0,	0.07226943969726562,	0.05402374267578125
5362606250.0,	0.06928634643554688,	0.052459716796875
5362625000.0,	0.0704345703125,	0.0541229248046875
5362643750.0,	0.0703277587890625,	0.052700042724609375
5362662500.0,	0.07048797607421875,	0.0536651611328125
5362681250.0,	0.07234573364257812,	0.05499267578125
5362700000.0,	0.06993865966796875,	0.05536651611328125
5362718750.0,	0.07219314575195312,	0.055103302001953125
5362737500.0,	0.07320785522460938,	0.053630828857421875
5362756250.0,	0.07062530517578125,	0.053924560546875
5362775000.0,	0.07195663452148438,	0.05644989013671875
5362793750.0,	0.07021713256835938,	0.053913116455078125
5362812500.0,	0.07173538208007812,	0.055042266845703125
5362831250.0,	0.06862640380859375,	0.052642822265625
5362850000.0,	0.07019424438476562,	0.052398681640625
5362868750.0,	0.06962203979492188,	0.054157257080078125
5362887500.0,	0.069427490234375,	0.05450439453125
5362906250.0,	0.07126998901367188,	0.0530548095703125
5362925000.0,	0.07289505004882812,	0.0532073974609375
5362943750.0,	0.07033920288085938,	0.05376434326171875
5362962500.0,	0.071258544921875,	0.053096771240234375
5362981250.0,	0.0709075927734375,	0.0552215576171875
5363000000.0,	0.07100296020507812,	0.053157806396484375
5363018750.0,	0.06975555419921875,	0.054233551025390625
5363037500.0,	0.0701141357421875,	0.052276611328125
5363056250.0,	0.06957626342773438,	0.0531463623046875
5363075000.0,	0.07011795043945312,	0.05462646484375
5363093750.0,	0.07095718383789062,	0.0535430908203125
5363112500.0,	0.072235107421875,	0.05417633056640625
5363131250.0,	0.06947708129882812,	0.053218841552734375
5363150000.0,	0.0718994140625,	0.05178070068359375
5363168750.0,	0.07024002075195312,	0.0532989501953125
5363187500.0,	0.07024765014648438,	0.053028106689453125
5363206250.0,	0.0699615478515625,	0.053802490234375
5363225000.0,	0.07069015502929688,	0.051128387451171875
5363243750.0,	0.06900405883789062,	0.053073883056640625
5363262500.0,	0.071319580078125,	0.055328369140625
5363281250.0,	0.06792831420898438,	0.05304718017578125
5363300000.0,	0.07033538818359375,	0.054096221923828125
5363318750.0,	0.07155227661132812,	0.05303192138671875
5363337500.0,	0.06965255737304688,	0.0536346435546875
5363356250.0,	0.06903839111328125,	0.051532745361328125
5363375000.0,	0.06944656372070312,	0.054229736328125
5363393750.0,	0.06974029541015625,	0.0528717041015625
5363412500.0,	0.07152938842773438,	0.053436279296875
5363431250.0,	0.07061767578125,	0.05291748046875
5363450000.0,	0.07143783569335938,	0.054164886474609375
5363468750.0,	0.06839370727539062,	0.0533599853515625
5363487500.0,	0.06896209716796875,	0.054485321044921875
5363506250.0,	0.06949615478515625,	0.054607391357421875
5363525000.0,	0.07167434692382812,	0.052642822265625
5363543750.0,	0.06969451904296875,	0.053112030029296875
5363562500.0,	0.06998062133789062,	0.052936553955078125
5363581250.0,	0.0699920654296875,	0.05442047119140625
5363600000.0,	0.07088851928710938,	0.0543975830078125
5363618750.0,	0.07077407836914062,	0.052825927734375
5363637500.0,	0.07025909423828125,	0.05257415771484375
5363656250.0,	0.07212448120117188,	0.053768157958984375
5363675000.0,	0.06974029541015625,	0.05190277099609375
5363693750.0,	0.07181167602539062,	0.053508758544921875
5363712500.0,	0.06855010986328125,	0.052707672119140625
5363731250.0,	0.07077407836914062,	0.05406951904296875
5363750000.0,	0.0702972412109375,	0.0528106689453125
5363768750.0,	0.0687408447265625,	0.052608489990234375
5363787500.0,	0.0687103271484375,	0.05481719970703125
5363806250.0,	0.07030487060546875,	0.053173065185546875
5363825000.0,	0.070587158203125,	0.053424835205078125
5363843750.0,	0.0713043212890625,	0.051116943359375
5363862500.0,	0.06965255737304688,	0.051845550537109375
5363881250.0,	0.06795501708984375,	0.0562591552734375
5363900000.0,	0.06890869140625,	0.053081512451171875
5363918750.0,	0.07002639770507812,	0.053188323974609375
5363937500.0,	0.06991195678710938,	0.0557403564453125
5363956250.0,	0.07068634033203125,	0.0550689697265625
5363975000.0,	0.07070159912109375,	0.0532073974609375
5363993750.0,	0.06998825073242188,	0.053997039794921875
5364012500.0,	0.07062530517578125,	0.051036834716796875
5364031250.0,	0.06872177124023438,	0.053619384765625
5364050000.0,	0.06885147094726562,	0.053424835205078125
5364068750.0,	0.0695953369140625,	0.05454254150390625
5364087500.0,	0.07129669189453125,	0.05432891845703125
5364106250.0,	0.070770263671875,	0.05261993408203125
5364125000.0,	0.07030868530273438,	0.051906585693359375
5364143750.0,	0.06952285766601562,	0.05376434326171875
5364162500.0,	0.06957244873046875,	0.051990509033203125
5364181250.0,	0.07028579711914062,	0.054168701171875
5364200000.0,	0.06777572631835938,	0.053455352783203125
5364218750.0,	0.07276535034179688,	0.052520751953125
5364237500.0,	0.06900787353515625,	0.0544586181640625
5364256250.0,	0.06856536865234375,	0.053974151611328125
5364275000.0,	0.06874465942382812,	0.052242279052734375
5364293750.0,	0.06735610961914062,	0.053020477294921875
5364312500.0,	0.06978988647460938,	0.050891876220703125
5364331250.0,	0.06784439086914062,	0.05077362060546875
5364350000.0,	0.06681060791015625,	0.0548095703125
5364368750.0,	0.07046127319335938,	0.05283355712890625
5364387500.0,	0.07032012939453125,	0.053310394287109375
5364406250.0,	0.06839752197265625,	0.053516387939453125
5364425000.0,	0.06837844848632812,	0.052600860595703125
5364443750.0,	0.07144927978515625,	0.051357269287109375
5364462500.0,	0.06945419311523438,	0.054073333740234375
5364481250.0,	0.07013320922851562,	0.0531005859375
5364500000.0,	0.06861114501953125,	0.053859710693359375
5364518750.0,	0.07067108154296875,	0.0531005859375
5364537500.0,	0.07028579711914062,	0.05591583251953125
5364556250.0,	0.07014083862304688,	0.05350494384765625
5364575000.0,	0.06937026977539062,	0.0536346435546875
5364593750.0,	0.07043075561523438,	0.051738739013671875
5364612500.0,	0.0697479248046875,	0.053192138671875
5364631250.0,	0.06882858276367188,	0.050685882568359375
5364650000.0,	0.06946182250976562,	0.055187225341796875
5364668750.0,	0.0699005126953125,	0.0529327392578125
5364687500.0,	0.06924057006835938,	0.04962158203125
5364706250.0,	0.06717681884765625,	0.053707122802734375
5364725000.0,	0.06845474243164062,	0.054927825927734375
5364743750.0,	0.06769180297851562,	0.05364227294921875
5364762500.0,	0.06923294067382812,	0.054630279541015625
5364781250.0,	0.06920623779296875,	0.052700042724609375
5364800000.0,	0.0696258544921875,	0.053882598876953125
5364818750.0,	0.06814193725585938,	0.05313873291015625
5364837500.0,	0.0694427490234375,	0.05391693115234375
5364856250.0,	0.06937026977539062,	0.05434417724609375
5364875000.0,	0.06971359252929688,	0.052532196044921875
5364893750.0,	0.06977462768554688,	0.054107666015625
5364912500.0,	0.06798171997070312,	0.053318023681640625
5364931250.0,	0.06847381591796875,	0.052753448486328125
5364950000.0,	0.06911468505859375,	0.052463531494140625
5364968750.0,	0.06824874877929688,	0.052486419677734375
5364987500.0,	0.06905364990234375,	0.05219268798828125
5365006250.0,	0.07007217407226562,	0.052448272705078125
5365025000.0,	0.06775283813476562,	0.0547027587890625
5365043750.0,	0.0689544677734375,	0.051288604736328125
5365062500.0,	0.06959152221679688,	0.052989959716796875
5365081250.0,	0.06863784790039062,	0.054473876953125
5365100000.0,	0.06898880004882812,	0.051067352294921875
5365118750.0,	0.06715774536132812,	0.05371856689453125
5365137500.0,	0.0705413818359375,	0.05356597900390625
5365156250.0,	0.06841659545898438,	0.05287933349609375
5365175000.0,	0.06902694702148438,	0.053539276123046875
5365193750.0,	0.06753921508789062,	0.051227569580078125
5365212500.0,	0.06991958618164062,	0.052867889404296875
5365231250.0,	0.06792831420898438,	0.052761077880859375
5365250000.0,	0.0677337646484375,	0.051998138427734375
5365268750.0,	0.0675811767578125,	0.053558349609375
5365287500.0,	0.06990432739257812,	0.052059173583984375
5365306250.0,	0.06931686401367188,	0.053600311279296875
5365325000.0,	0.06770706176757812,	0.052158355712890625
5365343750.0,	0.06751632690429688,	0.052112579345703125
5365362500.0,	0.06848907470703125,	0.05290985107421875
5365381250.0,	0.06922531127929688,	0.0529632568359375
5365400000.0,	0.06537246704101562,	0.05350494384765625
5365418750.0,	0.06981277465820312,	0.052883148193359375
5365437500.0,	0.06856536865234375,	0.0512542724609375
5365456250.0,	0.068634033203125,	0.055023193359375
5365475000.0,	0.06626510620117188,	0.054203033447265625
5365493750.0,	0.06830596923828125,	0.053314208984375
5365512500.0,	0.06702423095703125,	0.05218505859375
5365531250.0,	0.068756103515625,	0.052104949951171875
5365550000.0,	0.067657470703125,	0.053142547607421875
5365568750.0,	0.068115234375,	0.053424835205078125
5365587500.0,	0.06824493408203125,	0.0528106689453125
5365606250.0,	0.06931304931640625,	0.0513916015625
5365625000.0,	0.07014083862304688,	0.0532684326171875
5365643750.0,	0.06953048706054688,	0.05218505859375
5365662500.0,	0.06949615478515625,	0.05506134033203125
5365681250.0,	0.067047119140625,	0.053119659423828125
5365700000.0,	0.06956863403320312,	0.052913665771484375
5365718750.0,	0.06802749633789062,	0.052089691162109375
5365737500.0,	0.06803512573242188,	0.0532989501953125
5365756250.0,	0.06827163696289062,	0.052097320556640625
5365775000.0,	0.06843185424804688,	0.053676605224609375
5365793750.0,	0.06903839111328125,	0.052005767822265625
5365812500.0,	0.067291259765625,	0.051799774169921875
5365831250.0,	0.0678558349609375,	0.053165435791015625
5365850000.0,	0.0689697265625,	0.053310394287109375
5365868750.0,	0.06901168823242188,	0.049518585205078125
5365887500.0,	0.065643310546875,	0.05333709716796875
5365906250.0,	0.06740188598632812,	0.050662994384765625
5365925000.0,	0.06958389282226562,	0.053562164306640625
5365943750.0,	0.06761550903320312,	0.055072784423828125
5365962500.0,	0.0677337646484375,	0.05255889892578125
5365981250.0,	0.06964111328125,	0.05263519287109375
5366000000.0,	0.06930923461914062,	0.05095672607421875
5366018750.0,	0.06948089599609375,	0.05159759521484375
5366037500.0,	0.06665802001953125,	0.051967620849609375
5366056250.0,	0.07023239135742188,	0.052707672119140625
5366075000.0,	0.06804656982421875,	0.05335235595703125
5366093750.0,	0.0694427490234375,	0.050884246826171875
5366112500.0,	0.06569671630859375,	0.050258636474609375
5366131250.0,	0.0690460205078125,	0.052448272705078125
5366150000.0,	0.06697845458984375,	0.05312347412109375
5366168750.0,	0.06800460815429688,	0.0513153076171875
5366187500.0,	0.06830978393554688,	0.052272796630859375
5366206250.0,	0.06776809692382812,	0.05178070068359375
5366225000.0,	0.0669403076171875,	0.05252838134765625
5366243750.0,	0.06892776489257812,	0.0531005859375
5366262500.0,	0.06784439086914062,	0.052196502685546875
5366281250.0,	0.06865692138671875,	0.050159454345703125
5366300000.0,	0.06702804565429688,	0.05411529541015625
5366318750.0,	0.06798171997070312,	0.052173614501953125
5366337500.0,	0.06661605834960938,	0.051364898681640625
5366356250.0,	0.06847763061523438,	0.05147552490234375
5366375000.0,	0.06763458251953125,	0.052852630615234375
5366393750.0,	0.06915664672851562,	0.05559539794921875
5366412500.0,	0.07058334350585938,	0.052242279052734375
5366431250.0,	0.06908416748046875,	0.051239013671875
5366450000.0,	0.06696319580078125,	0.05207061767578125
5366468750.0,	0.06904983520507812,	0.051975250244140625
5366487500.0,	0.06853103637695312,	0.0519256591796875
5366506250.0,	0.06579971313476562,	0.051166534423828125
5366525000.0,	0.06707000732421875,	0.053493499755859375
5366543750.0,	0.06821060180664062,	0.051883697509765625
5366562500.0,	0.06677627563476562,	0.052410125732421875
5366581250.0,	0.0690460205078125,	0.053958892822265625
5366600000.0,	0.0681304931640625,	0.051639556884765625
5366618750.0,	0.06679916381835938,	0.052494049072265625
5366637500.0,	0.06610107421875,	0.051868438720703125
5366656250.0,	0.06789779663085938,	0.052928924560546875
5366675000.0,	0.06776809692382812,	0.0503692626953125
5366693750.0,	0.06748580932617188,	0.05176544189453125
5366712500.0,	0.06854629516601562,	0.050994873046875
5366731250.0,	0.06458663940429688,	0.052852630615234375
5366750000.0,	0.06651687622070312,	0.05108642578125
5366768750.0,	0.06728363037109375,	0.0503387451171875
5366787500.0,	0.06736373901367188,	0.05417633056640625
5366806250.0,	0.068267822265625,	0.05205535888671875
5366825000.0,	0.06658172607421875,	0.051387786865234375
5366843750.0,	0.06599044799804688,	0.054019927978515625
5366862500.0,	0.06956100463867188,	0.050220489501953125
5366881250.0,	0.06769180297851562,	0.05271148681640625
5366900000.0,	0.06719207763671875,	0.053192138671875
5366918750.0,	0.06754302978515625,	0.0520782470703125
5366937500.0,	0.06636428833007812,	0.050212860107421875
5366956250.0,	0.06921005249023438,	0.05391693115234375
5366975000.0,	0.06871414184570312,	0.054058074951171875
5366993750.0,	0.0661468505859375,	0.0511627197265625
5367012500.0,	0.06533432006835938,	0.051357269287109375
5367031250.0,	0.06418228149414062,	0.05202484130859375
5367050000.0,	0.06610107421875,	0.053730010986328125
5367068750.0,	0.06768798828125,	0.0515899658203125
5367087500.0,	0.06571197509765625,	0.05290985107421875
5367106250.0,	0.068145751953125,	0.051914215087890625
5367125000.0,	0.06836700439453125,	0.0532989501953125
5367143750.0,	0.06677627563476562,	0.051479339599609375
5367162500.0,	0.06821060180664062,	0.0542755126953125
5367181250.0,	0.06575393676757812,	0.05027008056640625
5367200000.0,	0.06598281860351562,	0.05159759521484375
5367218750.0,	0.06865310668945312,	0.051334381103515625
5367237500.0,	0.06733322143554688,	0.050762176513671875
5367256250.0,	0.0690155029296875,	0.050750732421875
5367275000.0,	0.06858062744140625,	0.052219390869140625
5367293750.0,	0.06779098510742188,	0.05332183837890625
5367312500.0,	0.06661605834960938,	0.05135345458984375
5367331250.0,	0.06678390502929688,	0.05110931396484375
5367350000.0,	0.06756591796875,	0.0520172119140625
5367368750.0,	0.06738662719726562,	0.05204010009765625
5367387500.0,	0.0660400390625,	0.05146026611328125
5367406250.0,	0.06681442260742188,	0.051509857177734375
5367425000.0,	0.06914901733398438,	0.05142974853515625
5367443750.0,	0.06719970703125,	0.0520782470703125
5367462500.0,	0.06642913818359375,	0.05240631103515625
5367481250.0,	0.06771469116210938,	0.05284881591796875
5367500000.0,	0.06787490844726562,	0.053009033203125
5367518750.0,	0.06755828857421875,	0.05284881591796875
5367537500.0,	0.06700515747070312,	0.05234527587890625
5367556250.0,	0.066864013671875,	0.052715301513671875
5367575000.0,	0.06687545776367188,	0.0529022216796875
5367593750.0,	0.06902313232421875,	0.05187225341796875
5367612500.0,	0.06755447387695312,	0.04903411865234375
5367631250.0,	0.06544876098632812,	0.05224609375
5367650000.0,	0.06640625,	0.0517578125
5367668750.0,	0.06908798217773438,	0.05170440673828125
5367687500.0,	0.06678009033203125,	0.051784515380859375
5367706250.0,	0.06526565551757812,	0.052577972412109375
5367725000.0,	0.06736373901367188,	0.05324554443359375
5367743750.0,	0.06763076782226562,	0.050678253173828125
5367762500.0,	0.06718826293945312,	0.0540924072265625
5367781250.0,	0.06761550903320312,	0.052570343017578125
5367800000.0,	0.06552886962890625,	0.0522613525390625
5367818750.0,	0.06626129150390625,	0.052974700927734375
5367837500.0,	0.066864013671875,	0.050933837890625
5367856250.0,	0.06593704223632812,	0.0489349365234375
5367875000.0,	0.06871414184570312,	0.051593780517578125
5367893750.0,	0.06699752807617188,	0.052398681640625
5367912500.0,	0.066925048828125,	0.051239013671875
5367931250.0,	0.06859207153320312,	0.052600860595703125
5367950000.0,	0.0660552978515625,	0.0519256591796875
5367968750.0,	0.06847000122070312,	0.0511016845703125
5367987500.0,	0.06695938110351562,	0.051845550537109375
5368006250.0,	0.06654739379882812,	0.05162811279296875
5368025000.0,	0.06612014770507812,	0.052211761474609375
5368043750.0,	0.06732940673828125,	0.052768707275390625
5368062500.0,	0.06798934936523438,	0.052753448486328125
5368081250.0,	0.06658935546875,	0.053447723388671875
5368100000.0,	0.06698226928710938,	0.051700592041015625
5368118750.0,	0.06536483764648438,	0.053630828857421875
5368137500.0,	0.06683731079101562,	0.052036285400390625
5368156250.0,	0.06536102294921875,	0.051227569580078125
5368175000.0,	0.06605911254882812,	0.051639556884765625
5368193750.0,	0.06788253784179688,	0.051486968994140625
5368212500.0,	0.06671524047851562,	0.05133056640625
5368231250.0,	0.06676483154296875,	0.05376434326171875
5368250000.0,	0.06558990478515625,	0.05326080322265625
5368268750.0,	0.06467056274414062,	0.0511627197265625
5368287500.0,	0.06656265258789062,	0.0515899658203125
5368306250.0,	0.06708145141601562,	0.05327606201171875
5368325000.0,	0.06629562377929688,	0.053028106689453125
5368343750.0,	0.06522750854492188,	0.0527801513671875
5368362500.0,	0.06524658203125,	0.052898406982421875
5368381250.0,	0.066741943359375,	0.053195953369140625
5368400000.0,	0.06711959838867188,	0.05251312255859375
5368418750.0,	0.06707763671875,	0.05194854736328125
5368437500.0,	0.06671142578125,	0.05022430419921875
5368456250.0,	0.06667327880859375,	0.04941558837890625
5368475000.0,	0.06650924682617188,	0.051570892333984375
5368493750.0,	0.06390380859375,	0.053447723388671875
5368512500.0,	0.06505203247070312,	0.053417205810546875
5368531250.0,	0.06722640991210938,	0.051074981689453125
5368550000.0,	0.06613922119140625,	0.0506591796875
5368568750.0,	0.066131591796875,	0.0542449951171875
5368587500.0,	0.06693649291992188,	0.0552215576171875
5368606250.0,	0.06491470336914062,	0.052631378173828125
5368625000.0,	0.0660400390625,	0.050281524658203125
5368643750.0,	0.0666961669921875,	0.050777435302734375
5368662500.0,	0.06742477416992188,	0.052425384521484375
5368681250.0,	0.06892776489257812,	0.052852630615234375
5368700000.0,	0.06865692138671875,	0.051914215087890625
5368718750.0,	0.066497802734375,	0.051738739013671875
5368737500.0,	0.06616973876953125,	0.05316925048828125
5368756250.0,	0.06560516357421875,	0.05142974853515625
5368775000.0,	0.06713485717773438,	0.05138397216796875
5368793750.0,	0.0652008056640625,	0.052734375
5368812500.0,	0.0662689208984375,	0.05136871337890625
5368831250.0,	0.0653228759765625,	0.050662994384765625
5368850000.0,	0.06575775146484375,	0.052978515625
5368868750.0,	0.06755447387695312,	0.051342010498046875
5368887500.0,	0.06753921508789062,	0.051647186279296875
5368906250.0,	0.06521987915039062,	0.0544281005859375
5368925000.0,	0.06639862060546875,	0.052978515625
5368943750.0,	0.06845855712890625,	0.05162811279296875
5368962500.0,	0.06550216674804688,	0.052120208740234375
5368981250.0,	0.06670761108398438,	0.053920745849609375
5369000000.0,	0.0652008056640625,	0.05352783203125
5369018750.0,	0.06504058837890625,	0.05373382568359375
5369037500.0,	0.06894683837890625,	0.051967620849609375
5369056250.0,	0.067230224609375,	0.053081512451171875
5369075000.0,	0.06641387939453125,	0.053333282470703125
5369093750.0,	0.0657806396484375,	0.051227569580078125
5369112500.0,	0.06737899780273438,	0.053569793701171875
5369131250.0,	0.06587982177734375,	0.0514068603515625
5369150000.0,	0.0647125244140625,	0.051189422607421875
5369168750.0,	0.0661773681640625,	0.052326202392578125
5369187500.0,	0.06720733642578125,	0.051433563232421875
5369206250.0,	0.06575393676757812,	0.05211639404296875
5369225000.0,	0.06641769409179688,	0.0539703369140625
5369243750.0,	0.06528091430664062,	0.0517425537109375
5369262500.0,	0.0662078857421875,	0.052455902099609375
5369281250.0,	0.06780242919921875,	0.0528106689453125
5369300000.0,	0.06653213500976562,	0.053363800048828125
5369318750.0,	0.06365585327148438,	0.0497283935546875
5369337500.0,	0.0663604736328125,	0.05419921875
5369356250.0,	0.0670013427734375,	0.05269622802734375
5369375000.0,	0.06618881225585938,	0.0530853271484375
5369393750.0,	0.06595611572265625,	0.051616668701171875
5369412500.0,	0.06611251831054688,	0.050853729248046875
5369431250.0,	0.065826416015625,	0.051639556884765625
5369450000.0,	0.06627273559570312,	0.0499267578125
5369468750.0,	0.06544876098632812,	0.0512847900390625
5369487500.0,	0.06767654418945312,	0.051532745361328125
5369506250.0,	0.06527328491210938,	0.05059814453125
5369525000.0,	0.06550216674804688,	0.054721832275390625
5369543750.0,	0.06617355346679688,	0.053539276123046875
5369562500.0,	0.06551742553710938,	0.054386138916015625
5369581250.0,	0.06542587280273438,	0.05031585693359375
5369600000.0,	0.0652618408203125,	0.0520477294921875
5369618750.0,	0.06593704223632812,	0.051113128662109375
5369637500.0,	0.0662384033203125,	0.051990509033203125
5369656250.0,	0.06595611572265625,	0.05205535888671875
5369675000.0,	0.06557464599609375,	0.052227020263671875
5369693750.0,	0.06536102294921875,	0.0547943115234375
5369712500.0,	0.06571197509765625,	0.0508575439453125
5369731250.0,	0.06571578979492188,	0.053531646728515625
5369750000.0,	0.0662078857421875,	0.0524749755859375
5369768750.0,	0.06847381591796875,	0.052021026611328125
5369787500.0,	0.0655517578125,	0.051677703857421875
5369806250.0,	0.06632232666015625,	0.054454803466796875
5369825000.0,	0.06567001342773438,	0.052215576171875
5369843750.0,	0.06650924682617188,	0.05133819580078125
5369862500.0,	0.06552505493164062,	0.048305511474609375
5369881250.0,	0.06557083129882812,	0.0510711669921875
5369900000.0,	0.0659637451171875,	0.05344390869140625
5369918750.0,	0.06760406494140625,	0.053516387939453125
5369937500.0,	0.064361572265625,	0.051387786865234375
5369956250.0,	0.06675338745117188,	0.052555084228515625
5369975000.0,	0.065582275390625,	0.054473876953125
5369993750.0,	0.06516647338867188,	0.052074432373046875
5370012500.0,	0.06537246704101562,	0.053318023681640625
5370031250.0,	0.06772232055664062,	0.053562164306640625
5370050000.0,	0.06660842895507812,	0.0526275634765625
5370068750.0,	0.06844711303710938,	0.052753448486328125
5370087500.0,	0.06543731689453125,	0.051937103271484375
5370106250.0,	0.06604385375976562,	0.05280303955078125
5370125000.0,	0.06626510620117188,	0.053707122802734375
5370143750.0,	0.0664825439453125,	0.05207061767578125
5370162500.0,	0.06656646728515625,	0.053401947021484375
5370181250.0,	0.06580352783203125,	0.050994873046875
5370200000.0,	0.06610107421875,	0.052738189697265625
5370218750.0,	0.06595993041992188,	0.051845550537109375
5370237500.0,	0.06631088256835938,	0.054683685302734375
5370256250.0,	0.06647872924804688,	0.0546112060546875
5370275000.0,	0.06695556640625,	0.05017852783203125
5370293750.0,	0.06713104248046875,	0.053150177001953125
5370312500.0,	0.06622314453125,	0.051555633544921875
5370331250.0,	0.06527328491210938,	0.05109405517578125
5370350000.0,	0.06636428833007812,	0.050811767578125
5370368750.0,	0.064056396484375,	0.052753448486328125
5370387500.0,	0.06621551513671875,	0.053028106689453125
5370406250.0,	0.06327056884765625,	0.053112030029296875
5370425000.0,	0.06477737426757812,	0.052394866943359375
5370443750.0,	0.066864013671875,	0.054012298583984375
5370462500.0,	0.06429290771484375,	0.05039215087890625
5370481250.0,	0.06658172607421875,	0.05120849609375
5370500000.0,	0.06622314453125,	0.05257415771484375
5370518750.0,	0.06558990478515625,	0.05390167236328125
5370537500.0,	0.06749343872070312,	0.052791595458984375
5370556250.0,	0.06333541870117188,	0.052478790283203125
5370575000.0,	0.06484222412109375,	0.051692962646484375
5370593750.0,	0.06468582153320312,	0.053577423095703125
5370612500.0,	0.06583786010742188,	0.05246734619140625
5370631250.0,	0.06451034545898438,	0.0516204833984375
5370650000.0,	0.06580734252929688,	0.05242919921875
5370668750.0,	0.06606674194335938,	0.0521240234375
5370687500.0,	0.06553268432617188,	0.05181121826171875
5370706250.0,	0.06628799438476562,	0.053409576416015625
5370725000.0,	0.06475067138671875,	0.051601409912109375
5370743750.0,	0.06591415405273438,	0.052204132080078125
5370762500.0,	0.06528854370117188,	0.052120208740234375
5370781250.0,	0.06607437133789062,	0.05223846435546875
5370800000.0,	0.06439208984375,	0.05120086669921875
5370818750.0,	0.06481170654296875,	0.051769256591796875
5370837500.0,	0.06747055053710938,	0.05289459228515625
5370856250.0,	0.06801223754882812,	0.054149627685546875
5370875000.0,	0.06521224975585938,	0.049854278564453125
5370893750.0,	0.06678390502929688,	0.05304718017578125
5370912500.0,	0.0655670166015625,	0.053951263427734375
5370931250.0,	0.06511306762695312,	0.05413818359375
5370950000.0,	0.06384658813476562,	0.05499267578125
5370968750.0,	0.06502532958984375,	0.05260467529296875
5370987500.0,	0.06528091430664062,	0.054378509521484375
5371006250.0,	0.06529617309570312,	0.053989410400390625
5371025000.0,	0.06636428833007812,	0.053924560546875
5371043750.0,	0.06539154052734375,	0.052738189697265625
5371062500.0,	0.0671539306640625,	0.04994964599609375
5371081250.0,	0.06673049926757812,	0.05399322509765625
5371100000.0,	0.06646347045898438,	0.05330657958984375
5371118750.0,	0.06453704833984375,	0.053497314453125
5371137500.0,	0.06355667114257812,	0.052814483642578125
5371156250.0,	0.06370162963867188,	0.053012847900390625
5371175000.0,	0.06537628173828125,	0.05263519287109375
5371193750.0,	0.06567001342773438,	0.05243682861328125
5371212500.0,	0.06712722778320312,	0.0533599853515625
5371231250.0,	0.06538772583007812,	0.051921844482421875
5371250000.0,	0.06571197509765625,	0.0529022216796875
5371268750.0,	0.06447219848632812,	0.052036285400390625
5371287500.0,	0.06551742553710938,	0.053409576416015625
5371306250.0,	0.06602096557617188,	0.05338287353515625
5371325000.0,	0.06431961059570312,	0.0496826171875
5371343750.0,	0.06605911254882812,	0.05110931396484375
5371362500.0,	0.06578445434570312,	0.0525054931640625
5371381250.0,	0.06418609619140625,	0.053226470947265625
5371400000.0,	0.06563186645507812,	0.05214691162109375
5371418750.0,	0.065216064453125,	0.052730560302734375
5371437500.0,	0.06440353393554688,	0.05181884765625
5371456250.0,	0.06430816650390625,	0.05297088623046875
5371475000.0,	0.06445693969726562,	0.052005767822265625
5371493750.0,	0.06563568115234375,	0.052814483642578125
5371512500.0,	0.06220054626464844,	0.052734375
5371531250.0,	0.06499481201171875,	0.0547027587890625
5371550000.0,	0.0669097900390625,	0.05348968505859375
5371568750.0,	0.0650177001953125,	0.052303314208984375
5371587500.0,	0.06560134887695312,	0.0536346435546875
5371606250.0,	0.06409454345703125,	0.05327606201171875
5371625000.0,	0.06527328491210938,	0.052242279052734375
5371643750.0,	0.06609725952148438,	0.05327606201171875
5371662500.0,	0.0679931640625,	0.053955078125
5371681250.0,	0.0658416748046875,	0.053867340087890625
5371700000.0,	0.06612777709960938,	0.051898956298828125
5371718750.0,	0.0654754638671875,	0.05246734619140625
5371737500.0,	0.06552505493164062,	0.0540313720703125
5371756250.0,	0.06408309936523438,	0.05385589599609375
5371775000.0,	0.06553268432617188,	0.052032470703125
5371793750.0,	0.0637359619140625,	0.052478790283203125
5371812500.0,	0.064117431640625,	0.05112457275390625
5371831250.0,	0.0657958984375,	0.052883148193359375
5371850000.0,	0.06613540649414062,	0.052967071533203125
5371868750.0,	0.06726455688476562,	0.05283355712890625
5371887500.0,	0.06404495239257812,	0.052066802978515625
5371906250.0,	0.06634140014648438,	0.052364349365234375
5371925000.0,	0.0661468505859375,	0.05388641357421875
5371943750.0,	0.0655517578125,	0.052906036376953125
5371962500.0,	0.06510543823242188,	0.053348541259765625
5371981250.0,	0.06486129760742188,	0.05193328857421875
5372000000.0,	0.06599807739257812,	0.0541229248046875
5372018750.0,	0.06406784057617188,	0.05348968505859375
5372037500.0,	0.065521240234375,	0.053356170654296875
5372056250.0,	0.06452178955078125,	0.055145263671875
5372075000.0,	0.06405258178710938,	0.0528106689453125
5372093750.0,	0.06540679931640625,	0.053546905517578125
5372112500.0,	0.063201904296875,	0.05330657958984375
5372131250.0,	0.06425094604492188,	0.0515289306640625
5372150000.0,	0.066070556640625,	0.0530548095703125
5372168750.0,	0.06558990478515625,	0.052555084228515625
5372187500.0,	0.0640869140625,	0.0518035888671875
5372206250.0,	0.066314697265625,	0.0522918701171875
5372225000.0,	0.06671905517578125,	0.05475616455078125
5372243750.0,	0.06704330444335938,	0.0535430908203125
5372262500.0,	0.06713485717773438,	0.052600860595703125
5372281250.0,	0.065643310546875,	0.052829742431640625
5372300000.0,	0.06655120849609375,	0.051830291748046875
5372318750.0,	0.06659317016601562,	0.05329132080078125
5372337500.0,	0.06534194946289062,	0.053272247314453125
5372356250.0,	0.067138671875,	0.0517425537109375
5372375000.0,	0.06742095947265625,	0.053623199462890625
5372393750.0,	0.06533432006835938,	0.054233551025390625
5372412500.0,	0.06729888916015625,	0.05251312255859375
5372431250.0,	0.0673980712890625,	0.054309844970703125
5372450000.0,	0.0654754638671875,	0.05367279052734375
5372468750.0,	0.06690216064453125,	0.051849365234375
5372487500.0,	0.06531906127929688,	0.052654266357421875
5372506250.0,	0.06579971313476562,	0.053974151611328125
5372525000.0,	0.06629180908203125,	0.053310394287109375
5372543750.0,	0.06520462036132812,	0.052646636962890625
5372562500.0,	0.06645965576171875,	0.0520477294921875
5372581250.0,	0.06610107421875,	0.053195953369140625
5372600000.0,	0.06522750854492188,	0.052867889404296875
5372618750.0,	0.06528472900390625,	0.051013946533203125
5372637500.0,	0.06396484375,	0.052654266357421875
5372656250.0,	0.0656890869140625,	0.052753448486328125
5372675000.0,	0.06533050537109375,	0.052875518798828125
5372693750.0,	0.06643295288085938,	0.0542755126953125
5372712500.0,	0.0667266845703125,	0.0534515380859375
5372731250.0,	0.06690597534179688,	0.051227569580078125
5372750000.0,	0.06501388549804688,	0.051975250244140625
5372768750.0,	0.06548690795898438,	0.0533294677734375
5372787500.0,	0.06491470336914062,	0.05168914794921875
5372806250.0,	0.06702804565429688,	0.051418304443359375
5372825000.0,	0.0655670166015625,	0.0505828857421875
5372843750.0,	0.06571578979492188,	0.05213165283203125
5372862500.0,	0.06533432006835938,	0.05245208740234375
5372881250.0,	0.06765365600585938,	0.0548858642578125
5372900000.0,	0.06422042846679688,	0.052845001220703125
5372918750.0,	0.06740188598632812,	0.0526885986328125
5372937500.0,	0.06488418579101562,	0.051300048828125
5372956250.0,	0.06305313110351562,	0.052463531494140625
5372975000.0,	0.065338134765625,	0.05135345458984375
5372993750.0,	0.06770706176757812,	0.054668426513671875
5373012500.0,	0.06815338134765625,	0.0538482666015625
5373031250.0,	0.06620407104492188,	0.053192138671875
5373050000.0,	0.06544876098632812,	0.051715850830078125
5373068750.0,	0.06631088256835938,	0.05342864990234375
5373087500.0,	0.06480026245117188,	0.0524749755859375
5373106250.0,	0.06534957885742188,	0.0524444580078125
5373125000.0,	0.06479644775390625,	0.05376434326171875
5373143750.0,	0.06562042236328125,	0.0538787841796875
5373162500.0,	0.06489944458007812,	0.05376434326171875
5373181250.0,	0.06501007080078125,	0.0525360107421875
5373200000.0,	0.06570816040039062,	0.052337646484375
5373218750.0,	0.06524658203125,	0.052989959716796875
5373237500.0,	0.06551742553710938,	0.052921295166015625
5373256250.0,	0.06459426879882812,	0.053882598876953125
5373275000.0,	0.06663894653320312,	0.052143096923828125
5373293750.0,	0.06426620483398438,	0.05461883544921875
5373312500.0,	0.0667877197265625,	0.053180694580078125
5373331250.0,	0.06512451171875,	0.053684234619140625
5373350000.0,	0.06505203247070312,	0.053493499755859375
5373368750.0,	0.06669235229492188,	0.04914093017578125
5373387500.0,	0.06548690795898438,	0.05292510986328125
5373406250.0,	0.06514739990234375,	0.051990509033203125
5373425000.0,	0.06554794311523438,	0.051753997802734375
5373443750.0,	0.066741943359375,	0.05271148681640625
5373462500.0,	0.06674957275390625,	0.052783966064453125
5373481250.0,	0.065185546875,	0.052341461181640625
5373500000.0,	0.06689834594726562,	0.0520172119140625
5373518750.0,	0.06555557250976562,	0.053501129150390625
5373537500.0,	0.0643157958984375,	0.053409576416015625
5373556250.0,	0.0670166015625,	0.05230712890625
5373575000.0,	0.06479263305664062,	0.05399322509765625
5373593750.0,	0.06772613525390625,	0.052822113037109375
5373612500.0,	0.06479263305664062,	0.051807403564453125
5373631250.0,	0.06567764282226562,	0.054294586181640625
5373650000.0,	0.06565475463867188,	0.05382537841796875
5373668750.0,	0.06423187255859375,	0.0531768798828125
5373687500.0,	0.06509017944335938,	0.055973052978515625
5373706250.0,	0.06745529174804688,	0.054553985595703125
5373725000.0,	0.06525802612304688,	0.051174163818359375
5373743750.0,	0.06545257568359375,	0.0529632568359375
5373762500.0,	0.06663131713867188,	0.051776885986328125
5373781250.0,	0.06609725952148438,	0.05328369140625
5373800000.0,	0.06499099731445312,	0.05255126953125
5373818750.0,	0.0659332275390625,	0.053379058837890625
5373837500.0,	0.06647872924804688,	0.0538330078125
5373856250.0,	0.06602096557617188,	0.054546356201171875
5373875000.0,	0.06616973876953125,	0.0535125732421875
5373893750.0,	0.065338134765625,	0.053386688232421875
5373912500.0,	0.06689834594726562,	0.0531463623046875
5373931250.0,	0.06522750854492188,	0.0552215576171875
5373950000.0,	0.06528091430664062,	0.053188323974609375
5373968750.0,	0.0666351318359375,	0.05381011962890625
5373987500.0,	0.06400299072265625,	0.0529327392578125
5374006250.0,	0.06537246704101562,	0.0537567138671875
5374025000.0,	0.06584548950195312,	0.05319976806640625
5374043750.0,	0.06459808349609375,	0.0537109375
5374062500.0,	0.06664657592773438,	0.0531158447265625
5374081250.0,	0.06549453735351562,	0.052776336669921875
5374100000.0,	0.06729507446289062,	0.0540618896484375
5374118750.0,	0.06388473510742188,	0.054653167724609375
5374137500.0,	0.06737518310546875,	0.05214691162109375
5374156250.0,	0.06583404541015625,	0.05290985107421875
5374175000.0,	0.06612014770507812,	0.05146026611328125
5374193750.0,	0.0667266845703125,	0.053394317626953125
5374212500.0,	0.06525039672851562,	0.05170440673828125
5374231250.0,	0.06520843505859375,	0.053173065185546875
5374250000.0,	0.06695938110351562,	0.053485870361328125
5374268750.0,	0.06492996215820312,	0.0525665283203125
5374287500.0,	0.06658554077148438,	0.0521697998046875
5374306250.0,	0.06680679321289062,	0.053955078125
5374325000.0,	0.06639480590820312,	0.05487060546875
5374343750.0,	0.06583023071289062,	0.0547332763671875
5374362500.0,	0.06606674194335938,	0.054569244384765625
5374381250.0,	0.06538009643554688,	0.05169677734375
5374400000.0,	0.066375732421875,	0.05214691162109375
5374418750.0,	0.06673812866210938,	0.0524444580078125
5374437500.0,	0.06543350219726562,	0.054798126220703125
5374456250.0,	0.0653533935546875,	0.05550384521484375
5374475000.0,	0.06629180908203125,	0.054157257080078125
5374493750.0,	0.06815338134765625,	0.0544891357421875
5374512500.0,	0.06586837768554688,	0.05266571044921875
5374531250.0,	0.06884002685546875,	0.051910400390625
5374550000.0,	0.06697463989257812,	0.052860260009765625
5374568750.0,	0.06494522094726562,	0.053432464599609375
5374587500.0,	0.06569290161132812,	0.052433013916015625
5374606250.0,	0.06678009033203125,	0.054187774658203125
5374625000.0,	0.066436767578125,	0.054744720458984375
5374643750.0,	0.06704330444335938,	0.05266571044921875
5374662500.0,	0.06531906127929688,	0.053131103515625
5374681250.0,	0.06886672973632812,	0.05339813232421875
5374700000.0,	0.06763839721679688,	0.051906585693359375
5374718750.0,	0.06787490844726562,	0.051418304443359375
5374737500.0,	0.06669998168945312,	0.052459716796875
5374756250.0,	0.06801223754882812,	0.053440093994140625
5374775000.0,	0.06703567504882812,	0.052974700927734375
5374793750.0,	0.06606674194335938,	0.05283355712890625
5374812500.0,	0.06870651245117188,	0.054256439208984375
5374831250.0,	0.06757736206054688,	0.05323028564453125
5374850000.0,	0.06714630126953125,	0.053619384765625
5374868750.0,	0.0664520263671875,	0.05347442626953125
5374887500.0,	0.06988906860351562,	0.054111480712890625
5374906250.0,	0.0670318603515625,	0.0535736083984375
5374925000.0,	0.0667266845703125,	0.05495452880859375
5374943750.0,	0.06771087646484375,	0.05316162109375
5374962500.0,	0.06652069091796875,	0.0544281005859375
5374981250.0,	0.06724929809570312,	0.055805206298828125
5375000000.0,	0.06589126586914062,	0.0520477294921875
5375018750.0,	0.064788818359375,	0.053882598876953125
5375037500.0,	0.069580078125,	0.052165985107421875
5375056250.0,	0.06865692138671875,	0.05294036865234375
5375075000.0,	0.06833267211914062,	0.055088043212890625
5375093750.0,	0.0662841796875,	0.053409576416015625
5375112500.0,	0.06803131103515625,	0.05426788330078125
5375131250.0,	0.06735992431640625,	0.052158355712890625
5375150000.0,	0.06748580932617188,	0.0552520751953125
5375168750.0,	0.06811141967773438,	0.055355072021484375
5375187500.0,	0.06639862060546875,	0.051769256591796875
5375206250.0,	0.0678558349609375,	0.054569244384765625
5375225000.0,	0.06902694702148438,	0.05176544189453125
5375243750.0,	0.0664825439453125,	0.052333831787109375
5375262500.0,	0.06825637817382812,	0.052730560302734375
5375281250.0,	0.06866455078125,	0.054229736328125
5375300000.0,	0.06818771362304688,	0.052211761474609375
5375318750.0,	0.06779098510742188,	0.0532073974609375
5375337500.0,	0.06948471069335938,	0.054798126220703125
5375356250.0,	0.06740188598632812,	0.052703857421875
5375375000.0,	0.06785964965820312,	0.0530853271484375
5375393750.0,	0.06750106811523438,	0.052928924560546875
5375412500.0,	0.06765365600585938,	0.051513671875
5375431250.0,	0.06681060791015625,	0.05341339111328125
5375450000.0,	0.06767654418945312,	0.053314208984375
5375468750.0,	0.06900405883789062,	0.05303192138671875
5375487500.0,	0.06770706176757812,	0.054126739501953125
5375506250.0,	0.06976318359375,	0.052349090576171875
5375525000.0,	0.06851577758789062,	0.053195953369140625
5375543750.0,	0.070587158203125,	0.05381011962890625
5375562500.0,	0.06649398803710938,	0.053745269775390625
5375581250.0,	0.06819915771484375,	0.053256988525390625
5375600000.0,	0.06904220581054688,	0.0559234619140625
5375618750.0,	0.06738662719726562,	0.05355072021484375
5375637500.0,	0.06781387329101562,	0.052459716796875
5375656250.0,	0.07118988037109375,	0.052890777587890625
5375675000.0,	0.06844329833984375,	0.053005218505859375
5375693750.0,	0.06974411010742188,	0.053070068359375
5375712500.0,	0.06807327270507812,	0.053752899169921875
5375731250.0,	0.06858062744140625,	0.051971435546875
5375750000.0,	0.069305419921875,	0.053188323974609375
5375768750.0,	0.0684814453125,	0.052516937255859375
5375787500.0,	0.06877899169921875,	0.0543670654296875
5375806250.0,	0.066619873046875,	0.053462982177734375
5375825000.0,	0.06814956665039062,	0.05348968505859375
5375843750.0,	0.07083892822265625,	0.05118560791015625
5375862500.0,	0.068450927734375,	0.053012847900390625
5375881250.0,	0.07070159912109375,	0.052364349365234375
5375900000.0,	0.07071304321289062,	0.051708221435546875
5375918750.0,	0.06944656372070312,	0.05352783203125
5375937500.0,	0.07080459594726562,	0.05322265625
5375956250.0,	0.0703125,	0.0538482666015625
5375975000.0,	0.07156753540039062,	0.052936553955078125
5375993750.0,	0.07068634033203125,	0.053600311279296875
5376012500.0,	0.067138671875,	0.054988861083984375
5376031250.0,	0.06890106201171875,	0.05139923095703125
5376050000.0,	0.06915283203125,	0.053333282470703125
5376068750.0,	0.06978988647460938,	0.05394744873046875
5376087500.0,	0.06975173950195312,	0.05283355712890625
5376106250.0,	0.07256317138671875,	0.053524017333984375
5376125000.0,	0.07025527954101562,	0.051601409912109375
5376143750.0,	0.06832504272460938,	0.0548248291015625
5376162500.0,	0.06824874877929688,	0.055217742919921875
5376181250.0,	0.07024765014648438,	0.0529327392578125
5376200000.0,	0.06964111328125,	0.05277252197265625
5376218750.0,	0.0694122314453125,	0.05263519287109375
5376237500.0,	0.07079315185546875,	0.051776885986328125
5376256250.0,	0.0699462890625,	0.0539093017578125
5376275000.0,	0.07030487060546875,	0.053638458251953125
5376293750.0,	0.07286834716796875,	0.053073883056640625
5376312500.0,	0.07004165649414062,	0.05206298828125
5376331250.0,	0.07021331787109375,	0.05255126953125
5376350000.0,	0.0706024169921875,	0.0522308349609375
5376368750.0,	0.07265090942382812,	0.05170440673828125
5376387500.0,	0.07144546508789062,	0.051616668701171875
5376406250.0,	0.06939315795898438,	0.053142547607421875
5376425000.0,	0.0723419189453125,	0.053043365478515625
5376443750.0,	0.07186126708984375,	0.0528717041015625
5376462500.0,	0.06941604614257812,	0.05179595947265625
5376481250.0,	0.07037353515625,	0.0514373779296875
5376500000.0,	0.0690460205078125,	0.052349090576171875
5376518750.0,	0.07202529907226562,	0.051753997802734375
5376537500.0,	0.07358169555664062,	0.052707672119140625
5376556250.0,	0.07167816162109375,	0.05445098876953125
5376575000.0,	0.07274246215820312,	0.0503997802734375
5376593750.0,	0.07120513916015625,	0.050403594970703125
5376612500.0,	0.07189178466796875,	0.052356719970703125
5376631250.0,	0.07098770141601562,	0.05229949951171875
5376650000.0,	0.07081222534179688,	0.05297088623046875
5376668750.0,	0.07478713989257812,	0.05254364013671875
5376687500.0,	0.07190704345703125,	0.0539093017578125
5376706250.0,	0.07269668579101562,	0.052867889404296875
5376725000.0,	0.07018280029296875,	0.05193328857421875
5376743750.0,	0.07251739501953125,	0.050540924072265625
5376762500.0,	0.07154083251953125,	0.05181884765625
5376781250.0,	0.07301712036132812,	0.0535430908203125
5376800000.0,	0.07551193237304688,	0.051952362060546875
5376818750.0,	0.072784423828125,	0.050899505615234375
5376837500.0,	0.07407760620117188,	0.052021026611328125
5376856250.0,	0.07283401489257812,	0.050647735595703125
5376875000.0,	0.07337570190429688,	0.049556732177734375
5376893750.0,	0.07262039184570312,	0.051212310791015625
5376912500.0,	0.07468414306640625,	0.050693511962890625
5376931250.0,	0.07219314575195312,	0.053043365478515625
5376950000.0,	0.07405471801757812,	0.052486419677734375
5376968750.0,	0.07419967651367188,	0.0514984130859375
5376987500.0,	0.07381439208984375,	0.05034637451171875
5377006250.0,	0.07366180419921875,	0.051570892333984375
5377025000.0,	0.07524871826171875,	0.054046630859375
5377043750.0,	0.0736541748046875,	0.050182342529296875
5377062500.0,	0.07312774658203125,	0.051082611083984375
5377081250.0,	0.07334518432617188,	0.0493011474609375
5377100000.0,	0.07563018798828125,	0.052509307861328125
5377118750.0,	0.07499313354492188,	0.051342010498046875
5377137500.0,	0.07591629028320312,	0.051548004150390625
5377156250.0,	0.07452774047851562,	0.051334381103515625
5377175000.0,	0.07389450073242188,	0.05242156982421875
5377193750.0,	0.07516098022460938,	0.052768707275390625
5377212500.0,	0.07694244384765625,	0.05350494384765625
5377231250.0,	0.07467269897460938,	0.05176544189453125
5377250000.0,	0.0764923095703125,	0.050563812255859375
5377268750.0,	0.07529067993164062,	0.051792144775390625
5377287500.0,	0.0759429931640625,	0.052974700927734375
5377306250.0,	0.07511138916015625,	0.05109405517578125
5377325000.0,	0.07633590698242188,	0.050251007080078125
5377343750.0,	0.07498931884765625,	0.049854278564453125
5377362500.0,	0.07599258422851562,	0.0503692626953125
5377381250.0,	0.07392501831054688,	0.05255126953125
5377400000.0,	0.075958251953125,	0.049106597900390625
5377418750.0,	0.07771682739257812,	0.052196502685546875
5377437500.0,	0.07870864868164062,	0.050323486328125
5377456250.0,	0.07733154296875,	0.050048828125
5377475000.0,	0.07801055908203125,	0.0493927001953125
5377493750.0,	0.0773162841796875,	0.049877166748046875
5377512500.0,	0.07754898071289062,	0.051990509033203125
5377531250.0,	0.07495880126953125,	0.05199432373046875
5377550000.0,	0.0802764892578125,	0.0497283935546875
5377568750.0,	0.07900238037109375,	0.050319671630859375
5377587500.0,	0.077911376953125,	0.05069732666015625
5377606250.0,	0.077301025390625,	0.04878997802734375
5377625000.0,	0.07892990112304688,	0.047481536865234375
5377643750.0,	0.0775604248046875,	0.050945281982421875
5377662500.0,	0.07979583740234375,	0.04876708984375
5377681250.0,	0.07982254028320312,	0.047698974609375
5377700000.0,	0.07854461669921875,	0.049358367919921875
5377718750.0,	0.07904815673828125,	0.047916412353515625
5377737500.0,	0.07983779907226562,	0.04839324951171875
5377756250.0,	0.07983779907226562,	0.0470428466796875
5377775000.0,	0.0805206298828125,	0.046630859375
5377793750.0,	0.0814208984375,	0.048858642578125
5377812500.0,	0.08043670654296875,	0.046855926513671875
5377831250.0,	0.08039474487304688,	0.048519134521484375
5377850000.0,	0.08076095581054688,	0.046878814697265625
5377868750.0,	0.08121871948242188,	0.045345306396484375
5377887500.0,	0.0827484130859375,	0.048984527587890625
5377906250.0,	0.08049774169921875,	0.047191619873046875
5377925000.0,	0.07918167114257812,	0.045562744140625
5377943750.0,	0.08148574829101562,	0.0456390380859375
5377962500.0,	0.08189010620117188,	0.046375274658203125
5377981250.0,	0.08275604248046875,	0.0461578369140625
5378000000.0,	0.08283233642578125,	0.045379638671875
5378018750.0,	0.087066650390625,	0.0447540283203125
5378037500.0,	0.08524703979492188,	0.0455780029296875
5378056250.0,	0.08440399169921875,	0.044719696044921875
5378075000.0,	0.08519744873046875,	0.0444183349609375
5378093750.0,	0.08525848388671875,	0.044315338134765625
5378112500.0,	0.084075927734375,	0.043304443359375
5378131250.0,	0.08678817749023438,	0.042938232421875
5378150000.0,	0.08534622192382812,	0.0409088134765625
5378168750.0,	0.08599090576171875,	0.04218292236328125
5378187500.0,	0.08599853515625,	0.043487548828125
5378206250.0,	0.08664703369140625,	0.041259765625
5378225000.0,	0.08701705932617188,	0.0414886474609375
5378243750.0,	0.08832550048828125,	0.040851593017578125
5378262500.0,	0.08624267578125,	0.040996551513671875
5378281250.0,	0.08710861206054688,	0.040073394775390625
5378300000.0,	0.08680343627929688,	0.037445068359375
5378318750.0,	0.08682632446289062,	0.038661956787109375
5378337500.0,	0.08768463134765625,	0.03824615478515625
5378356250.0,	0.08802413940429688,	0.03763580322265625
5378375000.0,	0.08873367309570312,	0.036220550537109375
5378393750.0,	0.0892181396484375,	0.036609649658203125
5378412500.0,	0.08711624145507812,	0.0363006591796875
5378431250.0,	0.0885772705078125,	0.03549957275390625
5378450000.0,	0.08846664428710938,	0.034793853759765625
5378468750.0,	0.09203338623046875,	0.033931732177734375
5378487500.0,	0.09064865112304688,	0.035236358642578125
5378506250.0,	0.09162139892578125,	0.032520294189453125
5378525000.0,	0.091339111328125,	0.03348541259765625
5378543750.0,	0.09136581420898438,	0.029781341552734375
5378562500.0,	0.09009170532226562,	0.03029632568359375
5378581250.0,	0.08806228637695312,	0.026699066162109375
5378600000.0,	0.09185409545898438,	0.0283355712890625
5378618750.0,	0.09256362915039062,	0.028484344482421875
5378637500.0,	0.09190750122070312,	0.0255126953125
5378656250.0,	0.09331512451171875,	0.025074005126953125
5378675000.0,	0.09021377563476562,	0.024051666259765625
5378693750.0,	0.090911865234375,	0.022312164306640625
5378712500.0,	0.091094970703125,	0.023082733154296875
5378731250.0,	0.09218978881835938,	0.01996612548828125
5378750000.0,	0.091705322265625,	0.019870758056640625
5378768750.0,	0.08902359008789062,	0.01909637451171875
5378787500.0,	0.08781814575195312,	0.017242431640625
5378806250.0,	0.088592529296875,	0.0167999267578125
5378825000.0,	0.08865737915039062,	0.0144805908203125
5378843750.0,	0.086639404296875,	0.01216888427734375
5378862500.0,	0.08845138549804688,	0.0141754150390625
5378881250.0,	0.08953094482421875,	0.010471343994140625
5378900000.0,	0.08643722534179688,	0.009502410888671875
5378918750.0,	0.08649826049804688,	0.00675201416015625
5378937500.0,	0.08369064331054688,	0.0057830810546875
5378956250.0,	0.0850677490234375,	0.00659942626953125
5378975000.0,	0.08372879028320312,	0.004764556884765625
5378993750.0,	0.08029937744140625,	0.002780914306640625
5379012500.0,	0.08077239990234375,	0.002384185791015625
5379031250.0,	0.079925537109375,	0.001110076904296875
5379050000.0,	0.07921218872070312,	0.002262115478515625
5379068750.0,	0.07652664184570312,	-0.001651763916015625
5379087500.0,	0.07683181762695312,	-0.000522613525390625
5379106250.0,	0.072967529296875,	-0.004894256591796875
5379125000.0,	0.07192230224609375,	-0.002872467041015625
5379143750.0,	0.07062149047851562,	-0.00412750244140625
5379162500.0,	0.06932449340820312,	-0.00266265869140625
5379181250.0,	0.06995010375976562,	-0.003093719482421875
5379200000.0,	0.0654449462890625,	-0.00339508056640625
5379218750.0,	0.06363296508789062,	-0.0056610107421875
5379237500.0,	0.06393814086914062,	-0.0064544677734375
5379256250.0,	0.062213897705078125,	-0.0035648345947265625
5379275000.0,	0.06084442138671875,	-0.0064640045166015625
5379293750.0,	0.05769538879394531,	-0.00583648681640625
5379312500.0,	0.056713104248046875,	-0.00608062744140625
5379331250.0,	0.05519294738769531,	-0.00472259521484375
5379350000.0,	0.0538330078125,	-0.005733489990234375
5379368750.0,	0.05426597595214844,	-0.0036487579345703125
5379387500.0,	0.051952362060546875,	-0.00536346435546875
5379406250.0,	0.05112457275390625,	-0.005413055419921875
5379425000.0,	0.04999732971191406,	-0.0045146942138671875
5379443750.0,	0.049213409423828125,	-0.003002166748046875
5379462500.0,	0.04749870300292969,	-0.001861572265625
5379481250.0,	0.04407310485839844,	-0.0010223388671875
5379500000.0,	0.04608726501464844,	-0.0005359649658203125
5379518750.0,	0.044391632080078125,	-0.0011692047119140625
5379537500.0,	0.04258918762207031,	-0.001232147216796875
5379556250.0,	0.042999267578125,	0.001495361328125
5379575000.0,	0.04007720947265625,	0.0005664825439453125
5379593750.0,	0.03914451599121094,	0.000102996826171875
5379612500.0,	0.03853034973144531,	0.0007877349853515625
5379631250.0,	0.0393524169921875,	0.002262115478515625
5379650000.0,	0.04036712646484375,	0.004947662353515625
5379668750.0,	0.035892486572265625,	0.0014476776123046875
5379687500.0,	0.036891937255859375,	0.0038776397705078125
5379706250.0,	0.03616905212402344,	0.0046234130859375
5379725000.0,	0.03527069091796875,	0.0055084228515625
5379743750.0,	0.032501220703125,	0.0054683685302734375
5379762500.0,	0.03192138671875,	0.0074596405029296875
5379781250.0,	0.03471946716308594,	0.009735107421875
5379800000.0,	0.03174018859863281,	0.0075092315673828125
5379818750.0,	0.03148651123046875,	0.010477066040039062
5379837500.0,	0.03218841552734375,	0.011180877685546875
5379856250.0,	0.03270721435546875,	0.011095046997070312
5379875000.0,	0.03026294708251953,	0.011630058288574219
5379893750.0,	0.031276702880859375,	0.013257980346679688
5379912500.0,	0.02972126007080078,	0.015123367309570312
5379931250.0,	0.030376434326171875,	0.0150604248046875
5379950000.0,	0.02885723114013672,	0.014955520629882812
5379968750.0,	0.03052806854248047,	0.01661396026611328
5379987500.0,	0.028699874877929688,	0.015320777893066406
5380006250.0,	0.028528213500976562,	0.01709747314453125
5380025000.0,	0.02785968780517578,	0.018735885620117188
5380043750.0,	0.027548789978027344,	0.01924419403076172
5380062500.0,	0.029138565063476562,	0.019563674926757812
5380081250.0,	0.03009319305419922,	0.020442962646484375
5380100000.0,	0.027894020080566406,	0.020526885986328125
5380118750.0,	0.027383804321289062,	0.021315574645996094
5380137500.0,	0.02878856658935547,	0.019982337951660156
5380156250.0,	0.027077674865722656,	0.020873069763183594
5380175000.0,	0.029662132263183594,	0.023035049438476562
5380193750.0,	0.02716064453125,	0.02332305908203125
5380212500.0,	0.02838611602783203,	0.024740219116210938
5380231250.0,	0.02857208251953125,	0.022589683532714844
5380250000.0,	0.028130531311035156,	0.024788856506347656
5380268750.0,	0.028680801391601562,	0.024741172790527344
5380287500.0,	0.02850818634033203,	0.02714252471923828
5380306250.0,	0.0283660888671875,	0.02655315399169922
5380325000.0,	0.02845001220703125,	0.027830123901367188
5380343750.0,	0.028794288635253906,	0.02860260009765625
5380362500.0,	0.029738426208496094,	0.028934478759765625
5380381250.0,	0.028564453125,	0.027105331420898438
5380400000.0,	0.029043197631835938,	0.028028488159179688
5380418750.0,	0.02590179443359375,	0.030099868774414062
5380437500.0,	0.027678489685058594,	0.029912948608398438
5380456250.0,	0.02848529815673828,	0.030698776245117188
5380475000.0,	0.028314590454101562,	0.03224372863769531
5380493750.0,	0.028066635131835938,	0.033168792724609375
5380512500.0,	0.03047943115234375,	0.032135009765625
5380531250.0,	0.02886199951171875,	0.03256988525390625
5380550000.0,	0.0287017822265625,	0.0359039306640625
5380568750.0,	0.02790069580078125,	0.03307342529296875
5380587500.0,	0.027984619140625,	0.033481597900390625
5380606250.0,	0.027734756469726562,	0.03654289245605469
5380625000.0,	0.03009796142578125,	0.032741546630859375
5380643750.0,	0.027446746826171875,	0.03616142272949219
5380662500.0,	0.030811309814453125,	0.03405570983886719
5380681250.0,	0.030059814453125,	0.03518486022949219
5380700000.0,	0.028472900390625,	0.03610801696777344
5380718750.0,	0.029298782348632812,	0.036869049072265625
5380737500.0,	0.0297698974609375,	0.0373687744140625
5380756250.0,	0.03223228454589844,	0.03570365905761719
5380775000.0,	0.029249191284179688,	0.037334442138671875
5380793750.0,	0.030378341674804688,	0.03766822814941406
5380812500.0,	0.03079986572265625,	0.0376739501953125
5380831250.0,	0.029844284057617188,	0.0379486083984375
5380850000.0,	0.03177070617675781,	0.038600921630859375
5380868750.0,	0.029689788818359375,	0.03861236572265625
5380887500.0,	0.03145027160644531,	0.038116455078125
5380906250.0,	0.030643463134765625,	0.03698158264160156
5380925000.0,	0.031248092651367188,	0.04148101806640625
5380943750.0,	0.03192329406738281,	0.04285621643066406
5380962500.0,	0.03110504150390625,	0.04108238220214844
5380981250.0,	0.03295135498046875,	0.04136085510253906
5381000000.0,	0.030904769897460938,	0.03882789611816406
5381018750.0,	0.030771255493164062,	0.041133880615234375
5381037500.0,	0.0305938720703125,	0.04162406921386719
5381056250.0,	0.030618667602539062,	0.0417938232421875
5381075000.0,	0.03277015686035156,	0.0415496826171875
5381093750.0,	0.0326690673828125,	0.041690826416015625
5381112500.0,	0.034328460693359375,	0.04185295104980469
5381131250.0,	0.03292655944824219,	0.04381752014160156
5381150000.0,	0.03307151794433594,	0.04273033142089844
5381168750.0,	0.033771514892578125,	0.040325164794921875
5381187500.0,	0.03354835510253906,	0.04197120666503906
5381206250.0,	0.034717559814453125,	0.043331146240234375
5381225000.0,	0.03448677062988281,	0.04466819763183594
5381243750.0,	0.03505706787109375,	0.04205513000488281
5381262500.0,	0.03326988220214844,	0.04266548156738281
5381281250.0,	0.03350257873535156,	0.0457000732421875
5381300000.0,	0.03307533264160156,	0.042758941650390625
5381318750.0,	0.03355216979980469,	0.04538536071777344
5381337500.0,	0.035251617431640625,	0.0456085205078125
5381356250.0,	0.03534507751464844,	0.04526329040527344
5381375000.0,	0.03394317626953125,	0.04620170593261719
5381393750.0,	0.036285400390625,	0.047496795654296875
5381412500.0,	0.03349113464355469,	0.044704437255859375
5381431250.0,	0.03277015686035156,	0.04459381103515625
5381450000.0,	0.033596038818359375,	0.043888092041015625
5381468750.0,	0.03509521484375,	0.04729652404785156
5381487500.0,	0.03652000427246094,	0.04287147521972656
5381506250.0,	0.03130340576171875,	0.046680450439453125
5381525000.0,	0.03410911560058594,	0.04559326171875
5381543750.0,	0.03614044189453125,	0.04556083679199219
5381562500.0,	0.03441619873046875,	0.0464630126953125
5381581250.0,	0.03495979309082031,	0.04528617858886719
5381600000.0,	0.03569793701171875,	0.04551506042480469
5381618750.0,	0.03694915771484375,	0.046054840087890625
5381637500.0,	0.03444862365722656,	0.04632759094238281
5381656250.0,	0.0365142822265625,	0.046260833740234375
5381675000.0,	0.03684806823730469,	0.04614067077636719
5381693750.0,	0.036895751953125,	0.046352386474609375
5381712500.0,	0.035858154296875,	0.047435760498046875
5381731250.0,	0.03566741943359375,	0.04686927795410156
5381750000.0,	0.03639984130859375,	0.04682159423828125
5381768750.0,	0.034435272216796875,	0.04785728454589844
5381787500.0,	0.03775787353515625,	0.04580497741699219
5381806250.0,	0.036724090576171875,	0.04794883728027344
5381825000.0,	0.036243438720703125,	0.0474090576171875
5381843750.0,	0.037723541259765625,	0.04594993591308594
5381862500.0,	0.03635406494140625,	0.04749298095703125
5381881250.0,	0.03664588928222656,	0.04778099060058594
5381900000.0,	0.03717231750488281,	0.049259185791015625
5381918750.0,	0.03520774841308594,	0.04876518249511719
5381937500.0,	0.0375823974609375,	0.0487060546875
5381956250.0,	0.03691864013671875,	0.04935455322265625
5381975000.0,	0.03801155090332031,	0.04892921447753906
5381993750.0,	0.03761482238769531,	0.048187255859375
5382012500.0,	0.03479576110839844,	0.046039581298828125
5382031250.0,	0.03585052490234375,	0.04742240905761719
5382050000.0,	0.03864288330078125,	0.04965400695800781
5382068750.0,	0.03867912292480469,	0.04810523986816406
5382087500.0,	0.0373077392578125,	0.048755645751953125
5382106250.0,	0.03645896911621094,	0.05077934265136719
5382125000.0,	0.03778839111328125,	0.04776763916015625
5382143750.0,	0.03813362121582031,	0.048473358154296875
5382162500.0,	0.038440704345703125,	0.047821044921875
5382181250.0,	0.03763580322265625,	0.04910850524902344
5382200000.0,	0.03638267517089844,	0.05000114440917969
5382218750.0,	0.039318084716796875,	0.05002021789550781
5382237500.0,	0.037723541259765625,	0.04937553405761719
5382256250.0,	0.03734397888183594,	0.049877166748046875
5382275000.0,	0.03644752502441406,	0.0507659912109375
5382293750.0,	0.03747749328613281,	0.04932594299316406
5382312500.0,	0.03919219970703125,	0.04983329772949219
5382331250.0,	0.03788185119628906,	0.047821044921875
5382350000.0,	0.03781890869140625,	0.048801422119140625
5382368750.0,	0.0367889404296875,	0.04965782165527344
5382387500.0,	0.039501190185546875,	0.0497894287109375
5382406250.0,	0.03641319274902344,	0.051067352294921875
5382425000.0,	0.03898811340332031,	0.05215644836425781
5382443750.0,	0.03855133056640625,	0.04931831359863281
5382462500.0,	0.03879356384277344,	0.04897880554199219
5382481250.0,	0.03905677795410156,	0.05012702941894531
5382500000.0,	0.038555145263671875,	0.049282073974609375
5382518750.0,	0.03997039794921875,	0.05016517639160156
5382537500.0,	0.03805732727050781,	0.05076408386230469
5382556250.0,	0.03854179382324219,	0.0504913330078125
5382575000.0,	0.03814697265625,	0.049774169921875
5382593750.0,	0.04011344909667969,	0.050506591796875
5382612500.0,	0.03972434997558594,	0.050464630126953125
5382631250.0,	0.03891944885253906,	0.04910087585449219
5382650000.0,	0.036651611328125,	0.05110931396484375
5382668750.0,	0.037372589111328125,	0.05132102966308594
5382687500.0,	0.0389556884765625,	0.05043792724609375
5382706250.0,	0.03910636901855469,	0.051052093505859375
5382725000.0,	0.038799285888671875,	0.05093955993652344
5382743750.0,	0.0389862060546875,	0.051387786865234375
5382762500.0,	0.038326263427734375,	0.0517578125
5382781250.0,	0.041790008544921875,	0.04964256286621094
5382800000.0,	0.040920257568359375,	0.051929473876953125
5382818750.0,	0.04049873352050781,	0.051715850830078125
5382837500.0,	0.04129981994628906,	0.050563812255859375
5382856250.0,	0.03943443298339844,	0.05213737487792969
5382875000.0,	0.03947639465332031,	0.05369377136230469
5382893750.0,	0.03832054138183594,	0.05164527893066406
5382912500.0,	0.039886474609375,	0.05020332336425781
5382931250.0,	0.040996551513671875,	0.05267333984375
5382950000.0,	0.03962516784667969,	0.049831390380859375
5382968750.0,	0.041595458984375,	0.05252265930175781
5382987500.0,	0.041149139404296875,	0.05115509033203125
5383006250.0,	0.04001808166503906,	0.05169677734375
5383025000.0,	0.03843498229980469,	0.05098724365234375
5383043750.0,	0.04020881652832031,	0.05106544494628906
5383062500.0,	0.04200935363769531,	0.05254364013671875
5383081250.0,	0.03876686096191406,	0.05137062072753906
5383100000.0,	0.039600372314453125,	0.053417205810546875
5383118750.0,	0.03918647766113281,	0.05077362060546875
5383137500.0,	0.040313720703125,	0.051670074462890625
5383156250.0,	0.040401458740234375,	0.052341461181640625
5383175000.0,	0.03869819641113281,	0.053478240966796875
5383193750.0,	0.04088020324707031,	0.052890777587890625
5383212500.0,	0.04162025451660156,	0.05477142333984375
5383231250.0,	0.040523529052734375,	0.051021575927734375
5383250000.0,	0.04088592529296875,	0.05255699157714844
5383268750.0,	0.040130615234375,	0.051479339599609375
5383287500.0,	0.042438507080078125,	0.05066680908203125
5383306250.0,	0.039276123046875,	0.0506744384765625
5383325000.0,	0.03987312316894531,	0.05276679992675781
5383343750.0,	0.0397796630859375,	0.05276298522949219
5383362500.0,	0.04043388366699219,	0.05264091491699219
5383381250.0,	0.04091644287109375,	0.0518798828125
5383400000.0,	0.041133880615234375,	0.05336189270019531
5383418750.0,	0.040668487548828125,	0.05365562438964844
5383437500.0,	0.041378021240234375,	0.05284881591796875
5383456250.0,	0.040821075439453125,	0.052154541015625
5383475000.0,	0.04236412048339844,	0.05248069763183594
5383493750.0,	0.04103279113769531,	0.053424835205078125
5383512500.0,	0.04088592529296875,	0.052013397216796875
5383531250.0,	0.0406951904296875,	0.051166534423828125
5383550000.0,	0.04031181335449219,	0.053966522216796875
5383568750.0,	0.04106330871582031,	0.053371429443359375
5383587500.0,	0.04146766662597656,	0.05321502685546875
5383606250.0,	0.03780174255371094,	0.05309486389160156
5383625000.0,	0.0417633056640625,	0.05320549011230469
5383643750.0,	0.040828704833984375,	0.053256988525390625
5383662500.0,	0.04411888122558594,	0.0527801513671875
5383681250.0,	0.041351318359375,	0.05290985107421875
5383700000.0,	0.042621612548828125,	0.05273246765136719
5383718750.0,	0.04125213623046875,	0.05619621276855469
5383737500.0,	0.04269218444824219,	0.05395698547363281
5383756250.0,	0.040622711181640625,	0.05434608459472656
5383775000.0,	0.04048347473144531,	0.053760528564453125
5383793750.0,	0.03969383239746094,	0.05421638488769531
5383812500.0,	0.04244422912597656,	0.05444908142089844
5383831250.0,	0.04115104675292969,	0.053730010986328125
5383850000.0,	0.042285919189453125,	0.05442047119140625
5383868750.0,	0.04197502136230469,	0.05365943908691406
5383887500.0,	0.04120635986328125,	0.051097869873046875
5383906250.0,	0.04305267333984375,	0.05291557312011719
5383925000.0,	0.04140663146972656,	0.05225563049316406
5383943750.0,	0.041248321533203125,	0.053730010986328125
5383962500.0,	0.04328727722167969,	0.053668975830078125
5383981250.0,	0.0392303466796875,	0.05527496337890625
5384000000.0,	0.04154205322265625,	0.05299568176269531
5384018750.0,	0.04290962219238281,	0.05538177490234375
5384037500.0,	0.041172027587890625,	0.05362701416015625
5384056250.0,	0.04134559631347656,	0.053508758544921875
5384075000.0,	0.04003334045410156,	0.054477691650390625
5384093750.0,	0.04384040832519531,	0.05328941345214844
5384112500.0,	0.04124641418457031,	0.05576896667480469
5384131250.0,	0.04062461853027344,	0.052333831787109375
5384150000.0,	0.041568756103515625,	0.05444526672363281
5384168750.0,	0.042171478271484375,	0.05301666259765625
5384187500.0,	0.04346275329589844,	0.05116844177246094
5384206250.0,	0.04167747497558594,	0.05419349670410156
5384225000.0,	0.04334068298339844,	0.05383872985839844
5384243750.0,	0.04269981384277344,	0.05275917053222656
5384262500.0,	0.042179107666015625,	0.052883148193359375
5384281250.0,	0.04229736328125,	0.05474090576171875
5384300000.0,	0.043304443359375,	0.05267906188964844
5384318750.0,	0.04299736022949219,	0.05481910705566406
5384337500.0,	0.04259681701660156,	0.05346488952636719
5384356250.0,	0.04239463806152344,	0.054492950439453125
5384375000.0,	0.04190635681152344,	0.05565452575683594
5384393750.0,	0.04241371154785156,	0.05072784423828125
5384412500.0,	0.04261016845703125,	0.054782867431640625
5384431250.0,	0.04268646240234375,	0.05333518981933594
5384450000.0,	0.04250907897949219,	0.05240058898925781
5384468750.0,	0.04249000549316406,	0.056308746337890625
5384487500.0,	0.04284477233886719,	0.05376243591308594
5384506250.0,	0.04371070861816406,	0.05749702453613281
5384525000.0,	0.04486846923828125,	0.052997589111328125
5384543750.0,	0.04078483581542969,	0.05489158630371094
5384562500.0,	0.04290580749511719,	0.0533905029296875
5384581250.0,	0.042789459228515625,	0.053874969482421875
5384600000.0,	0.041904449462890625,	0.0555267333984375
5384618750.0,	0.04450035095214844,	0.0534515380859375
5384637500.0,	0.04609107971191406,	0.05446434020996094
5384656250.0,	0.043182373046875,	0.05244255065917969
5384675000.0,	0.04144859313964844,	0.05397224426269531
5384693750.0,	0.04376029968261719,	0.05433464050292969
5384712500.0,	0.04317665100097656,	0.05569267272949219
5384731250.0,	0.04282569885253906,	0.05278778076171875
5384750000.0,	0.04242515563964844,	0.05463981628417969
5384768750.0,	0.042087554931640625,	0.05521202087402344
5384787500.0,	0.041362762451171875,	0.05409049987792969
5384806250.0,	0.04142570495605469,	0.05423927307128906
5384825000.0,	0.042240142822265625,	0.05651283264160156
5384843750.0,	0.04360389709472656,	0.054195404052734375
5384862500.0,	0.04150581359863281,	0.05296134948730469
5384881250.0,	0.042835235595703125,	0.0543975830078125
5384900000.0,	0.04429435729980469,	0.053318023681640625
5384918750.0,	0.04043769836425781,	0.05457878112792969
5384937500.0,	0.04310417175292969,	0.0548095703125
5384956250.0,	0.04340934753417969,	0.056610107421875
5384975000.0,	0.04378509521484375,	0.056125640869140625
5384993750.0,	0.041950225830078125,	0.05471992492675781
5385012500.0,	0.04409027099609375,	0.054595947265625
5385031250.0,	0.041507720947265625,	0.05526924133300781
5385050000.0,	0.04306221008300781,	0.05571556091308594
5385068750.0,	0.04506874084472656,	0.05391883850097656
5385087500.0,	0.042919158935546875,	0.054737091064453125
5385106250.0,	0.04345512390136719,	0.057102203369140625
5385125000.0,	0.04229927062988281,	0.05665016174316406
5385143750.0,	0.04302978515625,	0.05492401123046875
5385162500.0,	0.04197883605957031,	0.05376625061035156
5385181250.0,	0.04567909240722656,	0.05490684509277344
5385200000.0,	0.044094085693359375,	0.056056976318359375
5385218750.0,	0.043933868408203125,	0.05699348449707031
5385237500.0,	0.04424285888671875,	0.05397224426269531
5385256250.0,	0.04141998291015625,	0.05626869201660156
5385275000.0,	0.04287910461425781,	0.05415916442871094
5385293750.0,	0.04571723937988281,	0.055210113525390625
5385312500.0,	0.0443878173828125,	0.05541038513183594
5385331250.0,	0.043636322021484375,	0.05553245544433594
5385350000.0,	0.04202079772949219,	0.054653167724609375
5385368750.0,	0.0444488525390625,	0.0561065673828125
5385387500.0,	0.04265022277832031,	0.05625152587890625
5385406250.0,	0.04309272766113281,	0.0559234619140625
5385425000.0,	0.042144775390625,	0.056514739990234375
5385443750.0,	0.044223785400390625,	0.05461692810058594
5385462500.0,	0.04426002502441406,	0.05717277526855469
5385481250.0,	0.043422698974609375,	0.05557823181152344
5385500000.0,	0.04412078857421875,	0.05817985534667969
5385518750.0,	0.04412269592285156,	0.05637359619140625
5385537500.0,	0.04443168640136719,	0.055072784423828125
5385556250.0,	0.04396629333496094,	0.056415557861328125
5385575000.0,	0.04174613952636719,	0.05792427062988281
5385593750.0,	0.04128265380859375,	0.05428123474121094
5385612500.0,	0.0424957275390625,	0.055843353271484375
5385631250.0,	0.04357147216796875,	0.05630302429199219
5385650000.0,	0.04227447509765625,	0.05518913269042969
5385668750.0,	0.04392242431640625,	0.0566864013671875
5385687500.0,	0.04403877258300781,	0.05851173400878906
5385706250.0,	0.042812347412109375,	0.05502891540527344
5385725000.0,	0.043437957763671875,	0.05729103088378906
5385743750.0,	0.04561042785644531,	0.055904388427734375
5385762500.0,	0.04213142395019531,	0.05637550354003906
5385781250.0,	0.0434112548828125,	0.055515289306640625
5385800000.0,	0.044277191162109375,	0.05623054504394531
5385818750.0,	0.04147911071777344,	0.05615043640136719
5385837500.0,	0.0438079833984375,	0.05624961853027344
5385856250.0,	0.0432586669921875,	0.05648612976074219
5385875000.0,	0.04460716247558594,	0.057498931884765625
5385893750.0,	0.04243278503417969,	0.055980682373046875
5385912500.0,	0.04248619079589844,	0.05414390563964844
5385931250.0,	0.044124603271484375,	0.05690574645996094
5385950000.0,	0.04239082336425781,	0.05567169189453125
5385968750.0,	0.04319000244140625,	0.054279327392578125
5385987500.0,	0.04340553283691406,	0.0545196533203125
5386006250.0,	0.04416465759277344,	0.0549468994140625
5386025000.0,	0.04156494140625,	0.05730438232421875
5386043750.0,	0.044536590576171875,	0.056186676025390625
5386062500.0,	0.04307365417480469,	0.05718803405761719
5386081250.0,	0.04231452941894531,	0.055370330810546875
5386100000.0,	0.044055938720703125,	0.055843353271484375
5386118750.0,	0.04367256164550781,	0.056476593017578125
5386137500.0,	0.0442657470703125,	0.0562896728515625
5386156250.0,	0.0436248779296875,	0.0550384521484375
5386175000.0,	0.0455474853515625,	0.056865692138671875
5386193750.0,	0.043331146240234375,	0.05698966979980469
5386212500.0,	0.044147491455078125,	0.056674957275390625
5386231250.0,	0.04371452331542969,	0.056766510009765625
5386250000.0,	0.04268455505371094,	0.055999755859375
5386268750.0,	0.0422821044921875,	0.055118560791015625
5386287500.0,	0.04460334777832031,	0.05633354187011719
5386306250.0,	0.043750762939453125,	0.05769157409667969
5386325000.0,	0.044307708740234375,	0.05668449401855469
5386343750.0,	0.04347419738769531,	0.057506561279296875
5386362500.0,	0.04198265075683594,	0.05718994140625
5386381250.0,	0.04298210144042969,	0.05513763427734375
5386400000.0,	0.04360389709472656,	0.05561065673828125
5386418750.0,	0.04485893249511719,	0.05717658996582031
5386437500.0,	0.04258155822753906,	0.05539131164550781
5386456250.0,	0.04800987243652344,	0.055267333984375
5386475000.0,	0.044322967529296875,	0.057636260986328125
5386493750.0,	0.04068946838378906,	0.056331634521484375
5386512500.0,	0.045635223388671875,	0.056316375732421875
5386531250.0,	0.04356956481933594,	0.055416107177734375
5386550000.0,	0.04541969299316406,	0.05739784240722656
5386568750.0,	0.045070648193359375,	0.056797027587890625
5386587500.0,	0.04360008239746094,	0.05763435363769531
5386606250.0,	0.04437065124511719,	0.05643272399902344
5386625000.0,	0.044513702392578125,	0.05703163146972656
5386643750.0,	0.04297828674316406,	0.05727195739746094
5386662500.0,	0.04412651062011719,	0.05529594421386719
5386681250.0,	0.04322624206542969,	0.05585670471191406
5386700000.0,	0.04352760314941406,	0.05803680419921875
5386718750.0,	0.043659210205078125,	0.05459785461425781
5386737500.0,	0.04262542724609375,	0.05588340759277344
5386756250.0,	0.04393959045410156,	0.05702781677246094
5386775000.0,	0.044963836669921875,	0.05828094482421875
5386793750.0,	0.04150390625,	0.056964874267578125
5386812500.0,	0.04423713684082031,	0.05753898620605469
5386831250.0,	0.04233741760253906,	0.057277679443359375
5386850000.0,	0.042652130126953125,	0.0568695068359375
5386868750.0,	0.044055938720703125,	0.056674957275390625
5386887500.0,	0.04492759704589844,	0.0569915771484375
5386906250.0,	0.04256248474121094,	0.05761146545410156
5386925000.0,	0.04456901550292969,	0.05758857727050781
5386943750.0,	0.04343223571777344,	0.058910369873046875
5386962500.0,	0.044513702392578125,	0.0551300048828125
5386981250.0,	0.04465484619140625,	0.05935096740722656
5387000000.0,	0.04520988464355469,	0.056484222412109375
5387018750.0,	0.0456695556640625,	0.05449104309082031
5387037500.0,	0.04315948486328125,	0.05632591247558594
5387056250.0,	0.045619964599609375,	0.05719947814941406
5387075000.0,	0.0446319580078125,	0.05595588684082031
5387093750.0,	0.0431365966796875,	0.0567779541015625
5387112500.0,	0.04418373107910156,	0.057430267333984375
5387131250.0,	0.042079925537109375,	0.056911468505859375
5387150000.0,	0.04341697692871094,	0.05881309509277344
5387168750.0,	0.044467926025390625,	0.05734443664550781
5387187500.0,	0.04522514343261719,	0.05709266662597656
5387206250.0,	0.04352378845214844,	0.05792236328125
5387225000.0,	0.044231414794921875,	0.05631256103515625
5387243750.0,	0.04302787780761719,	0.057224273681640625
5387262500.0,	0.04318046569824219,	0.058376312255859375
5387281250.0,	0.045536041259765625,	0.05634498596191406
5387300000.0,	0.04476737976074219,	0.05756187438964844
5387318750.0,	0.046550750732421875,	0.055233001708984375
5387337500.0,	0.04543876647949219,	0.05501556396484375
5387356250.0,	0.04485130310058594,	0.0558929443359375
5387375000.0,	0.044719696044921875,	0.05887794494628906
5387393750.0,	0.04547882080078125,	0.05840301513671875
5387412500.0,	0.043811798095703125,	0.05500030517578125
5387431250.0,	0.044399261474609375,	0.05705070495605469
5387450000.0,	0.04520606994628906,	0.055469512939453125
5387468750.0,	0.04363441467285156,	0.05708122253417969
5387487500.0,	0.045135498046875,	0.05657005310058594
5387506250.0,	0.04380226135253906,	0.05626869201660156
5387525000.0,	0.04364776611328125,	0.0566864013671875
5387543750.0,	0.04377174377441406,	0.058155059814453125
5387562500.0,	0.04509735107421875,	0.058155059814453125
5387581250.0,	0.04375267028808594,	0.0556488037109375
5387600000.0,	0.04305076599121094,	0.0569305419921875
5387618750.0,	0.041629791259765625,	0.058895111083984375
5387637500.0,	0.045162200927734375,	0.05712318420410156
5387656250.0,	0.044490814208984375,	0.05803108215332031
5387675000.0,	0.04302215576171875,	0.056446075439453125
5387693750.0,	0.04397392272949219,	0.05838203430175781
5387712500.0,	0.044284820556640625,	0.05859947204589844
5387731250.0,	0.04524040222167969,	0.05796623229980469
5387750000.0,	0.044551849365234375,	0.05633354187011719
5387768750.0,	0.04334831237792969,	0.05767822265625
5387787500.0,	0.04281044006347656,	0.0574798583984375
5387806250.0,	0.042720794677734375,	0.05786705017089844
5387825000.0,	0.04553031921386719,	0.05741119384765625
5387843750.0,	0.04492759704589844,	0.05817985534667969
5387862500.0,	0.0424652099609375,	0.05890655517578125
5387881250.0,	0.04480171203613281,	0.05728912353515625
5387900000.0,	0.04608154296875,	0.05655479431152344
5387918750.0,	0.04474449157714844,	0.059108734130859375
5387937500.0,	0.04367256164550781,	0.05658531188964844
5387956250.0,	0.04238128662109375,	0.057891845703125
5387975000.0,	0.0450592041015625,	0.05782508850097656
5387993750.0,	0.045398712158203125,	0.05866813659667969
5388012500.0,	0.04651832580566406,	0.05583953857421875
5388031250.0,	0.04371070861816406,	0.058528900146484375
5388050000.0,	0.04174232482910156,	0.05651664733886719
5388068750.0,	0.042987823486328125,	0.057430267333984375
5388087500.0,	0.044891357421875,	0.05816841125488281
5388106250.0,	0.0433502197265625,	0.05717658996582031
5388125000.0,	0.043853759765625,	0.0585784912109375
5388143750.0,	0.04479217529296875,	0.055942535400390625
5388162500.0,	0.04235649108886719,	0.05727958679199219
5388181250.0,	0.045810699462890625,	0.0590667724609375
5388200000.0,	0.04421234130859375,	0.0584259033203125
5388218750.0,	0.04480552673339844,	0.058109283447265625
5388237500.0,	0.04263114929199219,	0.056575775146484375
5388256250.0,	0.043628692626953125,	0.05626869201660156
5388275000.0,	0.04549407958984375,	0.05956840515136719
5388293750.0,	0.04356575012207031,	0.058563232421875
5388312500.0,	0.04354286193847656,	0.05695533752441406
5388331250.0,	0.04626274108886719,	0.058231353759765625
5388350000.0,	0.04497337341308594,	0.06088447570800781
5388368750.0,	0.044097900390625,	0.05599784851074219
5388387500.0,	0.04547691345214844,	0.05660438537597656
5388406250.0,	0.04691505432128906,	0.05945777893066406
5388425000.0,	0.04498291015625,	0.05928802490234375
5388443750.0,	0.044933319091796875,	0.05854606628417969
5388462500.0,	0.04556846618652344,	0.05695152282714844
5388481250.0,	0.044162750244140625,	0.05669212341308594
5388500000.0,	0.045230865478515625,	0.05910682678222656
5388518750.0,	0.042758941650390625,	0.05707359313964844
5388537500.0,	0.04318046569824219,	0.05829048156738281
5388556250.0,	0.04549598693847656,	0.05834007263183594
5388575000.0,	0.04313850402832031,	0.05890655517578125
5388593750.0,	0.043270111083984375,	0.05634880065917969
5388612500.0,	0.04325294494628906,	0.06006813049316406
5388631250.0,	0.04413032531738281,	0.056781768798828125
5388650000.0,	0.04523277282714844,	0.05980682373046875
5388668750.0,	0.04341316223144531,	0.05658531188964844
5388687500.0,	0.04340553283691406,	0.059783935546875
5388706250.0,	0.044071197509765625,	0.05773353576660156
5388725000.0,	0.044879913330078125,	0.05827522277832031
5388743750.0,	0.045501708984375,	0.05701637268066406
5388762500.0,	0.044925689697265625,	0.05895233154296875
5388781250.0,	0.044708251953125,	0.05657196044921875
5388800000.0,	0.042938232421875,	0.05929374694824219
5388818750.0,	0.045230865478515625,	0.06002044677734375
5388837500.0,	0.044315338134765625,	0.05764007568359375
5388856250.0,	0.04534721374511719,	0.05770301818847656
5388875000.0,	0.04719352722167969,	0.05741310119628906
5388893750.0,	0.04389762878417969,	0.05551910400390625
5388912500.0,	0.04473114013671875,	0.056621551513671875
5388931250.0,	0.04408836364746094,	0.058238983154296875
5388950000.0,	0.04515266418457031,	0.05752754211425781
5388968750.0,	0.04514122009277344,	0.057674407958984375
5388987500.0,	0.046459197998046875,	0.05833625793457031
5389006250.0,	0.04611968994140625,	0.05992889404296875
5389025000.0,	0.04404258728027344,	0.05567741394042969
5389043750.0,	0.04683494567871094,	0.05779266357421875
5389062500.0,	0.04505157470703125,	0.05810737609863281
5389081250.0,	0.04510307312011719,	0.05805206298828125
5389100000.0,	0.04385185241699219,	0.057445526123046875
5389118750.0,	0.04345512390136719,	0.05888938903808594
5389137500.0,	0.044147491455078125,	0.05756950378417969
5389156250.0,	0.04463958740234375,	0.05908966064453125
5389175000.0,	0.0445098876953125,	0.058773040771484375
5389193750.0,	0.045581817626953125,	0.05729103088378906
5389212500.0,	0.04517555236816406,	0.05889129638671875
5389231250.0,	0.04331207275390625,	0.05705833435058594
5389250000.0,	0.04410743713378906,	0.06062126159667969
5389268750.0,	0.043369293212890625,	0.05783271789550781
5389287500.0,	0.04511070251464844,	0.0586090087890625
5389306250.0,	0.045017242431640625,	0.05821418762207031
5389325000.0,	0.04665946960449219,	0.05813026428222656
5389343750.0,	0.04289817810058594,	0.057903289794921875
5389362500.0,	0.04584693908691406,	0.05862617492675781
5389381250.0,	0.044376373291015625,	0.059734344482421875
5389400000.0,	0.04506111145019531,	0.05651283264160156
5389418750.0,	0.043701171875,	0.05709266662597656
5389437500.0,	0.045558929443359375,	0.061412811279296875
5389456250.0,	0.04340362548828125,	0.058197021484375
5389475000.0,	0.04496002197265625,	0.05858039855957031
5389493750.0,	0.04386329650878906,	0.059146881103515625
5389512500.0,	0.044193267822265625,	0.05863761901855469
5389531250.0,	0.04491233825683594,	0.058444976806640625
5389550000.0,	0.045093536376953125,	0.0596160888671875
5389568750.0,	0.04470062255859375,	0.05958747863769531
5389587500.0,	0.043087005615234375,	0.05996513366699219
5389606250.0,	0.04426765441894531,	0.05756378173828125
5389625000.0,	0.04425239562988281,	0.06017494201660156
5389643750.0,	0.0431060791015625,	0.058208465576171875
5389662500.0,	0.04482269287109375,	0.05736541748046875
5389681250.0,	0.044094085693359375,	0.05830574035644531
5389700000.0,	0.04361534118652344,	0.06200408935546875
5389718750.0,	0.04608154296875,	0.0586700439453125
5389737500.0,	0.04402923583984375,	0.05978965759277344
5389756250.0,	0.04451751708984375,	0.06030464172363281
5389775000.0,	0.044010162353515625,	0.05854606628417969
5389793750.0,	0.04615974426269531,	0.0584869384765625
5389812500.0,	0.04599189758300781,	0.0589752197265625
5389831250.0,	0.043483734130859375,	0.058986663818359375
5389850000.0,	0.04517936706542969,	0.05896759033203125
5389868750.0,	0.04579353332519531,	0.0586395263671875
5389887500.0,	0.04444313049316406,	0.05972480773925781
5389906250.0,	0.04493141174316406,	0.05944633483886719
5389925000.0,	0.04480552673339844,	0.06042289733886719
5389943750.0,	0.04565238952636719,	0.059146881103515625
5389962500.0,	0.04358863830566406,	0.05912590026855469
5389981250.0,	0.04376029968261719,	0.0581512451171875
5390000000.0,	0.04471778869628906,	0.05809974670410156
