5310037500.0,	0.04880332946777344,	0.05423736572265625
5310075000.0,	0.04447746276855469,	0.05455589294433594
5310112500.0,	0.045345306396484375,	0.053440093994140625
5310150000.0,	0.045444488525390625,	0.05321502685546875
5310187500.0,	0.04727745056152344,	0.05477142333984375
5310225000.0,	0.04726982116699219,	0.051136016845703125
5310262500.0,	0.0463714599609375,	0.052082061767578125
5310300000.0,	0.045543670654296875,	0.054897308349609375
5310337500.0,	0.04639434814453125,	0.054164886474609375
5310375000.0,	0.04518699645996094,	0.053653717041015625
5310412500.0,	0.04550361633300781,	0.052951812744140625
5310450000.0,	0.04600334167480469,	0.05517005920410156
5310487500.0,	0.04681968688964844,	0.0547637939453125
5310525000.0,	0.045375823974609375,	0.05301666259765625
5310562500.0,	0.044677734375,	0.054096221923828125
5310600000.0,	0.0474853515625,	0.0558624267578125
5310637500.0,	0.045886993408203125,	0.05548286437988281
5310675000.0,	0.04695892333984375,	0.053905487060546875
5310712500.0,	0.04688835144042969,	0.05493736267089844
5310750000.0,	0.04622650146484375,	0.05452728271484375
5310787500.0,	0.04790306091308594,	0.05515480041503906
5310825000.0,	0.04533958435058594,	0.054134368896484375
5310862500.0,	0.044773101806640625,	0.0532684326171875
5310900000.0,	0.04603767395019531,	0.055004119873046875
5310937500.0,	0.045177459716796875,	0.05261421203613281
5310975000.0,	0.04835319519042969,	0.05367469787597656
5311012500.0,	0.046535491943359375,	0.05426216125488281
5311050000.0,	0.04757881164550781,	0.05427360534667969
5311087500.0,	0.04631996154785156,	0.05464935302734375
5311125000.0,	0.04766082763671875,	0.054721832275390625
5311162500.0,	0.04531097412109375,	0.05626869201660156
5311200000.0,	0.04813575744628906,	0.05617332458496094
5311237500.0,	0.04500007629394531,	0.05358314514160156
5311275000.0,	0.04848480224609375,	0.05573463439941406
5311312500.0,	0.046222686767578125,	0.055866241455078125
5311350000.0,	0.044921875,	0.05338096618652344
5311387500.0,	0.04542732238769531,	0.05443000793457031
5311425000.0,	0.04665946960449219,	0.053844451904296875
5311462500.0,	0.04656982421875,	0.0553131103515625
5311500000.0,	0.04710960388183594,	0.05548095703125
5311537500.0,	0.045654296875,	0.055736541748046875
5311575000.0,	0.04678916931152344,	0.0560302734375
5311612500.0,	0.046756744384765625,	0.052783966064453125
5311650000.0,	0.04510688781738281,	0.05710601806640625
5311687500.0,	0.04849052429199219,	0.054538726806640625
5311725000.0,	0.04718971252441406,	0.05486106872558594
5311762500.0,	0.046901702880859375,	0.05560493469238281
5311800000.0,	0.04697418212890625,	0.05473899841308594
5311837500.0,	0.04601860046386719,	0.053829193115234375
5311875000.0,	0.04441642761230469,	0.054599761962890625
5311912500.0,	0.04656219482421875,	0.05400848388671875
5311950000.0,	0.04729461669921875,	0.053936004638671875
5311987500.0,	0.04801750183105469,	0.0549774169921875
5312025000.0,	0.04765510559082031,	0.05587959289550781
5312062500.0,	0.04758262634277344,	0.054492950439453125
5312100000.0,	0.04736137390136719,	0.05577659606933594
5312137500.0,	0.04675865173339844,	0.056720733642578125
5312175000.0,	0.04670906066894531,	0.053997039794921875
5312212500.0,	0.0473785400390625,	0.05470848083496094
5312250000.0,	0.0469818115234375,	0.0544891357421875
5312287500.0,	0.04826545715332031,	0.056781768798828125
5312325000.0,	0.0480194091796875,	0.05664253234863281
5312362500.0,	0.04625511169433594,	0.0567169189453125
5312400000.0,	0.0479583740234375,	0.05487632751464844
5312437500.0,	0.047138214111328125,	0.05438804626464844
5312475000.0,	0.0477447509765625,	0.055511474609375
5312512500.0,	0.046405792236328125,	0.05512237548828125
5312550000.0,	0.04516792297363281,	0.05404090881347656
5312587500.0,	0.04749488830566406,	0.054775238037109375
5312625000.0,	0.045581817626953125,	0.05709075927734375
5312662500.0,	0.04682159423828125,	0.05390167236328125
5312700000.0,	0.04819297790527344,	0.05402374267578125
5312737500.0,	0.04797935485839844,	0.057086944580078125
5312775000.0,	0.046344757080078125,	0.054821014404296875
5312812500.0,	0.04719352722167969,	0.055713653564453125
5312850000.0,	0.04506111145019531,	0.0550537109375
5312887500.0,	0.04714775085449219,	0.0559234619140625
5312925000.0,	0.04875755310058594,	0.05771636962890625
5312962500.0,	0.0462188720703125,	0.05401420593261719
5313000000.0,	0.04694366455078125,	0.05562019348144531
5313037500.0,	0.04643821716308594,	0.054035186767578125
5313075000.0,	0.0472869873046875,	0.0556182861328125
5313112500.0,	0.048183441162109375,	0.05635833740234375
5313150000.0,	0.04576301574707031,	0.05621528625488281
5313187500.0,	0.047641754150390625,	0.056316375732421875
5313225000.0,	0.04778289794921875,	0.05655097961425781
5313262500.0,	0.04823493957519531,	0.05476570129394531
5313300000.0,	0.04767608642578125,	0.05574798583984375
5313337500.0,	0.04663276672363281,	0.05522727966308594
5313375000.0,	0.047336578369140625,	0.05647850036621094
5313412500.0,	0.048267364501953125,	0.0562744140625
5313450000.0,	0.04650688171386719,	0.05767250061035156
5313487500.0,	0.04906654357910156,	0.05564689636230469
5313525000.0,	0.047698974609375,	0.05785369873046875
5313562500.0,	0.04860687255859375,	0.0554351806640625
5313600000.0,	0.04718971252441406,	0.05812644958496094
5313637500.0,	0.04926109313964844,	0.05711174011230469
5313675000.0,	0.0481414794921875,	0.05590629577636719
5313712500.0,	0.04753303527832031,	0.054920196533203125
5313750000.0,	0.0492095947265625,	0.05509757995605469
5313787500.0,	0.048534393310546875,	0.0576324462890625
5313825000.0,	0.048309326171875,	0.05600166320800781
5313862500.0,	0.04970741271972656,	0.05742073059082031
5313900000.0,	0.04709815979003906,	0.057529449462890625
5313937500.0,	0.04842376708984375,	0.05731964111328125
5313975000.0,	0.04692840576171875,	0.05571937561035156
5314012500.0,	0.05019378662109375,	0.055004119873046875
5314050000.0,	0.047344207763671875,	0.0570526123046875
5314087500.0,	0.04937553405761719,	0.055843353271484375
5314125000.0,	0.04940032958984375,	0.0565338134765625
5314162500.0,	0.04730987548828125,	0.0562591552734375
5314200000.0,	0.04834938049316406,	0.05703163146972656
5314237500.0,	0.046489715576171875,	0.05590248107910156
5314275000.0,	0.047817230224609375,	0.05726432800292969
5314312500.0,	0.048732757568359375,	0.05719947814941406
5314350000.0,	0.04873085021972656,	0.05570220947265625
5314387500.0,	0.0473175048828125,	0.05741691589355469
5314425000.0,	0.04801177978515625,	0.05526161193847656
5314462500.0,	0.04898834228515625,	0.0581817626953125
5314500000.0,	0.04687690734863281,	0.055938720703125
5314537500.0,	0.04880523681640625,	0.05689811706542969
5314575000.0,	0.04858207702636719,	0.056430816650390625
5314612500.0,	0.047100067138671875,	0.05715179443359375
5314650000.0,	0.0476531982421875,	0.05914115905761719
5314687500.0,	0.04885673522949219,	0.05699729919433594
5314725000.0,	0.04679107666015625,	0.05907249450683594
5314762500.0,	0.04766654968261719,	0.05759620666503906
5314800000.0,	0.049526214599609375,	0.058910369873046875
5314837500.0,	0.04925346374511719,	0.05862998962402344
5314875000.0,	0.04892730712890625,	0.055164337158203125
5314912500.0,	0.04767799377441406,	0.05593681335449219
5314950000.0,	0.046794891357421875,	0.056133270263671875
5314987500.0,	0.048480987548828125,	0.0576171875
5315025000.0,	0.04622459411621094,	0.05916786193847656
5315062500.0,	0.049655914306640625,	0.05643463134765625
5315100000.0,	0.04791831970214844,	0.058074951171875
5315137500.0,	0.04836273193359375,	0.05605506896972656
5315175000.0,	0.0482025146484375,	0.05826568603515625
5315212500.0,	0.05151939392089844,	0.05511665344238281
5315250000.0,	0.04852867126464844,	0.056568145751953125
5315287500.0,	0.047786712646484375,	0.05806732177734375
5315325000.0,	0.04794502258300781,	0.05774497985839844
5315362500.0,	0.048427581787109375,	0.056438446044921875
5315400000.0,	0.04941368103027344,	0.058246612548828125
5315437500.0,	0.050235748291015625,	0.058383941650390625
5315475000.0,	0.049160003662109375,	0.057037353515625
5315512500.0,	0.04821014404296875,	0.056087493896484375
5315550000.0,	0.049457550048828125,	0.057849884033203125
5315587500.0,	0.04840660095214844,	0.056941986083984375
5315625000.0,	0.04960823059082031,	0.057865142822265625
5315662500.0,	0.04843902587890625,	0.057895660400390625
5315700000.0,	0.05137062072753906,	0.05464935302734375
5315737500.0,	0.0478973388671875,	0.05668449401855469
5315775000.0,	0.049701690673828125,	0.0578460693359375
5315812500.0,	0.04894065856933594,	0.05608367919921875
5315850000.0,	0.0488739013671875,	0.058147430419921875
5315887500.0,	0.05033111572265625,	0.05945396423339844
5315925000.0,	0.04837608337402344,	0.0579376220703125
5315962500.0,	0.04892539978027344,	0.05800628662109375
5316000000.0,	0.04843711853027344,	0.05925559997558594
5316037500.0,	0.050144195556640625,	0.05887603759765625
5316075000.0,	0.048381805419921875,	0.05720329284667969
5316112500.0,	0.048801422119140625,	0.058074951171875
5316150000.0,	0.04923057556152344,	0.05841827392578125
5316187500.0,	0.04668235778808594,	0.057277679443359375
5316225000.0,	0.0469970703125,	0.05848503112792969
5316262500.0,	0.0498809814453125,	0.057514190673828125
5316300000.0,	0.048004150390625,	0.056903839111328125
5316337500.0,	0.048740386962890625,	0.057895660400390625
5316375000.0,	0.05030250549316406,	0.058322906494140625
5316412500.0,	0.04959297180175781,	0.0585784912109375
5316450000.0,	0.0471038818359375,	0.05683326721191406
5316487500.0,	0.04978370666503906,	0.05639839172363281
5316525000.0,	0.048946380615234375,	0.05740165710449219
5316562500.0,	0.04866600036621094,	0.05830574035644531
5316600000.0,	0.047000885009765625,	0.05742835998535156
5316637500.0,	0.05084037780761719,	0.059917449951171875
5316675000.0,	0.04920768737792969,	0.0565948486328125
5316712500.0,	0.04923057556152344,	0.05772590637207031
5316750000.0,	0.05048370361328125,	0.05792808532714844
5316787500.0,	0.049915313720703125,	0.0605010986328125
5316825000.0,	0.048137664794921875,	0.057521820068359375
5316862500.0,	0.04975128173828125,	0.05745506286621094
5316900000.0,	0.050994873046875,	0.05925750732421875
5316937500.0,	0.04989433288574219,	0.05894660949707031
5316975000.0,	0.04740142822265625,	0.05787467956542969
5317012500.0,	0.049564361572265625,	0.05646324157714844
5317050000.0,	0.04982566833496094,	0.059505462646484375
5317087500.0,	0.050556182861328125,	0.05646514892578125
5317125000.0,	0.048473358154296875,	0.0577392578125
5317162500.0,	0.050968170166015625,	0.059261322021484375
5317200000.0,	0.04889678955078125,	0.05802345275878906
5317237500.0,	0.04947853088378906,	0.057720184326171875
5317275000.0,	0.051296234130859375,	0.05934906005859375
5317312500.0,	0.04790687561035156,	0.05963134765625
5317350000.0,	0.04873847961425781,	0.06035423278808594
5317387500.0,	0.048389434814453125,	0.05897712707519531
5317425000.0,	0.04857444763183594,	0.058170318603515625
5317462500.0,	0.05077362060546875,	0.05678749084472656
5317500000.0,	0.05269622802734375,	0.05860137939453125
5317537500.0,	0.0502471923828125,	0.05924224853515625
5317575000.0,	0.049900054931640625,	0.058807373046875
5317612500.0,	0.04928398132324219,	0.057636260986328125
5317650000.0,	0.05066108703613281,	0.05644416809082031
5317687500.0,	0.050750732421875,	0.059070587158203125
5317725000.0,	0.04799842834472656,	0.058124542236328125
5317762500.0,	0.049591064453125,	0.056728363037109375
5317800000.0,	0.04969978332519531,	0.05850028991699219
5317837500.0,	0.04938507080078125,	0.05740547180175781
5317875000.0,	0.04976081848144531,	0.0583953857421875
5317912500.0,	0.05191230773925781,	0.05611991882324219
5317950000.0,	0.05039405822753906,	0.0593109130859375
5317987500.0,	0.04892730712890625,	0.05986785888671875
5318025000.0,	0.050197601318359375,	0.059726715087890625
5318062500.0,	0.05048942565917969,	0.05981254577636719
5318100000.0,	0.05018806457519531,	0.05886077880859375
5318137500.0,	0.04730033874511719,	0.05665397644042969
5318175000.0,	0.05133056640625,	0.05764007568359375
5318212500.0,	0.05041313171386719,	0.05831336975097656
5318250000.0,	0.04964447021484375,	0.05870819091796875
5318287500.0,	0.05087471008300781,	0.05841827392578125
5318325000.0,	0.050418853759765625,	0.058483123779296875
5318362500.0,	0.05122566223144531,	0.06024360656738281
5318400000.0,	0.051250457763671875,	0.058380126953125
5318437500.0,	0.049892425537109375,	0.06037712097167969
5318475000.0,	0.052036285400390625,	0.05933380126953125
5318512500.0,	0.051853179931640625,	0.06163787841796875
5318550000.0,	0.051624298095703125,	0.058094024658203125
5318587500.0,	0.05010986328125,	0.05648231506347656
5318625000.0,	0.04867744445800781,	0.05957603454589844
5318662500.0,	0.04862785339355469,	0.05960655212402344
5318700000.0,	0.049617767333984375,	0.05883026123046875
5318737500.0,	0.05028724670410156,	0.05984306335449219
5318775000.0,	0.0482177734375,	0.05875587463378906
5318812500.0,	0.05116462707519531,	0.06098175048828125
5318850000.0,	0.05121421813964844,	0.061511993408203125
5318887500.0,	0.04993438720703125,	0.05801200866699219
5318925000.0,	0.05179595947265625,	0.05567741394042969
5318962500.0,	0.05031394958496094,	0.05939674377441406
5319000000.0,	0.05059051513671875,	0.059478759765625
5319037500.0,	0.051288604736328125,	0.058582305908203125
5319075000.0,	0.05194854736328125,	0.059421539306640625
5319112500.0,	0.050079345703125,	0.05866432189941406
5319150000.0,	0.05007743835449219,	0.058597564697265625
5319187500.0,	0.05143928527832031,	0.060398101806640625
5319225000.0,	0.051273345947265625,	0.0611114501953125
5319262500.0,	0.05161857604980469,	0.059200286865234375
5319300000.0,	0.051136016845703125,	0.061126708984375
5319337500.0,	0.05303192138671875,	0.0574188232421875
5319375000.0,	0.050746917724609375,	0.05779266357421875
5319412500.0,	0.05047035217285156,	0.05937004089355469
5319450000.0,	0.05165863037109375,	0.06007575988769531
5319487500.0,	0.05086326599121094,	0.05677223205566406
5319525000.0,	0.0507965087890625,	0.05816459655761719
5319562500.0,	0.05098915100097656,	0.059051513671875
5319600000.0,	0.05137825012207031,	0.05718040466308594
5319637500.0,	0.04986000061035156,	0.05804252624511719
5319675000.0,	0.05090904235839844,	0.059383392333984375
5319712500.0,	0.05167579650878906,	0.058597564697265625
5319750000.0,	0.05336189270019531,	0.06010627746582031
5319787500.0,	0.051258087158203125,	0.060047149658203125
5319825000.0,	0.049694061279296875,	0.060420989990234375
5319862500.0,	0.051265716552734375,	0.061267852783203125
5319900000.0,	0.04977226257324219,	0.05695915222167969
5319937500.0,	0.04980278015136719,	0.05915641784667969
5319975000.0,	0.05343818664550781,	0.0588531494140625
5320012500.0,	0.05291938781738281,	0.056377410888671875
5320050000.0,	0.05129241943359375,	0.06201934814453125
5320087500.0,	0.050952911376953125,	0.05978965759277344
5320125000.0,	0.05180549621582031,	0.05934333801269531
5320162500.0,	0.05058860778808594,	0.05898094177246094
5320200000.0,	0.05182647705078125,	0.06077384948730469
5320237500.0,	0.05134010314941406,	0.05764579772949219
5320275000.0,	0.05331230163574219,	0.05994987487792969
5320312500.0,	0.050426483154296875,	0.05991554260253906
5320350000.0,	0.05109596252441406,	0.05925941467285156
5320387500.0,	0.05144500732421875,	0.06154632568359375
5320425000.0,	0.05224800109863281,	0.05885505676269531
5320462500.0,	0.052219390869140625,	0.05633735656738281
5320500000.0,	0.053005218505859375,	0.06104850769042969
5320537500.0,	0.05185508728027344,	0.058895111083984375
5320575000.0,	0.05118751525878906,	0.060455322265625
5320612500.0,	0.052555084228515625,	0.0582275390625
5320650000.0,	0.05246925354003906,	0.06027793884277344
5320687500.0,	0.05254554748535156,	0.06112098693847656
5320725000.0,	0.052112579345703125,	0.0576934814453125
5320762500.0,	0.05360221862792969,	0.05908966064453125
5320800000.0,	0.052799224853515625,	0.06075477600097656
5320837500.0,	0.05371856689453125,	0.06052207946777344
5320875000.0,	0.0530242919921875,	0.058536529541015625
5320912500.0,	0.05310249328613281,	0.059551239013671875
5320950000.0,	0.05117225646972656,	0.06073570251464844
5320987500.0,	0.05123710632324219,	0.059337615966796875
5321025000.0,	0.05213737487792969,	0.05992317199707031
5321062500.0,	0.05343818664550781,	0.06074333190917969
5321100000.0,	0.05058860778808594,	0.06018638610839844
5321137500.0,	0.052349090576171875,	0.05875968933105469
5321175000.0,	0.05111503601074219,	0.058277130126953125
5321212500.0,	0.0533905029296875,	0.060436248779296875
5321250000.0,	0.05341339111328125,	0.05871391296386719
5321287500.0,	0.052913665771484375,	0.0621337890625
5321325000.0,	0.053585052490234375,	0.059162139892578125
5321362500.0,	0.05432319641113281,	0.06048011779785156
5321400000.0,	0.0547027587890625,	0.06111717224121094
5321437500.0,	0.052021026611328125,	0.060695648193359375
5321475000.0,	0.052669525146484375,	0.061435699462890625
5321512500.0,	0.05251121520996094,	0.058940887451171875
5321550000.0,	0.04939842224121094,	0.06093597412109375
5321587500.0,	0.052707672119140625,	0.059749603271484375
5321625000.0,	0.053436279296875,	0.06021308898925781
5321662500.0,	0.05556678771972656,	0.06177711486816406
5321700000.0,	0.05071449279785156,	0.0592041015625
5321737500.0,	0.052547454833984375,	0.06049919128417969
5321775000.0,	0.05264472961425781,	0.05988502502441406
5321812500.0,	0.05304145812988281,	0.06104278564453125
5321850000.0,	0.05326652526855469,	0.05998992919921875
5321887500.0,	0.053447723388671875,	0.06082725524902344
5321925000.0,	0.053119659423828125,	0.05927085876464844
5321962500.0,	0.05368995666503906,	0.06043052673339844
5322000000.0,	0.05027198791503906,	0.059513092041015625
5322037500.0,	0.052234649658203125,	0.06186103820800781
5322075000.0,	0.053363800048828125,	0.05860710144042969
5322112500.0,	0.05300712585449219,	0.06115531921386719
5322150000.0,	0.052539825439453125,	0.0595703125
5322187500.0,	0.051700592041015625,	0.05993080139160156
5322225000.0,	0.052135467529296875,	0.061466217041015625
5322262500.0,	0.054821014404296875,	0.06113624572753906
5322300000.0,	0.05214500427246094,	0.06130790710449219
5322337500.0,	0.05202484130859375,	0.06143760681152344
5322375000.0,	0.05434226989746094,	0.059032440185546875
5322412500.0,	0.05325508117675781,	0.0614166259765625
5322450000.0,	0.05316734313964844,	0.06001091003417969
5322487500.0,	0.0558319091796875,	0.06149101257324219
5322525000.0,	0.05265235900878906,	0.06164360046386719
5322562500.0,	0.052738189697265625,	0.06054115295410156
5322600000.0,	0.05238151550292969,	0.060420989990234375
5322637500.0,	0.053253173828125,	0.0610198974609375
5322675000.0,	0.05297279357910156,	0.06150245666503906
5322712500.0,	0.05144309997558594,	0.06134796142578125
5322750000.0,	0.05086517333984375,	0.06040763854980469
5322787500.0,	0.054706573486328125,	0.061260223388671875
5322825000.0,	0.05133247375488281,	0.06027412414550781
5322862500.0,	0.0556640625,	0.05832672119140625
5322900000.0,	0.05382347106933594,	0.06101036071777344
5322937500.0,	0.054584503173828125,	0.05958747863769531
5322975000.0,	0.05321502685546875,	0.06094169616699219
5323012500.0,	0.05418586730957031,	0.06040000915527344
5323050000.0,	0.05480384826660156,	0.059963226318359375
5323087500.0,	0.05485725402832031,	0.060474395751953125
5323125000.0,	0.054752349853515625,	0.06381988525390625
5323162500.0,	0.05420112609863281,	0.06042671203613281
5323200000.0,	0.05456352233886719,	0.06018829345703125
5323237500.0,	0.053096771240234375,	0.05879402160644531
5323275000.0,	0.05244255065917969,	0.06069183349609375
5323312500.0,	0.05456733703613281,	0.059276580810546875
5323350000.0,	0.053356170654296875,	0.06169700622558594
5323387500.0,	0.05403709411621094,	0.05927467346191406
5323425000.0,	0.05429840087890625,	0.06404876708984375
5323462500.0,	0.05491065979003906,	0.06103324890136719
5323500000.0,	0.05426025390625,	0.05953216552734375
5323537500.0,	0.052394866943359375,	0.06192207336425781
5323575000.0,	0.05465507507324219,	0.0609893798828125
5323612500.0,	0.053562164306640625,	0.063507080078125
5323650000.0,	0.056682586669921875,	0.059658050537109375
5323687500.0,	0.053844451904296875,	0.06026649475097656
5323725000.0,	0.05499839782714844,	0.06023406982421875
5323762500.0,	0.05541038513183594,	0.06142616271972656
5323800000.0,	0.05786705017089844,	0.06027984619140625
5323837500.0,	0.054538726806640625,	0.06161308288574219
5323875000.0,	0.0534515380859375,	0.06102752685546875
5323912500.0,	0.05431938171386719,	0.061336517333984375
5323950000.0,	0.05225372314453125,	0.06069755554199219
5323987500.0,	0.05555534362792969,	0.05982780456542969
5324025000.0,	0.05554389953613281,	0.05914115905761719
5324062500.0,	0.0544891357421875,	0.06343841552734375
5324100000.0,	0.05389213562011719,	0.061786651611328125
5324137500.0,	0.05471992492675781,	0.06244468688964844
5324175000.0,	0.05568122863769531,	0.05987739562988281
5324212500.0,	0.05406761169433594,	0.061855316162109375
5324250000.0,	0.05246734619140625,	0.06133460998535156
5324287500.0,	0.0542755126953125,	0.06148338317871094
5324325000.0,	0.05449485778808594,	0.06041908264160156
5324362500.0,	0.056362152099609375,	0.06139373779296875
5324400000.0,	0.05518341064453125,	0.05992317199707031
5324437500.0,	0.05434417724609375,	0.05988311767578125
5324475000.0,	0.055438995361328125,	0.05992317199707031
5324512500.0,	0.05481910705566406,	0.059711456298828125
5324550000.0,	0.05579948425292969,	0.06164360046386719
5324587500.0,	0.05427742004394531,	0.06081581115722656
5324625000.0,	0.055156707763671875,	0.05992698669433594
5324662500.0,	0.054409027099609375,	0.06039619445800781
5324700000.0,	0.05689430236816406,	0.05987358093261719
5324737500.0,	0.05446052551269531,	0.06077384948730469
5324775000.0,	0.05669593811035156,	0.060546875
5324812500.0,	0.05686759948730469,	0.06058692932128906
5324850000.0,	0.05607414245605469,	0.061176300048828125
5324887500.0,	0.05620574951171875,	0.061710357666015625
5324925000.0,	0.05503654479980469,	0.06069755554199219
5324962500.0,	0.05521392822265625,	0.05834197998046875
5325000000.0,	0.05545234680175781,	0.06176567077636719
5325037500.0,	0.0541839599609375,	0.06143760681152344
5325075000.0,	0.054443359375,	0.06256866455078125
5325112500.0,	0.05635833740234375,	0.060863494873046875
5325150000.0,	0.05750465393066406,	0.06006431579589844
5325187500.0,	0.05414581298828125,	0.0630645751953125
5325225000.0,	0.05880165100097656,	0.05978965759277344
5325262500.0,	0.056468963623046875,	0.06345748901367188
5325300000.0,	0.05479621887207031,	0.06004905700683594
5325337500.0,	0.05487060546875,	0.06054496765136719
5325375000.0,	0.05517387390136719,	0.06126213073730469
5325412500.0,	0.05544853210449219,	0.05982398986816406
5325450000.0,	0.05540275573730469,	0.060764312744140625
5325487500.0,	0.055248260498046875,	0.06125450134277344
5325525000.0,	0.05650138854980469,	0.06246376037597656
5325562500.0,	0.053508758544921875,	0.059772491455078125
5325600000.0,	0.056446075439453125,	0.062774658203125
5325637500.0,	0.05787467956542969,	0.06163787841796875
5325675000.0,	0.05589866638183594,	0.05918312072753906
5325712500.0,	0.05369377136230469,	0.061580657958984375
5325750000.0,	0.055553436279296875,	0.05990409851074219
5325787500.0,	0.0565185546875,	0.06157493591308594
5325825000.0,	0.05658149719238281,	0.05975532531738281
5325862500.0,	0.05846214294433594,	0.06197929382324219
5325900000.0,	0.055084228515625,	0.06159210205078125
5325937500.0,	0.056491851806640625,	0.06181526184082031
5325975000.0,	0.058258056640625,	0.062030792236328125
5326012500.0,	0.05689811706542969,	0.06014060974121094
5326050000.0,	0.054470062255859375,	0.060497283935546875
5326087500.0,	0.055667877197265625,	0.06076622009277344
5326125000.0,	0.05614280700683594,	0.06041526794433594
5326162500.0,	0.057811737060546875,	0.062206268310546875
5326200000.0,	0.05414009094238281,	0.0615386962890625
5326237500.0,	0.055065155029296875,	0.06175422668457031
5326275000.0,	0.05739593505859375,	0.0634002685546875
5326312500.0,	0.058361053466796875,	0.06153297424316406
5326350000.0,	0.055561065673828125,	0.06273269653320312
5326387500.0,	0.05936241149902344,	0.060405731201171875
5326425000.0,	0.05777740478515625,	0.061412811279296875
5326462500.0,	0.05752372741699219,	0.06045341491699219
5326500000.0,	0.05747032165527344,	0.061309814453125
5326537500.0,	0.05943107604980469,	0.061473846435546875
5326575000.0,	0.05800628662109375,	0.0619659423828125
5326612500.0,	0.05620574951171875,	0.06182861328125
5326650000.0,	0.05651283264160156,	0.06177520751953125
5326687500.0,	0.05767250061035156,	0.06092262268066406
5326725000.0,	0.056713104248046875,	0.06023406982421875
5326762500.0,	0.05620002746582031,	0.06089210510253906
5326800000.0,	0.05640983581542969,	0.06126213073730469
5326837500.0,	0.058116912841796875,	0.0589752197265625
5326875000.0,	0.055103302001953125,	0.06101799011230469
5326912500.0,	0.05857276916503906,	0.062496185302734375
5326950000.0,	0.058605194091796875,	0.0609588623046875
5326987500.0,	0.056598663330078125,	0.06005859375
5327025000.0,	0.05756187438964844,	0.061717987060546875
5327062500.0,	0.05816841125488281,	0.062061309814453125
5327100000.0,	0.0563507080078125,	0.06098175048828125
5327137500.0,	0.05679130554199219,	0.06050872802734375
5327175000.0,	0.057643890380859375,	0.061153411865234375
5327212500.0,	0.05714607238769531,	0.06151390075683594
5327250000.0,	0.05489921569824219,	0.061725616455078125
5327287500.0,	0.056858062744140625,	0.0616607666015625
5327325000.0,	0.057659149169921875,	0.063140869140625
5327362500.0,	0.057857513427734375,	0.061550140380859375
5327400000.0,	0.058307647705078125,	0.06151390075683594
5327437500.0,	0.05660057067871094,	0.05874824523925781
5327475000.0,	0.05731391906738281,	0.06004142761230469
5327512500.0,	0.05785560607910156,	0.06233978271484375
5327550000.0,	0.05882835388183594,	0.06171607971191406
5327587500.0,	0.0587921142578125,	0.061920166015625
5327625000.0,	0.05821990966796875,	0.06032562255859375
5327662500.0,	0.05719757080078125,	0.06266021728515625
5327700000.0,	0.059078216552734375,	0.061870574951171875
5327737500.0,	0.05898475646972656,	0.06207466125488281
5327775000.0,	0.057399749755859375,	0.05951690673828125
5327812500.0,	0.06049346923828125,	0.06011199951171875
5327850000.0,	0.05575752258300781,	0.059391021728515625
5327887500.0,	0.056819915771484375,	0.060916900634765625
5327925000.0,	0.05834197998046875,	0.06310272216796875
5327962500.0,	0.05940437316894531,	0.05971336364746094
5328000000.0,	0.058055877685546875,	0.062236785888671875
5328037500.0,	0.05925941467285156,	0.060886383056640625
5328075000.0,	0.05826568603515625,	0.0628509521484375
5328112500.0,	0.059177398681640625,	0.06086540222167969
5328150000.0,	0.05783271789550781,	0.06184577941894531
5328187500.0,	0.058502197265625,	0.05942344665527344
5328225000.0,	0.05788993835449219,	0.06018829345703125
5328262500.0,	0.05746650695800781,	0.06020164489746094
5328300000.0,	0.05853271484375,	0.06076622009277344
5328337500.0,	0.05774116516113281,	0.061191558837890625
5328375000.0,	0.058807373046875,	0.06058692932128906
5328412500.0,	0.058868408203125,	0.06289291381835938
5328450000.0,	0.058437347412109375,	0.06280899047851562
5328487500.0,	0.058544158935546875,	0.05892181396484375
5328525000.0,	0.05761146545410156,	0.060039520263671875
5328562500.0,	0.058383941650390625,	0.06101417541503906
5328600000.0,	0.05808258056640625,	0.06089973449707031
5328637500.0,	0.05852317810058594,	0.05890846252441406
5328675000.0,	0.05724525451660156,	0.06046104431152344
5328712500.0,	0.059215545654296875,	0.06212615966796875
5328750000.0,	0.058349609375,	0.06293869018554688
5328787500.0,	0.05959892272949219,	0.060237884521484375
5328825000.0,	0.05809783935546875,	0.061504364013671875
5328862500.0,	0.05703926086425781,	0.06206321716308594
5328900000.0,	0.059345245361328125,	0.06255340576171875
5328937500.0,	0.06120491027832031,	0.06148529052734375
5328975000.0,	0.05940437316894531,	0.0614013671875
5329012500.0,	0.05951881408691406,	0.06215858459472656
5329050000.0,	0.05766105651855469,	0.06120491027832031
5329087500.0,	0.05759429931640625,	0.06092262268066406
5329125000.0,	0.06006622314453125,	0.059230804443359375
5329162500.0,	0.059940338134765625,	0.060359954833984375
5329200000.0,	0.05892181396484375,	0.06187629699707031
5329237500.0,	0.06163215637207031,	0.059284210205078125
5329275000.0,	0.0610504150390625,	0.05853080749511719
5329312500.0,	0.05901527404785156,	0.05919837951660156
5329350000.0,	0.06063079833984375,	0.06148529052734375
5329387500.0,	0.05843544006347656,	0.06046485900878906
5329425000.0,	0.05881690979003906,	0.05898094177246094
5329462500.0,	0.05949592590332031,	0.06048011779785156
5329500000.0,	0.0598297119140625,	0.06425094604492188
5329537500.0,	0.05908775329589844,	0.05810737609863281
5329575000.0,	0.05745697021484375,	0.058990478515625
5329612500.0,	0.059673309326171875,	0.05954170227050781
5329650000.0,	0.05917549133300781,	0.05924415588378906
5329687500.0,	0.05919075012207031,	0.06107521057128906
5329725000.0,	0.056549072265625,	0.06072998046875
5329762500.0,	0.058757781982421875,	0.06090736389160156
5329800000.0,	0.060382843017578125,	0.06062507629394531
5329837500.0,	0.05966377258300781,	0.06153678894042969
5329875000.0,	0.06083106994628906,	0.060054779052734375
5329912500.0,	0.06069374084472656,	0.058013916015625
5329950000.0,	0.06052589416503906,	0.059757232666015625
5329987500.0,	0.061534881591796875,	0.06074333190917969
5330025000.0,	0.06077766418457031,	0.06113624572753906
5330062500.0,	0.05948066711425781,	0.05889320373535156
5330100000.0,	0.0586090087890625,	0.06306076049804688
5330137500.0,	0.061313629150390625,	0.05954170227050781
5330175000.0,	0.05949211120605469,	0.06092071533203125
5330212500.0,	0.05880928039550781,	0.05950927734375
5330250000.0,	0.05911064147949219,	0.06132698059082031
5330287500.0,	0.05976295471191406,	0.05981636047363281
5330325000.0,	0.059917449951171875,	0.06051063537597656
5330362500.0,	0.06001091003417969,	0.059986114501953125
5330400000.0,	0.060436248779296875,	0.058170318603515625
5330437500.0,	0.060726165771484375,	0.06161308288574219
5330475000.0,	0.060527801513671875,	0.06020545959472656
5330512500.0,	0.059665679931640625,	0.061878204345703125
5330550000.0,	0.06019783020019531,	0.0599365234375
5330587500.0,	0.05921363830566406,	0.06040763854980469
5330625000.0,	0.06240081787109375,	0.05902099609375
5330662500.0,	0.0628204345703125,	0.06012725830078125
5330700000.0,	0.06001853942871094,	0.05895233154296875
5330737500.0,	0.05949592590332031,	0.05995368957519531
5330775000.0,	0.06002998352050781,	0.05896186828613281
5330812500.0,	0.06076240539550781,	0.05933952331542969
5330850000.0,	0.059650421142578125,	0.05869102478027344
5330887500.0,	0.061618804931640625,	0.060657501220703125
5330925000.0,	0.059925079345703125,	0.059234619140625
5330962500.0,	0.06133270263671875,	0.05979728698730469
5331000000.0,	0.06075477600097656,	0.05981254577636719
5331037500.0,	0.05859565734863281,	0.05913352966308594
5331075000.0,	0.061779022216796875,	0.0580291748046875
5331112500.0,	0.06077384948730469,	0.059093475341796875
5331150000.0,	0.06197357177734375,	0.05985832214355469
5331187500.0,	0.061367034912109375,	0.059459686279296875
5331225000.0,	0.06141090393066406,	0.057857513427734375
5331262500.0,	0.06060791015625,	0.0582275390625
5331300000.0,	0.06060600280761719,	0.0600128173828125
5331337500.0,	0.06255340576171875,	0.059490203857421875
5331375000.0,	0.059009552001953125,	0.059009552001953125
5331412500.0,	0.06111335754394531,	0.058383941650390625
5331450000.0,	0.06276702880859375,	0.061431884765625
5331487500.0,	0.060489654541015625,	0.05888557434082031
5331525000.0,	0.060955047607421875,	0.05819892883300781
5331562500.0,	0.06102561950683594,	0.06148719787597656
5331600000.0,	0.06259918212890625,	0.057605743408203125
5331637500.0,	0.06156349182128906,	0.05907440185546875
5331675000.0,	0.0599365234375,	0.059482574462890625
5331712500.0,	0.06331253051757812,	0.0588531494140625
5331750000.0,	0.06002616882324219,	0.05816459655761719
5331787500.0,	0.06293106079101562,	0.059146881103515625
5331825000.0,	0.063690185546875,	0.059391021728515625
5331862500.0,	0.061176300048828125,	0.05819511413574219
5331900000.0,	0.061771392822265625,	0.0566864013671875
5331937500.0,	0.06171989440917969,	0.05845451354980469
5331975000.0,	0.06191825866699219,	0.057453155517578125
5332012500.0,	0.06372833251953125,	0.060062408447265625
5332050000.0,	0.060222625732421875,	0.05629158020019531
5332087500.0,	0.06274032592773438,	0.05956268310546875
5332125000.0,	0.06293487548828125,	0.05773162841796875
5332162500.0,	0.060672760009765625,	0.05986595153808594
5332200000.0,	0.06210136413574219,	0.05751800537109375
5332237500.0,	0.06308364868164062,	0.05877685546875
5332275000.0,	0.05979728698730469,	0.05866241455078125
5332312500.0,	0.06195831298828125,	0.059478759765625
5332350000.0,	0.06181526184082031,	0.06011772155761719
5332387500.0,	0.06120491027832031,	0.05771446228027344
5332425000.0,	0.06348419189453125,	0.0576019287109375
5332462500.0,	0.06380844116210938,	0.058712005615234375
5332500000.0,	0.06152534484863281,	0.05779457092285156
5332537500.0,	0.06105995178222656,	0.05772972106933594
5332575000.0,	0.06409072875976562,	0.058521270751953125
5332612500.0,	0.062274932861328125,	0.05790901184082031
5332650000.0,	0.06352615356445312,	0.05783843994140625
5332687500.0,	0.06385421752929688,	0.05815887451171875
5332725000.0,	0.06165313720703125,	0.0580596923828125
5332762500.0,	0.06377410888671875,	0.058406829833984375
5332800000.0,	0.062145233154296875,	0.056621551513671875
5332837500.0,	0.0635833740234375,	0.05854034423828125
5332875000.0,	0.062244415283203125,	0.05879783630371094
5332912500.0,	0.06189727783203125,	0.058231353759765625
5332950000.0,	0.0622711181640625,	0.05678558349609375
5332987500.0,	0.06275558471679688,	0.058696746826171875
5333025000.0,	0.0628662109375,	0.05728912353515625
5333062500.0,	0.06217765808105469,	0.05496406555175781
5333100000.0,	0.06252288818359375,	0.05702972412109375
5333137500.0,	0.06279754638671875,	0.057231903076171875
5333175000.0,	0.062168121337890625,	0.059722900390625
5333212500.0,	0.061016082763671875,	0.05648040771484375
5333250000.0,	0.06009101867675781,	0.056179046630859375
5333287500.0,	0.061702728271484375,	0.05518150329589844
5333325000.0,	0.06206512451171875,	0.05814933776855469
5333362500.0,	0.06239509582519531,	0.05756187438964844
5333400000.0,	0.06334686279296875,	0.05680084228515625
5333437500.0,	0.06275177001953125,	0.056797027587890625
5333475000.0,	0.06244850158691406,	0.05793571472167969
5333512500.0,	0.06279754638671875,	0.05684661865234375
5333550000.0,	0.06267547607421875,	0.055393218994140625
5333587500.0,	0.06245994567871094,	0.055694580078125
5333625000.0,	0.06351089477539062,	0.056674957275390625
5333662500.0,	0.06228065490722656,	0.05588722229003906
5333700000.0,	0.06303024291992188,	0.056079864501953125
5333737500.0,	0.0633697509765625,	0.056488037109375
5333775000.0,	0.06381607055664062,	0.057003021240234375
5333812500.0,	0.06165885925292969,	0.05573272705078125
5333850000.0,	0.06264114379882812,	0.058071136474609375
5333887500.0,	0.06294631958007812,	0.0567169189453125
5333925000.0,	0.06327056884765625,	0.0540771484375
5333962500.0,	0.06432723999023438,	0.05796051025390625
5334000000.0,	0.06380844116210938,	0.055973052978515625
5334037500.0,	0.06339263916015625,	0.0570068359375
5334075000.0,	0.06232261657714844,	0.055873870849609375
5334112500.0,	0.06226539611816406,	0.0584869384765625
5334150000.0,	0.063690185546875,	0.05629730224609375
5334187500.0,	0.06327056884765625,	0.05860137939453125
5334225000.0,	0.0635986328125,	0.054180145263671875
5334262500.0,	0.06105232238769531,	0.05620574951171875
5334300000.0,	0.0626373291015625,	0.05606842041015625
5334337500.0,	0.0653533935546875,	0.056278228759765625
5334375000.0,	0.06254196166992188,	0.05628204345703125
5334412500.0,	0.06314468383789062,	0.05640411376953125
5334450000.0,	0.06468582153320312,	0.05609893798828125
5334487500.0,	0.061649322509765625,	0.0575103759765625
5334525000.0,	0.06270980834960938,	0.05294036865234375
5334562500.0,	0.06175041198730469,	0.05503654479980469
5334600000.0,	0.06251144409179688,	0.05554962158203125
5334637500.0,	0.062347412109375,	0.0540771484375
5334675000.0,	0.06306076049804688,	0.052490234375
5334712500.0,	0.0627593994140625,	0.0545806884765625
5334750000.0,	0.06250381469726562,	0.053958892822265625
5334787500.0,	0.0644683837890625,	0.053615570068359375
5334825000.0,	0.06391525268554688,	0.053684234619140625
5334862500.0,	0.06475830078125,	0.054595947265625
5334900000.0,	0.06525802612304688,	0.053348541259765625
5334937500.0,	0.063446044921875,	0.052959442138671875
5334975000.0,	0.061862945556640625,	0.05706977844238281
5335012500.0,	0.06264114379882812,	0.0552520751953125
5335050000.0,	0.06415557861328125,	0.0526275634765625
5335087500.0,	0.06365966796875,	0.05449676513671875
5335125000.0,	0.06187629699707031,	0.05295562744140625
5335162500.0,	0.06394195556640625,	0.05175018310546875
5335200000.0,	0.06476593017578125,	0.053028106689453125
5335237500.0,	0.0648956298828125,	0.055408477783203125
5335275000.0,	0.0626220703125,	0.054229736328125
5335312500.0,	0.06454849243164062,	0.054851531982421875
5335350000.0,	0.06451034545898438,	0.05391693115234375
5335387500.0,	0.06349945068359375,	0.053707122802734375
5335425000.0,	0.06349563598632812,	0.05664825439453125
5335462500.0,	0.06339263916015625,	0.05158233642578125
5335500000.0,	0.06210517883300781,	0.05360221862792969
5335537500.0,	0.06174468994140625,	0.05097007751464844
5335575000.0,	0.06312179565429688,	0.05153656005859375
5335612500.0,	0.06641387939453125,	0.05403900146484375
5335650000.0,	0.06386947631835938,	0.0546417236328125
5335687500.0,	0.06400680541992188,	0.0550537109375
5335725000.0,	0.06442642211914062,	0.051029205322265625
5335762500.0,	0.06573867797851562,	0.05377960205078125
5335800000.0,	0.06657028198242188,	0.051769256591796875
5335837500.0,	0.064056396484375,	0.0531005859375
5335875000.0,	0.062343597412109375,	0.05437278747558594
5335912500.0,	0.0632781982421875,	0.052978515625
5335950000.0,	0.0636444091796875,	0.052761077880859375
5335987500.0,	0.06455612182617188,	0.0539398193359375
5336025000.0,	0.06435012817382812,	0.051006317138671875
5336062500.0,	0.06284713745117188,	0.051311492919921875
5336100000.0,	0.06450271606445312,	0.05340576171875
5336137500.0,	0.06594085693359375,	0.053863525390625
5336175000.0,	0.06367111206054688,	0.052516937255859375
5336212500.0,	0.0634613037109375,	0.052555084228515625
5336250000.0,	0.06443405151367188,	0.053905487060546875
5336287500.0,	0.06394577026367188,	0.052215576171875
5336325000.0,	0.0637359619140625,	0.053295135498046875
5336362500.0,	0.0641326904296875,	0.052944183349609375
5336400000.0,	0.06390762329101562,	0.05307769775390625
5336437500.0,	0.06397628784179688,	0.0521392822265625
5336475000.0,	0.063201904296875,	0.05033111572265625
5336512500.0,	0.062313079833984375,	0.050907135009765625
5336550000.0,	0.06357574462890625,	0.05291748046875
5336587500.0,	0.0633392333984375,	0.0510711669921875
5336625000.0,	0.06586074829101562,	0.050907135009765625
5336662500.0,	0.062213897705078125,	0.050098419189453125
5336700000.0,	0.06312942504882812,	0.0500640869140625
5336737500.0,	0.0644683837890625,	0.053539276123046875
5336775000.0,	0.0636138916015625,	0.0517120361328125
5336812500.0,	0.0638275146484375,	0.051239013671875
5336850000.0,	0.06339645385742188,	0.0507354736328125
5336887500.0,	0.0640411376953125,	0.0524139404296875
5336925000.0,	0.06435012817382812,	0.04827117919921875
5336962500.0,	0.06397628784179688,	0.051227569580078125
5337000000.0,	0.06378173828125,	0.050296783447265625
5337037500.0,	0.06474685668945312,	0.050319671630859375
5337075000.0,	0.06545257568359375,	0.05120849609375
5337112500.0,	0.06333541870117188,	0.04965972900390625
5337150000.0,	0.06269454956054688,	0.0510101318359375
5337187500.0,	0.0640716552734375,	0.048511505126953125
5337225000.0,	0.06464767456054688,	0.048030853271484375
5337262500.0,	0.06176567077636719,	0.04873847961425781
5337300000.0,	0.06482696533203125,	0.04865264892578125
5337337500.0,	0.06354904174804688,	0.048557281494140625
5337375000.0,	0.06339645385742188,	0.04953765869140625
5337412500.0,	0.06345367431640625,	0.049861907958984375
5337450000.0,	0.06303024291992188,	0.046436309814453125
5337487500.0,	0.06383132934570312,	0.0487518310546875
5337525000.0,	0.0630950927734375,	0.048763275146484375
5337562500.0,	0.063018798828125,	0.049076080322265625
5337600000.0,	0.0655975341796875,	0.048763275146484375
5337637500.0,	0.06356430053710938,	0.05049896240234375
5337675000.0,	0.06147956848144531,	0.049083709716796875
5337712500.0,	0.06348419189453125,	0.047718048095703125
5337750000.0,	0.06243896484375,	0.04948997497558594
5337787500.0,	0.06399154663085938,	0.0478057861328125
5337825000.0,	0.06333541870117188,	0.048557281494140625
5337862500.0,	0.06262969970703125,	0.04657745361328125
5337900000.0,	0.06032371520996094,	0.04791450500488281
5337937500.0,	0.06365585327148438,	0.047637939453125
5337975000.0,	0.064056396484375,	0.048397064208984375
5338012500.0,	0.06410598754882812,	0.047901153564453125
5338050000.0,	0.06225013732910156,	0.049549102783203125
5338087500.0,	0.0591278076171875,	0.04772186279296875
5338125000.0,	0.06341171264648438,	0.046295166015625
5338162500.0,	0.06355667114257812,	0.048732757568359375
5338200000.0,	0.061107635498046875,	0.04619026184082031
5338237500.0,	0.06337738037109375,	0.046802520751953125
5338275000.0,	0.0629119873046875,	0.04602813720703125
5338312500.0,	0.06290435791015625,	0.047847747802734375
5338350000.0,	0.06145477294921875,	0.04646492004394531
5338387500.0,	0.0624237060546875,	0.04542350769042969
5338425000.0,	0.062774658203125,	0.0466766357421875
5338462500.0,	0.06154823303222656,	0.04685401916503906
5338500000.0,	0.06134986877441406,	0.045162200927734375
5338537500.0,	0.06283950805664062,	0.046794891357421875
5338575000.0,	0.06200981140136719,	0.04687309265136719
5338612500.0,	0.06245613098144531,	0.04438018798828125
5338650000.0,	0.06177330017089844,	0.04523658752441406
5338687500.0,	0.06225776672363281,	0.04680061340332031
5338725000.0,	0.06139373779296875,	0.04496192932128906
5338762500.0,	0.06361770629882812,	0.045825958251953125
5338800000.0,	0.06256103515625,	0.04492950439453125
5338837500.0,	0.0625152587890625,	0.04314422607421875
5338875000.0,	0.06380462646484375,	0.0468292236328125
5338912500.0,	0.060699462890625,	0.04616737365722656
5338950000.0,	0.05864524841308594,	0.04489707946777344
5338987500.0,	0.06216239929199219,	0.042659759521484375
5339025000.0,	0.06123161315917969,	0.04492759704589844
5339062500.0,	0.060993194580078125,	0.044437408447265625
5339100000.0,	0.06060028076171875,	0.0431671142578125
5339137500.0,	0.06278228759765625,	0.041591644287109375
5339175000.0,	0.06082344055175781,	0.04146385192871094
5339212500.0,	0.06023406982421875,	0.04527854919433594
5339250000.0,	0.062255859375,	0.041778564453125
5339287500.0,	0.05880165100097656,	0.04297447204589844
5339325000.0,	0.06179046630859375,	0.04227447509765625
5339362500.0,	0.06149482727050781,	0.041881561279296875
5339400000.0,	0.06176567077636719,	0.04143714904785156
5339437500.0,	0.06142616271972656,	0.04319000244140625
5339475000.0,	0.060516357421875,	0.04198455810546875
5339512500.0,	0.05898284912109375,	0.040485382080078125
5339550000.0,	0.060398101806640625,	0.04321861267089844
5339587500.0,	0.06006622314453125,	0.0390777587890625
5339625000.0,	0.060642242431640625,	0.04212760925292969
5339662500.0,	0.062297821044921875,	0.042728424072265625
5339700000.0,	0.059902191162109375,	0.04343605041503906
5339737500.0,	0.06023216247558594,	0.03966522216796875
5339775000.0,	0.060214996337890625,	0.04007148742675781
5339812500.0,	0.05829429626464844,	0.04132080078125
5339850000.0,	0.059520721435546875,	0.042011260986328125
5339887500.0,	0.05918693542480469,	0.04177665710449219
5339925000.0,	0.058223724365234375,	0.040775299072265625
5339962500.0,	0.057735443115234375,	0.040332794189453125
5340000000.0,	0.05827140808105469,	0.04078865051269531
5340037500.0,	0.06046867370605469,	0.03969001770019531
5340075000.0,	0.058658599853515625,	0.04224395751953125
5340112500.0,	0.05767822265625,	0.0386962890625
5340150000.0,	0.057819366455078125,	0.04010581970214844
5340187500.0,	0.060390472412109375,	0.0384521484375
5340225000.0,	0.05731391906738281,	0.036952972412109375
5340262500.0,	0.05852508544921875,	0.037990570068359375
5340300000.0,	0.05913543701171875,	0.038455963134765625
5340337500.0,	0.057376861572265625,	0.03807640075683594
5340375000.0,	0.058258056640625,	0.03714942932128906
5340412500.0,	0.0575103759765625,	0.03704261779785156
5340450000.0,	0.05495643615722656,	0.03676033020019531
5340487500.0,	0.05628204345703125,	0.03709983825683594
5340525000.0,	0.056766510009765625,	0.03766822814941406
5340562500.0,	0.05745506286621094,	0.036052703857421875
5340600000.0,	0.05517768859863281,	0.03693580627441406
5340637500.0,	0.05571746826171875,	0.03738975524902344
5340675000.0,	0.05645942687988281,	0.03789520263671875
5340712500.0,	0.056507110595703125,	0.0344390869140625
5340750000.0,	0.05423545837402344,	0.03638458251953125
5340787500.0,	0.05692291259765625,	0.0385894775390625
5340825000.0,	0.05458641052246094,	0.03746795654296875
5340862500.0,	0.05579185485839844,	0.03372955322265625
5340900000.0,	0.056133270263671875,	0.035976409912109375
5340937500.0,	0.05491447448730469,	0.03409004211425781
5340975000.0,	0.05456352233886719,	0.03279685974121094
5341012500.0,	0.053722381591796875,	0.03513145446777344
5341050000.0,	0.05419349670410156,	0.03376579284667969
5341087500.0,	0.05605316162109375,	0.03362464904785156
5341125000.0,	0.053680419921875,	0.03186798095703125
5341162500.0,	0.056674957275390625,	0.03239631652832031
5341200000.0,	0.05336761474609375,	0.03369331359863281
5341237500.0,	0.053256988525390625,	0.03130531311035156
5341275000.0,	0.05316162109375,	0.03328704833984375
5341312500.0,	0.05129051208496094,	0.03706169128417969
5341350000.0,	0.051227569580078125,	0.031986236572265625
5341387500.0,	0.05241203308105469,	0.031902313232421875
5341425000.0,	0.051601409912109375,	0.03131866455078125
5341462500.0,	0.04992866516113281,	0.03243827819824219
5341500000.0,	0.04997444152832031,	0.030832290649414062
5341537500.0,	0.050922393798828125,	0.03110504150390625
5341575000.0,	0.0507354736328125,	0.03302192687988281
5341612500.0,	0.049594879150390625,	0.0293121337890625
5341650000.0,	0.04817008972167969,	0.029119491577148438
5341687500.0,	0.048076629638671875,	0.030374526977539062
5341725000.0,	0.04730033874511719,	0.029541015625
5341762500.0,	0.049457550048828125,	0.02735137939453125
5341800000.0,	0.04968070983886719,	0.026987075805664062
5341837500.0,	0.048076629638671875,	0.028652191162109375
5341875000.0,	0.045345306396484375,	0.028921127319335938
5341912500.0,	0.045551300048828125,	0.028871536254882812
5341950000.0,	0.045253753662109375,	0.028148651123046875
5341987500.0,	0.04394721984863281,	0.026910781860351562
5342025000.0,	0.04554939270019531,	0.028108596801757812
5342062500.0,	0.04391288757324219,	0.027784347534179688
5342100000.0,	0.04414176940917969,	0.024950027465820312
5342137500.0,	0.04369354248046875,	0.024261474609375
5342175000.0,	0.043121337890625,	0.026294708251953125
5342212500.0,	0.040866851806640625,	0.027187347412109375
5342250000.0,	0.040523529052734375,	0.026842117309570312
5342287500.0,	0.04171180725097656,	0.026248931884765625
5342325000.0,	0.041194915771484375,	0.026369094848632812
5342362500.0,	0.04123115539550781,	0.023500442504882812
5342400000.0,	0.038364410400390625,	0.026386260986328125
5342437500.0,	0.039943695068359375,	0.02478790283203125
5342475000.0,	0.03933525085449219,	0.021839141845703125
5342512500.0,	0.036865234375,	0.0256195068359375
5342550000.0,	0.035686492919921875,	0.023256301879882812
5342587500.0,	0.03631401062011719,	0.024847030639648438
5342625000.0,	0.036224365234375,	0.024333953857421875
5342662500.0,	0.03340339660644531,	0.02207183837890625
5342700000.0,	0.03412437438964844,	0.021823883056640625
5342737500.0,	0.03252410888671875,	0.023046493530273438
5342775000.0,	0.033054351806640625,	0.0227813720703125
5342812500.0,	0.028176307678222656,	0.024239540100097656
5342850000.0,	0.031787872314453125,	0.024250030517578125
5342887500.0,	0.02819347381591797,	0.023059844970703125
5342925000.0,	0.02823162078857422,	0.02115345001220703
5342962500.0,	0.028264999389648438,	0.02428436279296875
5343000000.0,	0.0246734619140625,	0.02349376678466797
5343037500.0,	0.024916648864746094,	0.02183055877685547
5343075000.0,	0.021289825439453125,	0.021984100341796875
5343112500.0,	0.02376556396484375,	0.021874427795410156
5343150000.0,	0.02003192901611328,	0.02153778076171875
5343187500.0,	0.019756317138671875,	0.02207183837890625
5343225000.0,	0.01873493194580078,	0.020671844482421875
5343262500.0,	0.017103195190429688,	0.02060699462890625
5343300000.0,	0.015475273132324219,	0.022431373596191406
5343337500.0,	0.013769149780273438,	0.02336406707763672
5343375000.0,	0.013231277465820312,	0.02444171905517578
5343412500.0,	0.011737823486328125,	0.023141860961914062
5343450000.0,	0.010895729064941406,	0.024374961853027344
5343487500.0,	0.009326934814453125,	0.024008750915527344
5343525000.0,	0.006016731262207031,	0.023664474487304688
5343562500.0,	0.0045166015625,	0.02559947967529297
5343600000.0,	0.0032320022583007812,	0.02536487579345703
5343637500.0,	0.0021381378173828125,	0.02664470672607422
5343675000.0,	0.0022611618041992188,	0.026328086853027344
5343712500.0,	-0.0006990432739257812,	0.02641582489013672
5343750000.0,	-0.004498481750488281,	0.02996063232421875
5343787500.0,	-0.004483222961425781,	0.030371665954589844
5343825000.0,	-0.005690574645996094,	0.03107929229736328
5343862500.0,	-0.009728431701660156,	0.03056049346923828
5343900000.0,	-0.01154327392578125,	0.031044960021972656
5343937500.0,	-0.0105133056640625,	0.03320121765136719
5343975000.0,	-0.012979507446289062,	0.03700447082519531
5344012500.0,	-0.01622772216796875,	0.0370941162109375
5344050000.0,	-0.015314102172851562,	0.03931427001953125
5344087500.0,	-0.017547607421875,	0.03985595703125
5344125000.0,	-0.018835067749023438,	0.0432891845703125
5344162500.0,	-0.020711898803710938,	0.04480743408203125
5344200000.0,	-0.022272109985351562,	0.04501533508300781
5344237500.0,	-0.022464752197265625,	0.05154228210449219
5344275000.0,	-0.024118423461914062,	0.052150726318359375
5344312500.0,	-0.026348114013671875,	0.05432319641113281
5344350000.0,	-0.029535293579101562,	0.05704307556152344
5344387500.0,	-0.028577804565429688,	0.06085395812988281
5344425000.0,	-0.027767181396484375,	0.06099510192871094
5344462500.0,	-0.031280517578125,	0.06631851196289062
5344500000.0,	-0.02843475341796875,	0.07011795043945312
5344537500.0,	-0.030910491943359375,	0.07117080688476562
5344575000.0,	-0.0313568115234375,	0.07445907592773438
5344612500.0,	-0.03183746337890625,	0.07522964477539062
5344650000.0,	-0.028018951416015625,	0.078643798828125
5344687500.0,	-0.02809906005859375,	0.084197998046875
5344725000.0,	-0.0293426513671875,	0.08671951293945312
5344762500.0,	-0.027011871337890625,	0.08875656127929688
5344800000.0,	-0.02843475341796875,	0.09141159057617188
5344837500.0,	-0.02587127685546875,	0.0956573486328125
5344875000.0,	-0.02536773681640625,	0.09840774536132812
5344912500.0,	-0.0248565673828125,	0.09995651245117188
5344950000.0,	-0.0205078125,	0.10395050048828125
5344987500.0,	-0.01902008056640625,	0.10409164428710938
5345025000.0,	-0.01788330078125,	0.10809326171875
5345062500.0,	-0.016933441162109375,	0.10817718505859375
5345100000.0,	-0.0149688720703125,	0.11050796508789062
5345137500.0,	-0.012928009033203125,	0.11408615112304688
5345175000.0,	-0.010467529296875,	0.11485671997070312
5345212500.0,	-0.00885009765625,	0.1173248291015625
5345250000.0,	-0.00937652587890625,	0.11943435668945312
5345287500.0,	-0.003948211669921875,	0.12145614624023438
5345325000.0,	-0.00328826904296875,	0.12310791015625
5345362500.0,	-0.00128936767578125,	0.12718963623046875
5345400000.0,	0.002208709716796875,	0.12406539916992188
5345437500.0,	0.0069732666015625,	0.128387451171875
5345475000.0,	0.00379180908203125,	0.1270599365234375
5345512500.0,	0.007781982421875,	0.126129150390625
5345550000.0,	0.011474609375,	0.1283111572265625
5345587500.0,	0.01148223876953125,	0.12848663330078125
5345625000.0,	0.013916015625,	0.12805938720703125
5345662500.0,	0.01642608642578125,	0.1298675537109375
5345700000.0,	0.01990509033203125,	0.1302947998046875
5345737500.0,	0.01953125,	0.128753662109375
5345775000.0,	0.0225677490234375,	0.128692626953125
5345812500.0,	0.0252532958984375,	0.1311798095703125
5345850000.0,	0.02895355224609375,	0.1287994384765625
5345887500.0,	0.027435302734375,	0.1308135986328125
5345925000.0,	0.03124237060546875,	0.129302978515625
5345962500.0,	0.03353118896484375,	0.13030242919921875
5346000000.0,	0.0338287353515625,	0.128814697265625
5346037500.0,	0.03466796875,	0.128448486328125
5346075000.0,	0.03830718994140625,	0.12819671630859375
5346112500.0,	0.03798675537109375,	0.12580108642578125
5346150000.0,	0.0396270751953125,	0.12847900390625
5346187500.0,	0.04215240478515625,	0.12728118896484375
5346225000.0,	0.0436248779296875,	0.12819671630859375
5346262500.0,	0.04572296142578125,	0.12595367431640625
5346300000.0,	0.04598236083984375,	0.12577056884765625
5346337500.0,	0.046970367431640625,	0.1231231689453125
5346375000.0,	0.046840667724609375,	0.12429046630859375
5346412500.0,	0.049694061279296875,	0.12361526489257812
5346450000.0,	0.049907684326171875,	0.12328338623046875
5346487500.0,	0.051151275634765625,	0.12271881103515625
5346525000.0,	0.051807403564453125,	0.12068557739257812
5346562500.0,	0.05449676513671875,	0.1232757568359375
5346600000.0,	0.05567169189453125,	0.12211227416992188
5346637500.0,	0.0561981201171875,	0.12030410766601562
5346675000.0,	0.056095123291015625,	0.11695480346679688
5346712500.0,	0.057186126708984375,	0.11830520629882812
5346750000.0,	0.057636260986328125,	0.11920547485351562
5346787500.0,	0.05908966064453125,	0.11720657348632812
5346825000.0,	0.057403564453125,	0.11859512329101562
5346862500.0,	0.0588531494140625,	0.115875244140625
5346900000.0,	0.060955047607421875,	0.1163330078125
5346937500.0,	0.0631256103515625,	0.115264892578125
5346975000.0,	0.06323623657226562,	0.11449050903320312
5347012500.0,	0.06163787841796875,	0.11452865600585938
5347050000.0,	0.06282424926757812,	0.11309051513671875
5347087500.0,	0.06674575805664062,	0.11248397827148438
5347125000.0,	0.06446075439453125,	0.11092758178710938
5347162500.0,	0.06338882446289062,	0.111419677734375
5347200000.0,	0.06600570678710938,	0.11039352416992188
5347237500.0,	0.06792449951171875,	0.11118316650390625
5347275000.0,	0.06691741943359375,	0.11274337768554688
5347312500.0,	0.06721115112304688,	0.10837936401367188
5347350000.0,	0.06795120239257812,	0.10727310180664062
5347387500.0,	0.0666351318359375,	0.1082763671875
5347425000.0,	0.0685577392578125,	0.10872650146484375
5347462500.0,	0.06695938110351562,	0.106781005859375
5347500000.0,	0.06930160522460938,	0.10605621337890625
5347537500.0,	0.069671630859375,	0.1048736572265625
5347575000.0,	0.07140350341796875,	0.10498428344726562
5347612500.0,	0.07084274291992188,	0.10464859008789062
5347650000.0,	0.06917953491210938,	0.10395431518554688
5347687500.0,	0.072296142578125,	0.10260009765625
5347725000.0,	0.07236099243164062,	0.10369110107421875
5347762500.0,	0.073883056640625,	0.100982666015625
5347800000.0,	0.06901931762695312,	0.1006622314453125
5347837500.0,	0.07314682006835938,	0.1038818359375
5347875000.0,	0.07208633422851562,	0.09828948974609375
5347912500.0,	0.07358932495117188,	0.1006011962890625
5347950000.0,	0.0739898681640625,	0.0991668701171875
5347987500.0,	0.07370758056640625,	0.099609375
5348025000.0,	0.0767669677734375,	0.09889984130859375
5348062500.0,	0.07364654541015625,	0.09687042236328125
5348100000.0,	0.07196426391601562,	0.1000823974609375
5348137500.0,	0.07373809814453125,	0.09639739990234375
5348175000.0,	0.07506561279296875,	0.09709548950195312
5348212500.0,	0.07394790649414062,	0.099365234375
5348250000.0,	0.0756988525390625,	0.09730911254882812
5348287500.0,	0.07445526123046875,	0.09687423706054688
5348325000.0,	0.07533645629882812,	0.09832382202148438
5348362500.0,	0.07684326171875,	0.09463882446289062
5348400000.0,	0.07476425170898438,	0.09691619873046875
5348437500.0,	0.07566452026367188,	0.09490585327148438
5348475000.0,	0.0765838623046875,	0.09504318237304688
5348512500.0,	0.076385498046875,	0.0942230224609375
5348550000.0,	0.07606124877929688,	0.0947418212890625
5348587500.0,	0.07785797119140625,	0.09282684326171875
5348625000.0,	0.07668685913085938,	0.0920867919921875
5348662500.0,	0.07694625854492188,	0.092041015625
5348700000.0,	0.07557296752929688,	0.09141921997070312
5348737500.0,	0.07916259765625,	0.09187698364257812
5348775000.0,	0.07638931274414062,	0.0915985107421875
5348812500.0,	0.07669830322265625,	0.09165191650390625
5348850000.0,	0.07947158813476562,	0.09035491943359375
5348887500.0,	0.07791900634765625,	0.08882522583007812
5348925000.0,	0.07770919799804688,	0.08995819091796875
5348962500.0,	0.07482528686523438,	0.08879852294921875
5349000000.0,	0.07743453979492188,	0.08758163452148438
5349037500.0,	0.075927734375,	0.09042739868164062
5349075000.0,	0.07852554321289062,	0.08930587768554688
5349112500.0,	0.07830429077148438,	0.08821868896484375
5349150000.0,	0.07845306396484375,	0.08795547485351562
5349187500.0,	0.07893753051757812,	0.08740234375
5349225000.0,	0.07828521728515625,	0.08691787719726562
5349262500.0,	0.0785675048828125,	0.08664321899414062
5349300000.0,	0.076507568359375,	0.08724212646484375
5349337500.0,	0.07863616943359375,	0.086578369140625
5349375000.0,	0.07851791381835938,	0.087005615234375
5349412500.0,	0.0787353515625,	0.08679580688476562
5349450000.0,	0.08068466186523438,	0.0832061767578125
5349487500.0,	0.079254150390625,	0.08530426025390625
5349525000.0,	0.08004379272460938,	0.08574676513671875
5349562500.0,	0.07694244384765625,	0.08321762084960938
5349600000.0,	0.07707977294921875,	0.08379745483398438
5349637500.0,	0.07761764526367188,	0.0866546630859375
5349675000.0,	0.07861709594726562,	0.0830535888671875
5349712500.0,	0.07973861694335938,	0.08524322509765625
5349750000.0,	0.07874298095703125,	0.08260345458984375
5349787500.0,	0.07715988159179688,	0.0822601318359375
5349825000.0,	0.077362060546875,	0.08375167846679688
5349862500.0,	0.07876205444335938,	0.08405685424804688
5349900000.0,	0.0787353515625,	0.080657958984375
5349937500.0,	0.0772857666015625,	0.08221054077148438
5349975000.0,	0.078643798828125,	0.08303070068359375
5350012500.0,	0.0784149169921875,	0.0821380615234375
5350050000.0,	0.07993698120117188,	0.08250808715820312
5350087500.0,	0.07765960693359375,	0.08253097534179688
5350125000.0,	0.0789794921875,	0.08177947998046875
5350162500.0,	0.0774993896484375,	0.08350753784179688
5350200000.0,	0.0788116455078125,	0.08097457885742188
5350237500.0,	0.08028411865234375,	0.080657958984375
5350275000.0,	0.0789031982421875,	0.08105850219726562
5350312500.0,	0.07871627807617188,	0.08188247680664062
5350350000.0,	0.07992172241210938,	0.07963180541992188
5350387500.0,	0.07938003540039062,	0.08076858520507812
5350425000.0,	0.08013153076171875,	0.07940292358398438
5350462500.0,	0.07921600341796875,	0.08031082153320312
5350500000.0,	0.08055496215820312,	0.07992172241210938
5350537500.0,	0.07762908935546875,	0.07884979248046875
5350575000.0,	0.07629013061523438,	0.07790756225585938
5350612500.0,	0.07999420166015625,	0.07700347900390625
5350650000.0,	0.0793609619140625,	0.07761383056640625
5350687500.0,	0.08127975463867188,	0.07776260375976562
5350725000.0,	0.08024215698242188,	0.07968521118164062
5350762500.0,	0.07887649536132812,	0.08061981201171875
5350800000.0,	0.07861709594726562,	0.07764053344726562
5350837500.0,	0.07905197143554688,	0.07606887817382812
5350875000.0,	0.0806884765625,	0.07725143432617188
5350912500.0,	0.07965087890625,	0.0773162841796875
5350950000.0,	0.0789947509765625,	0.0773773193359375
5350987500.0,	0.077423095703125,	0.0773162841796875
5351025000.0,	0.07999801635742188,	0.0760040283203125
5351062500.0,	0.07808685302734375,	0.076171875
5351100000.0,	0.08015823364257812,	0.07638168334960938
5351137500.0,	0.08060836791992188,	0.07613754272460938
5351175000.0,	0.08055877685546875,	0.07368087768554688
5351212500.0,	0.08069229125976562,	0.07643508911132812
5351250000.0,	0.07925796508789062,	0.07476425170898438
5351287500.0,	0.07725143432617188,	0.07477951049804688
5351325000.0,	0.0795440673828125,	0.07466888427734375
5351362500.0,	0.07941436767578125,	0.073272705078125
5351400000.0,	0.0793914794921875,	0.07307815551757812
5351437500.0,	0.0793914794921875,	0.07368850708007812
5351475000.0,	0.07802581787109375,	0.07360458374023438
5351512500.0,	0.080413818359375,	0.07529067993164062
5351550000.0,	0.08017730712890625,	0.07450485229492188
5351587500.0,	0.08070755004882812,	0.07448577880859375
5351625000.0,	0.0779266357421875,	0.07249069213867188
5351662500.0,	0.0776519775390625,	0.0736083984375
5351700000.0,	0.07924270629882812,	0.07415771484375
5351737500.0,	0.07982254028320312,	0.07196807861328125
5351775000.0,	0.08025360107421875,	0.07334136962890625
5351812500.0,	0.0792388916015625,	0.07227706909179688
5351850000.0,	0.0803375244140625,	0.07420730590820312
5351887500.0,	0.07854843139648438,	0.07383346557617188
5351925000.0,	0.07845687866210938,	0.07240676879882812
5351962500.0,	0.07854080200195312,	0.07445144653320312
5352000000.0,	0.07954788208007812,	0.07284927368164062
5352037500.0,	0.08020782470703125,	0.06925201416015625
5352075000.0,	0.07898330688476562,	0.07393264770507812
5352112500.0,	0.08028411865234375,	0.07153701782226562
5352150000.0,	0.07906723022460938,	0.07305526733398438
5352187500.0,	0.07736587524414062,	0.07159042358398438
5352225000.0,	0.07957077026367188,	0.07111358642578125
5352262500.0,	0.0782012939453125,	0.070037841796875
5352300000.0,	0.07916259765625,	0.07249832153320312
5352337500.0,	0.07893753051757812,	0.0723114013671875
5352375000.0,	0.07909393310546875,	0.07296371459960938
5352412500.0,	0.0801849365234375,	0.06998825073242188
5352450000.0,	0.07975387573242188,	0.07048797607421875
5352487500.0,	0.080657958984375,	0.07039260864257812
5352525000.0,	0.080169677734375,	0.06921768188476562
5352562500.0,	0.0762786865234375,	0.07001876831054688
5352600000.0,	0.07800674438476562,	0.06956863403320312
5352637500.0,	0.07861328125,	0.06984329223632812
5352675000.0,	0.077117919921875,	0.0722808837890625
5352712500.0,	0.0794830322265625,	0.06795883178710938
5352750000.0,	0.07847213745117188,	0.06924819946289062
5352787500.0,	0.07801055908203125,	0.06840896606445312
5352825000.0,	0.07842636108398438,	0.06953048706054688
5352862500.0,	0.07700729370117188,	0.06844711303710938
5352900000.0,	0.07741546630859375,	0.06930923461914062
5352937500.0,	0.07933807373046875,	0.0703125
5352975000.0,	0.07870101928710938,	0.0692291259765625
5353012500.0,	0.07794952392578125,	0.06806564331054688
5353050000.0,	0.07788467407226562,	0.06892776489257812
5353087500.0,	0.07947921752929688,	0.06925201416015625
5353125000.0,	0.07672500610351562,	0.06831741333007812
5353162500.0,	0.07896041870117188,	0.06865692138671875
5353200000.0,	0.07839584350585938,	0.0677947998046875
5353237500.0,	0.07776641845703125,	0.06615447998046875
5353275000.0,	0.07857131958007812,	0.06998443603515625
5353312500.0,	0.07630538940429688,	0.06975936889648438
5353350000.0,	0.07845687866210938,	0.06906890869140625
5353387500.0,	0.0777587890625,	0.06717681884765625
5353425000.0,	0.07845306396484375,	0.06641769409179688
5353462500.0,	0.07793807983398438,	0.06912612915039062
5353500000.0,	0.0781707763671875,	0.0660552978515625
5353537500.0,	0.07787322998046875,	0.06719207763671875
5353575000.0,	0.07723236083984375,	0.06826400756835938
5353612500.0,	0.07726287841796875,	0.06435012817382812
5353650000.0,	0.07878494262695312,	0.06657028198242188
5353687500.0,	0.08014297485351562,	0.06615447998046875
5353725000.0,	0.076019287109375,	0.06928634643554688
5353762500.0,	0.07864761352539062,	0.06629180908203125
5353800000.0,	0.07741165161132812,	0.0663909912109375
5353837500.0,	0.07655715942382812,	0.0661773681640625
5353875000.0,	0.07880020141601562,	0.06422042846679688
5353912500.0,	0.07671356201171875,	0.06786727905273438
5353950000.0,	0.0787200927734375,	0.06617355346679688
5353987500.0,	0.07852554321289062,	0.06546783447265625
5354025000.0,	0.0781097412109375,	0.0662841796875
5354062500.0,	0.08087539672851562,	0.06494903564453125
5354100000.0,	0.07536697387695312,	0.06604385375976562
5354137500.0,	0.07830810546875,	0.06744003295898438
5354175000.0,	0.07767486572265625,	0.06677627563476562
5354212500.0,	0.07886886596679688,	0.06667327880859375
5354250000.0,	0.07952499389648438,	0.06433486938476562
5354287500.0,	0.0771636962890625,	0.0644683837890625
5354325000.0,	0.07880783081054688,	0.06543350219726562
5354362500.0,	0.07876968383789062,	0.06500625610351562
5354400000.0,	0.078643798828125,	0.06543731689453125
5354437500.0,	0.07749557495117188,	0.06634140014648438
5354475000.0,	0.07879257202148438,	0.06483078002929688
5354512500.0,	0.07927322387695312,	0.06351852416992188
5354550000.0,	0.08007049560546875,	0.06309127807617188
5354587500.0,	0.07659149169921875,	0.06489181518554688
5354625000.0,	0.0760345458984375,	0.06464385986328125
5354662500.0,	0.0760040283203125,	0.06524658203125
5354700000.0,	0.07757186889648438,	0.06401824951171875
5354737500.0,	0.076995849609375,	0.06559371948242188
5354775000.0,	0.07912063598632812,	0.0655364990234375
5354812500.0,	0.07958221435546875,	0.06283950805664062
5354850000.0,	0.07783889770507812,	0.0640106201171875
5354887500.0,	0.07606887817382812,	0.06424713134765625
5354925000.0,	0.0775299072265625,	0.062305450439453125
5354962500.0,	0.077545166015625,	0.06377792358398438
5355000000.0,	0.0785675048828125,	0.06345748901367188
5355037500.0,	0.07642364501953125,	0.0653076171875
5355075000.0,	0.07501983642578125,	0.062473297119140625
5355112500.0,	0.077545166015625,	0.06508255004882812
5355150000.0,	0.07740020751953125,	0.06560897827148438
5355187500.0,	0.07796096801757812,	0.06212615966796875
5355225000.0,	0.07893753051757812,	0.06252288818359375
5355262500.0,	0.0773468017578125,	0.06297683715820312
5355300000.0,	0.07655715942382812,	0.06435012817382812
5355337500.0,	0.07683181762695312,	0.06400299072265625
5355375000.0,	0.07745361328125,	0.06428909301757812
5355412500.0,	0.07887649536132812,	0.0640411376953125
5355450000.0,	0.07775115966796875,	0.061428070068359375
5355487500.0,	0.07727432250976562,	0.06382369995117188
5355525000.0,	0.07904434204101562,	0.06281661987304688
5355562500.0,	0.07523345947265625,	0.06426239013671875
5355600000.0,	0.07683181762695312,	0.06360244750976562
5355637500.0,	0.07672882080078125,	0.06264114379882812
5355675000.0,	0.07764816284179688,	0.0630950927734375
5355712500.0,	0.07797622680664062,	0.06104278564453125
5355750000.0,	0.07556533813476562,	0.06133270263671875
5355787500.0,	0.07632064819335938,	0.0630035400390625
5355825000.0,	0.07626724243164062,	0.0614776611328125
5355862500.0,	0.07787322998046875,	0.059600830078125
5355900000.0,	0.07538986206054688,	0.062183380126953125
5355937500.0,	0.0782012939453125,	0.060955047607421875
5355975000.0,	0.07550430297851562,	0.063201904296875
5356012500.0,	0.0759735107421875,	0.06142425537109375
5356050000.0,	0.07820510864257812,	0.06073760986328125
5356087500.0,	0.0774688720703125,	0.06023406982421875
5356125000.0,	0.07623672485351562,	0.059917449951171875
5356162500.0,	0.07799148559570312,	0.06284332275390625
5356200000.0,	0.07544326782226562,	0.059749603271484375
5356237500.0,	0.07684707641601562,	0.06349563598632812
5356275000.0,	0.0763702392578125,	0.0612030029296875
5356312500.0,	0.07666397094726562,	0.060726165771484375
5356350000.0,	0.075836181640625,	0.06114959716796875
5356387500.0,	0.07581329345703125,	0.060214996337890625
5356425000.0,	0.07534408569335938,	0.060214996337890625
5356462500.0,	0.07593154907226562,	0.0590972900390625
5356500000.0,	0.07447052001953125,	0.06291961669921875
5356537500.0,	0.07548904418945312,	0.059963226318359375
5356575000.0,	0.07695770263671875,	0.059795379638671875
5356612500.0,	0.0770721435546875,	0.060302734375
5356650000.0,	0.07439041137695312,	0.059535980224609375
5356687500.0,	0.078704833984375,	0.060459136962890625
5356725000.0,	0.07532119750976562,	0.060390472412109375
5356762500.0,	0.07570266723632812,	0.05896759033203125
5356800000.0,	0.07487106323242188,	0.06146240234375
5356837500.0,	0.07666015625,	0.060985565185546875
5356875000.0,	0.07546234130859375,	0.0607757568359375
5356912500.0,	0.07591629028320312,	0.061450958251953125
5356950000.0,	0.0755767822265625,	0.058124542236328125
5356987500.0,	0.074188232421875,	0.06125640869140625
5357025000.0,	0.07580947875976562,	0.06105804443359375
5357062500.0,	0.07686233520507812,	0.05875396728515625
5357100000.0,	0.07672119140625,	0.061565399169921875
5357137500.0,	0.075225830078125,	0.05977630615234375
5357175000.0,	0.07619476318359375,	0.059680938720703125
5357212500.0,	0.07549285888671875,	0.05938720703125
5357250000.0,	0.07551956176757812,	0.062419891357421875
5357287500.0,	0.0740814208984375,	0.0596466064453125
5357325000.0,	0.07545852661132812,	0.059703826904296875
5357362500.0,	0.07348251342773438,	0.05966949462890625
5357400000.0,	0.07334136962890625,	0.059986114501953125
5357437500.0,	0.07374191284179688,	0.060276031494140625
5357475000.0,	0.07549667358398438,	0.057666778564453125
5357512500.0,	0.0756072998046875,	0.059543609619140625
5357550000.0,	0.07445907592773438,	0.05938720703125
5357587500.0,	0.07676315307617188,	0.0560150146484375
5357625000.0,	0.07545089721679688,	0.059993743896484375
5357662500.0,	0.0756683349609375,	0.0590667724609375
5357700000.0,	0.07463836669921875,	0.058910369873046875
5357737500.0,	0.07544708251953125,	0.05936431884765625
5357775000.0,	0.07547760009765625,	0.05913543701171875
5357812500.0,	0.07704925537109375,	0.058811187744140625
5357850000.0,	0.07467269897460938,	0.05910491943359375
5357887500.0,	0.0737762451171875,	0.05914306640625
5357925000.0,	0.07465362548828125,	0.059108734130859375
5357962500.0,	0.07245254516601562,	0.05814361572265625
5358000000.0,	0.07423782348632812,	0.058132171630859375
5358037500.0,	0.07706451416015625,	0.05875396728515625
5358075000.0,	0.07447052001953125,	0.05869293212890625
5358112500.0,	0.0754547119140625,	0.057537078857421875
5358150000.0,	0.07420730590820312,	0.057392120361328125
5358187500.0,	0.074249267578125,	0.05661773681640625
5358225000.0,	0.07401275634765625,	0.057689666748046875
5358262500.0,	0.0751190185546875,	0.059047698974609375
5358300000.0,	0.07555007934570312,	0.058109283447265625
5358337500.0,	0.07347869873046875,	0.057239532470703125
5358375000.0,	0.0738372802734375,	0.057384490966796875
5358412500.0,	0.07701873779296875,	0.057689666748046875
5358450000.0,	0.07401657104492188,	0.056903839111328125
5358487500.0,	0.07260894775390625,	0.0588531494140625
5358525000.0,	0.07435226440429688,	0.056659698486328125
5358562500.0,	0.07362747192382812,	0.05712127685546875
5358600000.0,	0.07367706298828125,	0.057186126708984375
5358637500.0,	0.07384872436523438,	0.059116363525390625
5358675000.0,	0.075042724609375,	0.056102752685546875
5358712500.0,	0.0757904052734375,	0.056064605712890625
5358750000.0,	0.07381820678710938,	0.0578155517578125
5358787500.0,	0.07387542724609375,	0.057098388671875
5358825000.0,	0.07501220703125,	0.05512237548828125
5358862500.0,	0.07303237915039062,	0.059139251708984375
5358900000.0,	0.07470321655273438,	0.05523681640625
5358937500.0,	0.075225830078125,	0.05492401123046875
5358975000.0,	0.07500457763671875,	0.0557403564453125
5359012500.0,	0.0756988525390625,	0.055988311767578125
5359050000.0,	0.07371139526367188,	0.057270050048828125
5359087500.0,	0.07541275024414062,	0.05719757080078125
5359125000.0,	0.074493408203125,	0.0565948486328125
5359162500.0,	0.0723724365234375,	0.057796478271484375
5359200000.0,	0.07384109497070312,	0.0570068359375
5359237500.0,	0.07332992553710938,	0.05702972412109375
5359275000.0,	0.0735321044921875,	0.055225372314453125
5359312500.0,	0.07239532470703125,	0.05677032470703125
5359350000.0,	0.07349395751953125,	0.0556640625
5359387500.0,	0.0732879638671875,	0.05631256103515625
5359425000.0,	0.07258987426757812,	0.058155059814453125
5359462500.0,	0.07413864135742188,	0.05657958984375
5359500000.0,	0.07273483276367188,	0.05475616455078125
5359537500.0,	0.07220458984375,	0.0565185546875
5359575000.0,	0.07416152954101562,	0.055629730224609375
5359612500.0,	0.07418060302734375,	0.055217742919921875
5359650000.0,	0.07385635375976562,	0.054821014404296875
5359687500.0,	0.0738372802734375,	0.057025909423828125
5359725000.0,	0.07288742065429688,	0.055446624755859375
5359762500.0,	0.07480239868164062,	0.0574188232421875
5359800000.0,	0.07316207885742188,	0.056865692138671875
5359837500.0,	0.0717315673828125,	0.0570526123046875
5359875000.0,	0.0724945068359375,	0.05634307861328125
5359912500.0,	0.07184982299804688,	0.058162689208984375
5359950000.0,	0.07161331176757812,	0.055423736572265625
5359987500.0,	0.07387542724609375,	0.057643890380859375
5360025000.0,	0.07439041137695312,	0.056629180908203125
5360062500.0,	0.07292556762695312,	0.0566558837890625
5360100000.0,	0.07442855834960938,	0.054656982421875
5360137500.0,	0.07180404663085938,	0.05741119384765625
5360175000.0,	0.07265090942382812,	0.05472564697265625
5360212500.0,	0.07128524780273438,	0.05509185791015625
5360250000.0,	0.07028579711914062,	0.05515289306640625
5360287500.0,	0.07244491577148438,	0.05493927001953125
5360325000.0,	0.07131195068359375,	0.05580902099609375
5360362500.0,	0.07205581665039062,	0.0545806884765625
5360400000.0,	0.072418212890625,	0.055477142333984375
5360437500.0,	0.0734710693359375,	0.053928375244140625
5360475000.0,	0.07332229614257812,	0.056034088134765625
5360512500.0,	0.07139205932617188,	0.05568695068359375
5360550000.0,	0.07369232177734375,	0.05489349365234375
5360587500.0,	0.07269668579101562,	0.055877685546875
5360625000.0,	0.07236480712890625,	0.0562286376953125
5360662500.0,	0.07348251342773438,	0.055812835693359375
5360700000.0,	0.07185745239257812,	0.057956695556640625
5360737500.0,	0.07135772705078125,	0.053844451904296875
5360775000.0,	0.07297134399414062,	0.054782867431640625
5360812500.0,	0.07295608520507812,	0.05571746826171875
5360850000.0,	0.07379150390625,	0.055019378662109375
5360887500.0,	0.07435989379882812,	0.055446624755859375
5360925000.0,	0.0719146728515625,	0.055755615234375
5360962500.0,	0.0734710693359375,	0.056552886962890625
5361000000.0,	0.07221603393554688,	0.05655670166015625
5361037500.0,	0.0708160400390625,	0.0567779541015625
5361075000.0,	0.07299041748046875,	0.0552520751953125
5361112500.0,	0.07201766967773438,	0.0541229248046875
5361150000.0,	0.07118988037109375,	0.0553741455078125
5361187500.0,	0.07131576538085938,	0.055126190185546875
5361225000.0,	0.07422256469726562,	0.053699493408203125
5361262500.0,	0.07386016845703125,	0.05340576171875
5361300000.0,	0.07446670532226562,	0.054187774658203125
5361337500.0,	0.07007980346679688,	0.053455352783203125
5361375000.0,	0.07301712036132812,	0.056247711181640625
5361412500.0,	0.07157516479492188,	0.05535888671875
5361450000.0,	0.07083892822265625,	0.055545806884765625
5361487500.0,	0.0743560791015625,	0.055145263671875
5361525000.0,	0.07062530517578125,	0.05389404296875
5361562500.0,	0.07063674926757812,	0.054401397705078125
5361600000.0,	0.06962203979492188,	0.05615997314453125
5361637500.0,	0.07117843627929688,	0.054538726806640625
5361675000.0,	0.071502685546875,	0.05339813232421875
5361712500.0,	0.07110977172851562,	0.054836273193359375
5361750000.0,	0.0716094970703125,	0.0539703369140625
5361787500.0,	0.07134628295898438,	0.054645538330078125
5361825000.0,	0.07067489624023438,	0.05536651611328125
5361862500.0,	0.07061767578125,	0.053592681884765625
5361900000.0,	0.07087326049804688,	0.05615234375
5361937500.0,	0.07050323486328125,	0.05509185791015625
5361975000.0,	0.07203292846679688,	0.05492401123046875
5362012500.0,	0.07159423828125,	0.0540008544921875
5362050000.0,	0.073577880859375,	0.05339813232421875
5362087500.0,	0.07175064086914062,	0.056629180908203125
5362125000.0,	0.0710601806640625,	0.0534515380859375
5362162500.0,	0.07032394409179688,	0.053180694580078125
5362200000.0,	0.07002639770507812,	0.053760528564453125
5362237500.0,	0.07091140747070312,	0.052845001220703125
5362275000.0,	0.0710906982421875,	0.055973052978515625
5362312500.0,	0.07054901123046875,	0.054134368896484375
5362350000.0,	0.07061004638671875,	0.05429840087890625
5362387500.0,	0.07251739501953125,	0.051654815673828125
5362425000.0,	0.07191085815429688,	0.055553436279296875
5362462500.0,	0.0690765380859375,	0.057300567626953125
5362500000.0,	0.07282638549804688,	0.053253173828125
5362537500.0,	0.07130050659179688,	0.054767608642578125
5362575000.0,	0.07119369506835938,	0.05345916748046875
5362612500.0,	0.0723876953125,	0.05246734619140625
5362650000.0,	0.0710601806640625,	0.053661346435546875
5362687500.0,	0.07114791870117188,	0.0534210205078125
5362725000.0,	0.06977081298828125,	0.051967620849609375
5362762500.0,	0.06930923461914062,	0.052734375
5362800000.0,	0.07205581665039062,	0.055698394775390625
5362837500.0,	0.07094573974609375,	0.054920196533203125
5362875000.0,	0.06956863403320312,	0.053844451904296875
5362912500.0,	0.06905364990234375,	0.05139923095703125
5362950000.0,	0.0714263916015625,	0.0524444580078125
5362987500.0,	0.06933212280273438,	0.05443572998046875
5363025000.0,	0.07062911987304688,	0.05267333984375
5363062500.0,	0.07061004638671875,	0.053859710693359375
5363100000.0,	0.07014846801757812,	0.0540924072265625
5363137500.0,	0.06965255737304688,	0.054508209228515625
5363175000.0,	0.07147598266601562,	0.05345916748046875
5363212500.0,	0.06917190551757812,	0.05500030517578125
5363250000.0,	0.07158279418945312,	0.05487060546875
5363287500.0,	0.07081985473632812,	0.054233551025390625
5363325000.0,	0.06905746459960938,	0.055217742919921875
5363362500.0,	0.06953048706054688,	0.052730560302734375
5363400000.0,	0.06921005249023438,	0.05149078369140625
5363437500.0,	0.06953048706054688,	0.0514678955078125
5363475000.0,	0.06793594360351562,	0.053203582763671875
5363512500.0,	0.07016372680664062,	0.053859710693359375
5363550000.0,	0.0710906982421875,	0.05324554443359375
5363587500.0,	0.07178878784179688,	0.052303314208984375
5363625000.0,	0.07111740112304688,	0.05474090576171875
5363662500.0,	0.070556640625,	0.05318450927734375
5363700000.0,	0.07023239135742188,	0.05419158935546875
5363737500.0,	0.06985855102539062,	0.054553985595703125
5363775000.0,	0.07012939453125,	0.052997589111328125
5363812500.0,	0.06953048706054688,	0.054126739501953125
5363850000.0,	0.0691070556640625,	0.05471038818359375
5363887500.0,	0.07104873657226562,	0.051727294921875
5363925000.0,	0.07027053833007812,	0.053028106689453125
5363962500.0,	0.0715179443359375,	0.053691864013671875
5364000000.0,	0.06824111938476562,	0.054416656494140625
5364037500.0,	0.06798934936523438,	0.053256988525390625
5364075000.0,	0.06942367553710938,	0.050441741943359375
5364112500.0,	0.0687713623046875,	0.052005767822265625
5364150000.0,	0.06824111938476562,	0.0541229248046875
5364187500.0,	0.06903839111328125,	0.0546112060546875
5364225000.0,	0.06794357299804688,	0.053623199462890625
5364262500.0,	0.06832122802734375,	0.053913116455078125
5364300000.0,	0.07026290893554688,	0.051425933837890625
5364337500.0,	0.070556640625,	0.05377197265625
5364375000.0,	0.06987380981445312,	0.05477142333984375
5364412500.0,	0.06962203979492188,	0.05277252197265625
5364450000.0,	0.06976318359375,	0.051532745361328125
5364487500.0,	0.06756210327148438,	0.05188751220703125
5364525000.0,	0.06903076171875,	0.052318572998046875
5364562500.0,	0.0682830810546875,	0.052577972412109375
5364600000.0,	0.06956100463867188,	0.05324554443359375
5364637500.0,	0.06858444213867188,	0.0523834228515625
5364675000.0,	0.06744003295898438,	0.051639556884765625
5364712500.0,	0.06991958618164062,	0.0499420166015625
5364750000.0,	0.06982040405273438,	0.05104827880859375
5364787500.0,	0.0687103271484375,	0.05295562744140625
5364825000.0,	0.06851577758789062,	0.053989410400390625
5364862500.0,	0.06698989868164062,	0.054531097412109375
5364900000.0,	0.06888961791992188,	0.052616119384765625
5364937500.0,	0.06955337524414062,	0.051609039306640625
5364975000.0,	0.06779861450195312,	0.052455902099609375
5365012500.0,	0.06793212890625,	0.05182647705078125
5365050000.0,	0.0713653564453125,	0.054363250732421875
5365087500.0,	0.07072830200195312,	0.05364990234375
5365125000.0,	0.06981658935546875,	0.05434417724609375
5365162500.0,	0.06872940063476562,	0.0522003173828125
5365200000.0,	0.06649398803710938,	0.0538787841796875
5365237500.0,	0.06888198852539062,	0.052104949951171875
5365275000.0,	0.06664276123046875,	0.054622650146484375
5365312500.0,	0.06848907470703125,	0.05379486083984375
5365350000.0,	0.06987380981445312,	0.053554534912109375
5365387500.0,	0.06686019897460938,	0.051128387451171875
5365425000.0,	0.06810760498046875,	0.05199432373046875
5365462500.0,	0.06770706176757812,	0.055389404296875
5365500000.0,	0.06794357299804688,	0.0540618896484375
5365537500.0,	0.06859588623046875,	0.050914764404296875
5365575000.0,	0.06816864013671875,	0.053424835205078125
5365612500.0,	0.06941604614257812,	0.0511016845703125
5365650000.0,	0.0692901611328125,	0.054065704345703125
5365687500.0,	0.06894302368164062,	0.05161285400390625
5365725000.0,	0.06877899169921875,	0.05268096923828125
5365762500.0,	0.06805038452148438,	0.04990386962890625
5365800000.0,	0.06903839111328125,	0.05194091796875
5365837500.0,	0.071044921875,	0.05167388916015625
5365875000.0,	0.06733322143554688,	0.05234527587890625
5365912500.0,	0.06848526000976562,	0.05181121826171875
5365950000.0,	0.0702972412109375,	0.0525360107421875
5365987500.0,	0.06654739379882812,	0.0508880615234375
5366025000.0,	0.0672607421875,	0.051517486572265625
5366062500.0,	0.06778717041015625,	0.051662445068359375
5366100000.0,	0.06948471069335938,	0.054363250732421875
5366137500.0,	0.06705474853515625,	0.054595947265625
5366175000.0,	0.06924819946289062,	0.051860809326171875
5366212500.0,	0.06887054443359375,	0.0522003173828125
5366250000.0,	0.0679779052734375,	0.05327606201171875
5366287500.0,	0.06790924072265625,	0.0521087646484375
5366325000.0,	0.06823348999023438,	0.052600860595703125
5366362500.0,	0.06595993041992188,	0.050567626953125
5366400000.0,	0.06940841674804688,	0.05289459228515625
5366437500.0,	0.06845855712890625,	0.051685333251953125
5366475000.0,	0.06958770751953125,	0.0518341064453125
5366512500.0,	0.06847000122070312,	0.053691864013671875
5366550000.0,	0.06908798217773438,	0.052112579345703125
5366587500.0,	0.06849288940429688,	0.05169677734375
5366625000.0,	0.06805419921875,	0.0522918701171875
5366662500.0,	0.06729507446289062,	0.05307769775390625
5366700000.0,	0.06847381591796875,	0.052257537841796875
5366737500.0,	0.066864013671875,	0.053348541259765625
5366775000.0,	0.0679779052734375,	0.054943084716796875
5366812500.0,	0.0672760009765625,	0.0522308349609375
5366850000.0,	0.06674957275390625,	0.053089141845703125
5366887500.0,	0.06454086303710938,	0.051815032958984375
5366925000.0,	0.06599807739257812,	0.05205535888671875
5366962500.0,	0.06784439086914062,	0.053897857666015625
5367000000.0,	0.06620407104492188,	0.05352020263671875
5367037500.0,	0.06879425048828125,	0.051727294921875
5367075000.0,	0.06731033325195312,	0.054080963134765625
5367112500.0,	0.0675811767578125,	0.051586151123046875
5367150000.0,	0.06404495239257812,	0.051525115966796875
5367187500.0,	0.06758880615234375,	0.052585601806640625
5367225000.0,	0.06612014770507812,	0.052761077880859375
5367262500.0,	0.067626953125,	0.053241729736328125
5367300000.0,	0.06975555419921875,	0.0516204833984375
5367337500.0,	0.06823348999023438,	0.050167083740234375
5367375000.0,	0.06668853759765625,	0.052928924560546875
5367412500.0,	0.06732177734375,	0.05229949951171875
5367450000.0,	0.06656265258789062,	0.053188323974609375
5367487500.0,	0.06740188598632812,	0.05350494384765625
5367525000.0,	0.0676116943359375,	0.053203582763671875
5367562500.0,	0.06716537475585938,	0.053070068359375
5367600000.0,	0.06712722778320312,	0.053173065185546875
5367637500.0,	0.06735992431640625,	0.051586151123046875
5367675000.0,	0.06814193725585938,	0.0518798828125
5367712500.0,	0.06696319580078125,	0.054656982421875
5367750000.0,	0.0659942626953125,	0.0531158447265625
5367787500.0,	0.0684967041015625,	0.0517120361328125
5367825000.0,	0.06624221801757812,	0.05384063720703125
5367862500.0,	0.0679473876953125,	0.0516815185546875
5367900000.0,	0.06786346435546875,	0.051418304443359375
5367937500.0,	0.06568527221679688,	0.052028656005859375
5367975000.0,	0.06721878051757812,	0.051959991455078125
5368012500.0,	0.06674957275390625,	0.052639007568359375
5368050000.0,	0.06744766235351562,	0.050144195556640625
5368087500.0,	0.06764602661132812,	0.04996490478515625
5368125000.0,	0.06707382202148438,	0.050746917724609375
5368162500.0,	0.06702041625976562,	0.052463531494140625
5368200000.0,	0.06666183471679688,	0.051540374755859375
5368237500.0,	0.06563186645507812,	0.052539825439453125
5368275000.0,	0.06790542602539062,	0.05083465576171875
5368312500.0,	0.066314697265625,	0.054821014404296875
5368350000.0,	0.06667327880859375,	0.052448272705078125
5368387500.0,	0.06748199462890625,	0.05400848388671875
5368425000.0,	0.0680999755859375,	0.053134918212890625
5368462500.0,	0.06628799438476562,	0.052768707275390625
5368500000.0,	0.06844329833984375,	0.049854278564453125
5368537500.0,	0.07019424438476562,	0.052402496337890625
5368575000.0,	0.06537246704101562,	0.0523529052734375
5368612500.0,	0.066497802734375,	0.052013397216796875
5368650000.0,	0.06660842895507812,	0.05141448974609375
5368687500.0,	0.06731796264648438,	0.053447723388671875
5368725000.0,	0.063323974609375,	0.05191802978515625
5368762500.0,	0.06553268432617188,	0.0525665283203125
5368800000.0,	0.06841659545898438,	0.05237579345703125
5368837500.0,	0.0657501220703125,	0.05266571044921875
5368875000.0,	0.06559371948242188,	0.053150177001953125
5368912500.0,	0.06522750854492188,	0.05157470703125
5368950000.0,	0.06720352172851562,	0.05106353759765625
5368987500.0,	0.06518936157226562,	0.0515594482421875
5369025000.0,	0.06598281860351562,	0.050853729248046875
5369062500.0,	0.067626953125,	0.05341339111328125
5369100000.0,	0.06666183471679688,	0.05246734619140625
5369137500.0,	0.06697845458984375,	0.052021026611328125
5369175000.0,	0.0664215087890625,	0.053195953369140625
5369212500.0,	0.06687545776367188,	0.051387786865234375
5369250000.0,	0.06764602661132812,	0.05245208740234375
5369287500.0,	0.0650482177734375,	0.050792694091796875
5369325000.0,	0.0671234130859375,	0.0533905029296875
5369362500.0,	0.06626510620117188,	0.053150177001953125
5369400000.0,	0.06760406494140625,	0.051849365234375
5369437500.0,	0.0671539306640625,	0.050048828125
5369475000.0,	0.065826416015625,	0.053226470947265625
5369512500.0,	0.06363296508789062,	0.050380706787109375
5369550000.0,	0.06700515747070312,	0.0535430908203125
5369587500.0,	0.06654739379882812,	0.05145263671875
5369625000.0,	0.06720733642578125,	0.051761627197265625
5369662500.0,	0.06718063354492188,	0.052845001220703125
5369700000.0,	0.06464004516601562,	0.05500030517578125
5369737500.0,	0.06628799438476562,	0.05290985107421875
5369775000.0,	0.06657028198242188,	0.050701141357421875
5369812500.0,	0.06558609008789062,	0.051441192626953125
5369850000.0,	0.06573867797851562,	0.054523468017578125
5369887500.0,	0.06561279296875,	0.051601409912109375
5369925000.0,	0.065765380859375,	0.052028656005859375
5369962500.0,	0.06614303588867188,	0.05155181884765625
5370000000.0,	0.06719970703125,	0.05191802978515625
