5610031250.0,	0.0709381103515625,	0.08994674682617188
5610062500.0,	0.06834030151367188,	0.08938217163085938
5610093750.0,	0.0693359375,	0.09057998657226562
5610125000.0,	0.06961822509765625,	0.09091567993164062
5610156250.0,	0.070343017578125,	0.08943939208984375
5610187500.0,	0.07082748413085938,	0.09105682373046875
5610218750.0,	0.06980514526367188,	0.09199905395507812
5610250000.0,	0.06986618041992188,	0.09189987182617188
5610281250.0,	0.07204055786132812,	0.09166717529296875
5610312500.0,	0.06915664672851562,	0.09170913696289062
5610343750.0,	0.06947708129882812,	0.0928192138671875
5610375000.0,	0.06810760498046875,	0.09114456176757812
5610406250.0,	0.06760025024414062,	0.09199905395507812
5610437500.0,	0.0692291259765625,	0.09246063232421875
5610468750.0,	0.06941986083984375,	0.09243011474609375
5610500000.0,	0.070037841796875,	0.0924835205078125
5610531250.0,	0.06856918334960938,	0.09342575073242188
5610562500.0,	0.06927108764648438,	0.09154129028320312
5610593750.0,	0.06981277465820312,	0.09025192260742188
5610625000.0,	0.06993865966796875,	0.09130477905273438
5610656250.0,	0.070587158203125,	0.09125137329101562
5610687500.0,	0.06917572021484375,	0.09343719482421875
5610718750.0,	0.070281982421875,	0.091278076171875
5610750000.0,	0.06867218017578125,	0.09195327758789062
5610781250.0,	0.067474365234375,	0.09057998657226562
5610812500.0,	0.0706329345703125,	0.09217071533203125
5610843750.0,	0.07086944580078125,	0.09232711791992188
5610875000.0,	0.06858062744140625,	0.0920867919921875
5610906250.0,	0.06900405883789062,	0.09372329711914062
5610937500.0,	0.06983566284179688,	0.09246444702148438
5610968750.0,	0.07094573974609375,	0.09137725830078125
5611000000.0,	0.06923294067382812,	0.09195327758789062
5611031250.0,	0.0693206787109375,	0.09243392944335938
5611062500.0,	0.070037841796875,	0.09365463256835938
5611093750.0,	0.06964874267578125,	0.09213638305664062
5611125000.0,	0.07081222534179688,	0.09223556518554688
5611156250.0,	0.07073974609375,	0.09212875366210938
5611187500.0,	0.06933212280273438,	0.09283828735351562
5611218750.0,	0.06937408447265625,	0.09049224853515625
5611250000.0,	0.06988525390625,	0.09053421020507812
5611281250.0,	0.07013320922851562,	0.09040069580078125
5611312500.0,	0.069976806640625,	0.094207763671875
5611343750.0,	0.070098876953125,	0.09421920776367188
5611375000.0,	0.0716400146484375,	0.09346771240234375
5611406250.0,	0.07043075561523438,	0.09349822998046875
5611437500.0,	0.06993865966796875,	0.090606689453125
5611468750.0,	0.07013320922851562,	0.09155654907226562
5611500000.0,	0.06811141967773438,	0.09248733520507812
5611531250.0,	0.06883621215820312,	0.09241867065429688
5611562500.0,	0.06998443603515625,	0.09354782104492188
5611593750.0,	0.0691070556640625,	0.09180068969726562
5611625000.0,	0.0692596435546875,	0.09259414672851562
5611656250.0,	0.07009506225585938,	0.09393692016601562
5611687500.0,	0.06946945190429688,	0.09096145629882812
5611718750.0,	0.07011032104492188,	0.09313201904296875
5611750000.0,	0.06928253173828125,	0.08958053588867188
5611781250.0,	0.07012557983398438,	0.09438323974609375
5611812500.0,	0.0704345703125,	0.0927276611328125
5611843750.0,	0.06941986083984375,	0.09276199340820312
5611875000.0,	0.07161331176757812,	0.09273147583007812
5611906250.0,	0.07041549682617188,	0.09323883056640625
5611937500.0,	0.06867599487304688,	0.0921630859375
5611968750.0,	0.0693817138671875,	0.09283065795898438
5612000000.0,	0.07120132446289062,	0.0919952392578125
5612031250.0,	0.07178115844726562,	0.0904083251953125
5612062500.0,	0.06952285766601562,	0.09272003173828125
5612093750.0,	0.07045364379882812,	0.0917816162109375
5612125000.0,	0.07042312622070312,	0.09448623657226562
5612156250.0,	0.06942367553710938,	0.09373092651367188
5612187500.0,	0.06950759887695312,	0.09290695190429688
5612218750.0,	0.06952285766601562,	0.09288406372070312
5612250000.0,	0.069488525390625,	0.09478378295898438
5612281250.0,	0.0720367431640625,	0.09340286254882812
5612312500.0,	0.06912994384765625,	0.09322738647460938
5612343750.0,	0.07078933715820312,	0.09325790405273438
5612375000.0,	0.0711822509765625,	0.0922088623046875
5612406250.0,	0.07060623168945312,	0.09412765502929688
5612437500.0,	0.07063674926757812,	0.09292221069335938
5612468750.0,	0.06840133666992188,	0.09301376342773438
5612500000.0,	0.07079696655273438,	0.09421920776367188
5612531250.0,	0.06975173950195312,	0.09466171264648438
5612562500.0,	0.06914520263671875,	0.09514999389648438
5612593750.0,	0.06905746459960938,	0.09365081787109375
5612625000.0,	0.07228469848632812,	0.0938568115234375
5612656250.0,	0.07242202758789062,	0.09459686279296875
5612687500.0,	0.07208633422851562,	0.09456253051757812
5612718750.0,	0.06931686401367188,	0.09355545043945312
5612750000.0,	0.06937789916992188,	0.09424591064453125
5612781250.0,	0.0705413818359375,	0.093231201171875
5612812500.0,	0.07033157348632812,	0.09445953369140625
5612843750.0,	0.07093048095703125,	0.0957183837890625
5612875000.0,	0.06912612915039062,	0.09356307983398438
5612906250.0,	0.07066726684570312,	0.09337997436523438
5612937500.0,	0.07131576538085938,	0.09423446655273438
5612968750.0,	0.0704345703125,	0.09464263916015625
5613000000.0,	0.06960296630859375,	0.09156036376953125
5613031250.0,	0.06985092163085938,	0.0923309326171875
5613062500.0,	0.06973648071289062,	0.09371185302734375
5613093750.0,	0.06966018676757812,	0.09176254272460938
5613125000.0,	0.07089614868164062,	0.09285354614257812
5613156250.0,	0.06992721557617188,	0.09395980834960938
5613187500.0,	0.07346343994140625,	0.0926971435546875
5613218750.0,	0.06857681274414062,	0.0954437255859375
5613250000.0,	0.070098876953125,	0.09461212158203125
5613281250.0,	0.06946945190429688,	0.09391021728515625
5613312500.0,	0.0703125,	0.09401321411132812
5613343750.0,	0.0706634521484375,	0.09460830688476562
5613375000.0,	0.07063674926757812,	0.0929107666015625
5613406250.0,	0.07055282592773438,	0.09314346313476562
5613437500.0,	0.07193374633789062,	0.09498214721679688
5613468750.0,	0.06960296630859375,	0.094024658203125
5613500000.0,	0.0706024169921875,	0.09505462646484375
5613531250.0,	0.07122421264648438,	0.0954437255859375
5613562500.0,	0.072265625,	0.09619522094726562
5613593750.0,	0.06958770751953125,	0.09581756591796875
5613625000.0,	0.07155609130859375,	0.09422683715820312
5613656250.0,	0.07340240478515625,	0.094696044921875
5613687500.0,	0.06852340698242188,	0.09532546997070312
5613718750.0,	0.07064056396484375,	0.09420394897460938
5613750000.0,	0.070770263671875,	0.0955963134765625
5613781250.0,	0.07044601440429688,	0.09592819213867188
5613812500.0,	0.0688629150390625,	0.09651947021484375
5613843750.0,	0.07079696655273438,	0.09516143798828125
5613875000.0,	0.07122802734375,	0.0938262939453125
5613906250.0,	0.06909942626953125,	0.09406280517578125
5613937500.0,	0.071258544921875,	0.09501266479492188
5613968750.0,	0.07024002075195312,	0.09570693969726562
5614000000.0,	0.07184982299804688,	0.09453201293945312
5614031250.0,	0.07217025756835938,	0.09503173828125
5614062500.0,	0.06964111328125,	0.09524917602539062
5614093750.0,	0.07039260864257812,	0.09615707397460938
5614125000.0,	0.07127761840820312,	0.09649276733398438
5614156250.0,	0.0709686279296875,	0.09649276733398438
5614187500.0,	0.07122039794921875,	0.09627914428710938
5614218750.0,	0.07177734375,	0.09505462646484375
5614250000.0,	0.07153701782226562,	0.0965423583984375
5614281250.0,	0.07288360595703125,	0.09532546997070312
5614312500.0,	0.0697479248046875,	0.09819412231445312
5614343750.0,	0.07181930541992188,	0.09302520751953125
5614375000.0,	0.07154464721679688,	0.09901809692382812
5614406250.0,	0.072174072265625,	0.09423828125
5614437500.0,	0.07230758666992188,	0.09795379638671875
5614468750.0,	0.07007217407226562,	0.09755325317382812
5614500000.0,	0.07167816162109375,	0.09696197509765625
5614531250.0,	0.07328414916992188,	0.0960693359375
5614562500.0,	0.071624755859375,	0.09612274169921875
5614593750.0,	0.06991958618164062,	0.09818649291992188
5614625000.0,	0.07188034057617188,	0.09608078002929688
5614656250.0,	0.06982040405273438,	0.0958251953125
5614687500.0,	0.07397842407226562,	0.0969696044921875
5614718750.0,	0.07341766357421875,	0.09761810302734375
5614750000.0,	0.07340240478515625,	0.09709548950195312
5614781250.0,	0.07079696655273438,	0.09564971923828125
5614812500.0,	0.07155609130859375,	0.09634780883789062
5614843750.0,	0.06998062133789062,	0.09672164916992188
5614875000.0,	0.07235336303710938,	0.095489501953125
5614906250.0,	0.07278060913085938,	0.09477996826171875
5614937500.0,	0.071563720703125,	0.0975494384765625
5614968750.0,	0.07143783569335938,	0.09685516357421875
5615000000.0,	0.0731353759765625,	0.09571075439453125
5615031250.0,	0.07232284545898438,	0.09783554077148438
5615062500.0,	0.07313919067382812,	0.0961456298828125
5615093750.0,	0.07254791259765625,	0.09838104248046875
5615125000.0,	0.07337570190429688,	0.09684371948242188
5615156250.0,	0.07386398315429688,	0.09746932983398438
5615187500.0,	0.0731964111328125,	0.09728240966796875
5615218750.0,	0.07104873657226562,	0.09598541259765625
5615250000.0,	0.07205581665039062,	0.09668731689453125
5615281250.0,	0.07024765014648438,	0.09858322143554688
5615312500.0,	0.07349014282226562,	0.09492111206054688
5615343750.0,	0.07178878784179688,	0.096649169921875
5615375000.0,	0.07065200805664062,	0.09826278686523438
5615406250.0,	0.0720062255859375,	0.09754562377929688
5615437500.0,	0.07273483276367188,	0.09814834594726562
5615468750.0,	0.07334518432617188,	0.098297119140625
5615500000.0,	0.07215118408203125,	0.09661865234375
5615531250.0,	0.07097625732421875,	0.09671401977539062
5615562500.0,	0.07198333740234375,	0.09669876098632812
5615593750.0,	0.07197952270507812,	0.09820938110351562
5615625000.0,	0.07302093505859375,	0.09604644775390625
5615656250.0,	0.07152175903320312,	0.09505081176757812
5615687500.0,	0.07269287109375,	0.0997314453125
5615718750.0,	0.07430648803710938,	0.09783554077148438
5615750000.0,	0.07075119018554688,	0.09873199462890625
5615781250.0,	0.07342529296875,	0.09812545776367188
5615812500.0,	0.0712432861328125,	0.09791946411132812
5615843750.0,	0.073944091796875,	0.09961318969726562
5615875000.0,	0.0720062255859375,	0.09836959838867188
5615906250.0,	0.07302093505859375,	0.098297119140625
5615937500.0,	0.07411575317382812,	0.09737396240234375
5615968750.0,	0.07268905639648438,	0.10011672973632812
5616000000.0,	0.07115936279296875,	0.09717178344726562
5616031250.0,	0.07286834716796875,	0.09956741333007812
5616062500.0,	0.072540283203125,	0.09642410278320312
5616093750.0,	0.07353973388671875,	0.09961700439453125
5616125000.0,	0.07252883911132812,	0.09803009033203125
5616156250.0,	0.07323837280273438,	0.09783172607421875
5616187500.0,	0.07135772705078125,	0.09813690185546875
5616218750.0,	0.07247161865234375,	0.09864044189453125
5616250000.0,	0.0714874267578125,	0.0994873046875
5616281250.0,	0.071136474609375,	0.09862518310546875
5616312500.0,	0.07172393798828125,	0.09958648681640625
5616343750.0,	0.07427215576171875,	0.09841537475585938
5616375000.0,	0.07482147216796875,	0.0975494384765625
5616406250.0,	0.07399368286132812,	0.09857177734375
5616437500.0,	0.07384872436523438,	0.0977783203125
5616468750.0,	0.07342910766601562,	0.09642410278320312
5616500000.0,	0.07291030883789062,	0.0968170166015625
5616531250.0,	0.0742950439453125,	0.09817886352539062
5616562500.0,	0.07212448120117188,	0.09844207763671875
5616593750.0,	0.07048797607421875,	0.09862899780273438
5616625000.0,	0.07162857055664062,	0.09817886352539062
5616656250.0,	0.07268524169921875,	0.09778976440429688
5616687500.0,	0.07508087158203125,	0.0989227294921875
5616718750.0,	0.07313919067382812,	0.10080718994140625
5616750000.0,	0.07251358032226562,	0.09767532348632812
5616781250.0,	0.07461166381835938,	0.09971237182617188
5616812500.0,	0.0726776123046875,	0.10086822509765625
5616843750.0,	0.07599258422851562,	0.09922027587890625
5616875000.0,	0.07245635986328125,	0.10040664672851562
5616906250.0,	0.07342147827148438,	0.10031509399414062
5616937500.0,	0.07242202758789062,	0.1007232666015625
5616968750.0,	0.07386398315429688,	0.1002349853515625
5617000000.0,	0.07233047485351562,	0.09987640380859375
5617031250.0,	0.0720977783203125,	0.10004806518554688
5617062500.0,	0.07474899291992188,	0.09713363647460938
5617093750.0,	0.07459640502929688,	0.09869766235351562
5617125000.0,	0.07313919067382812,	0.09908294677734375
5617156250.0,	0.07360458374023438,	0.09793853759765625
5617187500.0,	0.07434463500976562,	0.09976577758789062
5617218750.0,	0.07318115234375,	0.10103607177734375
5617250000.0,	0.07150650024414062,	0.09859466552734375
5617281250.0,	0.07318878173828125,	0.10094833374023438
5617312500.0,	0.07267379760742188,	0.09968185424804688
5617343750.0,	0.07381057739257812,	0.10067367553710938
5617375000.0,	0.07363510131835938,	0.09844589233398438
5617406250.0,	0.07334518432617188,	0.10106277465820312
5617437500.0,	0.07371902465820312,	0.10010528564453125
5617468750.0,	0.07514572143554688,	0.09984970092773438
5617500000.0,	0.0729522705078125,	0.09820556640625
5617531250.0,	0.07372665405273438,	0.10097503662109375
5617562500.0,	0.07131195068359375,	0.10124588012695312
5617593750.0,	0.0735626220703125,	0.09950637817382812
5617625000.0,	0.07506942749023438,	0.1000823974609375
5617656250.0,	0.07310104370117188,	0.10113525390625
5617687500.0,	0.07311630249023438,	0.09888458251953125
5617718750.0,	0.07384109497070312,	0.10038375854492188
5617750000.0,	0.07549667358398438,	0.100189208984375
5617781250.0,	0.07354736328125,	0.0987548828125
5617812500.0,	0.07365036010742188,	0.10021209716796875
5617843750.0,	0.07404327392578125,	0.09958648681640625
5617875000.0,	0.07300567626953125,	0.09905624389648438
5617906250.0,	0.07268142700195312,	0.10083770751953125
5617937500.0,	0.0754547119140625,	0.10009002685546875
5617968750.0,	0.07471466064453125,	0.10154342651367188
5618000000.0,	0.07310104370117188,	0.09958267211914062
5618031250.0,	0.07587432861328125,	0.099273681640625
5618062500.0,	0.07376480102539062,	0.10317230224609375
5618093750.0,	0.0758056640625,	0.10331344604492188
5618125000.0,	0.07500839233398438,	0.1009674072265625
5618156250.0,	0.07663345336914062,	0.10010910034179688
5618187500.0,	0.0754852294921875,	0.10010910034179688
5618218750.0,	0.07536697387695312,	0.09959793090820312
5618250000.0,	0.07289886474609375,	0.10109710693359375
5618281250.0,	0.07362747192382812,	0.10192108154296875
5618312500.0,	0.07512283325195312,	0.10094070434570312
5618343750.0,	0.07512664794921875,	0.10166549682617188
5618375000.0,	0.0755767822265625,	0.10127639770507812
5618406250.0,	0.07279586791992188,	0.10073089599609375
5618437500.0,	0.07263565063476562,	0.10044097900390625
5618468750.0,	0.07775115966796875,	0.10115814208984375
5618500000.0,	0.07547378540039062,	0.1017913818359375
5618531250.0,	0.0732421875,	0.10051345825195312
5618562500.0,	0.07301712036132812,	0.10085678100585938
5618593750.0,	0.07520675659179688,	0.10059738159179688
5618625000.0,	0.07542037963867188,	0.09997940063476562
5618656250.0,	0.07434463500976562,	0.1001739501953125
5618687500.0,	0.07723236083984375,	0.100860595703125
5618718750.0,	0.07346725463867188,	0.10221481323242188
5618750000.0,	0.07489395141601562,	0.10095977783203125
5618781250.0,	0.07400131225585938,	0.10313796997070312
5618812500.0,	0.07555770874023438,	0.10189056396484375
5618843750.0,	0.07398223876953125,	0.10251235961914062
5618875000.0,	0.07848739624023438,	0.1019744873046875
5618906250.0,	0.07503128051757812,	0.1029052734375
5618937500.0,	0.07423782348632812,	0.101715087890625
5618968750.0,	0.07423782348632812,	0.10419464111328125
5619000000.0,	0.07405471801757812,	0.0993499755859375
5619031250.0,	0.07764053344726562,	0.10124588012695312
5619062500.0,	0.07583999633789062,	0.10149383544921875
5619093750.0,	0.07589340209960938,	0.1005706787109375
5619125000.0,	0.07550430297851562,	0.10047149658203125
5619156250.0,	0.07358169555664062,	0.10101699829101562
5619187500.0,	0.07428741455078125,	0.10086822509765625
5619218750.0,	0.07467269897460938,	0.10167312622070312
5619250000.0,	0.07784271240234375,	0.10378646850585938
5619281250.0,	0.0775909423828125,	0.10174942016601562
5619312500.0,	0.0743865966796875,	0.1005859375
5619343750.0,	0.07645416259765625,	0.10179901123046875
5619375000.0,	0.07545852661132812,	0.10261917114257812
5619406250.0,	0.07582473754882812,	0.1036376953125
5619437500.0,	0.07469940185546875,	0.10279083251953125
5619468750.0,	0.07611083984375,	0.1030426025390625
5619500000.0,	0.07689285278320312,	0.10243606567382812
5619531250.0,	0.07438278198242188,	0.10427474975585938
5619562500.0,	0.07586669921875,	0.10235977172851562
5619593750.0,	0.07714080810546875,	0.10113525390625
5619625000.0,	0.07568359375,	0.1031036376953125
5619656250.0,	0.0765380859375,	0.103240966796875
5619687500.0,	0.07629013061523438,	0.09899520874023438
5619718750.0,	0.0764312744140625,	0.101776123046875
5619750000.0,	0.07731246948242188,	0.10252761840820312
5619781250.0,	0.07583999633789062,	0.10227203369140625
5619812500.0,	0.07838821411132812,	0.10071945190429688
5619843750.0,	0.07497787475585938,	0.10253524780273438
5619875000.0,	0.07625579833984375,	0.1032562255859375
5619906250.0,	0.07535171508789062,	0.10230636596679688
5619937500.0,	0.0764007568359375,	0.101470947265625
5619968750.0,	0.0758209228515625,	0.10248947143554688
5620000000.0,	0.07524490356445312,	0.10116195678710938
5620031250.0,	0.07683944702148438,	0.10307693481445312
5620062500.0,	0.07509994506835938,	0.10279083251953125
5620093750.0,	0.07624435424804688,	0.10166168212890625
5620125000.0,	0.07563018798828125,	0.10244369506835938
5620156250.0,	0.07617950439453125,	0.10356521606445312
5620187500.0,	0.07634353637695312,	0.1027374267578125
5620218750.0,	0.07670211791992188,	0.10205459594726562
5620250000.0,	0.07794189453125,	0.102996826171875
5620281250.0,	0.07515335083007812,	0.10415267944335938
5620312500.0,	0.07709503173828125,	0.10195541381835938
5620343750.0,	0.07429122924804688,	0.1035003662109375
5620375000.0,	0.07663726806640625,	0.10210418701171875
5620406250.0,	0.0753936767578125,	0.10064315795898438
5620437500.0,	0.07706069946289062,	0.10460662841796875
5620468750.0,	0.07693099975585938,	0.10272979736328125
5620500000.0,	0.07690811157226562,	0.10173797607421875
5620531250.0,	0.07606124877929688,	0.1023712158203125
5620562500.0,	0.07835006713867188,	0.10540008544921875
5620593750.0,	0.07836151123046875,	0.10270309448242188
5620625000.0,	0.07598114013671875,	0.10293960571289062
5620656250.0,	0.07540130615234375,	0.10177993774414062
5620687500.0,	0.0790863037109375,	0.10400772094726562
5620718750.0,	0.07735824584960938,	0.10337066650390625
5620750000.0,	0.0764923095703125,	0.10363388061523438
5620781250.0,	0.07537841796875,	0.10195159912109375
5620812500.0,	0.07982254028320312,	0.104644775390625
5620843750.0,	0.07749557495117188,	0.103485107421875
5620875000.0,	0.07906341552734375,	0.10194778442382812
5620906250.0,	0.0770111083984375,	0.1029052734375
5620937500.0,	0.0772857666015625,	0.10039138793945312
5620968750.0,	0.07616043090820312,	0.1011505126953125
5621000000.0,	0.07970046997070312,	0.10332870483398438
5621031250.0,	0.07728958129882812,	0.10361480712890625
5621062500.0,	0.0799713134765625,	0.10230636596679688
5621093750.0,	0.07854461669921875,	0.10448074340820312
5621125000.0,	0.0792999267578125,	0.10315704345703125
5621156250.0,	0.07747650146484375,	0.10501861572265625
5621187500.0,	0.07828903198242188,	0.10373306274414062
5621218750.0,	0.07964706420898438,	0.10301589965820312
5621250000.0,	0.07677078247070312,	0.10298919677734375
5621281250.0,	0.07817459106445312,	0.103546142578125
5621312500.0,	0.07535552978515625,	0.1048431396484375
5621343750.0,	0.07773590087890625,	0.10498428344726562
5621375000.0,	0.07691574096679688,	0.10457229614257812
5621406250.0,	0.08084487915039062,	0.10534286499023438
5621437500.0,	0.078857421875,	0.10353469848632812
5621468750.0,	0.07905197143554688,	0.10287094116210938
5621500000.0,	0.07853317260742188,	0.10276412963867188
5621531250.0,	0.0785064697265625,	0.10185623168945312
5621562500.0,	0.07764053344726562,	0.10332489013671875
5621593750.0,	0.078826904296875,	0.10477066040039062
5621625000.0,	0.08037185668945312,	0.10468673706054688
5621656250.0,	0.07665634155273438,	0.1011810302734375
5621687500.0,	0.07749176025390625,	0.10462188720703125
5621718750.0,	0.07850265502929688,	0.10346603393554688
5621750000.0,	0.07790756225585938,	0.10602569580078125
5621781250.0,	0.08081817626953125,	0.10369491577148438
5621812500.0,	0.08092498779296875,	0.10582351684570312
5621843750.0,	0.0792999267578125,	0.10406875610351562
5621875000.0,	0.08051300048828125,	0.1050872802734375
5621906250.0,	0.07844161987304688,	0.10337066650390625
5621937500.0,	0.08091354370117188,	0.10430908203125
5621968750.0,	0.07843017578125,	0.10393524169921875
5622000000.0,	0.0805206298828125,	0.10238265991210938
5622031250.0,	0.0776824951171875,	0.1050872802734375
5622062500.0,	0.07874298095703125,	0.10315704345703125
5622093750.0,	0.079376220703125,	0.10409164428710938
5622125000.0,	0.07765579223632812,	0.1035003662109375
5622156250.0,	0.0794525146484375,	0.10450363159179688
5622187500.0,	0.07954788208007812,	0.10376739501953125
5622218750.0,	0.08060073852539062,	0.10373306274414062
5622250000.0,	0.07904434204101562,	0.10530853271484375
5622281250.0,	0.07773971557617188,	0.10480117797851562
5622312500.0,	0.080169677734375,	0.10438919067382812
5622343750.0,	0.07985305786132812,	0.1043548583984375
5622375000.0,	0.07990264892578125,	0.10583114624023438
5622406250.0,	0.0806427001953125,	0.10395431518554688
5622437500.0,	0.07955551147460938,	0.10696792602539062
5622468750.0,	0.08134078979492188,	0.10666656494140625
5622500000.0,	0.07770919799804688,	0.10606765747070312
5622531250.0,	0.07892608642578125,	0.10482406616210938
5622562500.0,	0.08056640625,	0.10399627685546875
5622593750.0,	0.08048248291015625,	0.10360336303710938
5622625000.0,	0.0783843994140625,	0.10406875610351562
5622656250.0,	0.07912826538085938,	0.10519790649414062
5622687500.0,	0.0810394287109375,	0.10454559326171875
5622718750.0,	0.07891082763671875,	0.10527801513671875
5622750000.0,	0.08050155639648438,	0.10390853881835938
5622781250.0,	0.0811309814453125,	0.10524749755859375
5622812500.0,	0.07807540893554688,	0.10604095458984375
5622843750.0,	0.08037948608398438,	0.10298538208007812
5622875000.0,	0.08098220825195312,	0.10462188720703125
5622906250.0,	0.079437255859375,	0.10480499267578125
5622937500.0,	0.07905197143554688,	0.1049346923828125
5622968750.0,	0.07904434204101562,	0.10559463500976562
5623000000.0,	0.07867050170898438,	0.10451126098632812
5623031250.0,	0.08066940307617188,	0.10390472412109375
5623062500.0,	0.0809173583984375,	0.10436630249023438
5623093750.0,	0.08092880249023438,	0.10494613647460938
5623125000.0,	0.08104324340820312,	0.10578155517578125
5623156250.0,	0.079498291015625,	0.10577392578125
5623187500.0,	0.0808563232421875,	0.10603713989257812
5623218750.0,	0.08168411254882812,	0.10609054565429688
5623250000.0,	0.0802154541015625,	0.10660552978515625
5623281250.0,	0.08073043823242188,	0.10533523559570312
5623312500.0,	0.08107757568359375,	0.105743408203125
5623343750.0,	0.0825958251953125,	0.10552978515625
5623375000.0,	0.08071136474609375,	0.10590362548828125
5623406250.0,	0.08050918579101562,	0.10521697998046875
5623437500.0,	0.08158493041992188,	0.10637664794921875
5623468750.0,	0.08105087280273438,	0.10683059692382812
5623500000.0,	0.08117294311523438,	0.10748672485351562
5623531250.0,	0.08274459838867188,	0.105072021484375
5623562500.0,	0.0823211669921875,	0.10567092895507812
5623593750.0,	0.082489013671875,	0.1062164306640625
5623625000.0,	0.08170700073242188,	0.10587310791015625
5623656250.0,	0.08256149291992188,	0.1053009033203125
5623687500.0,	0.08184814453125,	0.10732650756835938
5623718750.0,	0.0847320556640625,	0.10638427734375
5623750000.0,	0.08355712890625,	0.10760116577148438
5623781250.0,	0.08242034912109375,	0.1048431396484375
5623812500.0,	0.0807037353515625,	0.1060333251953125
5623843750.0,	0.08128738403320312,	0.10686111450195312
5623875000.0,	0.08249282836914062,	0.1058349609375
5623906250.0,	0.08253097534179688,	0.10765457153320312
5623937500.0,	0.083221435546875,	0.105072021484375
5623968750.0,	0.07993698120117188,	0.1063690185546875
5624000000.0,	0.08345413208007812,	0.10552978515625
5624031250.0,	0.08383941650390625,	0.10441970825195312
5624062500.0,	0.08382797241210938,	0.105316162109375
5624093750.0,	0.08298110961914062,	0.10578155517578125
5624125000.0,	0.08231353759765625,	0.107147216796875
5624156250.0,	0.082183837890625,	0.10661697387695312
5624187500.0,	0.08319473266601562,	0.10764312744140625
5624218750.0,	0.08087921142578125,	0.104156494140625
5624250000.0,	0.0815582275390625,	0.1047821044921875
5624281250.0,	0.08445358276367188,	0.10618972778320312
5624312500.0,	0.0852203369140625,	0.10755157470703125
5624343750.0,	0.08423233032226562,	0.10511016845703125
5624375000.0,	0.08307647705078125,	0.1079559326171875
5624406250.0,	0.08262252807617188,	0.10804367065429688
5624437500.0,	0.08359909057617188,	0.10690689086914062
5624468750.0,	0.08072662353515625,	0.1064453125
5624500000.0,	0.08248519897460938,	0.10771942138671875
5624531250.0,	0.0826416015625,	0.10683059692382812
5624562500.0,	0.08543777465820312,	0.1067047119140625
5624593750.0,	0.0836944580078125,	0.10637664794921875
5624625000.0,	0.08340835571289062,	0.106201171875
5624656250.0,	0.081817626953125,	0.10673141479492188
5624687500.0,	0.08515548706054688,	0.10540008544921875
5624718750.0,	0.08472824096679688,	0.10744094848632812
5624750000.0,	0.08452224731445312,	0.107147216796875
5624781250.0,	0.0851593017578125,	0.10643768310546875
5624812500.0,	0.08294677734375,	0.10658645629882812
5624843750.0,	0.08444976806640625,	0.10732650756835938
5624875000.0,	0.08397674560546875,	0.10645294189453125
5624906250.0,	0.08452224731445312,	0.1073455810546875
5624937500.0,	0.08455657958984375,	0.10770034790039062
5624968750.0,	0.08528518676757812,	0.10550308227539062
5625000000.0,	0.08489227294921875,	0.10537338256835938
5625031250.0,	0.08454513549804688,	0.10748291015625
5625062500.0,	0.0845794677734375,	0.10810089111328125
5625093750.0,	0.08632278442382812,	0.1083526611328125
5625125000.0,	0.08463287353515625,	0.10854339599609375
5625156250.0,	0.08377838134765625,	0.10692596435546875
5625187500.0,	0.0858154296875,	0.10741043090820312
5625218750.0,	0.08419036865234375,	0.10609817504882812
5625250000.0,	0.08574295043945312,	0.10792922973632812
5625281250.0,	0.08642578125,	0.106292724609375
5625312500.0,	0.08592987060546875,	0.105621337890625
5625343750.0,	0.08722305297851562,	0.10657501220703125
5625375000.0,	0.08539962768554688,	0.10994338989257812
5625406250.0,	0.0830230712890625,	0.10805130004882812
5625437500.0,	0.08510589599609375,	0.10837173461914062
5625468750.0,	0.08658599853515625,	0.10605621337890625
5625500000.0,	0.08427810668945312,	0.10640335083007812
5625531250.0,	0.08568954467773438,	0.10631561279296875
5625562500.0,	0.0857086181640625,	0.10832595825195312
5625593750.0,	0.08572769165039062,	0.10863113403320312
5625625000.0,	0.08613204956054688,	0.10898208618164062
5625656250.0,	0.08796310424804688,	0.10786056518554688
5625687500.0,	0.08679580688476562,	0.1075286865234375
5625718750.0,	0.08647537231445312,	0.10835647583007812
5625750000.0,	0.08659744262695312,	0.10822296142578125
5625781250.0,	0.0858917236328125,	0.1097412109375
5625812500.0,	0.0858154296875,	0.10818862915039062
5625843750.0,	0.0849456787109375,	0.10750579833984375
5625875000.0,	0.08498764038085938,	0.1079254150390625
5625906250.0,	0.08577728271484375,	0.10639572143554688
5625937500.0,	0.08609390258789062,	0.10760879516601562
5625968750.0,	0.08636856079101562,	0.10614395141601562
5626000000.0,	0.08564376831054688,	0.11008834838867188
5626031250.0,	0.08431243896484375,	0.10715103149414062
5626062500.0,	0.0886688232421875,	0.10624313354492188
5626093750.0,	0.08783721923828125,	0.10803604125976562
5626125000.0,	0.08754348754882812,	0.106109619140625
5626156250.0,	0.08597564697265625,	0.10871505737304688
5626187500.0,	0.0873260498046875,	0.1082000732421875
5626218750.0,	0.08738327026367188,	0.10869598388671875
5626250000.0,	0.088134765625,	0.1099090576171875
5626281250.0,	0.08667373657226562,	0.10778427124023438
5626312500.0,	0.087127685546875,	0.1066436767578125
5626343750.0,	0.08760833740234375,	0.10889053344726562
5626375000.0,	0.08928298950195312,	0.10865020751953125
5626406250.0,	0.08597946166992188,	0.1082000732421875
5626437500.0,	0.08768844604492188,	0.10810470581054688
5626468750.0,	0.087127685546875,	0.1079559326171875
5626500000.0,	0.08649826049804688,	0.1094818115234375
5626531250.0,	0.08816146850585938,	0.10778427124023438
5626562500.0,	0.08893203735351562,	0.1067962646484375
5626593750.0,	0.08594894409179688,	0.10837936401367188
5626625000.0,	0.08908843994140625,	0.10818099975585938
5626656250.0,	0.08697128295898438,	0.10731887817382812
5626687500.0,	0.08823776245117188,	0.10812759399414062
5626718750.0,	0.08707046508789062,	0.1071014404296875
5626750000.0,	0.0880889892578125,	0.10666275024414062
5626781250.0,	0.08721160888671875,	0.1079559326171875
5626812500.0,	0.08659744262695312,	0.10691452026367188
5626843750.0,	0.08887863159179688,	0.10837554931640625
5626875000.0,	0.09050750732421875,	0.1085052490234375
5626906250.0,	0.0871429443359375,	0.1087799072265625
5626937500.0,	0.0909271240234375,	0.11055755615234375
5626968750.0,	0.08984756469726562,	0.10699462890625
5627000000.0,	0.08845138549804688,	0.10839462280273438
5627031250.0,	0.08773422241210938,	0.10729217529296875
5627062500.0,	0.09017562866210938,	0.10681533813476562
5627093750.0,	0.08807754516601562,	0.10734939575195312
5627125000.0,	0.08780288696289062,	0.11017608642578125
5627156250.0,	0.0897369384765625,	0.1082763671875
5627187500.0,	0.089324951171875,	0.10831069946289062
5627218750.0,	0.08984375,	0.10770797729492188
5627250000.0,	0.08962249755859375,	0.10988235473632812
5627281250.0,	0.08795166015625,	0.10626983642578125
5627312500.0,	0.09039306640625,	0.10769271850585938
5627343750.0,	0.08809661865234375,	0.10813140869140625
5627375000.0,	0.09024810791015625,	0.10704803466796875
5627406250.0,	0.08914947509765625,	0.10688018798828125
5627437500.0,	0.09062957763671875,	0.1076507568359375
5627468750.0,	0.08926773071289062,	0.10863113403320312
5627500000.0,	0.08899307250976562,	0.108612060546875
5627531250.0,	0.09135055541992188,	0.1066436767578125
5627562500.0,	0.09048843383789062,	0.10880661010742188
5627593750.0,	0.09049224853515625,	0.10968399047851562
5627625000.0,	0.09165191650390625,	0.10912322998046875
5627656250.0,	0.09133529663085938,	0.1083831787109375
5627687500.0,	0.09015655517578125,	0.10827255249023438
5627718750.0,	0.09141159057617188,	0.11014938354492188
5627750000.0,	0.09124374389648438,	0.1090545654296875
5627781250.0,	0.09165191650390625,	0.10827255249023438
5627812500.0,	0.0905303955078125,	0.10904312133789062
5627843750.0,	0.09059524536132812,	0.10858917236328125
5627875000.0,	0.09181594848632812,	0.10840988159179688
5627906250.0,	0.0918731689453125,	0.10768508911132812
5627937500.0,	0.09093093872070312,	0.10889816284179688
5627968750.0,	0.0918426513671875,	0.10729217529296875
5628000000.0,	0.09235382080078125,	0.10823822021484375
5628031250.0,	0.08978652954101562,	0.1076812744140625
5628062500.0,	0.09021377563476562,	0.1081085205078125
5628093750.0,	0.09265899658203125,	0.10833740234375
5628125000.0,	0.09185409545898438,	0.10732269287109375
5628156250.0,	0.0909576416015625,	0.10747146606445312
5628187500.0,	0.09324264526367188,	0.10800552368164062
5628218750.0,	0.0914764404296875,	0.1078033447265625
5628250000.0,	0.09104537963867188,	0.1085968017578125
5628281250.0,	0.09114837646484375,	0.10875701904296875
5628312500.0,	0.0925750732421875,	0.10907363891601562
5628343750.0,	0.09258270263671875,	0.107635498046875
5628375000.0,	0.092132568359375,	0.10816574096679688
5628406250.0,	0.09283828735351562,	0.10822296142578125
5628437500.0,	0.0948486328125,	0.10878753662109375
5628468750.0,	0.09184646606445312,	0.10893630981445312
5628500000.0,	0.09366607666015625,	0.10821151733398438
5628531250.0,	0.0943756103515625,	0.10863113403320312
5628562500.0,	0.092864990234375,	0.10786819458007812
5628593750.0,	0.09482574462890625,	0.10796356201171875
5628625000.0,	0.09353256225585938,	0.10872268676757812
5628656250.0,	0.09384918212890625,	0.10808944702148438
5628687500.0,	0.094573974609375,	0.10765838623046875
5628718750.0,	0.09352493286132812,	0.10721588134765625
5628750000.0,	0.09545135498046875,	0.10768890380859375
5628781250.0,	0.09413528442382812,	0.10970687866210938
5628812500.0,	0.09206008911132812,	0.10763168334960938
5628843750.0,	0.09348297119140625,	0.10715866088867188
5628875000.0,	0.09302902221679688,	0.10870742797851562
5628906250.0,	0.09356307983398438,	0.10941696166992188
5628937500.0,	0.09288406372070312,	0.10792160034179688
5628968750.0,	0.09435272216796875,	0.10992431640625
5629000000.0,	0.09360122680664062,	0.10764312744140625
5629031250.0,	0.09542083740234375,	0.10860061645507812
5629062500.0,	0.09402847290039062,	0.10882949829101562
5629093750.0,	0.095458984375,	0.1075439453125
5629125000.0,	0.0955352783203125,	0.10863876342773438
5629156250.0,	0.09621810913085938,	0.10897445678710938
5629187500.0,	0.09404373168945312,	0.10742568969726562
5629218750.0,	0.09545516967773438,	0.10874176025390625
5629250000.0,	0.09662628173828125,	0.10593032836914062
5629281250.0,	0.094482421875,	0.10991668701171875
5629312500.0,	0.09469223022460938,	0.10907745361328125
5629343750.0,	0.0971832275390625,	0.10646820068359375
5629375000.0,	0.09508514404296875,	0.10751724243164062
5629406250.0,	0.09229278564453125,	0.10905075073242188
5629437500.0,	0.09429931640625,	0.10902023315429688
5629468750.0,	0.09756088256835938,	0.10873031616210938
5629500000.0,	0.0972900390625,	0.109466552734375
5629531250.0,	0.09611892700195312,	0.107025146484375
5629562500.0,	0.09581756591796875,	0.1073150634765625
5629593750.0,	0.09579849243164062,	0.10887908935546875
5629625000.0,	0.09874343872070312,	0.10664749145507812
5629656250.0,	0.09474563598632812,	0.1069183349609375
5629687500.0,	0.09611129760742188,	0.10879135131835938
5629718750.0,	0.09738922119140625,	0.10947036743164062
5629750000.0,	0.09694290161132812,	0.10817337036132812
5629781250.0,	0.096710205078125,	0.1096954345703125
5629812500.0,	0.09752273559570312,	0.10867691040039062
5629843750.0,	0.09688568115234375,	0.10912704467773438
5629875000.0,	0.09862899780273438,	0.10826873779296875
5629906250.0,	0.09791946411132812,	0.10822677612304688
5629937500.0,	0.0975341796875,	0.109375
5629968750.0,	0.09836959838867188,	0.1077880859375
5630000000.0,	0.09741973876953125,	0.10821533203125
5630031250.0,	0.09711074829101562,	0.10760879516601562
5630062500.0,	0.0978546142578125,	0.107177734375
5630093750.0,	0.09933853149414062,	0.1080474853515625
5630125000.0,	0.09789276123046875,	0.10783004760742188
5630156250.0,	0.09900665283203125,	0.10779190063476562
5630187500.0,	0.09943771362304688,	0.10663223266601562
5630218750.0,	0.09940338134765625,	0.10817337036132812
5630250000.0,	0.09858322143554688,	0.10645675659179688
5630281250.0,	0.1005706787109375,	0.11011886596679688
5630312500.0,	0.096221923828125,	0.10949325561523438
5630343750.0,	0.0999908447265625,	0.10824966430664062
5630375000.0,	0.10094833374023438,	0.10654830932617188
5630406250.0,	0.099456787109375,	0.10786819458007812
5630437500.0,	0.0971527099609375,	0.10870742797851562
5630468750.0,	0.09815216064453125,	0.10849380493164062
5630500000.0,	0.10218429565429688,	0.10838699340820312
5630531250.0,	0.09776687622070312,	0.11042022705078125
5630562500.0,	0.0994110107421875,	0.10849761962890625
5630593750.0,	0.09885406494140625,	0.10984039306640625
5630625000.0,	0.10051345825195312,	0.1086273193359375
5630656250.0,	0.101165771484375,	0.10730743408203125
5630687500.0,	0.10135650634765625,	0.10805130004882812
5630718750.0,	0.10057830810546875,	0.10931777954101562
5630750000.0,	0.10080337524414062,	0.10883712768554688
5630781250.0,	0.10034561157226562,	0.10644912719726562
5630812500.0,	0.10124969482421875,	0.10818862915039062
5630843750.0,	0.101715087890625,	0.10715866088867188
5630875000.0,	0.09980392456054688,	0.10786056518554688
5630906250.0,	0.102630615234375,	0.10742568969726562
5630937500.0,	0.10172653198242188,	0.10705947875976562
5630968750.0,	0.10264205932617188,	0.1083526611328125
5631000000.0,	0.10123443603515625,	0.1084136962890625
5631031250.0,	0.10097885131835938,	0.10858917236328125
5631062500.0,	0.10315322875976562,	0.10879135131835938
5631093750.0,	0.09981918334960938,	0.10901641845703125
5631125000.0,	0.10349273681640625,	0.106658935546875
5631156250.0,	0.103057861328125,	0.1072998046875
5631187500.0,	0.1018218994140625,	0.1074676513671875
5631218750.0,	0.1034393310546875,	0.10799789428710938
5631250000.0,	0.10100173950195312,	0.10782623291015625
5631281250.0,	0.1045379638671875,	0.108306884765625
5631312500.0,	0.10163497924804688,	0.10674285888671875
5631343750.0,	0.10418319702148438,	0.10692596435546875
5631375000.0,	0.10318374633789062,	0.10882186889648438
5631406250.0,	0.10365676879882812,	0.10605239868164062
5631437500.0,	0.10324859619140625,	0.10851669311523438
5631468750.0,	0.10400390625,	0.10981369018554688
5631500000.0,	0.10479354858398438,	0.10816574096679688
5631531250.0,	0.10411834716796875,	0.10714340209960938
5631562500.0,	0.1034088134765625,	0.10702896118164062
5631593750.0,	0.10367584228515625,	0.10797500610351562
5631625000.0,	0.10371780395507812,	0.10570526123046875
5631656250.0,	0.10358428955078125,	0.10770034790039062
5631687500.0,	0.10510635375976562,	0.10670852661132812
5631718750.0,	0.10527801513671875,	0.106353759765625
5631750000.0,	0.10521697998046875,	0.10710525512695312
5631781250.0,	0.105743408203125,	0.10614395141601562
5631812500.0,	0.106689453125,	0.10668182373046875
5631843750.0,	0.10688018798828125,	0.10718154907226562
5631875000.0,	0.10527801513671875,	0.10767745971679688
5631906250.0,	0.1079864501953125,	0.10794448852539062
5631937500.0,	0.10771560668945312,	0.10498428344726562
5631968750.0,	0.10661697387695312,	0.10631561279296875
5632000000.0,	0.10877227783203125,	0.10620880126953125
5632031250.0,	0.10802841186523438,	0.10665130615234375
5632062500.0,	0.10747528076171875,	0.107269287109375
5632093750.0,	0.1065216064453125,	0.10955047607421875
5632125000.0,	0.10736465454101562,	0.10888671875
5632156250.0,	0.1082000732421875,	0.10804367065429688
5632187500.0,	0.10803604125976562,	0.10884475708007812
5632218750.0,	0.1088409423828125,	0.10680007934570312
5632250000.0,	0.10739517211914062,	0.1056976318359375
5632281250.0,	0.10858154296875,	0.1077117919921875
5632312500.0,	0.10862350463867188,	0.10919570922851562
5632343750.0,	0.10755157470703125,	0.10529327392578125
5632375000.0,	0.10782241821289062,	0.10580825805664062
5632406250.0,	0.109893798828125,	0.10469818115234375
5632437500.0,	0.1097869873046875,	0.10424041748046875
5632468750.0,	0.1101226806640625,	0.1083831787109375
5632500000.0,	0.10953140258789062,	0.10676193237304688
5632531250.0,	0.11054229736328125,	0.1066436767578125
5632562500.0,	0.11037826538085938,	0.10554122924804688
5632593750.0,	0.10961151123046875,	0.10722732543945312
5632625000.0,	0.1113128662109375,	0.10490798950195312
5632656250.0,	0.10955047607421875,	0.10448837280273438
5632687500.0,	0.11200714111328125,	0.10628890991210938
5632718750.0,	0.10993194580078125,	0.10468292236328125
5632750000.0,	0.11323928833007812,	0.10522842407226562
5632781250.0,	0.11225128173828125,	0.10468292236328125
5632812500.0,	0.11239242553710938,	0.10686874389648438
5632843750.0,	0.1109771728515625,	0.10603713989257812
5632875000.0,	0.1112823486328125,	0.10611343383789062
5632906250.0,	0.11110687255859375,	0.10546493530273438
5632937500.0,	0.11447906494140625,	0.10538101196289062
5632968750.0,	0.11233139038085938,	0.1060943603515625
5633000000.0,	0.11397171020507812,	0.1056976318359375
5633031250.0,	0.114715576171875,	0.1043701171875
5633062500.0,	0.1127777099609375,	0.10430145263671875
5633093750.0,	0.11473846435546875,	0.1047210693359375
5633125000.0,	0.11360549926757812,	0.10548019409179688
5633156250.0,	0.11418914794921875,	0.10443878173828125
5633187500.0,	0.1164703369140625,	0.10455322265625
5633218750.0,	0.11445236206054688,	0.10344696044921875
5633250000.0,	0.11502838134765625,	0.10537338256835938
5633281250.0,	0.11572265625,	0.10376358032226562
5633312500.0,	0.11673736572265625,	0.1025390625
5633343750.0,	0.11639404296875,	0.1030426025390625
5633375000.0,	0.11523056030273438,	0.10390090942382812
5633406250.0,	0.115081787109375,	0.10500717163085938
5633437500.0,	0.1170654296875,	0.10514450073242188
5633468750.0,	0.11613082885742188,	0.10309219360351562
5633500000.0,	0.1153717041015625,	0.10302734375
5633531250.0,	0.11753463745117188,	0.10474014282226562
5633562500.0,	0.11597442626953125,	0.102325439453125
5633593750.0,	0.11818695068359375,	0.103485107421875
5633625000.0,	0.1196136474609375,	0.10456466674804688
5633656250.0,	0.11844253540039062,	0.10277938842773438
5633687500.0,	0.11891937255859375,	0.10263442993164062
5633718750.0,	0.11898040771484375,	0.10363388061523438
5633750000.0,	0.1209259033203125,	0.10337066650390625
5633781250.0,	0.1200408935546875,	0.10227584838867188
5633812500.0,	0.11926651000976562,	0.10233306884765625
5633843750.0,	0.1219482421875,	0.10378265380859375
5633875000.0,	0.11928176879882812,	0.10202407836914062
5633906250.0,	0.12070846557617188,	0.0997161865234375
5633937500.0,	0.122039794921875,	0.10131072998046875
5633968750.0,	0.12252426147460938,	0.10235977172851562
5634000000.0,	0.12376022338867188,	0.10136795043945312
5634031250.0,	0.12131500244140625,	0.09982681274414062
5634062500.0,	0.12240982055664062,	0.10374832153320312
5634093750.0,	0.1222076416015625,	0.09941482543945312
5634125000.0,	0.12337112426757812,	0.10022735595703125
5634156250.0,	0.12326431274414062,	0.1016998291015625
5634187500.0,	0.12459564208984375,	0.09999465942382812
5634218750.0,	0.12443923950195312,	0.09877777099609375
5634250000.0,	0.12295150756835938,	0.0979766845703125
5634281250.0,	0.12654876708984375,	0.09999847412109375
5634312500.0,	0.12425613403320312,	0.1005706787109375
5634343750.0,	0.12560272216796875,	0.09961700439453125
5634375000.0,	0.12662506103515625,	0.09885406494140625
5634406250.0,	0.1251373291015625,	0.09906768798828125
5634437500.0,	0.12676239013671875,	0.09961700439453125
5634468750.0,	0.1280975341796875,	0.098907470703125
5634500000.0,	0.127685546875,	0.096649169921875
5634531250.0,	0.12853240966796875,	0.0961456298828125
5634562500.0,	0.13037872314453125,	0.0971832275390625
5634593750.0,	0.1296844482421875,	0.09801483154296875
5634625000.0,	0.128173828125,	0.098724365234375
5634656250.0,	0.1309356689453125,	0.09865570068359375
5634687500.0,	0.1301422119140625,	0.095916748046875
5634718750.0,	0.13245391845703125,	0.095306396484375
5634750000.0,	0.13047027587890625,	0.09564971923828125
5634781250.0,	0.130462646484375,	0.0981292724609375
5634812500.0,	0.131927490234375,	0.09857177734375
5634843750.0,	0.13210296630859375,	0.095977783203125
5634875000.0,	0.13388824462890625,	0.09484100341796875
5634906250.0,	0.1317596435546875,	0.0931396484375
5634937500.0,	0.13549041748046875,	0.09474945068359375
5634968750.0,	0.132568359375,	0.09357452392578125
5635000000.0,	0.1374664306640625,	0.09493255615234375
5635031250.0,	0.1341400146484375,	0.09214019775390625
5635062500.0,	0.1356201171875,	0.0923004150390625
5635093750.0,	0.1377105712890625,	0.09178924560546875
5635125000.0,	0.1370849609375,	0.08904266357421875
5635156250.0,	0.1362457275390625,	0.09105682373046875
5635187500.0,	0.13832855224609375,	0.09033203125
5635218750.0,	0.13780975341796875,	0.09008026123046875
5635250000.0,	0.1382904052734375,	0.09038543701171875
5635281250.0,	0.1387786865234375,	0.088104248046875
5635312500.0,	0.1397247314453125,	0.087982177734375
5635343750.0,	0.14031219482421875,	0.089752197265625
5635375000.0,	0.1416168212890625,	0.08963775634765625
5635406250.0,	0.14237213134765625,	0.0861053466796875
5635437500.0,	0.14344024658203125,	0.08609771728515625
5635468750.0,	0.14206695556640625,	0.0868072509765625
5635500000.0,	0.14287567138671875,	0.0848541259765625
5635531250.0,	0.14595794677734375,	0.084747314453125
5635562500.0,	0.14456939697265625,	0.0817718505859375
5635593750.0,	0.144989013671875,	0.08229827880859375
5635625000.0,	0.145782470703125,	0.081024169921875
5635656250.0,	0.1455841064453125,	0.08223724365234375
5635687500.0,	0.14646148681640625,	0.0797271728515625
5635718750.0,	0.148529052734375,	0.07912445068359375
5635750000.0,	0.14891815185546875,	0.075408935546875
5635781250.0,	0.14798736572265625,	0.07843780517578125
5635812500.0,	0.15052032470703125,	0.0781707763671875
5635843750.0,	0.15097808837890625,	0.07476806640625
5635875000.0,	0.1522216796875,	0.07335662841796875
5635906250.0,	0.15283966064453125,	0.0720672607421875
5635937500.0,	0.15459442138671875,	0.07384490966796875
5635968750.0,	0.15630340576171875,	0.0698394775390625
5636000000.0,	0.153472900390625,	0.06903839111328125
5636031250.0,	0.1555938720703125,	0.06561279296875
5636062500.0,	0.154205322265625,	0.0655517578125
5636093750.0,	0.1571044921875,	0.06432342529296875
5636125000.0,	0.1555633544921875,	0.05991363525390625
5636156250.0,	0.1561126708984375,	0.06044769287109375
5636187500.0,	0.15769195556640625,	0.059661865234375
5636218750.0,	0.15529632568359375,	0.056854248046875
5636250000.0,	0.15824127197265625,	0.055023193359375
5636281250.0,	0.15821075439453125,	0.051483154296875
5636312500.0,	0.15728759765625,	0.04994964599609375
5636343750.0,	0.15914154052734375,	0.04936981201171875
5636375000.0,	0.15767669677734375,	0.04688262939453125
5636406250.0,	0.15828704833984375,	0.04209136962890625
5636437500.0,	0.1580963134765625,	0.03835296630859375
5636468750.0,	0.16016387939453125,	0.03787994384765625
5636500000.0,	0.158111572265625,	0.0326080322265625
5636531250.0,	0.1563873291015625,	0.0322113037109375
5636562500.0,	0.15517425537109375,	0.02740478515625
5636593750.0,	0.15500640869140625,	0.02392578125
5636625000.0,	0.15358734130859375,	0.02158355712890625
5636656250.0,	0.152069091796875,	0.0171051025390625
5636687500.0,	0.14951324462890625,	0.01593017578125
5636718750.0,	0.14681243896484375,	0.01137542724609375
5636750000.0,	0.14737701416015625,	0.0109710693359375
5636781250.0,	0.14247894287109375,	0.004608154296875
5636812500.0,	0.1429443359375,	0.004150390625
5636843750.0,	0.139984130859375,	7.62939453125e-06
5636875000.0,	0.13513946533203125,	-0.00069427490234375
5636906250.0,	0.13031768798828125,	-0.00528717041015625
5636937500.0,	0.12677764892578125,	-0.00714111328125
5636968750.0,	0.12558746337890625,	-0.009429931640625
5637000000.0,	0.11981582641601562,	-0.013294219970703125
5637031250.0,	0.1158905029296875,	-0.010250091552734375
5637062500.0,	0.11402130126953125,	-0.012851715087890625
5637093750.0,	0.10948944091796875,	-0.01352691650390625
5637125000.0,	0.10690689086914062,	-0.0152435302734375
5637156250.0,	0.103851318359375,	-0.015872955322265625
5637187500.0,	0.09911727905273438,	-0.015422821044921875
5637218750.0,	0.09850692749023438,	-0.01617431640625
5637250000.0,	0.09057998657226562,	-0.017101287841796875
5637281250.0,	0.08888626098632812,	-0.016887664794921875
5637312500.0,	0.08440780639648438,	-0.015476226806640625
5637343750.0,	0.08235931396484375,	-0.0140533447265625
5637375000.0,	0.08044815063476562,	-0.0146636962890625
5637406250.0,	0.07697296142578125,	-0.01436614990234375
5637437500.0,	0.074920654296875,	-0.01416015625
5637468750.0,	0.0729522705078125,	-0.01401519775390625
5637500000.0,	0.069183349609375,	-0.013011932373046875
5637531250.0,	0.06678390502929688,	-0.009552001953125
5637562500.0,	0.06346893310546875,	-0.01128387451171875
5637593750.0,	0.061771392822265625,	-0.008611679077148438
5637625000.0,	0.0599365234375,	-0.0062618255615234375
5637656250.0,	0.05783843994140625,	-0.0075016021728515625
5637687500.0,	0.055210113525390625,	-0.00304412841796875
5637718750.0,	0.05435371398925781,	-0.003345489501953125
5637750000.0,	0.052215576171875,	-0.00281524658203125
5637781250.0,	0.05198097229003906,	0.00086212158203125
5637812500.0,	0.04996490478515625,	0.0005245208740234375
5637843750.0,	0.046878814697265625,	0.0026836395263671875
5637875000.0,	0.043125152587890625,	0.00571441650390625
5637906250.0,	0.04311370849609375,	0.0058040618896484375
5637937500.0,	0.042461395263671875,	0.0074863433837890625
5637968750.0,	0.0391998291015625,	0.009584426879882812
5638000000.0,	0.04037666320800781,	0.0120697021484375
5638031250.0,	0.039577484130859375,	0.01611328125
5638062500.0,	0.03799629211425781,	0.015903472900390625
5638093750.0,	0.03722953796386719,	0.017816543579101562
5638125000.0,	0.03781700134277344,	0.019289016723632812
5638156250.0,	0.03737068176269531,	0.020669937133789062
5638187500.0,	0.03330802917480469,	0.023904800415039062
5638218750.0,	0.03521537780761719,	0.0231781005859375
5638250000.0,	0.03341102600097656,	0.024654388427734375
5638281250.0,	0.034282684326171875,	0.028888702392578125
5638312500.0,	0.0337371826171875,	0.028682708740234375
5638343750.0,	0.03082275390625,	0.031253814697265625
5638375000.0,	0.029272079467773438,	0.0325775146484375
5638406250.0,	0.029569625854492188,	0.034755706787109375
5638437500.0,	0.030612945556640625,	0.03602027893066406
5638468750.0,	0.0308990478515625,	0.036823272705078125
5638500000.0,	0.030517578125,	0.040668487548828125
5638531250.0,	0.029493331909179688,	0.04088592529296875
5638562500.0,	0.029964447021484375,	0.042346954345703125
5638593750.0,	0.03354644775390625,	0.04293251037597656
5638625000.0,	0.0305938720703125,	0.04355621337890625
5638656250.0,	0.03224945068359375,	0.04435157775878906
5638687500.0,	0.03075408935546875,	0.04705047607421875
5638718750.0,	0.031206130981445312,	0.049655914306640625
5638750000.0,	0.03216552734375,	0.0505828857421875
5638781250.0,	0.03069305419921875,	0.05229759216308594
5638812500.0,	0.030652999877929688,	0.05299568176269531
5638843750.0,	0.03239250183105469,	0.05446434020996094
5638875000.0,	0.031223297119140625,	0.0563507080078125
5638906250.0,	0.03045654296875,	0.05565643310546875
5638937500.0,	0.03272438049316406,	0.05867958068847656
5638968750.0,	0.030765533447265625,	0.05864524841308594
5639000000.0,	0.03391838073730469,	0.06186485290527344
5639031250.0,	0.032688140869140625,	0.06156730651855469
5639062500.0,	0.03403663635253906,	0.06214141845703125
5639093750.0,	0.03292083740234375,	0.06339263916015625
5639125000.0,	0.0335540771484375,	0.06452178955078125
5639156250.0,	0.034450531005859375,	0.06589889526367188
5639187500.0,	0.034763336181640625,	0.06705856323242188
5639218750.0,	0.036243438720703125,	0.06654739379882812
5639250000.0,	0.0359039306640625,	0.06746292114257812
5639281250.0,	0.03690338134765625,	0.06868743896484375
5639312500.0,	0.035797119140625,	0.07120132446289062
5639343750.0,	0.03676605224609375,	0.07086944580078125
5639375000.0,	0.03574371337890625,	0.07052230834960938
5639406250.0,	0.037784576416015625,	0.0728759765625
5639437500.0,	0.037631988525390625,	0.0715179443359375
5639468750.0,	0.0382232666015625,	0.07468414306640625
5639500000.0,	0.03676605224609375,	0.07307052612304688
5639531250.0,	0.0406646728515625,	0.075531005859375
5639562500.0,	0.04122161865234375,	0.07664108276367188
5639593750.0,	0.040927886962890625,	0.07508468627929688
5639625000.0,	0.0412750244140625,	0.0767822265625
5639656250.0,	0.041049957275390625,	0.07859039306640625
5639687500.0,	0.04364013671875,	0.08037948608398438
5639718750.0,	0.042572021484375,	0.07927322387695312
5639750000.0,	0.042995452880859375,	0.07778167724609375
5639781250.0,	0.044162750244140625,	0.08063888549804688
5639812500.0,	0.04355621337890625,	0.07987594604492188
5639843750.0,	0.044696807861328125,	0.08046722412109375
5639875000.0,	0.046154022216796875,	0.0794830322265625
5639906250.0,	0.04305267333984375,	0.08120346069335938
5639937500.0,	0.0452880859375,	0.08056259155273438
5639968750.0,	0.04773712158203125,	0.08430862426757812
5640000000.0,	0.046245574951171875,	0.081817626953125
5640031250.0,	0.045169830322265625,	0.08492279052734375
5640062500.0,	0.047267913818359375,	0.08411026000976562
5640093750.0,	0.047027587890625,	0.08411407470703125
5640125000.0,	0.04924774169921875,	0.08475112915039062
5640156250.0,	0.04698944091796875,	0.08581924438476562
5640187500.0,	0.0489654541015625,	0.08378219604492188
5640218750.0,	0.049076080322265625,	0.086090087890625
5640250000.0,	0.049396514892578125,	0.08893585205078125
5640281250.0,	0.048313140869140625,	0.08788299560546875
5640312500.0,	0.04978179931640625,	0.08777236938476562
5640343750.0,	0.049072265625,	0.0868988037109375
5640375000.0,	0.0521087646484375,	0.08641433715820312
5640406250.0,	0.05084228515625,	0.08577728271484375
5640437500.0,	0.0528564453125,	0.08748626708984375
5640468750.0,	0.052867889404296875,	0.08787155151367188
5640500000.0,	0.051052093505859375,	0.08795166015625
5640531250.0,	0.0523529052734375,	0.08975982666015625
5640562500.0,	0.0511474609375,	0.0877838134765625
5640593750.0,	0.053630828857421875,	0.09103775024414062
5640625000.0,	0.0541839599609375,	0.08818435668945312
5640656250.0,	0.055408477783203125,	0.09071731567382812
5640687500.0,	0.052734375,	0.09099960327148438
5640718750.0,	0.054187774658203125,	0.09164810180664062
5640750000.0,	0.055286407470703125,	0.08951950073242188
5640781250.0,	0.055267333984375,	0.0905914306640625
5640812500.0,	0.05518341064453125,	0.08914566040039062
5640843750.0,	0.056621551513671875,	0.09213638305664062
5640875000.0,	0.056804656982421875,	0.09234619140625
5640906250.0,	0.05718994140625,	0.09141921997070312
5640937500.0,	0.05666351318359375,	0.09061050415039062
5640968750.0,	0.05644989013671875,	0.09246063232421875
5641000000.0,	0.05908966064453125,	0.092620849609375
5641031250.0,	0.05829620361328125,	0.09268951416015625
5641062500.0,	0.05756378173828125,	0.09161758422851562
5641093750.0,	0.059093475341796875,	0.09228134155273438
5641125000.0,	0.057399749755859375,	0.0916290283203125
5641156250.0,	0.058597564697265625,	0.09182357788085938
5641187500.0,	0.0609130859375,	0.09235000610351562
5641218750.0,	0.0600433349609375,	0.094146728515625
5641250000.0,	0.06044769287109375,	0.09170913696289062
5641281250.0,	0.061420440673828125,	0.09527587890625
5641312500.0,	0.0599365234375,	0.0916595458984375
5641343750.0,	0.06208038330078125,	0.09362411499023438
5641375000.0,	0.060787200927734375,	0.09613800048828125
5641406250.0,	0.0614776611328125,	0.0925140380859375
5641437500.0,	0.06226348876953125,	0.0917816162109375
5641468750.0,	0.06328201293945312,	0.0938568115234375
5641500000.0,	0.061832427978515625,	0.0938262939453125
5641531250.0,	0.06285476684570312,	0.09268951416015625
5641562500.0,	0.061717987060546875,	0.09272384643554688
5641593750.0,	0.06478118896484375,	0.095184326171875
5641625000.0,	0.0623016357421875,	0.09399795532226562
5641656250.0,	0.06328201293945312,	0.09486007690429688
5641687500.0,	0.06372451782226562,	0.09417724609375
5641718750.0,	0.0644073486328125,	0.09544754028320312
5641750000.0,	0.06405258178710938,	0.0951385498046875
5641781250.0,	0.0654754638671875,	0.096160888671875
5641812500.0,	0.06442642211914062,	0.0964202880859375
5641843750.0,	0.06501388549804688,	0.0965576171875
5641875000.0,	0.062469482421875,	0.09487152099609375
5641906250.0,	0.06450653076171875,	0.09439849853515625
5641937500.0,	0.06365203857421875,	0.095672607421875
5641968750.0,	0.0639495849609375,	0.09613800048828125
5642000000.0,	0.06594085693359375,	0.09680938720703125
5642031250.0,	0.06689071655273438,	0.09422683715820312
5642062500.0,	0.066802978515625,	0.09508895874023438
5642093750.0,	0.06804656982421875,	0.09773635864257812
5642125000.0,	0.06750869750976562,	0.09445571899414062
5642156250.0,	0.06806182861328125,	0.0958404541015625
5642187500.0,	0.0656890869140625,	0.09659194946289062
5642218750.0,	0.06671905517578125,	0.09585952758789062
5642250000.0,	0.06809616088867188,	0.095703125
5642281250.0,	0.06737518310546875,	0.09551239013671875
5642312500.0,	0.06948089599609375,	0.09551620483398438
5642343750.0,	0.06843948364257812,	0.09636306762695312
5642375000.0,	0.06652069091796875,	0.09823989868164062
5642406250.0,	0.0681610107421875,	0.09579086303710938
5642437500.0,	0.06836700439453125,	0.09716796875
5642468750.0,	0.06874465942382812,	0.09749984741210938
5642500000.0,	0.068389892578125,	0.096923828125
5642531250.0,	0.06818771362304688,	0.09769058227539062
5642562500.0,	0.068328857421875,	0.09693527221679688
5642593750.0,	0.0707244873046875,	0.0985260009765625
5642625000.0,	0.06966400146484375,	0.09900283813476562
5642656250.0,	0.06955718994140625,	0.09694671630859375
5642687500.0,	0.06756973266601562,	0.096282958984375
5642718750.0,	0.06970596313476562,	0.09761428833007812
5642750000.0,	0.070831298828125,	0.09810638427734375
5642781250.0,	0.06930160522460938,	0.09719467163085938
5642812500.0,	0.0723876953125,	0.09808349609375
5642843750.0,	0.07068252563476562,	0.09609603881835938
5642875000.0,	0.06917572021484375,	0.09682083129882812
5642906250.0,	0.07257843017578125,	0.0975341796875
5642937500.0,	0.06915664672851562,	0.09737396240234375
5642968750.0,	0.07086181640625,	0.09667205810546875
5643000000.0,	0.07171249389648438,	0.09646987915039062
5643031250.0,	0.07239913940429688,	0.09737014770507812
5643062500.0,	0.07189178466796875,	0.09691619873046875
5643093750.0,	0.07421493530273438,	0.0983428955078125
5643125000.0,	0.07422637939453125,	0.0962982177734375
5643156250.0,	0.07339096069335938,	0.09843063354492188
5643187500.0,	0.07323074340820312,	0.09609603881835938
5643218750.0,	0.07317733764648438,	0.09802627563476562
5643250000.0,	0.07330322265625,	0.09820175170898438
5643281250.0,	0.073028564453125,	0.09843063354492188
5643312500.0,	0.07410812377929688,	0.09510421752929688
5643343750.0,	0.07098770141601562,	0.097900390625
5643375000.0,	0.07352066040039062,	0.09637832641601562
5643406250.0,	0.07421875,	0.09851455688476562
5643437500.0,	0.07389450073242188,	0.09795379638671875
5643468750.0,	0.07432174682617188,	0.0991973876953125
5643500000.0,	0.07473373413085938,	0.0994873046875
5643531250.0,	0.07415771484375,	0.0972747802734375
5643562500.0,	0.07427215576171875,	0.09812164306640625
5643593750.0,	0.07565689086914062,	0.09763717651367188
5643625000.0,	0.07605361938476562,	0.09728622436523438
5643656250.0,	0.076171875,	0.09833908081054688
5643687500.0,	0.07487869262695312,	0.0970458984375
5643718750.0,	0.07680892944335938,	0.09901046752929688
5643750000.0,	0.07433319091796875,	0.09840774536132812
5643781250.0,	0.07588577270507812,	0.099273681640625
5643812500.0,	0.07566070556640625,	0.098419189453125
5643843750.0,	0.07741165161132812,	0.09815216064453125
5643875000.0,	0.07621002197265625,	0.09823226928710938
5643906250.0,	0.07488250732421875,	0.09817123413085938
5643937500.0,	0.07720565795898438,	0.09931182861328125
5643968750.0,	0.07735824584960938,	0.09889602661132812
5644000000.0,	0.07604598999023438,	0.097808837890625
5644031250.0,	0.07578659057617188,	0.0980224609375
5644062500.0,	0.07775497436523438,	0.0985565185546875
5644093750.0,	0.07525253295898438,	0.09712600708007812
5644125000.0,	0.07792282104492188,	0.09748458862304688
5644156250.0,	0.07818984985351562,	0.09803390502929688
5644187500.0,	0.07879257202148438,	0.0991973876953125
5644218750.0,	0.07703781127929688,	0.097412109375
5644250000.0,	0.07715225219726562,	0.097503662109375
5644281250.0,	0.07727813720703125,	0.09868621826171875
5644312500.0,	0.07989883422851562,	0.0997467041015625
5644343750.0,	0.07651138305664062,	0.09759140014648438
5644375000.0,	0.07896804809570312,	0.09942626953125
5644406250.0,	0.0776824951171875,	0.09802627563476562
5644437500.0,	0.07825469970703125,	0.09811782836914062
5644468750.0,	0.07820892333984375,	0.0989227294921875
5644500000.0,	0.07673263549804688,	0.0962982177734375
5644531250.0,	0.07925796508789062,	0.09752273559570312
5644562500.0,	0.07568740844726562,	0.09904098510742188
5644593750.0,	0.07616806030273438,	0.09733200073242188
5644625000.0,	0.08030319213867188,	0.09786605834960938
5644656250.0,	0.07830429077148438,	0.09796524047851562
5644687500.0,	0.07860946655273438,	0.09722900390625
5644718750.0,	0.07970428466796875,	0.09966659545898438
5644750000.0,	0.079681396484375,	0.10061264038085938
5644781250.0,	0.078338623046875,	0.10034942626953125
5644812500.0,	0.07898330688476562,	0.099456787109375
5644843750.0,	0.07834243774414062,	0.0981292724609375
5644875000.0,	0.079620361328125,	0.09759140014648438
5644906250.0,	0.08048248291015625,	0.09968185424804688
5644937500.0,	0.08010101318359375,	0.09901809692382812
5644968750.0,	0.08147048950195312,	0.09680938720703125
5645000000.0,	0.08003616333007812,	0.09755706787109375
5645031250.0,	0.08004379272460938,	0.09604263305664062
5645062500.0,	0.0809478759765625,	0.09832000732421875
5645093750.0,	0.08126449584960938,	0.09982681274414062
5645125000.0,	0.08067703247070312,	0.09904861450195312
5645156250.0,	0.0777130126953125,	0.09717941284179688
5645187500.0,	0.07955169677734375,	0.09874725341796875
5645218750.0,	0.08172225952148438,	0.09888076782226562
5645250000.0,	0.081695556640625,	0.100433349609375
5645281250.0,	0.0806121826171875,	0.09665298461914062
5645312500.0,	0.08259201049804688,	0.09853363037109375
5645343750.0,	0.08126449584960938,	0.097320556640625
5645375000.0,	0.08003997802734375,	0.09748458862304688
5645406250.0,	0.08103561401367188,	0.0986480712890625
5645437500.0,	0.08252334594726562,	0.09629058837890625
5645468750.0,	0.07938385009765625,	0.09828948974609375
5645500000.0,	0.08339309692382812,	0.09934616088867188
5645531250.0,	0.0810546875,	0.0971221923828125
5645562500.0,	0.083038330078125,	0.0977935791015625
5645593750.0,	0.081756591796875,	0.09721755981445312
5645625000.0,	0.081329345703125,	0.0993804931640625
5645656250.0,	0.08240509033203125,	0.09673690795898438
5645687500.0,	0.08040618896484375,	0.0979156494140625
5645718750.0,	0.08116912841796875,	0.09728240966796875
5645750000.0,	0.08129501342773438,	0.09857559204101562
5645781250.0,	0.08230209350585938,	0.0983123779296875
5645812500.0,	0.08048629760742188,	0.09695816040039062
5645843750.0,	0.084716796875,	0.0966033935546875
5645875000.0,	0.08213043212890625,	0.09790802001953125
5645906250.0,	0.08086776733398438,	0.09936904907226562
5645937500.0,	0.082489013671875,	0.09747314453125
5645968750.0,	0.08242034912109375,	0.09900283813476562
5646000000.0,	0.08203125,	0.09627914428710938
5646031250.0,	0.08355712890625,	0.09550857543945312
5646062500.0,	0.0837249755859375,	0.09769058227539062
5646093750.0,	0.08061599731445312,	0.09781265258789062
5646125000.0,	0.08399200439453125,	0.09818649291992188
5646156250.0,	0.0828857421875,	0.09614181518554688
5646187500.0,	0.08342742919921875,	0.09914398193359375
5646218750.0,	0.08343124389648438,	0.09630966186523438
5646250000.0,	0.08317184448242188,	0.09615325927734375
5646281250.0,	0.08330154418945312,	0.09771347045898438
5646312500.0,	0.0819091796875,	0.09783935546875
5646343750.0,	0.08495330810546875,	0.09597015380859375
5646375000.0,	0.08201980590820312,	0.09630203247070312
5646406250.0,	0.08334732055664062,	0.09607696533203125
5646437500.0,	0.0838775634765625,	0.09595870971679688
5646468750.0,	0.083740234375,	0.0976715087890625
5646500000.0,	0.0810089111328125,	0.09718704223632812
5646531250.0,	0.08372879028320312,	0.09806060791015625
5646562500.0,	0.08298492431640625,	0.09663009643554688
5646593750.0,	0.08570098876953125,	0.0987548828125
5646625000.0,	0.084930419921875,	0.09662628173828125
5646656250.0,	0.08315658569335938,	0.09644317626953125
5646687500.0,	0.08501052856445312,	0.09697723388671875
5646718750.0,	0.08327102661132812,	0.09617996215820312
5646750000.0,	0.08642959594726562,	0.0941619873046875
5646781250.0,	0.08223342895507812,	0.09833908081054688
5646812500.0,	0.0849609375,	0.09568023681640625
5646843750.0,	0.08435440063476562,	0.09735107421875
5646875000.0,	0.08570480346679688,	0.09626388549804688
5646906250.0,	0.08449172973632812,	0.09787368774414062
5646937500.0,	0.08486557006835938,	0.09788894653320312
5646968750.0,	0.08473587036132812,	0.095611572265625
5647000000.0,	0.0828094482421875,	0.09763336181640625
5647031250.0,	0.08434295654296875,	0.09540557861328125
5647062500.0,	0.08582305908203125,	0.09455108642578125
5647093750.0,	0.08685684204101562,	0.098358154296875
5647125000.0,	0.08317184448242188,	0.095977783203125
5647156250.0,	0.08597183227539062,	0.09619140625
5647187500.0,	0.08516311645507812,	0.09711456298828125
5647218750.0,	0.08615875244140625,	0.0959014892578125
5647250000.0,	0.08462905883789062,	0.09477996826171875
5647281250.0,	0.08437728881835938,	0.09709548950195312
5647312500.0,	0.08321762084960938,	0.0968475341796875
5647343750.0,	0.08683013916015625,	0.09577560424804688
5647375000.0,	0.085845947265625,	0.09790420532226562
5647406250.0,	0.08691024780273438,	0.09706497192382812
5647437500.0,	0.084686279296875,	0.09550857543945312
5647468750.0,	0.08592605590820312,	0.09734725952148438
5647500000.0,	0.0874786376953125,	0.09740066528320312
5647531250.0,	0.0883026123046875,	0.096588134765625
5647562500.0,	0.08470535278320312,	0.09627914428710938
5647593750.0,	0.08649063110351562,	0.09955978393554688
5647625000.0,	0.08642578125,	0.09666824340820312
5647656250.0,	0.0859527587890625,	0.09638214111328125
5647687500.0,	0.08648681640625,	0.09668350219726562
5647718750.0,	0.08555221557617188,	0.09619140625
5647750000.0,	0.08710098266601562,	0.09517288208007812
5647781250.0,	0.08734893798828125,	0.0940093994140625
5647812500.0,	0.08640289306640625,	0.09407424926757812
5647843750.0,	0.08738327026367188,	0.09661483764648438
5647875000.0,	0.08571243286132812,	0.09624862670898438
5647906250.0,	0.08713531494140625,	0.0945281982421875
5647937500.0,	0.08756637573242188,	0.09601593017578125
5647968750.0,	0.08681869506835938,	0.09687423706054688
5648000000.0,	0.0866851806640625,	0.09494781494140625
5648031250.0,	0.08594894409179688,	0.09617233276367188
5648062500.0,	0.08942794799804688,	0.09448623657226562
5648093750.0,	0.086761474609375,	0.09563064575195312
5648125000.0,	0.08616256713867188,	0.09581375122070312
5648156250.0,	0.08780288696289062,	0.09393692016601562
5648187500.0,	0.08770751953125,	0.09785842895507812
5648218750.0,	0.08515167236328125,	0.09342575073242188
5648250000.0,	0.08600234985351562,	0.09888839721679688
5648281250.0,	0.08585739135742188,	0.09673690795898438
5648312500.0,	0.08812713623046875,	0.09621429443359375
5648343750.0,	0.08464431762695312,	0.09439468383789062
5648375000.0,	0.08502960205078125,	0.09431076049804688
5648406250.0,	0.08639907836914062,	0.0950927734375
5648437500.0,	0.08950424194335938,	0.09589004516601562
5648468750.0,	0.08861160278320312,	0.09695816040039062
5648500000.0,	0.08861923217773438,	0.09708404541015625
5648531250.0,	0.0886688232421875,	0.09524154663085938
5648562500.0,	0.08650588989257812,	0.0960693359375
5648593750.0,	0.08696365356445312,	0.09615707397460938
5648625000.0,	0.08851242065429688,	0.0941009521484375
5648656250.0,	0.08466339111328125,	0.09494400024414062
5648687500.0,	0.08765411376953125,	0.09578323364257812
5648718750.0,	0.08594512939453125,	0.09487533569335938
5648750000.0,	0.08843231201171875,	0.0960845947265625
5648781250.0,	0.09005355834960938,	0.09620285034179688
5648812500.0,	0.08837890625,	0.09560012817382812
5648843750.0,	0.08827972412109375,	0.09447097778320312
5648875000.0,	0.08872604370117188,	0.09663009643554688
5648906250.0,	0.08774948120117188,	0.0933990478515625
5648937500.0,	0.08863067626953125,	0.09434127807617188
5648968750.0,	0.08889389038085938,	0.09386825561523438
5649000000.0,	0.08994674682617188,	0.09375
5649031250.0,	0.08806610107421875,	0.09712982177734375
5649062500.0,	0.087646484375,	0.09342193603515625
5649093750.0,	0.08922195434570312,	0.09667587280273438
5649125000.0,	0.08843231201171875,	0.09544754028320312
5649156250.0,	0.08797836303710938,	0.09621810913085938
5649187500.0,	0.08835220336914062,	0.09552764892578125
5649218750.0,	0.08866119384765625,	0.09262847900390625
5649250000.0,	0.08777236938476562,	0.09562301635742188
5649281250.0,	0.08940505981445312,	0.09383010864257812
5649312500.0,	0.0885009765625,	0.09450912475585938
5649343750.0,	0.08694076538085938,	0.09571456909179688
5649375000.0,	0.08869552612304688,	0.09313201904296875
5649406250.0,	0.08792877197265625,	0.09370040893554688
5649437500.0,	0.08847427368164062,	0.09466552734375
5649468750.0,	0.08945465087890625,	0.09576797485351562
5649500000.0,	0.08861541748046875,	0.09576797485351562
5649531250.0,	0.08926010131835938,	0.09503555297851562
5649562500.0,	0.08948516845703125,	0.09433746337890625
5649593750.0,	0.08942031860351562,	0.09566116333007812
5649625000.0,	0.08884811401367188,	0.09608078002929688
5649656250.0,	0.09006500244140625,	0.0932769775390625
5649687500.0,	0.0886077880859375,	0.0939483642578125
5649718750.0,	0.08940887451171875,	0.09433746337890625
5649750000.0,	0.0869293212890625,	0.09410476684570312
5649781250.0,	0.08978652954101562,	0.09485626220703125
5649812500.0,	0.08882904052734375,	0.09538650512695312
5649843750.0,	0.0874786376953125,	0.09540557861328125
5649875000.0,	0.0886077880859375,	0.09112930297851562
5649906250.0,	0.08936309814453125,	0.09617233276367188
5649937500.0,	0.08911895751953125,	0.09686660766601562
5649968750.0,	0.08846282958984375,	0.09529495239257812
5650000000.0,	0.08877182006835938,	0.0929107666015625
5650031250.0,	0.08917617797851562,	0.092315673828125
5650062500.0,	0.08915328979492188,	0.09556198120117188
5650093750.0,	0.08830642700195312,	0.0940093994140625
5650125000.0,	0.09019851684570312,	0.09465408325195312
5650156250.0,	0.08907699584960938,	0.09383392333984375
5650187500.0,	0.08917236328125,	0.09282302856445312
5650218750.0,	0.09186553955078125,	0.09204483032226562
5650250000.0,	0.08955764770507812,	0.09244537353515625
5650281250.0,	0.08795928955078125,	0.0933837890625
5650312500.0,	0.0900115966796875,	0.09441375732421875
5650343750.0,	0.08836746215820312,	0.09464645385742188
5650375000.0,	0.08962631225585938,	0.09491348266601562
5650406250.0,	0.09003829956054688,	0.095458984375
5650437500.0,	0.08990097045898438,	0.09413909912109375
5650468750.0,	0.09103775024414062,	0.09248733520507812
5650500000.0,	0.0901336669921875,	0.09156417846679688
5650531250.0,	0.09014892578125,	0.09276580810546875
5650562500.0,	0.09145355224609375,	0.09344863891601562
5650593750.0,	0.09119796752929688,	0.09331130981445312
5650625000.0,	0.08770751953125,	0.09360885620117188
5650656250.0,	0.08869171142578125,	0.09356307983398438
5650687500.0,	0.09122467041015625,	0.09257888793945312
5650718750.0,	0.09129714965820312,	0.09239578247070312
5650750000.0,	0.09020614624023438,	0.09174728393554688
5650781250.0,	0.09092330932617188,	0.09449005126953125
5650812500.0,	0.08849716186523438,	0.09244918823242188
5650843750.0,	0.09023666381835938,	0.09313583374023438
5650875000.0,	0.08982086181640625,	0.091552734375
5650906250.0,	0.09218215942382812,	0.0923004150390625
5650937500.0,	0.09023284912109375,	0.09083938598632812
5650968750.0,	0.09151840209960938,	0.09377670288085938
5651000000.0,	0.08904647827148438,	0.09521484375
5651031250.0,	0.09091949462890625,	0.0917816162109375
5651062500.0,	0.0910491943359375,	0.0935516357421875
5651093750.0,	0.09149551391601562,	0.09246444702148438
5651125000.0,	0.09035491943359375,	0.09315109252929688
5651156250.0,	0.09173583984375,	0.0917510986328125
5651187500.0,	0.08939743041992188,	0.0935821533203125
5651218750.0,	0.09116744995117188,	0.0901336669921875
5651250000.0,	0.09121322631835938,	0.09246063232421875
5651281250.0,	0.09007644653320312,	0.0912933349609375
5651312500.0,	0.09088134765625,	0.09368515014648438
5651343750.0,	0.09242630004882812,	0.09038162231445312
5651375000.0,	0.09041976928710938,	0.09046173095703125
5651406250.0,	0.0904541015625,	0.09344482421875
5651437500.0,	0.0901031494140625,	0.0930938720703125
5651468750.0,	0.09246826171875,	0.09121322631835938
5651500000.0,	0.09008407592773438,	0.09344482421875
5651531250.0,	0.09170913696289062,	0.090545654296875
5651562500.0,	0.09053802490234375,	0.09149551391601562
5651593750.0,	0.09067916870117188,	0.09170150756835938
5651625000.0,	0.091644287109375,	0.09274673461914062
5651656250.0,	0.09192657470703125,	0.09253692626953125
5651687500.0,	0.09178924560546875,	0.09335708618164062
5651718750.0,	0.088623046875,	0.08961105346679688
5651750000.0,	0.09093093872070312,	0.09232330322265625
5651781250.0,	0.09183502197265625,	0.09076690673828125
5651812500.0,	0.09341812133789062,	0.09154510498046875
5651843750.0,	0.09011459350585938,	0.08813095092773438
5651875000.0,	0.08773040771484375,	0.0909576416015625
5651906250.0,	0.0908355712890625,	0.09172821044921875
5651937500.0,	0.09189224243164062,	0.09200668334960938
5651968750.0,	0.09075927734375,	0.09331893920898438
5652000000.0,	0.09067535400390625,	0.09380340576171875
5652031250.0,	0.09105300903320312,	0.09119033813476562
5652062500.0,	0.09135055541992188,	0.090850830078125
5652093750.0,	0.0904541015625,	0.09038162231445312
5652125000.0,	0.09133529663085938,	0.092864990234375
5652156250.0,	0.09147262573242188,	0.0911102294921875
5652187500.0,	0.09119796752929688,	0.09268951416015625
5652218750.0,	0.09311294555664062,	0.09162521362304688
5652250000.0,	0.09064865112304688,	0.09199142456054688
5652281250.0,	0.09282684326171875,	0.09064102172851562
5652312500.0,	0.09112548828125,	0.09096908569335938
5652343750.0,	0.09067535400390625,	0.0903167724609375
5652375000.0,	0.09033584594726562,	0.09111404418945312
5652406250.0,	0.09180450439453125,	0.09144973754882812
5652437500.0,	0.09270858764648438,	0.09143829345703125
5652468750.0,	0.09177398681640625,	0.09130096435546875
5652500000.0,	0.09020614624023438,	0.09238433837890625
5652531250.0,	0.09007644653320312,	0.0920562744140625
5652562500.0,	0.0925140380859375,	0.09131622314453125
5652593750.0,	0.09217453002929688,	0.09092330932617188
5652625000.0,	0.09133148193359375,	0.0902252197265625
5652656250.0,	0.09302139282226562,	0.09192657470703125
5652687500.0,	0.09216690063476562,	0.091552734375
5652718750.0,	0.09081649780273438,	0.09093475341796875
5652750000.0,	0.09116363525390625,	0.0905609130859375
5652781250.0,	0.09210586547851562,	0.09029006958007812
5652812500.0,	0.09198760986328125,	0.09318161010742188
5652843750.0,	0.0935821533203125,	0.09137725830078125
5652875000.0,	0.09238815307617188,	0.09193038940429688
5652906250.0,	0.09114837646484375,	0.09100723266601562
5652937500.0,	0.09050750732421875,	0.09182357788085938
5652968750.0,	0.09252166748046875,	0.0933837890625
5653000000.0,	0.09117889404296875,	0.09084701538085938
5653031250.0,	0.09420394897460938,	0.0906219482421875
5653062500.0,	0.09288406372070312,	0.09095382690429688
5653093750.0,	0.09191513061523438,	0.09270477294921875
5653125000.0,	0.0927734375,	0.08923721313476562
5653156250.0,	0.09195327758789062,	0.09039688110351562
5653187500.0,	0.09140777587890625,	0.08884429931640625
5653218750.0,	0.09124755859375,	0.09082794189453125
5653250000.0,	0.092742919921875,	0.09093093872070312
5653281250.0,	0.09209060668945312,	0.08998870849609375
5653312500.0,	0.09251785278320312,	0.0904388427734375
5653343750.0,	0.09136581420898438,	0.09030532836914062
5653375000.0,	0.09123992919921875,	0.09060287475585938
5653406250.0,	0.09201812744140625,	0.09054946899414062
5653437500.0,	0.09329986572265625,	0.09183502197265625
5653468750.0,	0.09119033813476562,	0.09180450439453125
5653500000.0,	0.09349441528320312,	0.09014511108398438
5653531250.0,	0.09143447875976562,	0.08980560302734375
5653562500.0,	0.092620849609375,	0.0882110595703125
5653593750.0,	0.09119415283203125,	0.0907745361328125
5653625000.0,	0.09210968017578125,	0.08874130249023438
5653656250.0,	0.0923309326171875,	0.08902740478515625
5653687500.0,	0.094085693359375,	0.08848953247070312
5653718750.0,	0.09261322021484375,	0.089935302734375
5653750000.0,	0.09246063232421875,	0.08883285522460938
5653781250.0,	0.09131240844726562,	0.090301513671875
5653812500.0,	0.09360885620117188,	0.08999252319335938
5653843750.0,	0.09297561645507812,	0.08887100219726562
5653875000.0,	0.09114456176757812,	0.09004974365234375
5653906250.0,	0.09165573120117188,	0.09075546264648438
5653937500.0,	0.09273910522460938,	0.08890914916992188
5653968750.0,	0.0929718017578125,	0.09114837646484375
5654000000.0,	0.09260940551757812,	0.08885574340820312
5654031250.0,	0.09286117553710938,	0.09148788452148438
5654062500.0,	0.09075164794921875,	0.09000396728515625
5654093750.0,	0.09249114990234375,	0.08836746215820312
5654125000.0,	0.09383773803710938,	0.08691024780273438
5654156250.0,	0.092803955078125,	0.0897979736328125
5654187500.0,	0.09082412719726562,	0.0874481201171875
5654218750.0,	0.09356689453125,	0.08964920043945312
5654250000.0,	0.09458160400390625,	0.08923721313476562
5654281250.0,	0.0929107666015625,	0.08845138549804688
5654312500.0,	0.09003829956054688,	0.08986663818359375
5654343750.0,	0.0910491943359375,	0.09019088745117188
5654375000.0,	0.093231201171875,	0.08961105346679688
5654406250.0,	0.09352874755859375,	0.087921142578125
5654437500.0,	0.09122467041015625,	0.08880233764648438
5654468750.0,	0.093048095703125,	0.08853912353515625
5654500000.0,	0.09248733520507812,	0.08980178833007812
5654531250.0,	0.09301376342773438,	0.08921051025390625
5654562500.0,	0.09225845336914062,	0.08846282958984375
5654593750.0,	0.09233856201171875,	0.089813232421875
5654625000.0,	0.09050369262695312,	0.08856582641601562
5654656250.0,	0.09491348266601562,	0.08894729614257812
5654687500.0,	0.0932159423828125,	0.08800506591796875
5654718750.0,	0.0936737060546875,	0.08839035034179688
5654750000.0,	0.09125518798828125,	0.08934783935546875
5654781250.0,	0.09409713745117188,	0.0897369384765625
5654812500.0,	0.09215927124023438,	0.08821868896484375
5654843750.0,	0.09160995483398438,	0.08600616455078125
5654875000.0,	0.09231948852539062,	0.08732223510742188
5654906250.0,	0.09305572509765625,	0.08723068237304688
5654937500.0,	0.09246444702148438,	0.09035110473632812
5654968750.0,	0.09183883666992188,	0.08901214599609375
5655000000.0,	0.09333419799804688,	0.08797073364257812
5655031250.0,	0.09433364868164062,	0.0882720947265625
5655062500.0,	0.0929107666015625,	0.08865737915039062
5655093750.0,	0.09343338012695312,	0.08819961547851562
5655125000.0,	0.09177780151367188,	0.08699417114257812
5655156250.0,	0.09263992309570312,	0.087127685546875
5655187500.0,	0.09486007690429688,	0.08765792846679688
5655218750.0,	0.093719482421875,	0.08911514282226562
5655250000.0,	0.09093475341796875,	0.0880889892578125
5655281250.0,	0.09174346923828125,	0.08750534057617188
5655312500.0,	0.09476470947265625,	0.08843612670898438
5655343750.0,	0.09241485595703125,	0.08761215209960938
5655375000.0,	0.09154129028320312,	0.08689117431640625
5655406250.0,	0.09496307373046875,	0.0870208740234375
5655437500.0,	0.09418106079101562,	0.0886383056640625
5655468750.0,	0.09224319458007812,	0.08702468872070312
5655500000.0,	0.09228515625,	0.087127685546875
5655531250.0,	0.09272003173828125,	0.08677291870117188
5655562500.0,	0.09076690673828125,	0.08780288696289062
5655593750.0,	0.09144973754882812,	0.08702468872070312
5655625000.0,	0.09292221069335938,	0.0873870849609375
5655656250.0,	0.09229660034179688,	0.08843994140625
5655687500.0,	0.09357452392578125,	0.08890151977539062
5655718750.0,	0.0935516357421875,	0.08691787719726562
5655750000.0,	0.09215164184570312,	0.08884429931640625
5655781250.0,	0.09241104125976562,	0.088165283203125
5655812500.0,	0.0931549072265625,	0.08617401123046875
5655843750.0,	0.09246444702148438,	0.08628463745117188
5655875000.0,	0.09283828735351562,	0.08847808837890625
5655906250.0,	0.0914154052734375,	0.0867767333984375
5655937500.0,	0.09342193603515625,	0.08815383911132812
5655968750.0,	0.09314346313476562,	0.08693695068359375
5656000000.0,	0.09428787231445312,	0.08803939819335938
5656031250.0,	0.09416580200195312,	0.08737945556640625
5656062500.0,	0.09262466430664062,	0.088134765625
5656093750.0,	0.09098434448242188,	0.08782958984375
5656125000.0,	0.0915374755859375,	0.08767318725585938
5656156250.0,	0.09122085571289062,	0.0885009765625
5656187500.0,	0.09411239624023438,	0.0876617431640625
5656218750.0,	0.0919647216796875,	0.0862884521484375
5656250000.0,	0.09362030029296875,	0.08626937866210938
5656281250.0,	0.09309005737304688,	0.0883026123046875
5656312500.0,	0.09200668334960938,	0.08818817138671875
5656343750.0,	0.09430694580078125,	0.08634185791015625
5656375000.0,	0.09334564208984375,	0.08614730834960938
5656406250.0,	0.09311676025390625,	0.08782196044921875
5656437500.0,	0.09121322631835938,	0.08729934692382812
5656468750.0,	0.0939178466796875,	0.0856781005859375
5656500000.0,	0.09443283081054688,	0.08606338500976562
5656531250.0,	0.09149169921875,	0.08565521240234375
5656562500.0,	0.09414291381835938,	0.08549118041992188
5656593750.0,	0.09289932250976562,	0.089111328125
5656625000.0,	0.0923309326171875,	0.08715057373046875
5656656250.0,	0.0937652587890625,	0.08605575561523438
5656687500.0,	0.09283447265625,	0.08628082275390625
5656718750.0,	0.09386444091796875,	0.08747100830078125
5656750000.0,	0.09294509887695312,	0.08734893798828125
5656781250.0,	0.09163284301757812,	0.08586883544921875
5656812500.0,	0.0919342041015625,	0.08636474609375
5656843750.0,	0.09206008911132812,	0.08568572998046875
5656875000.0,	0.09337234497070312,	0.08855819702148438
5656906250.0,	0.09340667724609375,	0.08494186401367188
5656937500.0,	0.09224700927734375,	0.08553695678710938
5656968750.0,	0.09355545043945312,	0.08721160888671875
5657000000.0,	0.09185028076171875,	0.08512496948242188
5657031250.0,	0.09370040893554688,	0.08577728271484375
5657062500.0,	0.09307479858398438,	0.08409500122070312
5657093750.0,	0.09555816650390625,	0.08392333984375
5657125000.0,	0.09229660034179688,	0.0859527587890625
5657156250.0,	0.09107589721679688,	0.08530044555664062
5657187500.0,	0.095306396484375,	0.08651351928710938
5657218750.0,	0.09325408935546875,	0.08745574951171875
5657250000.0,	0.09200668334960938,	0.08592605590820312
5657281250.0,	0.092742919921875,	0.08736038208007812
5657312500.0,	0.09383773803710938,	0.086883544921875
5657343750.0,	0.09275054931640625,	0.08475112915039062
5657375000.0,	0.0943756103515625,	0.0865936279296875
5657406250.0,	0.09006881713867188,	0.08642578125
5657437500.0,	0.09222412109375,	0.08659744262695312
5657468750.0,	0.09281158447265625,	0.08531951904296875
5657500000.0,	0.090911865234375,	0.08529281616210938
5657531250.0,	0.09464263916015625,	0.08409881591796875
5657562500.0,	0.09108352661132812,	0.08719253540039062
5657593750.0,	0.09275054931640625,	0.08430862426757812
5657625000.0,	0.0927734375,	0.0855560302734375
5657656250.0,	0.09291839599609375,	0.08669662475585938
5657687500.0,	0.09218597412109375,	0.08462905883789062
5657718750.0,	0.09318923950195312,	0.08560562133789062
5657750000.0,	0.091278076171875,	0.0848846435546875
5657781250.0,	0.09249496459960938,	0.0861358642578125
5657812500.0,	0.093048095703125,	0.08613967895507812
5657843750.0,	0.09053802490234375,	0.0833587646484375
5657875000.0,	0.09337997436523438,	0.08570480346679688
5657906250.0,	0.09353256225585938,	0.08618545532226562
5657937500.0,	0.09325408935546875,	0.08428573608398438
5657968750.0,	0.09378433227539062,	0.08404541015625
5658000000.0,	0.09487533569335938,	0.08335113525390625
5658031250.0,	0.0951080322265625,	0.08033370971679688
5658062500.0,	0.09129714965820312,	0.08426666259765625
5658093750.0,	0.09295272827148438,	0.08470916748046875
5658125000.0,	0.09369277954101562,	0.08608245849609375
5658156250.0,	0.09243011474609375,	0.084503173828125
5658187500.0,	0.092376708984375,	0.08498001098632812
5658218750.0,	0.0913848876953125,	0.08375167846679688
5658250000.0,	0.09380340576171875,	0.08553314208984375
5658281250.0,	0.09334564208984375,	0.08547210693359375
5658312500.0,	0.09397125244140625,	0.0829925537109375
5658343750.0,	0.09320449829101562,	0.08479690551757812
5658375000.0,	0.09315109252929688,	0.08361434936523438
5658406250.0,	0.09299468994140625,	0.08478546142578125
5658437500.0,	0.09496307373046875,	0.084686279296875
5658468750.0,	0.09173202514648438,	0.08525848388671875
5658500000.0,	0.09331130981445312,	0.08371353149414062
5658531250.0,	0.09288406372070312,	0.08606719970703125
5658562500.0,	0.09275436401367188,	0.08456802368164062
5658593750.0,	0.094085693359375,	0.08512496948242188
5658625000.0,	0.093353271484375,	0.084228515625
5658656250.0,	0.09487533569335938,	0.0847015380859375
5658687500.0,	0.09152984619140625,	0.08337020874023438
5658718750.0,	0.09070205688476562,	0.08373641967773438
5658750000.0,	0.09155654907226562,	0.0846710205078125
5658781250.0,	0.0916290283203125,	0.08253097534179688
5658812500.0,	0.09307861328125,	0.08316802978515625
5658843750.0,	0.09128570556640625,	0.08307266235351562
5658875000.0,	0.09307861328125,	0.08405303955078125
5658906250.0,	0.09159088134765625,	0.08482742309570312
5658937500.0,	0.0933380126953125,	0.0855560302734375
5658968750.0,	0.09421539306640625,	0.08649444580078125
5659000000.0,	0.09296035766601562,	0.083892822265625
5659031250.0,	0.0909881591796875,	0.08402252197265625
5659062500.0,	0.09093093872070312,	0.08463668823242188
5659093750.0,	0.09409713745117188,	0.08354568481445312
5659125000.0,	0.09200286865234375,	0.08210372924804688
5659156250.0,	0.09181594848632812,	0.0843353271484375
5659187500.0,	0.09368515014648438,	0.08447265625
5659218750.0,	0.09342193603515625,	0.084381103515625
5659250000.0,	0.0944061279296875,	0.0823974609375
5659281250.0,	0.08998489379882812,	0.08225250244140625
5659312500.0,	0.09107589721679688,	0.08269882202148438
5659343750.0,	0.0918731689453125,	0.0828857421875
5659375000.0,	0.09207916259765625,	0.0841827392578125
5659406250.0,	0.09331893920898438,	0.08229827880859375
5659437500.0,	0.09194183349609375,	0.08431243896484375
5659468750.0,	0.09345245361328125,	0.084075927734375
5659500000.0,	0.09143829345703125,	0.08475875854492188
5659531250.0,	0.09416580200195312,	0.08404922485351562
5659562500.0,	0.09273910522460938,	0.0816802978515625
5659593750.0,	0.09173583984375,	0.08242416381835938
5659625000.0,	0.09366607666015625,	0.08457183837890625
5659656250.0,	0.09398269653320312,	0.08232498168945312
5659687500.0,	0.09394454956054688,	0.0828857421875
5659718750.0,	0.0916748046875,	0.08311843872070312
5659750000.0,	0.09387969970703125,	0.08212661743164062
5659781250.0,	0.09236526489257812,	0.08222198486328125
5659812500.0,	0.09174728393554688,	0.082244873046875
5659843750.0,	0.09309005737304688,	0.08328628540039062
5659875000.0,	0.09095001220703125,	0.08182525634765625
5659906250.0,	0.09456634521484375,	0.083648681640625
5659937500.0,	0.0931396484375,	0.08099365234375
5659968750.0,	0.09258651733398438,	0.08043670654296875
5660000000.0,	0.09259033203125,	0.08502960205078125
