5310037500.0,	0.04757881164550781,	0.053203582763671875
5310075000.0,	0.04470634460449219,	0.0522308349609375
5310112500.0,	0.046764373779296875,	0.05425453186035156
5310150000.0,	0.04751014709472656,	0.054721832275390625
5310187500.0,	0.044712066650390625,	0.05602073669433594
5310225000.0,	0.04636955261230469,	0.05513954162597656
5310262500.0,	0.04607391357421875,	0.055568695068359375
5310300000.0,	0.04537773132324219,	0.055377960205078125
5310337500.0,	0.047191619873046875,	0.054279327392578125
5310375000.0,	0.04751777648925781,	0.0537567138671875
5310412500.0,	0.045658111572265625,	0.05197906494140625
5310450000.0,	0.04511451721191406,	0.054912567138671875
5310487500.0,	0.04530906677246094,	0.05452728271484375
5310525000.0,	0.047069549560546875,	0.05539703369140625
5310562500.0,	0.04688262939453125,	0.053844451904296875
5310600000.0,	0.04819488525390625,	0.05438804626464844
5310637500.0,	0.04607963562011719,	0.0556488037109375
5310675000.0,	0.044818878173828125,	0.05504608154296875
5310712500.0,	0.047054290771484375,	0.05610847473144531
5310750000.0,	0.04737663269042969,	0.05443000793457031
5310787500.0,	0.044769287109375,	0.05617523193359375
5310825000.0,	0.04507255554199219,	0.054874420166015625
5310862500.0,	0.04659271240234375,	0.05604362487792969
5310900000.0,	0.04565238952636719,	0.05476188659667969
5310937500.0,	0.045932769775390625,	0.05645942687988281
5310975000.0,	0.04496574401855469,	0.052734375
5311012500.0,	0.047740936279296875,	0.05565834045410156
5311050000.0,	0.04695892333984375,	0.05468177795410156
5311087500.0,	0.04629325866699219,	0.05483055114746094
5311125000.0,	0.04595947265625,	0.05359077453613281
5311162500.0,	0.04912567138671875,	0.05530548095703125
5311200000.0,	0.047821044921875,	0.05302619934082031
5311237500.0,	0.04603385925292969,	0.05527305603027344
5311275000.0,	0.045562744140625,	0.053546905517578125
5311312500.0,	0.0466766357421875,	0.052806854248046875
5311350000.0,	0.04627227783203125,	0.054775238037109375
5311387500.0,	0.04703712463378906,	0.053680419921875
5311425000.0,	0.04715156555175781,	0.054351806640625
5311462500.0,	0.04782867431640625,	0.05511665344238281
5311500000.0,	0.04753684997558594,	0.052959442138671875
5311537500.0,	0.04497337341308594,	0.05664253234863281
5311575000.0,	0.04811286926269531,	0.05464935302734375
5311612500.0,	0.04715156555175781,	0.05631446838378906
5311650000.0,	0.0466461181640625,	0.055629730224609375
5311687500.0,	0.046413421630859375,	0.05495452880859375
5311725000.0,	0.04420280456542969,	0.05435371398925781
5311762500.0,	0.04647636413574219,	0.05566596984863281
5311800000.0,	0.048435211181640625,	0.05748558044433594
5311837500.0,	0.047618865966796875,	0.053485870361328125
5311875000.0,	0.04654121398925781,	0.056522369384765625
5311912500.0,	0.04842567443847656,	0.05615997314453125
5311950000.0,	0.044933319091796875,	0.05737113952636719
5311987500.0,	0.047954559326171875,	0.05566215515136719
5312025000.0,	0.049541473388671875,	0.054691314697265625
5312062500.0,	0.046962738037109375,	0.054744720458984375
5312100000.0,	0.047332763671875,	0.05777549743652344
5312137500.0,	0.045162200927734375,	0.05448341369628906
5312175000.0,	0.04857063293457031,	0.05438995361328125
5312212500.0,	0.04543113708496094,	0.05468940734863281
5312250000.0,	0.0473785400390625,	0.05572319030761719
5312287500.0,	0.048389434814453125,	0.055965423583984375
5312325000.0,	0.04646492004394531,	0.054241180419921875
5312362500.0,	0.047206878662109375,	0.055225372314453125
5312400000.0,	0.04680442810058594,	0.05520057678222656
5312437500.0,	0.05052757263183594,	0.054309844970703125
5312475000.0,	0.04705047607421875,	0.05414772033691406
5312512500.0,	0.046283721923828125,	0.0560150146484375
5312550000.0,	0.04728126525878906,	0.055957794189453125
5312587500.0,	0.04726982116699219,	0.056697845458984375
5312625000.0,	0.04885673522949219,	0.05475807189941406
5312662500.0,	0.047283172607421875,	0.05423736572265625
5312700000.0,	0.04759025573730469,	0.055789947509765625
5312737500.0,	0.04452323913574219,	0.05455970764160156
5312775000.0,	0.04894065856933594,	0.056087493896484375
5312812500.0,	0.047023773193359375,	0.057025909423828125
5312850000.0,	0.04792022705078125,	0.05599021911621094
5312887500.0,	0.04668998718261719,	0.055515289306640625
5312925000.0,	0.04732704162597656,	0.054615020751953125
5312962500.0,	0.04909324645996094,	0.05283355712890625
5313000000.0,	0.047718048095703125,	0.05561637878417969
5313037500.0,	0.04727935791015625,	0.05667877197265625
5313075000.0,	0.0460968017578125,	0.05623626708984375
5313112500.0,	0.0474395751953125,	0.057277679443359375
5313150000.0,	0.04813385009765625,	0.055500030517578125
5313187500.0,	0.047595977783203125,	0.05369758605957031
5313225000.0,	0.04711723327636719,	0.05713653564453125
5313262500.0,	0.04793357849121094,	0.05681037902832031
5313300000.0,	0.048290252685546875,	0.05643653869628906
5313337500.0,	0.049648284912109375,	0.05794525146484375
5313375000.0,	0.04697990417480469,	0.05622673034667969
5313412500.0,	0.04877662658691406,	0.056339263916015625
5313450000.0,	0.049182891845703125,	0.05572509765625
5313487500.0,	0.049243927001953125,	0.057010650634765625
5313525000.0,	0.04618072509765625,	0.05671119689941406
5313562500.0,	0.04842376708984375,	0.05704689025878906
5313600000.0,	0.047351837158203125,	0.056026458740234375
5313637500.0,	0.04766273498535156,	0.057163238525390625
5313675000.0,	0.048732757568359375,	0.05515098571777344
5313712500.0,	0.04904747009277344,	0.057826995849609375
5313750000.0,	0.04823493957519531,	0.05566978454589844
5313787500.0,	0.048675537109375,	0.05731010437011719
5313825000.0,	0.04701805114746094,	0.055816650390625
5313862500.0,	0.04824256896972656,	0.055431365966796875
5313900000.0,	0.0503387451171875,	0.055263519287109375
5313937500.0,	0.04809379577636719,	0.05611228942871094
5313975000.0,	0.0486907958984375,	0.05467033386230469
5314012500.0,	0.04777336120605469,	0.05864524841308594
5314050000.0,	0.04694175720214844,	0.0568084716796875
5314087500.0,	0.04635047912597656,	0.05637168884277344
5314125000.0,	0.04916954040527344,	0.056415557861328125
5314162500.0,	0.0470733642578125,	0.057132720947265625
5314200000.0,	0.04727745056152344,	0.05653190612792969
5314237500.0,	0.04722023010253906,	0.05667877197265625
5314275000.0,	0.04733848571777344,	0.0582275390625
5314312500.0,	0.047420501708984375,	0.05520057678222656
5314350000.0,	0.04620170593261719,	0.05663108825683594
5314387500.0,	0.04868125915527344,	0.05422782897949219
5314425000.0,	0.04665946960449219,	0.05749320983886719
5314462500.0,	0.04897117614746094,	0.05672454833984375
5314500000.0,	0.04836845397949219,	0.054988861083984375
5314537500.0,	0.04628944396972656,	0.056728363037109375
5314575000.0,	0.04644584655761719,	0.05555915832519531
5314612500.0,	0.049999237060546875,	0.056636810302734375
5314650000.0,	0.04764556884765625,	0.05573081970214844
5314687500.0,	0.04767417907714844,	0.05748176574707031
5314725000.0,	0.049175262451171875,	0.05674552917480469
5314762500.0,	0.04881095886230469,	0.05742645263671875
5314800000.0,	0.047882080078125,	0.05764007568359375
5314837500.0,	0.04833984375,	0.05805397033691406
5314875000.0,	0.0502166748046875,	0.05597877502441406
5314912500.0,	0.04746246337890625,	0.05760002136230469
5314950000.0,	0.04704856872558594,	0.05671119689941406
5314987500.0,	0.05046653747558594,	0.05692481994628906
5315025000.0,	0.049350738525390625,	0.059207916259765625
5315062500.0,	0.04747962951660156,	0.057727813720703125
5315100000.0,	0.047119140625,	0.057224273681640625
5315137500.0,	0.048763275146484375,	0.05634307861328125
5315175000.0,	0.04627418518066406,	0.056270599365234375
5315212500.0,	0.04824638366699219,	0.053943634033203125
5315250000.0,	0.0486602783203125,	0.056339263916015625
5315287500.0,	0.046131134033203125,	0.05746269226074219
5315325000.0,	0.04969978332519531,	0.058807373046875
5315362500.0,	0.04814910888671875,	0.05732154846191406
5315400000.0,	0.048992156982421875,	0.05908966064453125
5315437500.0,	0.049617767333984375,	0.05671501159667969
5315475000.0,	0.04832649230957031,	0.05682563781738281
5315512500.0,	0.0489501953125,	0.058094024658203125
5315550000.0,	0.04869651794433594,	0.05626869201660156
5315587500.0,	0.04974937438964844,	0.05763816833496094
5315625000.0,	0.049053192138671875,	0.057209014892578125
5315662500.0,	0.05005836486816406,	0.05829620361328125
5315700000.0,	0.04950141906738281,	0.056652069091796875
5315737500.0,	0.047954559326171875,	0.0582275390625
5315775000.0,	0.04711723327636719,	0.05759429931640625
5315812500.0,	0.04782295227050781,	0.05841636657714844
5315850000.0,	0.04605674743652344,	0.05767822265625
5315887500.0,	0.04952430725097656,	0.0574798583984375
5315925000.0,	0.04922676086425781,	0.055767059326171875
5315962500.0,	0.04797172546386719,	0.057628631591796875
5316000000.0,	0.048908233642578125,	0.05739021301269531
5316037500.0,	0.05047607421875,	0.05765724182128906
5316075000.0,	0.0482635498046875,	0.05829811096191406
5316112500.0,	0.050060272216796875,	0.05910682678222656
5316150000.0,	0.04804039001464844,	0.05773353576660156
5316187500.0,	0.049556732177734375,	0.057933807373046875
5316225000.0,	0.0474853515625,	0.05840301513671875
5316262500.0,	0.047893524169921875,	0.05771636962890625
5316300000.0,	0.04939079284667969,	0.055644989013671875
5316337500.0,	0.048229217529296875,	0.05961418151855469
5316375000.0,	0.04833984375,	0.06033515930175781
5316412500.0,	0.04840087890625,	0.056243896484375
5316450000.0,	0.04798316955566406,	0.05686759948730469
5316487500.0,	0.048786163330078125,	0.05750274658203125
5316525000.0,	0.050045013427734375,	0.059886932373046875
5316562500.0,	0.05043220520019531,	0.05718231201171875
5316600000.0,	0.049007415771484375,	0.0574493408203125
5316637500.0,	0.04938316345214844,	0.05822944641113281
5316675000.0,	0.04915046691894531,	0.05720710754394531
5316712500.0,	0.04715156555175781,	0.058441162109375
5316750000.0,	0.049869537353515625,	0.057384490966796875
5316787500.0,	0.05050468444824219,	0.05621147155761719
5316825000.0,	0.050670623779296875,	0.057830810546875
5316862500.0,	0.05096244812011719,	0.058086395263671875
5316900000.0,	0.04819488525390625,	0.060489654541015625
5316937500.0,	0.04870796203613281,	0.05736351013183594
5316975000.0,	0.05008697509765625,	0.05731010437011719
5317012500.0,	0.05004692077636719,	0.057880401611328125
5317050000.0,	0.05014801025390625,	0.05784797668457031
5317087500.0,	0.05147552490234375,	0.0570831298828125
5317125000.0,	0.0485687255859375,	0.059139251708984375
5317162500.0,	0.05105400085449219,	0.058513641357421875
5317200000.0,	0.0492095947265625,	0.05523109436035156
5317237500.0,	0.04943275451660156,	0.05755043029785156
5317275000.0,	0.049152374267578125,	0.0566558837890625
5317312500.0,	0.05109214782714844,	0.058361053466796875
5317350000.0,	0.05031394958496094,	0.05851554870605469
5317387500.0,	0.04892921447753906,	0.06010627746582031
5317425000.0,	0.048492431640625,	0.05809211730957031
5317462500.0,	0.052093505859375,	0.05815315246582031
5317500000.0,	0.051097869873046875,	0.05751228332519531
5317537500.0,	0.05010223388671875,	0.05973243713378906
5317575000.0,	0.05013847351074219,	0.05731964111328125
5317612500.0,	0.05063056945800781,	0.05899810791015625
5317650000.0,	0.04983711242675781,	0.06044197082519531
5317687500.0,	0.049518585205078125,	0.05792236328125
5317725000.0,	0.05013084411621094,	0.059116363525390625
5317762500.0,	0.052001953125,	0.06081581115722656
5317800000.0,	0.04940605163574219,	0.05899238586425781
5317837500.0,	0.05091094970703125,	0.057819366455078125
5317875000.0,	0.05225372314453125,	0.05970001220703125
5317912500.0,	0.05138969421386719,	0.0589599609375
5317950000.0,	0.04929924011230469,	0.05884361267089844
5317987500.0,	0.050868988037109375,	0.05891990661621094
5318025000.0,	0.05050849914550781,	0.058780670166015625
5318062500.0,	0.04976654052734375,	0.060092926025390625
5318100000.0,	0.04899787902832031,	0.05930137634277344
5318137500.0,	0.050876617431640625,	0.05615234375
5318175000.0,	0.051105499267578125,	0.058315277099609375
5318212500.0,	0.04911613464355469,	0.06166839599609375
5318250000.0,	0.05213165283203125,	0.05687522888183594
5318287500.0,	0.050273895263671875,	0.05809211730957031
5318325000.0,	0.053295135498046875,	0.05842781066894531
5318362500.0,	0.05077362060546875,	0.05911445617675781
5318400000.0,	0.050647735595703125,	0.05946540832519531
5318437500.0,	0.04999732971191406,	0.05985260009765625
5318475000.0,	0.050144195556640625,	0.05755805969238281
5318512500.0,	0.051143646240234375,	0.05721855163574219
5318550000.0,	0.053157806396484375,	0.05739021301269531
5318587500.0,	0.052005767822265625,	0.05894660949707031
5318625000.0,	0.0514373779296875,	0.05780601501464844
5318662500.0,	0.051280975341796875,	0.0612640380859375
5318700000.0,	0.05045127868652344,	0.06022453308105469
5318737500.0,	0.04980278015136719,	0.05777549743652344
5318775000.0,	0.05139923095703125,	0.058368682861328125
5318812500.0,	0.05101585388183594,	0.05893135070800781
5318850000.0,	0.05136871337890625,	0.05971336364746094
5318887500.0,	0.051639556884765625,	0.05878257751464844
5318925000.0,	0.049869537353515625,	0.06100273132324219
5318962500.0,	0.050113677978515625,	0.05904960632324219
5319000000.0,	0.04839897155761719,	0.05693244934082031
5319037500.0,	0.051387786865234375,	0.06023406982421875
5319075000.0,	0.04787445068359375,	0.05788421630859375
5319112500.0,	0.05124855041503906,	0.059574127197265625
5319150000.0,	0.05046844482421875,	0.056995391845703125
5319187500.0,	0.05107307434082031,	0.060092926025390625
5319225000.0,	0.05166816711425781,	0.05939674377441406
5319262500.0,	0.051982879638671875,	0.05796241760253906
5319300000.0,	0.0498504638671875,	0.059352874755859375
5319337500.0,	0.05298423767089844,	0.05957984924316406
5319375000.0,	0.0508270263671875,	0.05956077575683594
5319412500.0,	0.05094146728515625,	0.05915260314941406
5319450000.0,	0.05103874206542969,	0.05796623229980469
5319487500.0,	0.051448822021484375,	0.059535980224609375
5319525000.0,	0.05239295959472656,	0.061038970947265625
5319562500.0,	0.050617218017578125,	0.058223724365234375
5319600000.0,	0.05416679382324219,	0.06152153015136719
5319637500.0,	0.050617218017578125,	0.05892753601074219
5319675000.0,	0.052337646484375,	0.05863189697265625
5319712500.0,	0.04949951171875,	0.05818748474121094
5319750000.0,	0.051311492919921875,	0.05936241149902344
5319787500.0,	0.051471710205078125,	0.061244964599609375
5319825000.0,	0.05281829833984375,	0.060131072998046875
5319862500.0,	0.05064964294433594,	0.05925750732421875
5319900000.0,	0.04985618591308594,	0.05888557434082031
5319937500.0,	0.05198097229003906,	0.059101104736328125
5319975000.0,	0.05210304260253906,	0.05979156494140625
5320012500.0,	0.051776885986328125,	0.059947967529296875
5320050000.0,	0.05298614501953125,	0.0589752197265625
5320087500.0,	0.050029754638671875,	0.06031036376953125
5320125000.0,	0.05300712585449219,	0.05988311767578125
5320162500.0,	0.05352592468261719,	0.060428619384765625
5320200000.0,	0.05123329162597656,	0.06043052673339844
5320237500.0,	0.053455352783203125,	0.058956146240234375
5320275000.0,	0.05038261413574219,	0.05901336669921875
5320312500.0,	0.05095100402832031,	0.05901145935058594
5320350000.0,	0.053165435791015625,	0.058628082275390625
5320387500.0,	0.05362892150878906,	0.05870628356933594
5320425000.0,	0.051723480224609375,	0.06104278564453125
5320462500.0,	0.05285453796386719,	0.05861854553222656
5320500000.0,	0.053340911865234375,	0.058338165283203125
5320537500.0,	0.05285453796386719,	0.05802345275878906
5320575000.0,	0.05245399475097656,	0.05853843688964844
5320612500.0,	0.051799774169921875,	0.06015586853027344
5320650000.0,	0.05237770080566406,	0.05960655212402344
5320687500.0,	0.05185890197753906,	0.05847740173339844
5320725000.0,	0.052089691162109375,	0.05796241760253906
5320762500.0,	0.052722930908203125,	0.05839729309082031
5320800000.0,	0.05371665954589844,	0.058452606201171875
5320837500.0,	0.05341911315917969,	0.05965232849121094
5320875000.0,	0.051876068115234375,	0.060512542724609375
5320912500.0,	0.05242919921875,	0.058353424072265625
5320950000.0,	0.05153656005859375,	0.061283111572265625
5320987500.0,	0.051525115966796875,	0.059078216552734375
5321025000.0,	0.05267524719238281,	0.05751228332519531
5321062500.0,	0.05087852478027344,	0.05840492248535156
5321100000.0,	0.052738189697265625,	0.06096649169921875
5321137500.0,	0.05275154113769531,	0.058567047119140625
5321175000.0,	0.05284881591796875,	0.06082725524902344
5321212500.0,	0.053249359130859375,	0.06211090087890625
5321250000.0,	0.05344390869140625,	0.06106758117675781
5321287500.0,	0.05316162109375,	0.059513092041015625
5321325000.0,	0.05373573303222656,	0.05858612060546875
5321362500.0,	0.051666259765625,	0.059413909912109375
5321400000.0,	0.051769256591796875,	0.06083106994628906
5321437500.0,	0.05069732666015625,	0.06229972839355469
5321475000.0,	0.05278587341308594,	0.06148529052734375
5321512500.0,	0.05199623107910156,	0.061859130859375
5321550000.0,	0.05251312255859375,	0.061313629150390625
5321587500.0,	0.05174064636230469,	0.05954170227050781
5321625000.0,	0.054210662841796875,	0.059009552001953125
5321662500.0,	0.053539276123046875,	0.05886077880859375
5321700000.0,	0.05213737487792969,	0.05759239196777344
5321737500.0,	0.05488014221191406,	0.05987739562988281
5321775000.0,	0.05425071716308594,	0.06122779846191406
5321812500.0,	0.052478790283203125,	0.05908775329589844
5321850000.0,	0.05286598205566406,	0.05923271179199219
5321887500.0,	0.05296134948730469,	0.06194114685058594
5321925000.0,	0.05334281921386719,	0.06022071838378906
5321962500.0,	0.053180694580078125,	0.061649322509765625
5322000000.0,	0.054470062255859375,	0.06040382385253906
5322037500.0,	0.05431365966796875,	0.06026649475097656
5322075000.0,	0.05085182189941406,	0.0599365234375
5322112500.0,	0.05220985412597656,	0.060489654541015625
5322150000.0,	0.05434989929199219,	0.05970954895019531
5322187500.0,	0.052135467529296875,	0.062145233154296875
5322225000.0,	0.05237388610839844,	0.05969429016113281
5322262500.0,	0.052001953125,	0.05970573425292969
5322300000.0,	0.05444908142089844,	0.05950164794921875
5322337500.0,	0.05256080627441406,	0.0617828369140625
5322375000.0,	0.054660797119140625,	0.06177711486816406
5322412500.0,	0.051853179931640625,	0.06131553649902344
5322450000.0,	0.05227851867675781,	0.05972862243652344
5322487500.0,	0.05430793762207031,	0.061794281005859375
5322525000.0,	0.05266761779785156,	0.05930900573730469
5322562500.0,	0.05548667907714844,	0.06142234802246094
5322600000.0,	0.054737091064453125,	0.06140899658203125
5322637500.0,	0.052764892578125,	0.058818817138671875
5322675000.0,	0.05223655700683594,	0.05907249450683594
5322712500.0,	0.05348396301269531,	0.05924034118652344
5322750000.0,	0.05417442321777344,	0.060962677001953125
5322787500.0,	0.05433845520019531,	0.06032562255859375
5322825000.0,	0.05293846130371094,	0.06183624267578125
5322862500.0,	0.05394554138183594,	0.05939292907714844
5322900000.0,	0.0539703369140625,	0.06179618835449219
5322937500.0,	0.05297088623046875,	0.062713623046875
5322975000.0,	0.05528450012207031,	0.05946922302246094
5323012500.0,	0.05472373962402344,	0.058902740478515625
5323050000.0,	0.05517005920410156,	0.061069488525390625
5323087500.0,	0.05498695373535156,	0.06055259704589844
5323125000.0,	0.05456352233886719,	0.062183380126953125
5323162500.0,	0.05362510681152344,	0.06068992614746094
5323200000.0,	0.05417823791503906,	0.06002616882324219
5323237500.0,	0.053462982177734375,	0.06067848205566406
5323275000.0,	0.05488777160644531,	0.059986114501953125
5323312500.0,	0.05502128601074219,	0.059234619140625
5323350000.0,	0.0540008544921875,	0.061344146728515625
5323387500.0,	0.055019378662109375,	0.0595550537109375
5323425000.0,	0.05307579040527344,	0.06061363220214844
5323462500.0,	0.05742835998535156,	0.05921745300292969
5323500000.0,	0.05511474609375,	0.06128692626953125
5323537500.0,	0.0556793212890625,	0.06035423278808594
5323575000.0,	0.0551300048828125,	0.06231117248535156
5323612500.0,	0.053802490234375,	0.06137847900390625
5323650000.0,	0.05364227294921875,	0.05989265441894531
5323687500.0,	0.05297660827636719,	0.06160736083984375
5323725000.0,	0.05633544921875,	0.06162261962890625
5323762500.0,	0.05580711364746094,	0.060398101806640625
5323800000.0,	0.0564422607421875,	0.06050300598144531
5323837500.0,	0.05330848693847656,	0.05934333801269531
5323875000.0,	0.055896759033203125,	0.0596466064453125
5323912500.0,	0.05519294738769531,	0.059001922607421875
5323950000.0,	0.05425834655761719,	0.060276031494140625
5323987500.0,	0.054752349853515625,	0.061824798583984375
5324025000.0,	0.05391693115234375,	0.06127357482910156
5324062500.0,	0.05479621887207031,	0.06129646301269531
5324100000.0,	0.05429267883300781,	0.05863761901855469
5324137500.0,	0.05362892150878906,	0.0597991943359375
5324175000.0,	0.055206298828125,	0.061450958251953125
5324212500.0,	0.05449676513671875,	0.05902290344238281
5324250000.0,	0.0537567138671875,	0.06024742126464844
5324287500.0,	0.05531883239746094,	0.06148338317871094
5324325000.0,	0.05829429626464844,	0.061901092529296875
5324362500.0,	0.05443382263183594,	0.06032562255859375
5324400000.0,	0.05496406555175781,	0.060451507568359375
5324437500.0,	0.053882598876953125,	0.0627593994140625
5324475000.0,	0.056728363037109375,	0.06163597106933594
5324512500.0,	0.05669593811035156,	0.06124687194824219
5324550000.0,	0.05355644226074219,	0.06196403503417969
5324587500.0,	0.05568122863769531,	0.05918121337890625
5324625000.0,	0.05505180358886719,	0.06137275695800781
5324662500.0,	0.05456733703613281,	0.0579833984375
5324700000.0,	0.054901123046875,	0.06075096130371094
5324737500.0,	0.05324745178222656,	0.06147193908691406
5324775000.0,	0.05687713623046875,	0.059635162353515625
5324812500.0,	0.058643341064453125,	0.06007575988769531
5324850000.0,	0.05668067932128906,	0.060947418212890625
5324887500.0,	0.05556678771972656,	0.06004905700683594
5324925000.0,	0.05653190612792969,	0.06120491027832031
5324962500.0,	0.056179046630859375,	0.061283111572265625
5325000000.0,	0.05451011657714844,	0.06150054931640625
5325037500.0,	0.054004669189453125,	0.062591552734375
5325075000.0,	0.052623748779296875,	0.06065177917480469
5325112500.0,	0.05890464782714844,	0.061130523681640625
5325150000.0,	0.05738067626953125,	0.0611114501953125
5325187500.0,	0.055553436279296875,	0.0610504150390625
5325225000.0,	0.05724525451660156,	0.06067466735839844
5325262500.0,	0.05767631530761719,	0.05825996398925781
5325300000.0,	0.05587959289550781,	0.060405731201171875
5325337500.0,	0.05464935302734375,	0.0618133544921875
5325375000.0,	0.058319091796875,	0.0596160888671875
5325412500.0,	0.05645179748535156,	0.060749053955078125
5325450000.0,	0.055423736572265625,	0.061428070068359375
5325487500.0,	0.05736732482910156,	0.059329986572265625
5325525000.0,	0.05524635314941406,	0.06175422668457031
5325562500.0,	0.05685234069824219,	0.05885505676269531
5325600000.0,	0.05774497985839844,	0.0582275390625
5325637500.0,	0.0555877685546875,	0.06107330322265625
5325675000.0,	0.055522918701171875,	0.06176948547363281
5325712500.0,	0.056583404541015625,	0.06311798095703125
5325750000.0,	0.054927825927734375,	0.0626220703125
5325787500.0,	0.05521202087402344,	0.062450408935546875
5325825000.0,	0.05671501159667969,	0.06246376037597656
5325862500.0,	0.0564727783203125,	0.06190299987792969
5325900000.0,	0.05590057373046875,	0.061939239501953125
5325937500.0,	0.05626487731933594,	0.06157684326171875
5325975000.0,	0.05591773986816406,	0.06160163879394531
5326012500.0,	0.05679893493652344,	0.06121063232421875
5326050000.0,	0.056446075439453125,	0.0612335205078125
5326087500.0,	0.055599212646484375,	0.06257247924804688
5326125000.0,	0.056735992431640625,	0.06223106384277344
5326162500.0,	0.056858062744140625,	0.05992317199707031
5326200000.0,	0.057102203369140625,	0.06139373779296875
5326237500.0,	0.055011749267578125,	0.0626983642578125
5326275000.0,	0.05683708190917969,	0.06122589111328125
5326312500.0,	0.05663490295410156,	0.06101799011230469
5326350000.0,	0.056163787841796875,	0.06304168701171875
5326387500.0,	0.056255340576171875,	0.0604400634765625
5326425000.0,	0.05731010437011719,	0.060985565185546875
5326462500.0,	0.0587005615234375,	0.06019783020019531
5326500000.0,	0.05728912353515625,	0.06048583984375
5326537500.0,	0.0554962158203125,	0.062286376953125
5326575000.0,	0.05745887756347656,	0.06036567687988281
5326612500.0,	0.05662727355957031,	0.06163787841796875
5326650000.0,	0.056194305419921875,	0.06204032897949219
5326687500.0,	0.057239532470703125,	0.06097221374511719
5326725000.0,	0.056674957275390625,	0.059238433837890625
5326762500.0,	0.05639076232910156,	0.06184577941894531
5326800000.0,	0.05712699890136719,	0.06165504455566406
5326837500.0,	0.057891845703125,	0.06275177001953125
5326875000.0,	0.058048248291015625,	0.062305450439453125
5326912500.0,	0.05566215515136719,	0.0618438720703125
5326950000.0,	0.058086395263671875,	0.0626373291015625
5326987500.0,	0.05647468566894531,	0.06245231628417969
5327025000.0,	0.05666351318359375,	0.06070518493652344
5327062500.0,	0.05829429626464844,	0.06006622314453125
5327100000.0,	0.058055877685546875,	0.0613555908203125
5327137500.0,	0.05750846862792969,	0.06027030944824219
5327175000.0,	0.05573081970214844,	0.06057929992675781
5327212500.0,	0.0582733154296875,	0.05945587158203125
5327250000.0,	0.057453155517578125,	0.06249046325683594
5327287500.0,	0.05793952941894531,	0.061573028564453125
5327325000.0,	0.056934356689453125,	0.06349945068359375
5327362500.0,	0.05818748474121094,	0.060520172119140625
5327400000.0,	0.05798530578613281,	0.06045722961425781
5327437500.0,	0.057373046875,	0.06203651428222656
5327475000.0,	0.05839729309082031,	0.06012725830078125
5327512500.0,	0.057159423828125,	0.06178092956542969
5327550000.0,	0.05835533142089844,	0.061428070068359375
5327587500.0,	0.05632972717285156,	0.061191558837890625
5327625000.0,	0.058155059814453125,	0.06078147888183594
5327662500.0,	0.057308197021484375,	0.0596160888671875
5327700000.0,	0.056285858154296875,	0.0609893798828125
5327737500.0,	0.05947303771972656,	0.06126976013183594
5327775000.0,	0.060009002685546875,	0.06143951416015625
5327812500.0,	0.056949615478515625,	0.061397552490234375
5327850000.0,	0.0569610595703125,	0.060428619384765625
5327887500.0,	0.057586669921875,	0.05972099304199219
5327925000.0,	0.057708740234375,	0.0604400634765625
5327962500.0,	0.05928802490234375,	0.06060981750488281
5328000000.0,	0.05856132507324219,	0.06155204772949219
5328037500.0,	0.059253692626953125,	0.06086158752441406
5328075000.0,	0.059051513671875,	0.0638427734375
5328112500.0,	0.056926727294921875,	0.06291580200195312
5328150000.0,	0.06024932861328125,	0.059062957763671875
5328187500.0,	0.05791282653808594,	0.06130790710449219
5328225000.0,	0.05989646911621094,	0.06035423278808594
5328262500.0,	0.056522369384765625,	0.0592803955078125
5328300000.0,	0.05619621276855469,	0.062053680419921875
5328337500.0,	0.058834075927734375,	0.06023406982421875
5328375000.0,	0.05992317199707031,	0.05984687805175781
5328412500.0,	0.0583343505859375,	0.06109428405761719
5328450000.0,	0.06020545959472656,	0.061809539794921875
5328487500.0,	0.058277130126953125,	0.061748504638671875
5328525000.0,	0.05867767333984375,	0.062530517578125
5328562500.0,	0.06007575988769531,	0.06193351745605469
5328600000.0,	0.05752372741699219,	0.061428070068359375
5328637500.0,	0.0594940185546875,	0.06181526184082031
5328675000.0,	0.05733680725097656,	0.06238555908203125
5328712500.0,	0.05903816223144531,	0.06134796142578125
5328750000.0,	0.05863380432128906,	0.06123924255371094
5328787500.0,	0.05865478515625,	0.05906486511230469
5328825000.0,	0.05753326416015625,	0.060474395751953125
5328862500.0,	0.0585174560546875,	0.06302642822265625
5328900000.0,	0.05918312072753906,	0.060741424560546875
5328937500.0,	0.058132171630859375,	0.06114387512207031
5328975000.0,	0.06022453308105469,	0.060192108154296875
5329012500.0,	0.060543060302734375,	0.059909820556640625
5329050000.0,	0.060665130615234375,	0.060028076171875
5329087500.0,	0.060245513916015625,	0.061214447021484375
5329125000.0,	0.060207366943359375,	0.059574127197265625
5329162500.0,	0.0579681396484375,	0.06084632873535156
5329200000.0,	0.05938720703125,	0.06104850769042969
5329237500.0,	0.059078216552734375,	0.060184478759765625
5329275000.0,	0.05839347839355469,	0.061176300048828125
5329312500.0,	0.06142234802246094,	0.060085296630859375
5329350000.0,	0.060420989990234375,	0.0619964599609375
5329387500.0,	0.059780120849609375,	0.0612030029296875
5329425000.0,	0.057445526123046875,	0.05928611755371094
5329462500.0,	0.05994224548339844,	0.059879302978515625
5329500000.0,	0.06056785583496094,	0.059368133544921875
5329537500.0,	0.05970001220703125,	0.06008148193359375
5329575000.0,	0.058650970458984375,	0.060955047607421875
5329612500.0,	0.061862945556640625,	0.060665130615234375
5329650000.0,	0.06018257141113281,	0.06051826477050781
5329687500.0,	0.059375762939453125,	0.05865669250488281
5329725000.0,	0.0577239990234375,	0.059139251708984375
5329762500.0,	0.05928611755371094,	0.060535430908203125
5329800000.0,	0.059635162353515625,	0.061901092529296875
5329837500.0,	0.05959892272949219,	0.06078147888183594
5329875000.0,	0.05837249755859375,	0.06002998352050781
5329912500.0,	0.05962562561035156,	0.0599517822265625
5329950000.0,	0.061676025390625,	0.060100555419921875
5329987500.0,	0.05809211730957031,	0.060573577880859375
5330025000.0,	0.062175750732421875,	0.06002616882324219
5330062500.0,	0.05916404724121094,	0.06195831298828125
5330100000.0,	0.05907630920410156,	0.06038856506347656
5330137500.0,	0.0600738525390625,	0.06040763854980469
5330175000.0,	0.0595855712890625,	0.06093788146972656
5330212500.0,	0.0611114501953125,	0.06063079833984375
5330250000.0,	0.060199737548828125,	0.06146049499511719
5330287500.0,	0.06103706359863281,	0.05863189697265625
5330325000.0,	0.059665679931640625,	0.06164741516113281
5330362500.0,	0.060459136962890625,	0.058811187744140625
5330400000.0,	0.06057167053222656,	0.0599517822265625
5330437500.0,	0.06006431579589844,	0.062015533447265625
5330475000.0,	0.06128692626953125,	0.058521270751953125
5330512500.0,	0.059307098388671875,	0.05988883972167969
5330550000.0,	0.06088066101074219,	0.059906005859375
5330587500.0,	0.061496734619140625,	0.05954170227050781
5330625000.0,	0.060771942138671875,	0.060100555419921875
5330662500.0,	0.062328338623046875,	0.05889320373535156
5330700000.0,	0.05924034118652344,	0.059825897216796875
5330737500.0,	0.061954498291015625,	0.061115264892578125
5330775000.0,	0.060291290283203125,	0.058868408203125
5330812500.0,	0.05912017822265625,	0.05957603454589844
5330850000.0,	0.05948448181152344,	0.05745124816894531
5330887500.0,	0.05957794189453125,	0.05935478210449219
5330925000.0,	0.05934333801269531,	0.056980133056640625
5330962500.0,	0.06038093566894531,	0.05977821350097656
5331000000.0,	0.059783935546875,	0.05995368957519531
5331037500.0,	0.060535430908203125,	0.06059837341308594
5331075000.0,	0.05991363525390625,	0.057903289794921875
5331112500.0,	0.061580657958984375,	0.060211181640625
5331150000.0,	0.05843925476074219,	0.05909919738769531
5331187500.0,	0.06289291381835938,	0.060153961181640625
5331225000.0,	0.059741973876953125,	0.059795379638671875
5331262500.0,	0.06139564514160156,	0.05911827087402344
5331300000.0,	0.06228065490722656,	0.06067848205566406
5331337500.0,	0.06089019775390625,	0.059642791748046875
5331375000.0,	0.06157875061035156,	0.05853080749511719
5331412500.0,	0.06123542785644531,	0.05916595458984375
5331450000.0,	0.062530517578125,	0.057872772216796875
5331487500.0,	0.0611724853515625,	0.059589385986328125
5331525000.0,	0.06282806396484375,	0.058868408203125
5331562500.0,	0.06241607666015625,	0.05763435363769531
5331600000.0,	0.06148529052734375,	0.05861473083496094
5331637500.0,	0.06332778930664062,	0.058399200439453125
5331675000.0,	0.06095695495605469,	0.061328887939453125
5331712500.0,	0.06219291687011719,	0.06104850769042969
5331750000.0,	0.061595916748046875,	0.059474945068359375
5331787500.0,	0.063873291015625,	0.058834075927734375
5331825000.0,	0.06252288818359375,	0.05786895751953125
5331862500.0,	0.060436248779296875,	0.05689811706542969
5331900000.0,	0.062305450439453125,	0.06005668640136719
5331937500.0,	0.0642852783203125,	0.05913543701171875
5331975000.0,	0.06347274780273438,	0.061290740966796875
5332012500.0,	0.062652587890625,	0.05792999267578125
5332050000.0,	0.06193733215332031,	0.05868721008300781
5332087500.0,	0.0608673095703125,	0.05742454528808594
5332125000.0,	0.062366485595703125,	0.05985450744628906
5332162500.0,	0.0634002685546875,	0.059032440185546875
5332200000.0,	0.06069755554199219,	0.05934906005859375
5332237500.0,	0.06163215637207031,	0.05992698669433594
5332275000.0,	0.0650634765625,	0.05747222900390625
5332312500.0,	0.0634765625,	0.057697296142578125
5332350000.0,	0.061611175537109375,	0.057437896728515625
5332387500.0,	0.06295394897460938,	0.05794525146484375
5332425000.0,	0.061923980712890625,	0.05748176574707031
5332462500.0,	0.06325149536132812,	0.057628631591796875
5332500000.0,	0.05933570861816406,	0.055736541748046875
5332537500.0,	0.062229156494140625,	0.05643653869628906
5332575000.0,	0.061969757080078125,	0.05875968933105469
5332612500.0,	0.063018798828125,	0.057735443115234375
5332650000.0,	0.06032562255859375,	0.05946922302246094
5332687500.0,	0.06250381469726562,	0.057979583740234375
5332725000.0,	0.06119346618652344,	0.05844306945800781
5332762500.0,	0.06249046325683594,	0.05974769592285156
5332800000.0,	0.06168174743652344,	0.05494117736816406
5332837500.0,	0.06229400634765625,	0.05899620056152344
5332875000.0,	0.06258392333984375,	0.05731201171875
5332912500.0,	0.06254196166992188,	0.057346343994140625
5332950000.0,	0.06245994567871094,	0.05648612976074219
5332987500.0,	0.060497283935546875,	0.05651664733886719
5333025000.0,	0.06377410888671875,	0.0574951171875
5333062500.0,	0.0634307861328125,	0.058147430419921875
5333100000.0,	0.06366729736328125,	0.05838775634765625
5333137500.0,	0.062213897705078125,	0.05831718444824219
5333175000.0,	0.0636749267578125,	0.05892181396484375
5333212500.0,	0.06091117858886719,	0.0574798583984375
5333250000.0,	0.06261825561523438,	0.057209014892578125
5333287500.0,	0.061725616455078125,	0.05772209167480469
5333325000.0,	0.06313705444335938,	0.0574188232421875
5333362500.0,	0.06451416015625,	0.055225372314453125
5333400000.0,	0.0626373291015625,	0.05605316162109375
5333437500.0,	0.06476974487304688,	0.055179595947265625
5333475000.0,	0.062229156494140625,	0.05659675598144531
5333512500.0,	0.06221961975097656,	0.05962371826171875
5333550000.0,	0.06123542785644531,	0.05644798278808594
5333587500.0,	0.06125831604003906,	0.05529594421386719
5333625000.0,	0.06307220458984375,	0.057178497314453125
5333662500.0,	0.06414794921875,	0.05431365966796875
5333700000.0,	0.064849853515625,	0.0550384521484375
5333737500.0,	0.06506729125976562,	0.0565032958984375
5333775000.0,	0.0629730224609375,	0.056407928466796875
5333812500.0,	0.06133842468261719,	0.05553436279296875
5333850000.0,	0.06256103515625,	0.05550384521484375
5333887500.0,	0.0620880126953125,	0.057865142822265625
5333925000.0,	0.06486129760742188,	0.05672454833984375
5333962500.0,	0.06317138671875,	0.0550994873046875
5334000000.0,	0.0645294189453125,	0.05707550048828125
5334037500.0,	0.06283187866210938,	0.05603790283203125
5334075000.0,	0.06399917602539062,	0.056507110595703125
5334112500.0,	0.0646209716796875,	0.057491302490234375
5334150000.0,	0.064453125,	0.0577545166015625
5334187500.0,	0.06263351440429688,	0.056827545166015625
5334225000.0,	0.06205177307128906,	0.05432891845703125
5334262500.0,	0.06295013427734375,	0.057712554931640625
5334300000.0,	0.06547927856445312,	0.05782318115234375
5334337500.0,	0.0635223388671875,	0.053936004638671875
5334375000.0,	0.06181907653808594,	0.055225372314453125
5334412500.0,	0.06221771240234375,	0.05603981018066406
5334450000.0,	0.06356048583984375,	0.05585479736328125
5334487500.0,	0.06427001953125,	0.056041717529296875
5334525000.0,	0.06346893310546875,	0.057170867919921875
5334562500.0,	0.063507080078125,	0.054805755615234375
5334600000.0,	0.064910888671875,	0.053493499755859375
5334637500.0,	0.0623016357421875,	0.05620002746582031
5334675000.0,	0.06416702270507812,	0.05690765380859375
5334712500.0,	0.06439590454101562,	0.054286956787109375
5334750000.0,	0.06185722351074219,	0.05459785461425781
5334787500.0,	0.0646514892578125,	0.051959991455078125
5334825000.0,	0.06109619140625,	0.053432464599609375
5334862500.0,	0.061248779296875,	0.052944183349609375
5334900000.0,	0.0639801025390625,	0.054286956787109375
5334937500.0,	0.06257247924804688,	0.055561065673828125
5334975000.0,	0.06474685668945312,	0.0533294677734375
5335012500.0,	0.06263351440429688,	0.055694580078125
5335050000.0,	0.06444168090820312,	0.05362701416015625
5335087500.0,	0.06319808959960938,	0.057437896728515625
5335125000.0,	0.06393051147460938,	0.052059173583984375
5335162500.0,	0.06551742553710938,	0.0552520751953125
5335200000.0,	0.06371688842773438,	0.053035736083984375
5335237500.0,	0.06371688842773438,	0.054691314697265625
5335275000.0,	0.06457138061523438,	0.053966522216796875
5335312500.0,	0.06425857543945312,	0.054050445556640625
5335350000.0,	0.06479644775390625,	0.053558349609375
5335387500.0,	0.06339645385742188,	0.054378509521484375
5335425000.0,	0.0637664794921875,	0.054508209228515625
5335462500.0,	0.062397003173828125,	0.05379486083984375
5335500000.0,	0.06243133544921875,	0.05540275573730469
5335537500.0,	0.06350326538085938,	0.05391693115234375
5335575000.0,	0.06451034545898438,	0.053653717041015625
5335612500.0,	0.0641021728515625,	0.0544891357421875
5335650000.0,	0.0655364990234375,	0.0541839599609375
5335687500.0,	0.06458282470703125,	0.05496978759765625
5335725000.0,	0.0630340576171875,	0.0520782470703125
5335762500.0,	0.06305313110351562,	0.053585052490234375
5335800000.0,	0.06201934814453125,	0.051372528076171875
5335837500.0,	0.06532669067382812,	0.05252838134765625
5335875000.0,	0.06415557861328125,	0.051727294921875
5335912500.0,	0.06365585327148438,	0.05298614501953125
5335950000.0,	0.0654296875,	0.05228424072265625
5335987500.0,	0.06416702270507812,	0.051364898681640625
5336025000.0,	0.06322479248046875,	0.051845550537109375
5336062500.0,	0.06345748901367188,	0.051055908203125
5336100000.0,	0.0633697509765625,	0.052539825439453125
5336137500.0,	0.06482315063476562,	0.05127716064453125
5336175000.0,	0.06344985961914062,	0.054653167724609375
5336212500.0,	0.06462860107421875,	0.05196380615234375
5336250000.0,	0.0637359619140625,	0.051235198974609375
5336287500.0,	0.06696319580078125,	0.054714202880859375
5336325000.0,	0.06461715698242188,	0.050998687744140625
5336362500.0,	0.06459426879882812,	0.051227569580078125
5336400000.0,	0.06147003173828125,	0.05293464660644531
5336437500.0,	0.06497955322265625,	0.055370330810546875
5336475000.0,	0.06346893310546875,	0.052890777587890625
5336512500.0,	0.0624237060546875,	0.05210113525390625
5336550000.0,	0.06531906127929688,	0.050922393798828125
5336587500.0,	0.06296920776367188,	0.0512237548828125
5336625000.0,	0.06213951110839844,	0.05162620544433594
5336662500.0,	0.06213569641113281,	0.04982566833496094
5336700000.0,	0.06491851806640625,	0.05097198486328125
5336737500.0,	0.06487655639648438,	0.051219940185546875
5336775000.0,	0.064910888671875,	0.052013397216796875
5336812500.0,	0.06487274169921875,	0.05210113525390625
5336850000.0,	0.06159019470214844,	0.05111122131347656
5336887500.0,	0.064117431640625,	0.051174163818359375
5336925000.0,	0.06147193908691406,	0.05086708068847656
5336962500.0,	0.06441497802734375,	0.0546417236328125
5337000000.0,	0.0644378662109375,	0.048736572265625
5337037500.0,	0.06299209594726562,	0.05139923095703125
5337075000.0,	0.06491470336914062,	0.05077362060546875
5337112500.0,	0.06354141235351562,	0.0482177734375
5337150000.0,	0.064117431640625,	0.049419403076171875
5337187500.0,	0.06143951416015625,	0.04913139343261719
5337225000.0,	0.063232421875,	0.051624298095703125
5337262500.0,	0.06421279907226562,	0.04946136474609375
5337300000.0,	0.0630645751953125,	0.05017852783203125
5337337500.0,	0.06380462646484375,	0.04956817626953125
5337375000.0,	0.06333541870117188,	0.04933929443359375
5337412500.0,	0.06269454956054688,	0.048854827880859375
5337450000.0,	0.063720703125,	0.049274444580078125
5337487500.0,	0.06114768981933594,	0.04923820495605469
5337525000.0,	0.06095123291015625,	0.04915809631347656
5337562500.0,	0.062206268310546875,	0.04911041259765625
5337600000.0,	0.06330490112304688,	0.048213958740234375
5337637500.0,	0.0643463134765625,	0.047550201416015625
5337675000.0,	0.06243896484375,	0.049137115478515625
5337712500.0,	0.0608978271484375,	0.050174713134765625
5337750000.0,	0.06194877624511719,	0.04757118225097656
5337787500.0,	0.06359481811523438,	0.046962738037109375
5337825000.0,	0.06142425537109375,	0.04817008972167969
5337862500.0,	0.06402206420898438,	0.0487060546875
5337900000.0,	0.06257247924804688,	0.04510498046875
5337937500.0,	0.06184959411621094,	0.04686927795410156
5337975000.0,	0.06268692016601562,	0.04883575439453125
5338012500.0,	0.06259536743164062,	0.047908782958984375
5338050000.0,	0.06307601928710938,	0.046932220458984375
5338087500.0,	0.06191062927246094,	0.04684257507324219
5338125000.0,	0.06298828125,	0.04746246337890625
5338162500.0,	0.0625457763671875,	0.0458831787109375
5338200000.0,	0.06361007690429688,	0.046634674072265625
5338237500.0,	0.06196403503417969,	0.046459197998046875
5338275000.0,	0.06387710571289062,	0.045200347900390625
5338312500.0,	0.06098747253417969,	0.04787445068359375
5338350000.0,	0.06295013427734375,	0.04662322998046875
5338387500.0,	0.060390472412109375,	0.04785728454589844
5338425000.0,	0.06202125549316406,	0.04647254943847656
5338462500.0,	0.062107086181640625,	0.04567718505859375
5338500000.0,	0.0603485107421875,	0.04586219787597656
5338537500.0,	0.06184577941894531,	0.04484748840332031
5338575000.0,	0.06321334838867188,	0.0459136962890625
5338612500.0,	0.062335968017578125,	0.043018341064453125
5338650000.0,	0.06048393249511719,	0.04534721374511719
5338687500.0,	0.06253433227539062,	0.045146942138671875
5338725000.0,	0.06032371520996094,	0.04514503479003906
5338762500.0,	0.06409835815429688,	0.043437957763671875
5338800000.0,	0.05895042419433594,	0.04484748840332031
5338837500.0,	0.06207084655761719,	0.044910430908203125
5338875000.0,	0.06098747253417969,	0.04443550109863281
5338912500.0,	0.06336593627929688,	0.04355621337890625
5338950000.0,	0.0620880126953125,	0.04553985595703125
5338987500.0,	0.06206321716308594,	0.0424652099609375
5339025000.0,	0.062229156494140625,	0.043262481689453125
5339062500.0,	0.06098365783691406,	0.0433349609375
5339100000.0,	0.06275177001953125,	0.04544830322265625
5339137500.0,	0.06063270568847656,	0.04113197326660156
5339175000.0,	0.060924530029296875,	0.04368400573730469
5339212500.0,	0.05971527099609375,	0.04281044006347656
5339250000.0,	0.06002044677734375,	0.044219970703125
5339287500.0,	0.061138153076171875,	0.043842315673828125
5339325000.0,	0.06065559387207031,	0.04120635986328125
5339362500.0,	0.05949211120605469,	0.041225433349609375
5339400000.0,	0.05965232849121094,	0.042613983154296875
5339437500.0,	0.059825897216796875,	0.04207801818847656
5339475000.0,	0.060680389404296875,	0.04444313049316406
5339512500.0,	0.06221961975097656,	0.04035186767578125
5339550000.0,	0.059490203857421875,	0.04140663146972656
5339587500.0,	0.059917449951171875,	0.04116249084472656
5339625000.0,	0.060543060302734375,	0.0396881103515625
5339662500.0,	0.060009002685546875,	0.03986549377441406
5339700000.0,	0.05928230285644531,	0.04178428649902344
5339737500.0,	0.058727264404296875,	0.03922462463378906
5339775000.0,	0.06120109558105469,	0.04022026062011719
5339812500.0,	0.05962371826171875,	0.04149627685546875
5339850000.0,	0.058746337890625,	0.04146575927734375
5339887500.0,	0.06026458740234375,	0.04021644592285156
5339925000.0,	0.05700111389160156,	0.040863037109375
5339962500.0,	0.0570220947265625,	0.04152679443359375
5340000000.0,	0.05827903747558594,	0.03959465026855469
5340037500.0,	0.05607032775878906,	0.03948783874511719
5340075000.0,	0.05818939208984375,	0.039516448974609375
5340112500.0,	0.05699729919433594,	0.035900115966796875
5340150000.0,	0.05655479431152344,	0.038776397705078125
5340187500.0,	0.05548095703125,	0.03955650329589844
5340225000.0,	0.05702400207519531,	0.03656196594238281
5340262500.0,	0.05770111083984375,	0.03739738464355469
5340300000.0,	0.05797767639160156,	0.03843116760253906
5340337500.0,	0.05558013916015625,	0.03612327575683594
5340375000.0,	0.05544853210449219,	0.03646278381347656
5340412500.0,	0.05508232116699219,	0.03695487976074219
5340450000.0,	0.05410003662109375,	0.03770256042480469
5340487500.0,	0.054172515869140625,	0.0357513427734375
5340525000.0,	0.05413627624511719,	0.037403106689453125
5340562500.0,	0.05532646179199219,	0.03651237487792969
5340600000.0,	0.0550079345703125,	0.035877227783203125
5340637500.0,	0.05629539489746094,	0.035968780517578125
5340675000.0,	0.055995941162109375,	0.03415679931640625
5340712500.0,	0.05355644226074219,	0.036182403564453125
5340750000.0,	0.05450630187988281,	0.03520393371582031
5340787500.0,	0.05432319641113281,	0.033847808837890625
5340825000.0,	0.05316925048828125,	0.03504180908203125
5340862500.0,	0.05292701721191406,	0.031948089599609375
5340900000.0,	0.05325126647949219,	0.03250885009765625
5340937500.0,	0.04991912841796875,	0.034015655517578125
5340975000.0,	0.0525665283203125,	0.03186798095703125
5341012500.0,	0.05316925048828125,	0.033542633056640625
5341050000.0,	0.053180694580078125,	0.03326606750488281
5341087500.0,	0.05353736877441406,	0.03256034851074219
5341125000.0,	0.05377006530761719,	0.032379150390625
5341162500.0,	0.050357818603515625,	0.03236579895019531
5341200000.0,	0.05049705505371094,	0.029552459716796875
5341237500.0,	0.04904747009277344,	0.03296661376953125
5341275000.0,	0.050701141357421875,	0.030668258666992188
5341312500.0,	0.048923492431640625,	0.03237152099609375
5341350000.0,	0.050838470458984375,	0.031352996826171875
5341387500.0,	0.050647735595703125,	0.03130912780761719
5341425000.0,	0.04732322692871094,	0.0283660888671875
5341462500.0,	0.04711151123046875,	0.029497146606445312
5341500000.0,	0.045841217041015625,	0.031429290771484375
5341537500.0,	0.04697418212890625,	0.029998779296875
5341575000.0,	0.04784202575683594,	0.029836654663085938
5341612500.0,	0.04680824279785156,	0.028835296630859375
5341650000.0,	0.044673919677734375,	0.029163360595703125
5341687500.0,	0.04765129089355469,	0.029712677001953125
5341725000.0,	0.04587364196777344,	0.02997589111328125
5341762500.0,	0.04462432861328125,	0.029521942138671875
5341800000.0,	0.04652595520019531,	0.028106689453125
5341837500.0,	0.044803619384765625,	0.0273590087890625
5341875000.0,	0.0457763671875,	0.027704238891601562
5341912500.0,	0.03965568542480469,	0.02573394775390625
5341950000.0,	0.042461395263671875,	0.0273284912109375
5341987500.0,	0.041790008544921875,	0.026277542114257812
5342025000.0,	0.0379791259765625,	0.025409698486328125
5342062500.0,	0.038665771484375,	0.02664947509765625
5342100000.0,	0.03799629211425781,	0.026052474975585938
5342137500.0,	0.03846931457519531,	0.027173995971679688
5342175000.0,	0.03958702087402344,	0.02414703369140625
5342212500.0,	0.03821563720703125,	0.026292800903320312
5342250000.0,	0.036678314208984375,	0.025026321411132812
5342287500.0,	0.034954071044921875,	0.027589797973632812
5342325000.0,	0.03622627258300781,	0.024991989135742188
5342362500.0,	0.03539085388183594,	0.025356292724609375
5342400000.0,	0.033321380615234375,	0.02213287353515625
5342437500.0,	0.033191680908203125,	0.024829864501953125
5342475000.0,	0.031597137451171875,	0.024204254150390625
5342512500.0,	0.033294677734375,	0.024730682373046875
5342550000.0,	0.029771804809570312,	0.02582073211669922
5342587500.0,	0.0325164794921875,	0.023130416870117188
5342625000.0,	0.028345108032226562,	0.02509307861328125
5342662500.0,	0.027532577514648438,	0.02311420440673828
5342700000.0,	0.026529312133789062,	0.025365829467773438
5342737500.0,	0.02313995361328125,	0.02529621124267578
5342775000.0,	0.02260303497314453,	0.02446746826171875
5342812500.0,	0.022735595703125,	0.022948265075683594
5342850000.0,	0.022565841674804688,	0.023367881774902344
5342887500.0,	0.021132469177246094,	0.0241241455078125
5342925000.0,	0.01945209503173828,	0.024399757385253906
5342962500.0,	0.018983840942382812,	0.026079177856445312
5343000000.0,	0.017370223999023438,	0.02335071563720703
5343037500.0,	0.015529632568359375,	0.024453163146972656
5343075000.0,	0.014184951782226562,	0.02508258819580078
5343112500.0,	0.013906478881835938,	0.02477264404296875
5343150000.0,	0.009974479675292969,	0.025450706481933594
5343187500.0,	0.010270118713378906,	0.025152206420898438
5343225000.0,	0.010343551635742188,	0.026432037353515625
5343262500.0,	0.008921623229980469,	0.027616500854492188
5343300000.0,	0.0060329437255859375,	0.026782989501953125
5343337500.0,	0.006481170654296875,	0.02719879150390625
5343375000.0,	0.003947257995605469,	0.027749061584472656
5343412500.0,	0.0018529891967773438,	0.028204917907714844
5343450000.0,	0.000110626220703125,	0.03180885314941406
5343487500.0,	-0.000522613525390625,	0.02951335906982422
5343525000.0,	-0.0033817291259765625,	0.031097412109375
5343562500.0,	-0.0045318603515625,	0.03304481506347656
5343600000.0,	-0.00640106201171875,	0.03388786315917969
5343637500.0,	-0.0069026947021484375,	0.03741455078125
5343675000.0,	-0.007720947265625,	0.035785675048828125
5343712500.0,	-0.0111541748046875,	0.038570404052734375
5343750000.0,	-0.011669158935546875,	0.038730621337890625
5343787500.0,	-0.01459503173828125,	0.04112815856933594
5343825000.0,	-0.015722274780273438,	0.04016304016113281
5343862500.0,	-0.016473770141601562,	0.045680999755859375
5343900000.0,	-0.017950057983398438,	0.04589080810546875
5343937500.0,	-0.017864227294921875,	0.05019569396972656
5343975000.0,	-0.0197601318359375,	0.05219459533691406
5344012500.0,	-0.021028518676757812,	0.05486297607421875
5344050000.0,	-0.023317337036132812,	0.05588340759277344
5344087500.0,	-0.023426055908203125,	0.057720184326171875
5344125000.0,	-0.024524688720703125,	0.06083106994628906
5344162500.0,	-0.024692535400390625,	0.06517410278320312
5344200000.0,	-0.02671051025390625,	0.06512451171875
5344237500.0,	-0.024082183837890625,	0.06857681274414062
5344275000.0,	-0.02727508544921875,	0.07022476196289062
5344312500.0,	-0.025390625,	0.074310302734375
5344350000.0,	-0.02667999267578125,	0.07790756225585938
5344387500.0,	-0.02315521240234375,	0.08000564575195312
5344425000.0,	-0.025295257568359375,	0.08243179321289062
5344462500.0,	-0.025074005126953125,	0.08604812622070312
5344500000.0,	-0.02465057373046875,	0.08804702758789062
5344537500.0,	-0.024272918701171875,	0.09239578247070312
5344575000.0,	-0.02185821533203125,	0.09459686279296875
5344612500.0,	-0.023387908935546875,	0.09702682495117188
5344650000.0,	-0.020984649658203125,	0.10071563720703125
5344687500.0,	-0.0183868408203125,	0.09978103637695312
5344725000.0,	-0.017040252685546875,	0.1036529541015625
5344762500.0,	-0.017299652099609375,	0.10192108154296875
5344800000.0,	-0.01584625244140625,	0.10842514038085938
5344837500.0,	-0.012908935546875,	0.1110382080078125
5344875000.0,	-0.011627197265625,	0.11183929443359375
5344912500.0,	-0.009929656982421875,	0.11407852172851562
5344950000.0,	-0.008045196533203125,	0.115386962890625
5344987500.0,	-0.0046539306640625,	0.11478805541992188
5345025000.0,	-0.001422882080078125,	0.11980438232421875
5345062500.0,	-0.003246307373046875,	0.11859512329101562
5345100000.0,	0.001720428466796875,	0.12041091918945312
5345137500.0,	0.00304412841796875,	0.12348556518554688
5345175000.0,	0.006114959716796875,	0.12099075317382812
5345212500.0,	0.006488800048828125,	0.12354660034179688
5345250000.0,	0.009090423583984375,	0.12483596801757812
5345287500.0,	0.0118408203125,	0.12520599365234375
5345325000.0,	0.01500701904296875,	0.12511444091796875
5345362500.0,	0.0150909423828125,	0.126556396484375
5345400000.0,	0.0164947509765625,	0.12870025634765625
5345437500.0,	0.0172119140625,	0.1280670166015625
5345475000.0,	0.022857666015625,	0.12570953369140625
5345512500.0,	0.02434539794921875,	0.12804412841796875
5345550000.0,	0.02291107177734375,	0.12772369384765625
5345587500.0,	0.02408599853515625,	0.126922607421875
5345625000.0,	0.0282135009765625,	0.127685546875
5345662500.0,	0.028430938720703125,	0.12451934814453125
5345700000.0,	0.02989959716796875,	0.12921142578125
5345737500.0,	0.03333282470703125,	0.1263275146484375
5345775000.0,	0.03511810302734375,	0.12616729736328125
5345812500.0,	0.03511810302734375,	0.12657928466796875
5345850000.0,	0.0367584228515625,	0.1269683837890625
5345887500.0,	0.03934478759765625,	0.1265106201171875
5345925000.0,	0.0393829345703125,	0.12709808349609375
5345962500.0,	0.040740966796875,	0.12525177001953125
5346000000.0,	0.044094085693359375,	0.12448883056640625
5346037500.0,	0.043422698974609375,	0.1221160888671875
5346075000.0,	0.04544830322265625,	0.12483978271484375
5346112500.0,	0.04717254638671875,	0.124176025390625
5346150000.0,	0.04864501953125,	0.12162017822265625
5346187500.0,	0.049861907958984375,	0.1218109130859375
5346225000.0,	0.0506591796875,	0.1213531494140625
5346262500.0,	0.051971435546875,	0.1204833984375
5346300000.0,	0.054203033447265625,	0.12250900268554688
5346337500.0,	0.05596160888671875,	0.11729812622070312
5346375000.0,	0.05339813232421875,	0.1184234619140625
5346412500.0,	0.054424285888671875,	0.11893081665039062
5346450000.0,	0.054782867431640625,	0.11833572387695312
5346487500.0,	0.055133819580078125,	0.11656570434570312
5346525000.0,	0.058208465576171875,	0.11800384521484375
5346562500.0,	0.0577392578125,	0.11595535278320312
5346600000.0,	0.060085296630859375,	0.116424560546875
5346637500.0,	0.060100555419921875,	0.11460494995117188
5346675000.0,	0.05776214599609375,	0.11358642578125
5346712500.0,	0.060482025146484375,	0.11531448364257812
5346750000.0,	0.060039520263671875,	0.11379623413085938
5346787500.0,	0.060665130615234375,	0.11116409301757812
5346825000.0,	0.06538772583007812,	0.113525390625
5346862500.0,	0.061840057373046875,	0.11098098754882812
5346900000.0,	0.06537628173828125,	0.11138153076171875
5346937500.0,	0.064178466796875,	0.11209869384765625
5346975000.0,	0.06773757934570312,	0.11074066162109375
5347012500.0,	0.06553268432617188,	0.10822677612304688
5347050000.0,	0.06703567504882812,	0.11041641235351562
5347087500.0,	0.06711196899414062,	0.10718154907226562
5347125000.0,	0.06641387939453125,	0.10848236083984375
5347162500.0,	0.06695938110351562,	0.10695266723632812
5347200000.0,	0.06904220581054688,	0.10709762573242188
5347237500.0,	0.06915283203125,	0.10662460327148438
5347275000.0,	0.069000244140625,	0.10647964477539062
5347312500.0,	0.07116317749023438,	0.1062774658203125
5347350000.0,	0.0694427490234375,	0.10584640502929688
5347387500.0,	0.07015228271484375,	0.10326004028320312
5347425000.0,	0.070831298828125,	0.1022796630859375
5347462500.0,	0.0704345703125,	0.10280990600585938
5347500000.0,	0.07342529296875,	0.1053466796875
5347537500.0,	0.07138442993164062,	0.10206222534179688
5347575000.0,	0.0714569091796875,	0.10260391235351562
5347612500.0,	0.07310867309570312,	0.10087966918945312
5347650000.0,	0.07044219970703125,	0.1023101806640625
5347687500.0,	0.072479248046875,	0.10174942016601562
5347725000.0,	0.07264328002929688,	0.09929275512695312
5347762500.0,	0.07134246826171875,	0.09932327270507812
5347800000.0,	0.07255935668945312,	0.10104751586914062
5347837500.0,	0.07121658325195312,	0.09832763671875
5347875000.0,	0.07558059692382812,	0.0979461669921875
5347912500.0,	0.07269287109375,	0.09738922119140625
5347950000.0,	0.07207107543945312,	0.09801101684570312
5347987500.0,	0.07455825805664062,	0.0967864990234375
5348025000.0,	0.07387542724609375,	0.09612274169921875
5348062500.0,	0.07574462890625,	0.095977783203125
5348100000.0,	0.07536697387695312,	0.09412002563476562
5348137500.0,	0.07284927368164062,	0.09597015380859375
5348175000.0,	0.07558441162109375,	0.09424209594726562
5348212500.0,	0.07517242431640625,	0.09645462036132812
5348250000.0,	0.07620620727539062,	0.09218597412109375
5348287500.0,	0.07615280151367188,	0.09300994873046875
5348325000.0,	0.07662582397460938,	0.09218215942382812
5348362500.0,	0.07630157470703125,	0.09149169921875
5348400000.0,	0.07519149780273438,	0.0920867919921875
5348437500.0,	0.0765838623046875,	0.09172439575195312
5348475000.0,	0.07474136352539062,	0.09189605712890625
5348512500.0,	0.07525253295898438,	0.09248733520507812
5348550000.0,	0.07520294189453125,	0.08964157104492188
5348587500.0,	0.07620620727539062,	0.09125900268554688
5348625000.0,	0.07674026489257812,	0.09110260009765625
5348662500.0,	0.07728958129882812,	0.0907135009765625
5348700000.0,	0.077301025390625,	0.090667724609375
5348737500.0,	0.07921218872070312,	0.08723068237304688
5348775000.0,	0.07762908935546875,	0.08910369873046875
5348812500.0,	0.07669448852539062,	0.0887603759765625
5348850000.0,	0.07773971557617188,	0.08756256103515625
5348887500.0,	0.07738494873046875,	0.0904998779296875
5348925000.0,	0.0758514404296875,	0.0876922607421875
5348962500.0,	0.0774993896484375,	0.0902099609375
5349000000.0,	0.07830810546875,	0.0883941650390625
5349037500.0,	0.07740020751953125,	0.08540725708007812
5349075000.0,	0.07802963256835938,	0.0893707275390625
5349112500.0,	0.07748031616210938,	0.08817672729492188
5349150000.0,	0.0781097412109375,	0.08564376831054688
5349187500.0,	0.07643508911132812,	0.08740615844726562
5349225000.0,	0.07690048217773438,	0.08349609375
5349262500.0,	0.07972335815429688,	0.08626174926757812
5349300000.0,	0.07648849487304688,	0.08420944213867188
5349337500.0,	0.078094482421875,	0.08449935913085938
5349375000.0,	0.0778350830078125,	0.08539581298828125
5349412500.0,	0.07826995849609375,	0.084808349609375
5349450000.0,	0.07934951782226562,	0.08336639404296875
5349487500.0,	0.07831954956054688,	0.08527755737304688
5349525000.0,	0.077606201171875,	0.08236312866210938
5349562500.0,	0.07674407958984375,	0.08195114135742188
5349600000.0,	0.07748031616210938,	0.08167648315429688
5349637500.0,	0.0789031982421875,	0.08232498168945312
5349675000.0,	0.07848739624023438,	0.08385086059570312
5349712500.0,	0.078643798828125,	0.08304977416992188
5349750000.0,	0.07837295532226562,	0.08072662353515625
5349787500.0,	0.07866668701171875,	0.08349227905273438
5349825000.0,	0.07987594604492188,	0.08241653442382812
5349862500.0,	0.07848739624023438,	0.0813140869140625
5349900000.0,	0.07823944091796875,	0.08072280883789062
5349937500.0,	0.07899856567382812,	0.08008575439453125
5349975000.0,	0.07883071899414062,	0.08191680908203125
5350012500.0,	0.08106613159179688,	0.08085250854492188
5350050000.0,	0.07891464233398438,	0.07843399047851562
5350087500.0,	0.07826614379882812,	0.08053207397460938
5350125000.0,	0.07968902587890625,	0.07909774780273438
5350162500.0,	0.07901763916015625,	0.08084487915039062
5350200000.0,	0.07639312744140625,	0.08072280883789062
5350237500.0,	0.07891082763671875,	0.07828903198242188
5350275000.0,	0.08007049560546875,	0.07875442504882812
5350312500.0,	0.08191299438476562,	0.07745361328125
5350350000.0,	0.0784149169921875,	0.07742691040039062
5350387500.0,	0.07947540283203125,	0.078125
5350425000.0,	0.07957839965820312,	0.07889175415039062
5350462500.0,	0.08010101318359375,	0.07946395874023438
5350500000.0,	0.07998275756835938,	0.07851791381835938
5350537500.0,	0.07775497436523438,	0.078460693359375
5350575000.0,	0.07963943481445312,	0.07734298706054688
5350612500.0,	0.08050155639648438,	0.0783233642578125
5350650000.0,	0.07926177978515625,	0.07736587524414062
5350687500.0,	0.08031845092773438,	0.07833099365234375
5350725000.0,	0.08196258544921875,	0.075714111328125
5350762500.0,	0.08044052124023438,	0.07656478881835938
5350800000.0,	0.07960891723632812,	0.07629013061523438
5350837500.0,	0.07843399047851562,	0.07673263549804688
5350875000.0,	0.07839202880859375,	0.07686233520507812
5350912500.0,	0.08032608032226562,	0.07740020751953125
5350950000.0,	0.08008575439453125,	0.07447433471679688
5350987500.0,	0.07883071899414062,	0.07488250732421875
5351025000.0,	0.07949066162109375,	0.07687759399414062
5351062500.0,	0.07781219482421875,	0.07829666137695312
5351100000.0,	0.07953643798828125,	0.07455825805664062
5351137500.0,	0.07965469360351562,	0.075836181640625
5351175000.0,	0.07877349853515625,	0.074310302734375
5351212500.0,	0.079010009765625,	0.0737762451171875
5351250000.0,	0.0780181884765625,	0.07480239868164062
5351287500.0,	0.0774383544921875,	0.07388687133789062
5351325000.0,	0.07947921752929688,	0.07537460327148438
5351362500.0,	0.08024215698242188,	0.0738677978515625
5351400000.0,	0.07928466796875,	0.07306671142578125
5351437500.0,	0.07909774780273438,	0.07278060913085938
5351475000.0,	0.08300399780273438,	0.0745697021484375
5351512500.0,	0.07764434814453125,	0.0727691650390625
5351550000.0,	0.08016204833984375,	0.07244110107421875
5351587500.0,	0.07876205444335938,	0.0731964111328125
5351625000.0,	0.0792388916015625,	0.07250595092773438
5351662500.0,	0.0788116455078125,	0.07495880126953125
5351700000.0,	0.07799530029296875,	0.07396697998046875
5351737500.0,	0.07975387573242188,	0.07022476196289062
5351775000.0,	0.0793914794921875,	0.0728607177734375
5351812500.0,	0.08133316040039062,	0.0721588134765625
5351850000.0,	0.07999420166015625,	0.07325363159179688
5351887500.0,	0.07945632934570312,	0.07437896728515625
5351925000.0,	0.08007431030273438,	0.07076263427734375
5351962500.0,	0.077362060546875,	0.07300949096679688
5352000000.0,	0.07836151123046875,	0.07203292846679688
5352037500.0,	0.07795333862304688,	0.07272720336914062
5352075000.0,	0.07785797119140625,	0.070556640625
5352112500.0,	0.07953643798828125,	0.0701446533203125
5352150000.0,	0.08061981201171875,	0.0723419189453125
5352187500.0,	0.0782623291015625,	0.071319580078125
5352225000.0,	0.07886886596679688,	0.07067489624023438
5352262500.0,	0.07799148559570312,	0.0694427490234375
5352300000.0,	0.07824325561523438,	0.07282638549804688
5352337500.0,	0.0805816650390625,	0.07146453857421875
5352375000.0,	0.0804290771484375,	0.07103347778320312
5352412500.0,	0.07975387573242188,	0.0694122314453125
5352450000.0,	0.08005142211914062,	0.07201766967773438
5352487500.0,	0.078704833984375,	0.06890869140625
5352525000.0,	0.0789642333984375,	0.07154083251953125
5352562500.0,	0.07675552368164062,	0.07188796997070312
5352600000.0,	0.07909011840820312,	0.07036590576171875
5352637500.0,	0.08021163940429688,	0.07297897338867188
5352675000.0,	0.076141357421875,	0.06975173950195312
5352712500.0,	0.07686996459960938,	0.06894683837890625
5352750000.0,	0.07799911499023438,	0.06938934326171875
5352787500.0,	0.07897567749023438,	0.06922149658203125
5352825000.0,	0.08143234252929688,	0.0714263916015625
5352862500.0,	0.07843399047851562,	0.06943130493164062
5352900000.0,	0.07695388793945312,	0.06927871704101562
5352937500.0,	0.07955169677734375,	0.06778717041015625
5352975000.0,	0.078643798828125,	0.0694122314453125
5353012500.0,	0.08037185668945312,	0.06821060180664062
5353050000.0,	0.076446533203125,	0.0678863525390625
5353087500.0,	0.07674026489257812,	0.06999588012695312
5353125000.0,	0.08030319213867188,	0.06786346435546875
5353162500.0,	0.08084487915039062,	0.06940841674804688
5353200000.0,	0.07877349853515625,	0.06808853149414062
5353237500.0,	0.07986068725585938,	0.06818008422851562
5353275000.0,	0.08054351806640625,	0.067779541015625
5353312500.0,	0.078033447265625,	0.06824874877929688
5353350000.0,	0.07883834838867188,	0.06790542602539062
5353387500.0,	0.07706451416015625,	0.06586837768554688
5353425000.0,	0.07898330688476562,	0.0665130615234375
5353462500.0,	0.07803726196289062,	0.06696701049804688
5353500000.0,	0.078521728515625,	0.06646347045898438
5353537500.0,	0.07781600952148438,	0.0689697265625
5353575000.0,	0.07965850830078125,	0.06685256958007812
5353612500.0,	0.07733535766601562,	0.06467437744140625
5353650000.0,	0.07577896118164062,	0.0668487548828125
5353687500.0,	0.0770416259765625,	0.06637954711914062
5353725000.0,	0.0811767578125,	0.0680694580078125
5353762500.0,	0.07883453369140625,	0.06674957275390625
5353800000.0,	0.0798797607421875,	0.0646820068359375
5353837500.0,	0.07930374145507812,	0.06563186645507812
5353875000.0,	0.07895278930664062,	0.06493759155273438
5353912500.0,	0.07881927490234375,	0.06716537475585938
5353950000.0,	0.07857131958007812,	0.06715011596679688
5353987500.0,	0.07966995239257812,	0.06603240966796875
5354025000.0,	0.0785675048828125,	0.06428909301757812
5354062500.0,	0.07779312133789062,	0.06475448608398438
5354100000.0,	0.07773971557617188,	0.0658416748046875
5354137500.0,	0.07922744750976562,	0.06343841552734375
5354175000.0,	0.0784759521484375,	0.06424713134765625
5354212500.0,	0.07942962646484375,	0.06383895874023438
5354250000.0,	0.07646560668945312,	0.06299591064453125
5354287500.0,	0.0788116455078125,	0.06546783447265625
5354325000.0,	0.07680511474609375,	0.06513595581054688
5354362500.0,	0.07862472534179688,	0.06513595581054688
5354400000.0,	0.0784454345703125,	0.0661468505859375
5354437500.0,	0.07904434204101562,	0.06465911865234375
5354475000.0,	0.07872772216796875,	0.06496047973632812
5354512500.0,	0.0777130126953125,	0.06414794921875
5354550000.0,	0.08095932006835938,	0.06510162353515625
5354587500.0,	0.07742691040039062,	0.06314849853515625
5354625000.0,	0.07744979858398438,	0.065948486328125
5354662500.0,	0.0778350830078125,	0.06464385986328125
5354700000.0,	0.0778656005859375,	0.062286376953125
5354737500.0,	0.0770111083984375,	0.0632476806640625
5354775000.0,	0.0767364501953125,	0.06585693359375
5354812500.0,	0.07624435424804688,	0.06699752807617188
5354850000.0,	0.07686996459960938,	0.0640869140625
5354887500.0,	0.07701492309570312,	0.06553268432617188
5354925000.0,	0.07866287231445312,	0.06279754638671875
5354962500.0,	0.07686996459960938,	0.06462478637695312
5355000000.0,	0.07892990112304688,	0.064208984375
5355037500.0,	0.074371337890625,	0.062442779541015625
5355075000.0,	0.07809829711914062,	0.06526947021484375
5355112500.0,	0.07760238647460938,	0.06322860717773438
5355150000.0,	0.0791473388671875,	0.06333541870117188
5355187500.0,	0.0753326416015625,	0.064788818359375
5355225000.0,	0.07614898681640625,	0.06471633911132812
5355262500.0,	0.07545852661132812,	0.06487274169921875
5355300000.0,	0.07878875732421875,	0.06425094604492188
5355337500.0,	0.07932662963867188,	0.062358856201171875
5355375000.0,	0.07857131958007812,	0.061187744140625
5355412500.0,	0.077728271484375,	0.06359481811523438
5355450000.0,	0.07601547241210938,	0.06431198120117188
5355487500.0,	0.07757568359375,	0.06269454956054688
5355525000.0,	0.07714462280273438,	0.062305450439453125
5355562500.0,	0.07821273803710938,	0.06156158447265625
5355600000.0,	0.07620620727539062,	0.061557769775390625
5355637500.0,	0.07632064819335938,	0.061092376708984375
5355675000.0,	0.07876205444335938,	0.06169891357421875
5355712500.0,	0.07733535766601562,	0.061016082763671875
5355750000.0,	0.07918167114257812,	0.06398391723632812
5355787500.0,	0.07616043090820312,	0.060791015625
5355825000.0,	0.07667922973632812,	0.061428070068359375
5355862500.0,	0.07768630981445312,	0.06409454345703125
5355900000.0,	0.07649993896484375,	0.062229156494140625
5355937500.0,	0.07924652099609375,	0.062053680419921875
5355975000.0,	0.07706451416015625,	0.06060791015625
5356012500.0,	0.0757904052734375,	0.06414031982421875
5356050000.0,	0.0760498046875,	0.0625152587890625
5356087500.0,	0.07834243774414062,	0.0616912841796875
5356125000.0,	0.07947540283203125,	0.062488555908203125
5356162500.0,	0.07656478881835938,	0.06040191650390625
5356200000.0,	0.0766754150390625,	0.06256484985351562
5356237500.0,	0.07443618774414062,	0.06163787841796875
5356275000.0,	0.07638931274414062,	0.0633544921875
5356312500.0,	0.07769393920898438,	0.062015533447265625
5356350000.0,	0.07641220092773438,	0.06110382080078125
5356387500.0,	0.07748031616210938,	0.06249237060546875
5356425000.0,	0.0769500732421875,	0.059490203857421875
5356462500.0,	0.0762176513671875,	0.06002044677734375
5356500000.0,	0.07715225219726562,	0.059009552001953125
5356537500.0,	0.07701873779296875,	0.05865478515625
5356575000.0,	0.07541656494140625,	0.0617523193359375
5356612500.0,	0.07680511474609375,	0.05962371826171875
5356650000.0,	0.076629638671875,	0.061779022216796875
5356687500.0,	0.07783889770507812,	0.060741424560546875
5356725000.0,	0.07600784301757812,	0.060054779052734375
5356762500.0,	0.07564163208007812,	0.0605010986328125
5356800000.0,	0.0757598876953125,	0.061397552490234375
5356837500.0,	0.07513046264648438,	0.0604705810546875
5356875000.0,	0.07538223266601562,	0.0586090087890625
5356912500.0,	0.0765380859375,	0.0606842041015625
5356950000.0,	0.07498931884765625,	0.059207916259765625
5356987500.0,	0.0747833251953125,	0.060344696044921875
5357025000.0,	0.07688522338867188,	0.057437896728515625
5357062500.0,	0.0751953125,	0.059459686279296875
5357100000.0,	0.07549285888671875,	0.05854034423828125
5357137500.0,	0.073333740234375,	0.059062957763671875
5357175000.0,	0.075775146484375,	0.05872344970703125
5357212500.0,	0.07733917236328125,	0.06098175048828125
5357250000.0,	0.0760955810546875,	0.057613372802734375
5357287500.0,	0.07696533203125,	0.058803558349609375
5357325000.0,	0.07644271850585938,	0.05872344970703125
5357362500.0,	0.075347900390625,	0.058879852294921875
5357400000.0,	0.07512664794921875,	0.059719085693359375
5357437500.0,	0.07743453979492188,	0.0588531494140625
5357475000.0,	0.07666778564453125,	0.058502197265625
5357512500.0,	0.07407379150390625,	0.057926177978515625
5357550000.0,	0.07516860961914062,	0.060062408447265625
5357587500.0,	0.0763397216796875,	0.057659149169921875
5357625000.0,	0.0746002197265625,	0.058544158935546875
5357662500.0,	0.0735015869140625,	0.06038665771484375
5357700000.0,	0.07552337646484375,	0.058284759521484375
5357737500.0,	0.07617568969726562,	0.058071136474609375
5357775000.0,	0.07672500610351562,	0.058528900146484375
5357812500.0,	0.07535934448242188,	0.059177398681640625
5357850000.0,	0.07487106323242188,	0.057933807373046875
5357887500.0,	0.0760040283203125,	0.059375762939453125
5357925000.0,	0.07300567626953125,	0.058803558349609375
5357962500.0,	0.07516860961914062,	0.057117462158203125
5358000000.0,	0.07422256469726562,	0.059085845947265625
5358037500.0,	0.07341384887695312,	0.05706787109375
5358075000.0,	0.07642745971679688,	0.059993743896484375
5358112500.0,	0.07499313354492188,	0.05608367919921875
5358150000.0,	0.07514190673828125,	0.06140899658203125
5358187500.0,	0.07580947875976562,	0.057102203369140625
5358225000.0,	0.0744171142578125,	0.05675506591796875
5358262500.0,	0.07529449462890625,	0.05741119384765625
5358300000.0,	0.07523727416992188,	0.057094573974609375
5358337500.0,	0.07391738891601562,	0.057949066162109375
5358375000.0,	0.07587814331054688,	0.0577545166015625
5358412500.0,	0.07255935668945312,	0.056781768798828125
5358450000.0,	0.07297897338867188,	0.056346893310546875
5358487500.0,	0.07295608520507812,	0.058757781982421875
5358525000.0,	0.07371902465820312,	0.057483673095703125
5358562500.0,	0.07457351684570312,	0.05709075927734375
5358600000.0,	0.0757904052734375,	0.0557098388671875
5358637500.0,	0.0735626220703125,	0.0588531494140625
5358675000.0,	0.07573699951171875,	0.057247161865234375
5358712500.0,	0.07314300537109375,	0.056903839111328125
5358750000.0,	0.07614898681640625,	0.05673980712890625
5358787500.0,	0.07326889038085938,	0.056896209716796875
5358825000.0,	0.07432937622070312,	0.0559844970703125
5358862500.0,	0.07515716552734375,	0.0579681396484375
5358900000.0,	0.07452774047851562,	0.0566253662109375
5358937500.0,	0.0725555419921875,	0.05810546875
5358975000.0,	0.0735321044921875,	0.057857513427734375
5359012500.0,	0.0705413818359375,	0.05767822265625
5359050000.0,	0.07461166381835938,	0.057979583740234375
5359087500.0,	0.072601318359375,	0.055938720703125
5359125000.0,	0.072601318359375,	0.05631256103515625
5359162500.0,	0.07382965087890625,	0.057598114013671875
5359200000.0,	0.07462692260742188,	0.05550384521484375
5359237500.0,	0.0744171142578125,	0.0558013916015625
5359275000.0,	0.07411956787109375,	0.05869293212890625
5359312500.0,	0.07321929931640625,	0.05727386474609375
5359350000.0,	0.07357406616210938,	0.05564117431640625
5359387500.0,	0.07222366333007812,	0.0554656982421875
5359425000.0,	0.07263946533203125,	0.05445098876953125
5359462500.0,	0.0743560791015625,	0.0580596923828125
5359500000.0,	0.072845458984375,	0.05596160888671875
5359537500.0,	0.07310867309570312,	0.055896759033203125
5359575000.0,	0.07502365112304688,	0.05615997314453125
5359612500.0,	0.07480239868164062,	0.05633544921875
5359650000.0,	0.07596588134765625,	0.055755615234375
5359687500.0,	0.0742645263671875,	0.05742645263671875
5359725000.0,	0.07577133178710938,	0.056232452392578125
5359762500.0,	0.07403564453125,	0.05529022216796875
5359800000.0,	0.07344436645507812,	0.056529998779296875
5359837500.0,	0.0752105712890625,	0.05568695068359375
5359875000.0,	0.0709381103515625,	0.056789398193359375
5359912500.0,	0.0731201171875,	0.0549774169921875
5359950000.0,	0.07576370239257812,	0.0536041259765625
5359987500.0,	0.07260894775390625,	0.0577239990234375
5360025000.0,	0.07304763793945312,	0.0569915771484375
5360062500.0,	0.07368850708007812,	0.0571746826171875
5360100000.0,	0.07189178466796875,	0.0535736083984375
5360137500.0,	0.075103759765625,	0.05483245849609375
5360175000.0,	0.07489013671875,	0.055896759033203125
5360212500.0,	0.07256698608398438,	0.055461883544921875
5360250000.0,	0.0733795166015625,	0.057086944580078125
5360287500.0,	0.07128143310546875,	0.056365966796875
5360325000.0,	0.07427978515625,	0.055812835693359375
5360362500.0,	0.07294845581054688,	0.052951812744140625
5360400000.0,	0.07433700561523438,	0.056041717529296875
5360437500.0,	0.0721282958984375,	0.0540618896484375
5360475000.0,	0.07326507568359375,	0.0562896728515625
5360512500.0,	0.0727996826171875,	0.054393768310546875
5360550000.0,	0.07139205932617188,	0.055332183837890625
5360587500.0,	0.0735321044921875,	0.055614471435546875
5360625000.0,	0.07515335083007812,	0.056606292724609375
5360662500.0,	0.07476425170898438,	0.0556793212890625
5360700000.0,	0.0716400146484375,	0.054866790771484375
5360737500.0,	0.07396697998046875,	0.0566864013671875
5360775000.0,	0.07274246215820312,	0.057270050048828125
5360812500.0,	0.0745849609375,	0.056880950927734375
5360850000.0,	0.07120895385742188,	0.05641937255859375
5360887500.0,	0.07013702392578125,	0.056720733642578125
5360925000.0,	0.07155227661132812,	0.055713653564453125
5360962500.0,	0.07046127319335938,	0.05445098876953125
5361000000.0,	0.07211685180664062,	0.0534515380859375
5361037500.0,	0.07355880737304688,	0.057163238525390625
5361075000.0,	0.07383346557617188,	0.054584503173828125
5361112500.0,	0.07258987426757812,	0.052745819091796875
5361150000.0,	0.07069015502929688,	0.055583953857421875
5361187500.0,	0.0720977783203125,	0.054473876953125
5361225000.0,	0.07188034057617188,	0.05641937255859375
5361262500.0,	0.07125091552734375,	0.053020477294921875
5361300000.0,	0.07089614868164062,	0.05561065673828125
5361337500.0,	0.07286834716796875,	0.05365753173828125
5361375000.0,	0.07146453857421875,	0.053096771240234375
5361412500.0,	0.07293319702148438,	0.05654144287109375
5361450000.0,	0.071136474609375,	0.055728912353515625
5361487500.0,	0.07155609130859375,	0.055416107177734375
5361525000.0,	0.07098770141601562,	0.05621337890625
5361562500.0,	0.07135009765625,	0.05522918701171875
5361600000.0,	0.07120895385742188,	0.053234100341796875
5361637500.0,	0.07269668579101562,	0.0551910400390625
5361675000.0,	0.0730438232421875,	0.055522918701171875
5361712500.0,	0.07016372680664062,	0.056346893310546875
5361750000.0,	0.07314682006835938,	0.055187225341796875
5361787500.0,	0.07103729248046875,	0.0540313720703125
5361825000.0,	0.07343673706054688,	0.055370330810546875
5361862500.0,	0.0739593505859375,	0.05371856689453125
5361900000.0,	0.0732269287109375,	0.054351806640625
5361937500.0,	0.07017898559570312,	0.054073333740234375
5361975000.0,	0.07084274291992188,	0.05507659912109375
5362012500.0,	0.07001113891601562,	0.05506134033203125
5362050000.0,	0.07159042358398438,	0.05413818359375
5362087500.0,	0.07099533081054688,	0.053741455078125
5362125000.0,	0.07065582275390625,	0.055118560791015625
5362162500.0,	0.07159805297851562,	0.054931640625
5362200000.0,	0.06952667236328125,	0.054111480712890625
5362237500.0,	0.07294845581054688,	0.0555419921875
5362275000.0,	0.07155227661132812,	0.0526123046875
5362312500.0,	0.07173538208007812,	0.0535736083984375
5362350000.0,	0.07264328002929688,	0.055255889892578125
5362387500.0,	0.07181167602539062,	0.0549468994140625
5362425000.0,	0.07190322875976562,	0.0548095703125
5362462500.0,	0.07111358642578125,	0.0558929443359375
5362500000.0,	0.0705718994140625,	0.052547454833984375
5362537500.0,	0.07011032104492188,	0.051853179931640625
5362575000.0,	0.070220947265625,	0.05399322509765625
5362612500.0,	0.07067108154296875,	0.05371856689453125
5362650000.0,	0.07323455810546875,	0.054195404052734375
5362687500.0,	0.07188796997070312,	0.05429840087890625
5362725000.0,	0.07009506225585938,	0.053241729736328125
5362762500.0,	0.07059478759765625,	0.052722930908203125
5362800000.0,	0.0688018798828125,	0.052215576171875
5362837500.0,	0.06988143920898438,	0.05210113525390625
5362875000.0,	0.06911849975585938,	0.0534515380859375
5362912500.0,	0.07057571411132812,	0.0531768798828125
5362950000.0,	0.06935882568359375,	0.054553985595703125
5362987500.0,	0.06960296630859375,	0.051952362060546875
5363025000.0,	0.069091796875,	0.05216217041015625
5363062500.0,	0.07169723510742188,	0.05255889892578125
5363100000.0,	0.07045745849609375,	0.05478668212890625
5363137500.0,	0.07213973999023438,	0.052562713623046875
5363175000.0,	0.07133865356445312,	0.053287506103515625
5363212500.0,	0.0719451904296875,	0.0545501708984375
5363250000.0,	0.0699005126953125,	0.05524444580078125
5363287500.0,	0.0723114013671875,	0.053985595703125
5363325000.0,	0.06964492797851562,	0.055316925048828125
5363362500.0,	0.06958389282226562,	0.055034637451171875
5363400000.0,	0.07086944580078125,	0.053462982177734375
5363437500.0,	0.06881332397460938,	0.054126739501953125
5363475000.0,	0.07042312622070312,	0.055011749267578125
5363512500.0,	0.06946563720703125,	0.0538177490234375
5363550000.0,	0.06818771362304688,	0.053180694580078125
5363587500.0,	0.06967544555664062,	0.053585052490234375
5363625000.0,	0.07123565673828125,	0.052883148193359375
5363662500.0,	0.07079696655273438,	0.051975250244140625
5363700000.0,	0.0684356689453125,	0.05472564697265625
5363737500.0,	0.06908035278320312,	0.052520751953125
5363775000.0,	0.069549560546875,	0.052745819091796875
5363812500.0,	0.07040786743164062,	0.054447174072265625
5363850000.0,	0.06989669799804688,	0.052547454833984375
5363887500.0,	0.06978225708007812,	0.05373382568359375
5363925000.0,	0.06979751586914062,	0.054107666015625
5363962500.0,	0.07216644287109375,	0.052883148193359375
5364000000.0,	0.07150650024414062,	0.0538177490234375
5364037500.0,	0.07073211669921875,	0.052700042724609375
5364075000.0,	0.0694427490234375,	0.0531768798828125
5364112500.0,	0.0697479248046875,	0.05181121826171875
5364150000.0,	0.07078933715820312,	0.054012298583984375
5364187500.0,	0.0697479248046875,	0.051319122314453125
5364225000.0,	0.07000350952148438,	0.051300048828125
5364262500.0,	0.06827163696289062,	0.052860260009765625
5364300000.0,	0.07037734985351562,	0.052112579345703125
5364337500.0,	0.07048416137695312,	0.05213165283203125
5364375000.0,	0.06876754760742188,	0.052394866943359375
5364412500.0,	0.06890106201171875,	0.0522613525390625
5364450000.0,	0.07038497924804688,	0.05303192138671875
5364487500.0,	0.06972503662109375,	0.053501129150390625
5364525000.0,	0.06728744506835938,	0.05480194091796875
5364562500.0,	0.0655059814453125,	0.051544189453125
5364600000.0,	0.06997299194335938,	0.053287506103515625
5364637500.0,	0.07094573974609375,	0.05187225341796875
5364675000.0,	0.07028961181640625,	0.053497314453125
5364712500.0,	0.07070159912109375,	0.0535430908203125
5364750000.0,	0.069915771484375,	0.053844451904296875
5364787500.0,	0.06932449340820312,	0.054256439208984375
5364825000.0,	0.06834793090820312,	0.053035736083984375
5364862500.0,	0.06783294677734375,	0.052684783935546875
5364900000.0,	0.06827163696289062,	0.051364898681640625
5364937500.0,	0.06974411010742188,	0.05274200439453125
5364975000.0,	0.06947708129882812,	0.053852081298828125
5365012500.0,	0.06940841674804688,	0.05214691162109375
5365050000.0,	0.06744766235351562,	0.0506744384765625
5365087500.0,	0.0703277587890625,	0.053295135498046875
5365125000.0,	0.06891250610351562,	0.052516937255859375
5365162500.0,	0.06938934326171875,	0.050724029541015625
5365200000.0,	0.06834793090820312,	0.05301666259765625
5365237500.0,	0.07030487060546875,	0.05304718017578125
5365275000.0,	0.06952667236328125,	0.053508758544921875
5365312500.0,	0.0686187744140625,	0.054290771484375
5365350000.0,	0.06847763061523438,	0.053768157958984375
5365387500.0,	0.06938552856445312,	0.056018829345703125
5365425000.0,	0.06748199462890625,	0.0511322021484375
5365462500.0,	0.07002639770507812,	0.05069732666015625
5365500000.0,	0.06873703002929688,	0.0526580810546875
5365537500.0,	0.06916046142578125,	0.05379486083984375
5365575000.0,	0.0670623779296875,	0.052371978759765625
5365612500.0,	0.07028579711914062,	0.05204010009765625
5365650000.0,	0.06793975830078125,	0.051975250244140625
5365687500.0,	0.06873703002929688,	0.05268096923828125
5365725000.0,	0.06859970092773438,	0.05149078369140625
5365762500.0,	0.06795501708984375,	0.0517578125
5365800000.0,	0.06804275512695312,	0.052577972412109375
5365837500.0,	0.06932830810546875,	0.05202484130859375
5365875000.0,	0.06734848022460938,	0.0538482666015625
5365912500.0,	0.06798553466796875,	0.05541229248046875
5365950000.0,	0.06806182861328125,	0.050945281982421875
5365987500.0,	0.06845474243164062,	0.053676605224609375
5366025000.0,	0.06792068481445312,	0.05107879638671875
5366062500.0,	0.06549835205078125,	0.05440521240234375
5366100000.0,	0.06969451904296875,	0.051906585693359375
5366137500.0,	0.06702423095703125,	0.0535736083984375
5366175000.0,	0.06650924682617188,	0.054058074951171875
5366212500.0,	0.06799697875976562,	0.051708221435546875
5366250000.0,	0.06700515747070312,	0.05168914794921875
5366287500.0,	0.06682586669921875,	0.050739288330078125
5366325000.0,	0.06734848022460938,	0.05306243896484375
5366362500.0,	0.06776046752929688,	0.053462982177734375
5366400000.0,	0.0692138671875,	0.051540374755859375
5366437500.0,	0.06859207153320312,	0.052120208740234375
5366475000.0,	0.06722640991210938,	0.05170440673828125
5366512500.0,	0.06668853759765625,	0.053829193115234375
5366550000.0,	0.06839752197265625,	0.0525360107421875
5366587500.0,	0.06910324096679688,	0.052623748779296875
5366625000.0,	0.0683746337890625,	0.053073883056640625
5366662500.0,	0.06965255737304688,	0.05345916748046875
5366700000.0,	0.06769180297851562,	0.052165985107421875
5366737500.0,	0.06793975830078125,	0.05194091796875
5366775000.0,	0.06860733032226562,	0.054046630859375
5366812500.0,	0.06692123413085938,	0.053924560546875
5366850000.0,	0.06679153442382812,	0.05016326904296875
5366887500.0,	0.06747055053710938,	0.050933837890625
5366925000.0,	0.06843185424804688,	0.0512847900390625
5366962500.0,	0.06797409057617188,	0.051929473876953125
5367000000.0,	0.06834793090820312,	0.05402374267578125
5367037500.0,	0.06608200073242188,	0.05399322509765625
5367075000.0,	0.06652069091796875,	0.05124664306640625
5367112500.0,	0.06792831420898438,	0.053226470947265625
5367150000.0,	0.06807327270507812,	0.05245208740234375
5367187500.0,	0.0668487548828125,	0.05236053466796875
5367225000.0,	0.06917953491210938,	0.053539276123046875
5367262500.0,	0.06818008422851562,	0.0529327392578125
5367300000.0,	0.0680694580078125,	0.05121612548828125
5367337500.0,	0.06996536254882812,	0.053127288818359375
5367375000.0,	0.06693649291992188,	0.051761627197265625
5367412500.0,	0.06740570068359375,	0.050815582275390625
5367450000.0,	0.06695175170898438,	0.05423736572265625
5367487500.0,	0.0684967041015625,	0.053081512451171875
5367525000.0,	0.06653976440429688,	0.053951263427734375
5367562500.0,	0.06850051879882812,	0.05103302001953125
5367600000.0,	0.06812286376953125,	0.052944183349609375
5367637500.0,	0.06686782836914062,	0.05406951904296875
5367675000.0,	0.06655502319335938,	0.054470062255859375
5367712500.0,	0.0678863525390625,	0.049652099609375
5367750000.0,	0.070220947265625,	0.051517486572265625
5367787500.0,	0.06831741333007812,	0.054393768310546875
5367825000.0,	0.06655502319335938,	0.051548004150390625
5367862500.0,	0.0681304931640625,	0.051792144775390625
5367900000.0,	0.06841659545898438,	0.053142547607421875
5367937500.0,	0.06671905517578125,	0.052738189697265625
5367975000.0,	0.06646347045898438,	0.053012847900390625
5368012500.0,	0.06806564331054688,	0.051845550537109375
5368050000.0,	0.064361572265625,	0.049312591552734375
5368087500.0,	0.06801986694335938,	0.050868988037109375
5368125000.0,	0.06826400756835938,	0.05207061767578125
5368162500.0,	0.06561279296875,	0.05145263671875
5368200000.0,	0.068756103515625,	0.05356597900390625
5368237500.0,	0.06919097900390625,	0.053203582763671875
5368275000.0,	0.06868362426757812,	0.05289459228515625
5368312500.0,	0.06595230102539062,	0.05095672607421875
5368350000.0,	0.06737518310546875,	0.053646087646484375
5368387500.0,	0.0693206787109375,	0.05242919921875
5368425000.0,	0.06866836547851562,	0.05094146728515625
5368462500.0,	0.06663894653320312,	0.051025390625
5368500000.0,	0.06604385375976562,	0.053638458251953125
5368537500.0,	0.06641769409179688,	0.0521087646484375
5368575000.0,	0.06576156616210938,	0.052967071533203125
5368612500.0,	0.06578445434570312,	0.049602508544921875
5368650000.0,	0.06576156616210938,	0.052669525146484375
5368687500.0,	0.06689453125,	0.050617218017578125
5368725000.0,	0.06553268432617188,	0.05322265625
5368762500.0,	0.0678558349609375,	0.053043365478515625
5368800000.0,	0.06922531127929688,	0.05197906494140625
5368837500.0,	0.0670166015625,	0.05240631103515625
5368875000.0,	0.06460952758789062,	0.05211639404296875
5368912500.0,	0.06624221801757812,	0.051273345947265625
5368950000.0,	0.06661605834960938,	0.0518035888671875
5368987500.0,	0.06710433959960938,	0.051853179931640625
5369025000.0,	0.06657791137695312,	0.052204132080078125
5369062500.0,	0.06716537475585938,	0.053676605224609375
5369100000.0,	0.06641387939453125,	0.052326202392578125
5369137500.0,	0.0682373046875,	0.053501129150390625
5369175000.0,	0.06824493408203125,	0.04920196533203125
5369212500.0,	0.06663131713867188,	0.0524749755859375
5369250000.0,	0.06584548950195312,	0.05043792724609375
5369287500.0,	0.06638336181640625,	0.05153656005859375
5369325000.0,	0.06867218017578125,	0.052490234375
5369362500.0,	0.06539154052734375,	0.053852081298828125
5369400000.0,	0.06708908081054688,	0.05197906494140625
5369437500.0,	0.0659637451171875,	0.050312042236328125
5369475000.0,	0.06439590454101562,	0.051807403564453125
5369512500.0,	0.06496429443359375,	0.052764892578125
5369550000.0,	0.06625747680664062,	0.051334381103515625
5369587500.0,	0.06432342529296875,	0.05164337158203125
5369625000.0,	0.06687164306640625,	0.052112579345703125
5369662500.0,	0.06518173217773438,	0.053714752197265625
5369700000.0,	0.06440353393554688,	0.053150177001953125
5369737500.0,	0.06734466552734375,	0.052371978759765625
5369775000.0,	0.06766128540039062,	0.05149078369140625
5369812500.0,	0.06813430786132812,	0.053394317626953125
5369850000.0,	0.06630706787109375,	0.05292510986328125
5369887500.0,	0.067626953125,	0.053394317626953125
5369925000.0,	0.06563949584960938,	0.053394317626953125
5369962500.0,	0.066619873046875,	0.0528411865234375
5370000000.0,	0.0652618408203125,	0.054119110107421875
