5360018750.0,	0.07388687133789062,	0.05486297607421875
5360037500.0,	0.07359695434570312,	0.057239532470703125
5360056250.0,	0.07495880126953125,	0.055877685546875
5360075000.0,	0.07097625732421875,	0.05606842041015625
5360093750.0,	0.07404708862304688,	0.055019378662109375
5360112500.0,	0.0716705322265625,	0.056735992431640625
5360131250.0,	0.0734100341796875,	0.0569000244140625
5360150000.0,	0.07407379150390625,	0.055286407470703125
5360168750.0,	0.0761871337890625,	0.055660247802734375
5360187500.0,	0.0724029541015625,	0.058483123779296875
5360206250.0,	0.07155990600585938,	0.055820465087890625
5360225000.0,	0.07360458374023438,	0.0550537109375
5360243750.0,	0.07256698608398438,	0.055591583251953125
5360262500.0,	0.07232284545898438,	0.0577392578125
5360281250.0,	0.0748443603515625,	0.056461334228515625
5360300000.0,	0.07259368896484375,	0.056060791015625
5360318750.0,	0.074310302734375,	0.05419921875
5360337500.0,	0.07315826416015625,	0.057315826416015625
5360356250.0,	0.07444000244140625,	0.05480194091796875
5360375000.0,	0.07422256469726562,	0.0558929443359375
5360393750.0,	0.07458114624023438,	0.055873870849609375
5360412500.0,	0.07300567626953125,	0.055370330810546875
5360431250.0,	0.07221603393554688,	0.055816650390625
5360450000.0,	0.07404708862304688,	0.056575775146484375
5360468750.0,	0.072052001953125,	0.056453704833984375
5360487500.0,	0.07457733154296875,	0.057384490966796875
5360506250.0,	0.07085418701171875,	0.053295135498046875
5360525000.0,	0.07238006591796875,	0.055267333984375
5360543750.0,	0.07346725463867188,	0.05582427978515625
5360562500.0,	0.07143020629882812,	0.05596160888671875
5360581250.0,	0.07277679443359375,	0.05633544921875
5360600000.0,	0.07252883911132812,	0.053802490234375
5360618750.0,	0.07408905029296875,	0.055389404296875
5360637500.0,	0.07440948486328125,	0.055027008056640625
5360656250.0,	0.07259368896484375,	0.053516387939453125
5360675000.0,	0.07322311401367188,	0.056118011474609375
5360693750.0,	0.07284927368164062,	0.055858612060546875
5360712500.0,	0.07217025756835938,	0.05626678466796875
5360731250.0,	0.07246780395507812,	0.054683685302734375
5360750000.0,	0.07479095458984375,	0.05602264404296875
5360768750.0,	0.07304000854492188,	0.05605316162109375
5360787500.0,	0.07210540771484375,	0.056087493896484375
5360806250.0,	0.07355880737304688,	0.05434417724609375
5360825000.0,	0.07241058349609375,	0.057117462158203125
5360843750.0,	0.07357025146484375,	0.0567169189453125
5360862500.0,	0.07166290283203125,	0.05434417724609375
5360881250.0,	0.07176971435546875,	0.05499267578125
5360900000.0,	0.07238006591796875,	0.05450439453125
5360918750.0,	0.071807861328125,	0.055866241455078125
5360937500.0,	0.07086563110351562,	0.05634307861328125
5360956250.0,	0.07216262817382812,	0.055789947509765625
5360975000.0,	0.07183456420898438,	0.05701446533203125
5360993750.0,	0.07321548461914062,	0.053539276123046875
5361012500.0,	0.07302474975585938,	0.053028106689453125
5361031250.0,	0.07239151000976562,	0.053279876708984375
5361050000.0,	0.07356643676757812,	0.0549774169921875
5361068750.0,	0.07140731811523438,	0.054973602294921875
5361087500.0,	0.07305145263671875,	0.05560302734375
5361106250.0,	0.07355880737304688,	0.0543212890625
5361125000.0,	0.07329559326171875,	0.054046630859375
5361143750.0,	0.07140731811523438,	0.05701446533203125
5361162500.0,	0.072265625,	0.05440521240234375
5361181250.0,	0.07225799560546875,	0.055690765380859375
5361200000.0,	0.07201385498046875,	0.0546875
5361218750.0,	0.07028579711914062,	0.0545196533203125
5361237500.0,	0.071044921875,	0.054576873779296875
5361256250.0,	0.07203292846679688,	0.053985595703125
5361275000.0,	0.07232284545898438,	0.0560455322265625
5361293750.0,	0.07037353515625,	0.053417205810546875
5361312500.0,	0.07330703735351562,	0.054779052734375
5361331250.0,	0.07285690307617188,	0.05501556396484375
5361350000.0,	0.07240676879882812,	0.05567169189453125
5361368750.0,	0.07154083251953125,	0.053730010986328125
5361387500.0,	0.07275390625,	0.05454254150390625
5361406250.0,	0.07165145874023438,	0.0557861328125
5361425000.0,	0.07348251342773438,	0.055572509765625
5361443750.0,	0.07355499267578125,	0.05462646484375
5361462500.0,	0.07096481323242188,	0.055454254150390625
5361481250.0,	0.07155990600585938,	0.055316925048828125
5361500000.0,	0.07138824462890625,	0.055217742919921875
5361518750.0,	0.07207107543945312,	0.0563201904296875
5361537500.0,	0.072113037109375,	0.054668426513671875
5361556250.0,	0.07201766967773438,	0.055316925048828125
5361575000.0,	0.07190704345703125,	0.0531158447265625
5361593750.0,	0.07088088989257812,	0.05472564697265625
5361612500.0,	0.07152175903320312,	0.0551300048828125
5361631250.0,	0.06843948364257812,	0.05516815185546875
5361650000.0,	0.07227706909179688,	0.05234527587890625
5361668750.0,	0.07205963134765625,	0.054752349853515625
5361687500.0,	0.07146835327148438,	0.0551910400390625
5361706250.0,	0.0710906982421875,	0.054233551025390625
5361725000.0,	0.07143402099609375,	0.054355621337890625
5361743750.0,	0.07219696044921875,	0.053485870361328125
5361762500.0,	0.07248687744140625,	0.0553436279296875
5361781250.0,	0.07065200805664062,	0.05596923828125
5361800000.0,	0.07143020629882812,	0.055637359619140625
5361818750.0,	0.07220840454101562,	0.053863525390625
5361837500.0,	0.07270431518554688,	0.053989410400390625
5361856250.0,	0.07067489624023438,	0.05328369140625
5361875000.0,	0.0719757080078125,	0.053447723388671875
5361893750.0,	0.07073211669921875,	0.05422210693359375
5361912500.0,	0.07093048095703125,	0.054470062255859375
5361931250.0,	0.071746826171875,	0.057323455810546875
5361950000.0,	0.07125473022460938,	0.054958343505859375
5361968750.0,	0.07027816772460938,	0.055850982666015625
5361987500.0,	0.07298660278320312,	0.054813385009765625
5362006250.0,	0.0716552734375,	0.054279327392578125
5362025000.0,	0.07051849365234375,	0.0537567138671875
5362043750.0,	0.0716094970703125,	0.052806854248046875
5362062500.0,	0.072662353515625,	0.052486419677734375
5362081250.0,	0.0742340087890625,	0.053760528564453125
5362100000.0,	0.07048797607421875,	0.05284881591796875
5362118750.0,	0.07192611694335938,	0.054561614990234375
5362137500.0,	0.07104110717773438,	0.052959442138671875
5362156250.0,	0.07231903076171875,	0.052387237548828125
5362175000.0,	0.06982040405273438,	0.054561614990234375
5362193750.0,	0.06972122192382812,	0.05356597900390625
5362212500.0,	0.07051467895507812,	0.05410003662109375
5362231250.0,	0.07105636596679688,	0.054035186767578125
5362250000.0,	0.07213211059570312,	0.05267333984375
5362268750.0,	0.0716552734375,	0.0540924072265625
5362287500.0,	0.07013702392578125,	0.054492950439453125
5362306250.0,	0.0708770751953125,	0.0546417236328125
5362325000.0,	0.0715179443359375,	0.055255889892578125
5362343750.0,	0.0701141357421875,	0.0519866943359375
5362362500.0,	0.071319580078125,	0.0558624267578125
5362381250.0,	0.07021331787109375,	0.054409027099609375
5362400000.0,	0.07015609741210938,	0.054782867431640625
5362418750.0,	0.0723419189453125,	0.055267333984375
5362437500.0,	0.0708770751953125,	0.055973052978515625
5362456250.0,	0.06931304931640625,	0.053646087646484375
5362475000.0,	0.07064056396484375,	0.05393218994140625
5362493750.0,	0.07007598876953125,	0.053821563720703125
5362512500.0,	0.07244110107421875,	0.0545501708984375
5362531250.0,	0.07170867919921875,	0.05434417724609375
5362550000.0,	0.07007598876953125,	0.053752899169921875
5362568750.0,	0.07148361206054688,	0.0544586181640625
5362587500.0,	0.07135772705078125,	0.0549163818359375
5362606250.0,	0.07157135009765625,	0.054752349853515625
5362625000.0,	0.0716552734375,	0.05309295654296875
5362643750.0,	0.070648193359375,	0.053958892822265625
5362662500.0,	0.07042694091796875,	0.05445098876953125
5362681250.0,	0.0724639892578125,	0.05391693115234375
5362700000.0,	0.07185745239257812,	0.052547454833984375
5362718750.0,	0.0711822509765625,	0.05178070068359375
5362737500.0,	0.07363128662109375,	0.054523468017578125
5362756250.0,	0.07116317749023438,	0.0539398193359375
5362775000.0,	0.0692291259765625,	0.054744720458984375
5362793750.0,	0.0718994140625,	0.0524139404296875
5362812500.0,	0.07016372680664062,	0.05438995361328125
5362831250.0,	0.07145309448242188,	0.053089141845703125
5362850000.0,	0.07143783569335938,	0.054046630859375
5362868750.0,	0.06985092163085938,	0.053638458251953125
5362887500.0,	0.07145309448242188,	0.053302764892578125
5362906250.0,	0.07114410400390625,	0.050689697265625
5362925000.0,	0.07200241088867188,	0.055126190185546875
5362943750.0,	0.07135009765625,	0.0537567138671875
5362962500.0,	0.07110214233398438,	0.0547637939453125
5362981250.0,	0.07302474975585938,	0.053249359130859375
5363000000.0,	0.06963348388671875,	0.05240631103515625
5363018750.0,	0.07205963134765625,	0.05440521240234375
5363037500.0,	0.0705413818359375,	0.05355072021484375
5363056250.0,	0.06990432739257812,	0.054347991943359375
5363075000.0,	0.07001876831054688,	0.05396270751953125
5363093750.0,	0.069366455078125,	0.053516387939453125
5363112500.0,	0.06915283203125,	0.053737640380859375
5363131250.0,	0.07107925415039062,	0.054477691650390625
5363150000.0,	0.07030487060546875,	0.053691864013671875
5363168750.0,	0.06972885131835938,	0.051666259765625
5363187500.0,	0.07067108154296875,	0.053882598876953125
5363206250.0,	0.07193756103515625,	0.052669525146484375
5363225000.0,	0.07075881958007812,	0.055500030517578125
5363243750.0,	0.07336044311523438,	0.0546722412109375
5363262500.0,	0.06925201416015625,	0.05345916748046875
5363281250.0,	0.0714569091796875,	0.052867889404296875
5363300000.0,	0.06928634643554688,	0.054409027099609375
5363318750.0,	0.07081222534179688,	0.053802490234375
5363337500.0,	0.0723724365234375,	0.052001953125
5363356250.0,	0.07193756103515625,	0.052745819091796875
5363375000.0,	0.07133865356445312,	0.055301666259765625
5363393750.0,	0.0707550048828125,	0.05197906494140625
5363412500.0,	0.0712432861328125,	0.051746368408203125
5363431250.0,	0.07065200805664062,	0.053096771240234375
5363450000.0,	0.06943130493164062,	0.0543975830078125
5363468750.0,	0.06983566284179688,	0.054416656494140625
5363487500.0,	0.06995773315429688,	0.052074432373046875
5363506250.0,	0.07133102416992188,	0.05322265625
5363525000.0,	0.07123184204101562,	0.052379608154296875
5363543750.0,	0.06828689575195312,	0.054752349853515625
5363562500.0,	0.07122039794921875,	0.053192138671875
5363581250.0,	0.0694732666015625,	0.0540313720703125
5363600000.0,	0.06921768188476562,	0.053867340087890625
5363618750.0,	0.07121658325195312,	0.052913665771484375
5363637500.0,	0.07163238525390625,	0.052799224853515625
5363656250.0,	0.07073211669921875,	0.055332183837890625
5363675000.0,	0.06822967529296875,	0.053638458251953125
5363693750.0,	0.06888580322265625,	0.054920196533203125
5363712500.0,	0.069091796875,	0.052886962890625
5363731250.0,	0.0690460205078125,	0.05327606201171875
5363750000.0,	0.07097244262695312,	0.05246734619140625
5363768750.0,	0.0701141357421875,	0.053989410400390625
5363787500.0,	0.07001495361328125,	0.05486297607421875
5363806250.0,	0.0713348388671875,	0.0550537109375
5363825000.0,	0.07097625732421875,	0.05303192138671875
5363843750.0,	0.06877899169921875,	0.054412841796875
5363862500.0,	0.07122421264648438,	0.052333831787109375
5363881250.0,	0.06821441650390625,	0.054203033447265625
5363900000.0,	0.06926727294921875,	0.052276611328125
5363918750.0,	0.07098388671875,	0.053714752197265625
5363937500.0,	0.07074737548828125,	0.05353546142578125
5363956250.0,	0.07320022583007812,	0.05268096923828125
5363975000.0,	0.06923294067382812,	0.052150726318359375
5363993750.0,	0.07033157348632812,	0.05164337158203125
5364012500.0,	0.06912612915039062,	0.052196502685546875
5364031250.0,	0.07014083862304688,	0.054576873779296875
5364050000.0,	0.07080459594726562,	0.05223846435546875
5364068750.0,	0.07014083862304688,	0.052715301513671875
5364087500.0,	0.06937026977539062,	0.05199432373046875
5364106250.0,	0.06909942626953125,	0.05413818359375
5364125000.0,	0.06937408447265625,	0.05355072021484375
5364143750.0,	0.07080841064453125,	0.051616668701171875
5364162500.0,	0.07025527954101562,	0.052669525146484375
5364181250.0,	0.0709381103515625,	0.053386688232421875
5364200000.0,	0.06940078735351562,	0.05157470703125
5364218750.0,	0.06885910034179688,	0.0531158447265625
5364237500.0,	0.06870269775390625,	0.052837371826171875
5364256250.0,	0.06944656372070312,	0.05451202392578125
5364275000.0,	0.0687255859375,	0.0505218505859375
5364293750.0,	0.07051467895507812,	0.05437469482421875
5364312500.0,	0.06976318359375,	0.05257415771484375
5364331250.0,	0.07003402709960938,	0.052448272705078125
5364350000.0,	0.06949615478515625,	0.05365753173828125
5364368750.0,	0.06964874267578125,	0.055141448974609375
5364387500.0,	0.07055282592773438,	0.05399322509765625
5364406250.0,	0.07076263427734375,	0.0540924072265625
5364425000.0,	0.07103347778320312,	0.053241729736328125
5364443750.0,	0.0738525390625,	0.052356719970703125
5364462500.0,	0.06870269775390625,	0.0529022216796875
5364481250.0,	0.06793594360351562,	0.054229736328125
5364500000.0,	0.0701446533203125,	0.052211761474609375
5364518750.0,	0.06790924072265625,	0.053997039794921875
5364537500.0,	0.069854736328125,	0.0530853271484375
5364556250.0,	0.06976699829101562,	0.05301666259765625
5364575000.0,	0.0684661865234375,	0.051952362060546875
5364593750.0,	0.07104110717773438,	0.052783966064453125
5364612500.0,	0.07048416137695312,	0.05376434326171875
5364631250.0,	0.07283782958984375,	0.05222320556640625
5364650000.0,	0.06717300415039062,	0.052242279052734375
5364668750.0,	0.06971359252929688,	0.05478668212890625
5364687500.0,	0.06873703002929688,	0.051654815673828125
5364706250.0,	0.070068359375,	0.054409027099609375
5364725000.0,	0.06860733032226562,	0.05248260498046875
5364743750.0,	0.069732666015625,	0.052852630615234375
5364762500.0,	0.06995391845703125,	0.052829742431640625
5364781250.0,	0.06822967529296875,	0.054447174072265625
5364800000.0,	0.0706024169921875,	0.05118560791015625
5364818750.0,	0.070281982421875,	0.051898956298828125
5364837500.0,	0.07076263427734375,	0.052845001220703125
5364856250.0,	0.0681304931640625,	0.053897857666015625
5364875000.0,	0.06898117065429688,	0.05423736572265625
5364893750.0,	0.07098770141601562,	0.051998138427734375
5364912500.0,	0.0675811767578125,	0.0513763427734375
5364931250.0,	0.06990432739257812,	0.048717498779296875
5364950000.0,	0.0705108642578125,	0.05176544189453125
5364968750.0,	0.06801223754882812,	0.053272247314453125
5364987500.0,	0.0688323974609375,	0.052639007568359375
5365006250.0,	0.06907272338867188,	0.052886962890625
5365025000.0,	0.06826400756835938,	0.052707672119140625
5365043750.0,	0.06842041015625,	0.054317474365234375
5365062500.0,	0.06844329833984375,	0.051158905029296875
5365081250.0,	0.07038497924804688,	0.050914764404296875
5365100000.0,	0.06855010986328125,	0.05389404296875
5365118750.0,	0.07101821899414062,	0.05138397216796875
5365137500.0,	0.06745529174804688,	0.05088043212890625
5365156250.0,	0.07017135620117188,	0.05219268798828125
5365175000.0,	0.0681304931640625,	0.052280426025390625
5365193750.0,	0.0672760009765625,	0.05230712890625
5365212500.0,	0.06909942626953125,	0.053295135498046875
5365231250.0,	0.067047119140625,	0.052459716796875
5365250000.0,	0.06895828247070312,	0.05326080322265625
5365268750.0,	0.06745147705078125,	0.052379608154296875
5365287500.0,	0.06970596313476562,	0.05188751220703125
5365306250.0,	0.07135009765625,	0.054752349853515625
5365325000.0,	0.06916427612304688,	0.053924560546875
5365343750.0,	0.06928253173828125,	0.051540374755859375
5365362500.0,	0.06810760498046875,	0.052829742431640625
5365381250.0,	0.06844329833984375,	0.05161285400390625
5365400000.0,	0.06957626342773438,	0.052032470703125
5365418750.0,	0.06848907470703125,	0.052433013916015625
5365437500.0,	0.0690765380859375,	0.0517578125
5365456250.0,	0.068572998046875,	0.05480194091796875
5365475000.0,	0.06874465942382812,	0.05113983154296875
5365493750.0,	0.07070541381835938,	0.05206298828125
5365512500.0,	0.0697784423828125,	0.051807403564453125
5365531250.0,	0.06795883178710938,	0.0528717041015625
5365550000.0,	0.06880950927734375,	0.0522308349609375
5365568750.0,	0.06929397583007812,	0.05115509033203125
5365587500.0,	0.06882095336914062,	0.05287933349609375
5365606250.0,	0.0688323974609375,	0.052516937255859375
5365625000.0,	0.0706634521484375,	0.051666259765625
5365643750.0,	0.06787490844726562,	0.05437469482421875
5365662500.0,	0.06903457641601562,	0.05226898193359375
5365681250.0,	0.06861114501953125,	0.053485870361328125
5365700000.0,	0.06748199462890625,	0.053195953369140625
5365718750.0,	0.06777572631835938,	0.050968170166015625
5365737500.0,	0.06933212280273438,	0.053440093994140625
5365756250.0,	0.06959915161132812,	0.05413055419921875
5365775000.0,	0.06837081909179688,	0.050708770751953125
5365793750.0,	0.06923294067382812,	0.052448272705078125
5365812500.0,	0.07078933715820312,	0.052951812744140625
5365831250.0,	0.06917572021484375,	0.052455902099609375
5365850000.0,	0.06947708129882812,	0.053592681884765625
5365868750.0,	0.070831298828125,	0.053131103515625
5365887500.0,	0.06794357299804688,	0.053363800048828125
5365906250.0,	0.06841278076171875,	0.053569793701171875
5365925000.0,	0.06890869140625,	0.052028656005859375
5365943750.0,	0.06728744506835938,	0.052722930908203125
5365962500.0,	0.06669235229492188,	0.04998779296875
5365981250.0,	0.0676422119140625,	0.05329132080078125
5366000000.0,	0.06978607177734375,	0.05298614501953125
5366018750.0,	0.06874465942382812,	0.05542755126953125
5366037500.0,	0.06972885131835938,	0.052600860595703125
5366056250.0,	0.068572998046875,	0.05216217041015625
5366075000.0,	0.06781387329101562,	0.0531768798828125
5366093750.0,	0.069244384765625,	0.052417755126953125
5366112500.0,	0.06670761108398438,	0.05275726318359375
5366131250.0,	0.06717681884765625,	0.0518035888671875
5366150000.0,	0.067657470703125,	0.04994964599609375
5366168750.0,	0.06998062133789062,	0.052074432373046875
5366187500.0,	0.067779541015625,	0.05330657958984375
5366206250.0,	0.06824874877929688,	0.053295135498046875
5366225000.0,	0.06879806518554688,	0.052608489990234375
5366243750.0,	0.06756591796875,	0.05196380615234375
5366262500.0,	0.06953048706054688,	0.053600311279296875
5366281250.0,	0.06856536865234375,	0.049579620361328125
5366300000.0,	0.06949234008789062,	0.0537567138671875
5366318750.0,	0.06865310668945312,	0.050048828125
5366337500.0,	0.06763076782226562,	0.051898956298828125
5366356250.0,	0.06824111938476562,	0.052173614501953125
5366375000.0,	0.0666351318359375,	0.053287506103515625
5366393750.0,	0.06719207763671875,	0.052738189697265625
5366412500.0,	0.06830978393554688,	0.052700042724609375
5366431250.0,	0.06988525390625,	0.052883148193359375
5366450000.0,	0.06763458251953125,	0.053005218505859375
5366468750.0,	0.06810379028320312,	0.0518035888671875
5366487500.0,	0.0701751708984375,	0.052341461181640625
5366506250.0,	0.06951522827148438,	0.053070068359375
5366525000.0,	0.0694732666015625,	0.052303314208984375
5366543750.0,	0.06734085083007812,	0.052349090576171875
5366562500.0,	0.06751251220703125,	0.052989959716796875
5366581250.0,	0.06744766235351562,	0.052242279052734375
5366600000.0,	0.06757354736328125,	0.05104827880859375
5366618750.0,	0.06998062133789062,	0.05170440673828125
5366637500.0,	0.06709671020507812,	0.052303314208984375
5366656250.0,	0.06685638427734375,	0.053554534912109375
5366675000.0,	0.06724166870117188,	0.051830291748046875
5366693750.0,	0.06489944458007812,	0.0507354736328125
5366712500.0,	0.0653228759765625,	0.051788330078125
5366731250.0,	0.06677627563476562,	0.05149078369140625
5366750000.0,	0.06849288940429688,	0.051090240478515625
5366768750.0,	0.06865692138671875,	0.050426483154296875
5366787500.0,	0.068023681640625,	0.052082061767578125
5366806250.0,	0.06499862670898438,	0.05165863037109375
5366825000.0,	0.0705718994140625,	0.053356170654296875
5366843750.0,	0.06512069702148438,	0.0513763427734375
5366862500.0,	0.06749725341796875,	0.052585601806640625
5366881250.0,	0.06764984130859375,	0.053340911865234375
5366900000.0,	0.06707000732421875,	0.051128387451171875
5366918750.0,	0.066070556640625,	0.05190277099609375
5366937500.0,	0.06941986083984375,	0.052288055419921875
5366956250.0,	0.06812286376953125,	0.051685333251953125
5366975000.0,	0.067901611328125,	0.051616668701171875
5366993750.0,	0.06744384765625,	0.0518341064453125
5367012500.0,	0.06808090209960938,	0.051509857177734375
5367031250.0,	0.06730270385742188,	0.05364227294921875
5367050000.0,	0.067626953125,	0.0521087646484375
5367068750.0,	0.06872940063476562,	0.051967620849609375
5367087500.0,	0.06716537475585938,	0.052288055419921875
5367106250.0,	0.06735992431640625,	0.050243377685546875
5367125000.0,	0.06834793090820312,	0.05196380615234375
5367143750.0,	0.06617355346679688,	0.052684783935546875
5367162500.0,	0.06737899780273438,	0.05138397216796875
5367181250.0,	0.06639480590820312,	0.0527191162109375
5367200000.0,	0.0680694580078125,	0.053546905517578125
5367218750.0,	0.06698226928710938,	0.05146026611328125
5367237500.0,	0.06834793090820312,	0.052520751953125
5367256250.0,	0.06847763061523438,	0.0529937744140625
5367275000.0,	0.06940841674804688,	0.051616668701171875
5367293750.0,	0.0685882568359375,	0.050785064697265625
5367312500.0,	0.06792831420898438,	0.0512847900390625
5367331250.0,	0.06558990478515625,	0.054004669189453125
5367350000.0,	0.06695938110351562,	0.049591064453125
5367368750.0,	0.0675201416015625,	0.051097869873046875
5367387500.0,	0.06716156005859375,	0.05162811279296875
5367406250.0,	0.06750106811523438,	0.051849365234375
5367425000.0,	0.06729507446289062,	0.052581787109375
5367443750.0,	0.06738662719726562,	0.05184173583984375
5367462500.0,	0.06715011596679688,	0.053558349609375
5367481250.0,	0.06875991821289062,	0.051822662353515625
5367500000.0,	0.06669235229492188,	0.051845550537109375
5367518750.0,	0.06737518310546875,	0.052093505859375
5367537500.0,	0.06829833984375,	0.0525970458984375
5367556250.0,	0.0659332275390625,	0.051944732666015625
5367575000.0,	0.06798553466796875,	0.052379608154296875
5367593750.0,	0.0656280517578125,	0.05290985107421875
5367612500.0,	0.06713104248046875,	0.053180694580078125
5367631250.0,	0.0691375732421875,	0.050891876220703125
5367650000.0,	0.06712722778320312,	0.05210113525390625
5367668750.0,	0.06693649291992188,	0.053104400634765625
5367687500.0,	0.06769561767578125,	0.0519561767578125
5367706250.0,	0.06769943237304688,	0.053134918212890625
5367725000.0,	0.06812667846679688,	0.05059051513671875
5367743750.0,	0.0682220458984375,	0.0522308349609375
5367762500.0,	0.06652069091796875,	0.05361175537109375
5367781250.0,	0.06807708740234375,	0.052860260009765625
5367800000.0,	0.0670318603515625,	0.053722381591796875
5367818750.0,	0.06454849243164062,	0.05029296875
5367837500.0,	0.06811904907226562,	0.05420684814453125
5367856250.0,	0.06588363647460938,	0.0521240234375
5367875000.0,	0.06650161743164062,	0.050724029541015625
5367893750.0,	0.06780624389648438,	0.050617218017578125
5367912500.0,	0.06813812255859375,	0.051300048828125
5367931250.0,	0.0684814453125,	0.053432464599609375
5367950000.0,	0.069000244140625,	0.050678253173828125
5367968750.0,	0.06705474853515625,	0.05040740966796875
5367987500.0,	0.06689453125,	0.05279541015625
5368006250.0,	0.06698226928710938,	0.05161285400390625
5368025000.0,	0.0658416748046875,	0.05199432373046875
5368043750.0,	0.06877899169921875,	0.052547454833984375
5368062500.0,	0.06847381591796875,	0.0541534423828125
5368081250.0,	0.06743240356445312,	0.0528717041015625
5368100000.0,	0.06817245483398438,	0.052150726318359375
5368118750.0,	0.0674285888671875,	0.0529937744140625
5368137500.0,	0.065887451171875,	0.051288604736328125
5368156250.0,	0.06547927856445312,	0.05138397216796875
5368175000.0,	0.06844329833984375,	0.052906036376953125
5368193750.0,	0.06804656982421875,	0.0529937744140625
5368212500.0,	0.06724929809570312,	0.050769805908203125
5368231250.0,	0.06787872314453125,	0.05046844482421875
5368250000.0,	0.06792068481445312,	0.052242279052734375
5368268750.0,	0.06773757934570312,	0.050838470458984375
5368287500.0,	0.06744384765625,	0.05295562744140625
5368306250.0,	0.06806564331054688,	0.0519256591796875
5368325000.0,	0.06804275512695312,	0.05194854736328125
5368343750.0,	0.06724166870117188,	0.05149078369140625
5368362500.0,	0.0677642822265625,	0.0515899658203125
5368381250.0,	0.06601333618164062,	0.052013397216796875
5368400000.0,	0.06658554077148438,	0.051074981689453125
5368418750.0,	0.0692901611328125,	0.0523834228515625
5368437500.0,	0.06871414184570312,	0.05229949951171875
5368456250.0,	0.06801223754882812,	0.0529327392578125
5368475000.0,	0.06645584106445312,	0.051975250244140625
5368493750.0,	0.0678863525390625,	0.052768707275390625
5368512500.0,	0.06633377075195312,	0.050899505615234375
5368531250.0,	0.06742095947265625,	0.05107879638671875
5368550000.0,	0.06699752807617188,	0.05251312255859375
5368568750.0,	0.06644058227539062,	0.0515289306640625
5368587500.0,	0.06544876098632812,	0.05335235595703125
5368606250.0,	0.06737518310546875,	0.0519256591796875
5368625000.0,	0.06806564331054688,	0.05157470703125
5368643750.0,	0.0671234130859375,	0.053379058837890625
5368662500.0,	0.06872940063476562,	0.05274200439453125
5368681250.0,	0.06592559814453125,	0.05023193359375
5368700000.0,	0.06477737426757812,	0.0518646240234375
5368718750.0,	0.06640243530273438,	0.05037689208984375
5368737500.0,	0.06482315063476562,	0.05228424072265625
5368756250.0,	0.06539154052734375,	0.050350189208984375
5368775000.0,	0.06756210327148438,	0.05184173583984375
5368793750.0,	0.06703948974609375,	0.051807403564453125
5368812500.0,	0.06601715087890625,	0.053863525390625
5368831250.0,	0.06929779052734375,	0.05202484130859375
5368850000.0,	0.06772232055664062,	0.051479339599609375
5368868750.0,	0.06663894653320312,	0.05113983154296875
5368887500.0,	0.06742477416992188,	0.053554534912109375
5368906250.0,	0.06514739990234375,	0.05179595947265625
5368925000.0,	0.06738662719726562,	0.053226470947265625
5368943750.0,	0.06555557250976562,	0.052562713623046875
5368962500.0,	0.06694793701171875,	0.053562164306640625
5368981250.0,	0.06721878051757812,	0.052921295166015625
5369000000.0,	0.06622314453125,	0.05196380615234375
5369018750.0,	0.06800079345703125,	0.052173614501953125
5369037500.0,	0.06682205200195312,	0.054141998291015625
5369056250.0,	0.06609725952148438,	0.054363250732421875
5369075000.0,	0.06834793090820312,	0.05133056640625
5369093750.0,	0.06547927856445312,	0.0515289306640625
5369112500.0,	0.06793975830078125,	0.051517486572265625
5369131250.0,	0.06506729125976562,	0.055385589599609375
5369150000.0,	0.06721115112304688,	0.050060272216796875
5369168750.0,	0.06554794311523438,	0.053256988525390625
5369187500.0,	0.06699752807617188,	0.05161285400390625
5369206250.0,	0.065521240234375,	0.049999237060546875
5369225000.0,	0.06733322143554688,	0.052913665771484375
5369243750.0,	0.06699752807617188,	0.05185699462890625
5369262500.0,	0.06570053100585938,	0.053768157958984375
5369281250.0,	0.067718505859375,	0.051082611083984375
5369300000.0,	0.06613540649414062,	0.053836822509765625
5369318750.0,	0.068267822265625,	0.052886962890625
5369337500.0,	0.06780624389648438,	0.05123138427734375
5369356250.0,	0.06669998168945312,	0.05316162109375
5369375000.0,	0.06595230102539062,	0.0526123046875
5369393750.0,	0.06707763671875,	0.051708221435546875
5369412500.0,	0.068115234375,	0.053592681884765625
5369431250.0,	0.06810760498046875,	0.052947998046875
5369450000.0,	0.06735610961914062,	0.051898956298828125
5369468750.0,	0.067779541015625,	0.051929473876953125
5369487500.0,	0.06839370727539062,	0.0524749755859375
5369506250.0,	0.06622314453125,	0.05123138427734375
5369525000.0,	0.06674957275390625,	0.0529632568359375
5369543750.0,	0.06722259521484375,	0.052082061767578125
5369562500.0,	0.06693267822265625,	0.050998687744140625
5369581250.0,	0.06702423095703125,	0.052150726318359375
5369600000.0,	0.06515884399414062,	0.053302764892578125
5369618750.0,	0.06682968139648438,	0.051647186279296875
5369637500.0,	0.06803512573242188,	0.0535125732421875
5369656250.0,	0.063629150390625,	0.051387786865234375
5369675000.0,	0.06485748291015625,	0.05094146728515625
5369693750.0,	0.06731033325195312,	0.051509857177734375
5369712500.0,	0.06455230712890625,	0.052104949951171875
5369731250.0,	0.0680694580078125,	0.051181793212890625
5369750000.0,	0.06447219848632812,	0.053680419921875
5369768750.0,	0.06551361083984375,	0.0526885986328125
5369787500.0,	0.06603622436523438,	0.05187225341796875
5369806250.0,	0.0645904541015625,	0.052883148193359375
5369825000.0,	0.06576919555664062,	0.05096435546875
5369843750.0,	0.065277099609375,	0.054637908935546875
5369862500.0,	0.06577682495117188,	0.053226470947265625
5369881250.0,	0.06367111206054688,	0.0522003173828125
5369900000.0,	0.06549453735351562,	0.049472808837890625
5369918750.0,	0.06656265258789062,	0.054447174072265625
5369937500.0,	0.06511688232421875,	0.0540924072265625
5369956250.0,	0.06589508056640625,	0.0533294677734375
5369975000.0,	0.06419754028320312,	0.0514373779296875
5369993750.0,	0.0692138671875,	0.0522308349609375
5370012500.0,	0.0657958984375,	0.0522003173828125
5370031250.0,	0.06872177124023438,	0.054462432861328125
5370050000.0,	0.066253662109375,	0.05316162109375
5370068750.0,	0.06585311889648438,	0.052001953125
5370087500.0,	0.06734466552734375,	0.0528564453125
5370106250.0,	0.06489944458007812,	0.05300140380859375
5370125000.0,	0.06606674194335938,	0.05091094970703125
5370143750.0,	0.06753921508789062,	0.05048370361328125
5370162500.0,	0.06752395629882812,	0.05167388916015625
5370181250.0,	0.06600570678710938,	0.051189422607421875
5370200000.0,	0.0666046142578125,	0.053741455078125
5370218750.0,	0.06372833251953125,	0.05255126953125
5370237500.0,	0.06696319580078125,	0.052276611328125
5370256250.0,	0.06679916381835938,	0.048999786376953125
5370275000.0,	0.06526565551757812,	0.051219940185546875
5370293750.0,	0.06601715087890625,	0.0532684326171875
5370312500.0,	0.06488037109375,	0.05450439453125
5370331250.0,	0.06597900390625,	0.053867340087890625
5370350000.0,	0.0650177001953125,	0.05207061767578125
5370368750.0,	0.06685256958007812,	0.050815582275390625
5370387500.0,	0.06381607055664062,	0.05113983154296875
5370406250.0,	0.06562042236328125,	0.050395965576171875
5370425000.0,	0.06787490844726562,	0.05110931396484375
5370443750.0,	0.06563949584960938,	0.05016326904296875
5370462500.0,	0.0670623779296875,	0.05144500732421875
5370481250.0,	0.06621932983398438,	0.053127288818359375
5370500000.0,	0.066864013671875,	0.05310821533203125
5370518750.0,	0.06726837158203125,	0.053798675537109375
5370537500.0,	0.06706619262695312,	0.053363800048828125
5370556250.0,	0.06898880004882812,	0.054134368896484375
5370575000.0,	0.0646209716796875,	0.0528106689453125
5370593750.0,	0.06649398803710938,	0.05176544189453125
5370612500.0,	0.06864547729492188,	0.0522308349609375
5370631250.0,	0.06772232055664062,	0.05416107177734375
5370650000.0,	0.06719970703125,	0.052959442138671875
5370668750.0,	0.06461715698242188,	0.050395965576171875
5370687500.0,	0.06553268432617188,	0.0500335693359375
5370706250.0,	0.06604766845703125,	0.053295135498046875
5370725000.0,	0.0667724609375,	0.052753448486328125
5370743750.0,	0.06574249267578125,	0.051959991455078125
5370762500.0,	0.06565093994140625,	0.0520782470703125
5370781250.0,	0.0675506591796875,	0.051952362060546875
5370800000.0,	0.06811904907226562,	0.050872802734375
5370818750.0,	0.06589508056640625,	0.05205535888671875
5370837500.0,	0.06586456298828125,	0.05300140380859375
5370856250.0,	0.0659942626953125,	0.053951263427734375
5370875000.0,	0.06587982177734375,	0.053302764892578125
5370893750.0,	0.06604385375976562,	0.050052642822265625
5370912500.0,	0.0653533935546875,	0.054477691650390625
5370931250.0,	0.06740570068359375,	0.053348541259765625
5370950000.0,	0.06761932373046875,	0.052692413330078125
5370968750.0,	0.06450271606445312,	0.05234527587890625
5370987500.0,	0.06738662719726562,	0.0522918701171875
5371006250.0,	0.06565475463867188,	0.053264617919921875
5371025000.0,	0.06527328491210938,	0.05284881591796875
5371043750.0,	0.06621170043945312,	0.053150177001953125
5371062500.0,	0.06630706787109375,	0.051361083984375
5371081250.0,	0.065765380859375,	0.0517730712890625
5371100000.0,	0.06829833984375,	0.05191802978515625
5371118750.0,	0.06719207763671875,	0.052440643310546875
5371137500.0,	0.06493377685546875,	0.05243682861328125
5371156250.0,	0.06585311889648438,	0.050594329833984375
5371175000.0,	0.06544113159179688,	0.052875518798828125
5371193750.0,	0.06527328491210938,	0.051372528076171875
5371212500.0,	0.06812286376953125,	0.050090789794921875
5371231250.0,	0.06729507446289062,	0.05274200439453125
5371250000.0,	0.06692886352539062,	0.05384063720703125
5371268750.0,	0.06377792358398438,	0.05443572998046875
5371287500.0,	0.06607437133789062,	0.05387115478515625
5371306250.0,	0.06714248657226562,	0.05266571044921875
5371325000.0,	0.0659332275390625,	0.053104400634765625
5371343750.0,	0.06536865234375,	0.0516357421875
5371362500.0,	0.06534576416015625,	0.05472564697265625
5371381250.0,	0.06553268432617188,	0.051708221435546875
5371400000.0,	0.067108154296875,	0.051509857177734375
5371418750.0,	0.06512451171875,	0.052227020263671875
5371437500.0,	0.06573104858398438,	0.05278778076171875
5371456250.0,	0.06626510620117188,	0.051540374755859375
5371475000.0,	0.06688308715820312,	0.051166534423828125
5371493750.0,	0.06727218627929688,	0.052494049072265625
5371512500.0,	0.06511688232421875,	0.051662445068359375
5371531250.0,	0.064697265625,	0.0525360107421875
5371550000.0,	0.0698089599609375,	0.05240631103515625
5371568750.0,	0.064422607421875,	0.052459716796875
5371587500.0,	0.066131591796875,	0.052387237548828125
5371606250.0,	0.06794357299804688,	0.05188751220703125
5371625000.0,	0.0659027099609375,	0.05425262451171875
5371643750.0,	0.06767654418945312,	0.051418304443359375
5371662500.0,	0.065460205078125,	0.052181243896484375
5371681250.0,	0.06821441650390625,	0.05353546142578125
5371700000.0,	0.06683731079101562,	0.053081512451171875
5371718750.0,	0.06605148315429688,	0.052509307861328125
5371737500.0,	0.06758499145507812,	0.05213165283203125
5371756250.0,	0.06534576416015625,	0.0537109375
5371775000.0,	0.06515121459960938,	0.05274200439453125
5371793750.0,	0.06668853759765625,	0.053508758544921875
5371812500.0,	0.06550216674804688,	0.0518951416015625
5371831250.0,	0.06604385375976562,	0.052547454833984375
5371850000.0,	0.06621932983398438,	0.053165435791015625
5371868750.0,	0.06534194946289062,	0.05194854736328125
5371887500.0,	0.06488418579101562,	0.052486419677734375
5371906250.0,	0.06611251831054688,	0.052295684814453125
5371925000.0,	0.06439590454101562,	0.053646087646484375
5371943750.0,	0.06655502319335938,	0.052646636962890625
5371962500.0,	0.06747055053710938,	0.05225372314453125
5371981250.0,	0.06792449951171875,	0.052154541015625
5372000000.0,	0.06689453125,	0.05126190185546875
5372018750.0,	0.06553268432617188,	0.049591064453125
5372037500.0,	0.06578445434570312,	0.052005767822265625
5372056250.0,	0.06624603271484375,	0.05332183837890625
5372075000.0,	0.0661468505859375,	0.051548004150390625
5372093750.0,	0.06568527221679688,	0.05258941650390625
5372112500.0,	0.06404876708984375,	0.05391693115234375
5372131250.0,	0.06563568115234375,	0.0528411865234375
5372150000.0,	0.06653976440429688,	0.05408477783203125
5372168750.0,	0.06689834594726562,	0.05219268798828125
5372187500.0,	0.06853103637695312,	0.052318572998046875
5372206250.0,	0.06631851196289062,	0.051769256591796875
5372225000.0,	0.06647109985351562,	0.052806854248046875
5372243750.0,	0.06401824951171875,	0.052104949951171875
5372262500.0,	0.06541824340820312,	0.053375244140625
5372281250.0,	0.06612777709960938,	0.05145263671875
5372300000.0,	0.06715774536132812,	0.053195953369140625
5372318750.0,	0.065948486328125,	0.05185699462890625
5372337500.0,	0.06681442260742188,	0.050731658935546875
5372356250.0,	0.06410980224609375,	0.053253173828125
5372375000.0,	0.06659698486328125,	0.054534912109375
5372393750.0,	0.06761932373046875,	0.05187225341796875
5372412500.0,	0.06650924682617188,	0.052154541015625
5372431250.0,	0.069000244140625,	0.0531158447265625
5372450000.0,	0.06808853149414062,	0.050537109375
5372468750.0,	0.06682968139648438,	0.052722930908203125
5372487500.0,	0.06635665893554688,	0.05233001708984375
5372506250.0,	0.06669998168945312,	0.052532196044921875
5372525000.0,	0.06785202026367188,	0.050800323486328125
5372543750.0,	0.06647109985351562,	0.052913665771484375
5372562500.0,	0.066192626953125,	0.05364990234375
5372581250.0,	0.06689453125,	0.054271697998046875
5372600000.0,	0.0675048828125,	0.05286407470703125
5372618750.0,	0.06730270385742188,	0.050884246826171875
5372637500.0,	0.06457138061523438,	0.05377197265625
5372656250.0,	0.06670761108398438,	0.05377197265625
5372675000.0,	0.06538009643554688,	0.05130767822265625
5372693750.0,	0.06606292724609375,	0.052120208740234375
5372712500.0,	0.06575775146484375,	0.05257415771484375
5372731250.0,	0.06645965576171875,	0.050579071044921875
5372750000.0,	0.06787490844726562,	0.050884246826171875
5372768750.0,	0.06735992431640625,	0.052982330322265625
5372787500.0,	0.06523895263671875,	0.054698944091796875
5372806250.0,	0.06634521484375,	0.051239013671875
5372825000.0,	0.065765380859375,	0.053562164306640625
5372843750.0,	0.06539535522460938,	0.05261993408203125
5372862500.0,	0.06609725952148438,	0.052562713623046875
5372881250.0,	0.06824874877929688,	0.052974700927734375
5372900000.0,	0.06558609008789062,	0.053478240966796875
5372918750.0,	0.066619873046875,	0.05411529541015625
5372937500.0,	0.06730270385742188,	0.053516387939453125
5372956250.0,	0.06745147705078125,	0.052478790283203125
5372975000.0,	0.06595611572265625,	0.05345916748046875
5372993750.0,	0.06606292724609375,	0.051395416259765625
5373012500.0,	0.067413330078125,	0.0530242919921875
5373031250.0,	0.06470108032226562,	0.05110931396484375
5373050000.0,	0.06559371948242188,	0.054874420166015625
5373068750.0,	0.0681304931640625,	0.052471160888671875
5373087500.0,	0.066802978515625,	0.051624298095703125
5373106250.0,	0.06536865234375,	0.0513763427734375
5373125000.0,	0.06690216064453125,	0.050445556640625
5373143750.0,	0.06582260131835938,	0.05384063720703125
5373162500.0,	0.0666656494140625,	0.051677703857421875
5373181250.0,	0.068206787109375,	0.05304718017578125
5373200000.0,	0.06753921508789062,	0.051517486572265625
5373218750.0,	0.066375732421875,	0.05403900146484375
5373237500.0,	0.06710052490234375,	0.056316375732421875
5373256250.0,	0.064605712890625,	0.05303192138671875
5373275000.0,	0.06664276123046875,	0.052585601806640625
5373293750.0,	0.06581497192382812,	0.05410003662109375
5373312500.0,	0.06576919555664062,	0.053874969482421875
5373331250.0,	0.0673065185546875,	0.050930023193359375
5373350000.0,	0.06634140014648438,	0.051326751708984375
5373368750.0,	0.06880569458007812,	0.05326080322265625
5373387500.0,	0.06608200073242188,	0.052394866943359375
5373406250.0,	0.0669708251953125,	0.052257537841796875
5373425000.0,	0.06686019897460938,	0.052093505859375
5373443750.0,	0.06601333618164062,	0.05348968505859375
5373462500.0,	0.06793594360351562,	0.053340911865234375
5373481250.0,	0.06636810302734375,	0.051265716552734375
5373500000.0,	0.06599807739257812,	0.05236053466796875
5373518750.0,	0.06852340698242188,	0.053104400634765625
5373537500.0,	0.06528091430664062,	0.053783416748046875
5373556250.0,	0.0659637451171875,	0.052158355712890625
5373575000.0,	0.06641769409179688,	0.051998138427734375
5373593750.0,	0.06429290771484375,	0.05376434326171875
5373612500.0,	0.06783676147460938,	0.0536041259765625
5373631250.0,	0.06791305541992188,	0.053619384765625
5373650000.0,	0.06670761108398438,	0.054187774658203125
5373668750.0,	0.06742095947265625,	0.05477142333984375
5373687500.0,	0.06761932373046875,	0.0541534423828125
5373706250.0,	0.06855010986328125,	0.05278778076171875
5373725000.0,	0.0654296875,	0.0522918701171875
5373743750.0,	0.06622695922851562,	0.0548553466796875
5373762500.0,	0.06560516357421875,	0.052112579345703125
5373781250.0,	0.06756591796875,	0.053043365478515625
5373800000.0,	0.06708908081054688,	0.051616668701171875
5373818750.0,	0.06781387329101562,	0.054416656494140625
5373837500.0,	0.06644058227539062,	0.0514984130859375
5373856250.0,	0.06676101684570312,	0.053417205810546875
5373875000.0,	0.06644821166992188,	0.05278778076171875
5373893750.0,	0.06863021850585938,	0.053455352783203125
5373912500.0,	0.06768035888671875,	0.051654815673828125
5373931250.0,	0.0661773681640625,	0.05168914794921875
5373950000.0,	0.06796646118164062,	0.05158233642578125
5373968750.0,	0.06766891479492188,	0.055156707763671875
5373987500.0,	0.06661224365234375,	0.0533599853515625
5374006250.0,	0.06697463989257812,	0.052616119384765625
5374025000.0,	0.06656265258789062,	0.05272674560546875
5374043750.0,	0.06878662109375,	0.053043365478515625
5374062500.0,	0.0691986083984375,	0.052616119384765625
5374081250.0,	0.065032958984375,	0.05319976806640625
5374100000.0,	0.06805038452148438,	0.05438232421875
5374118750.0,	0.06817626953125,	0.052913665771484375
5374137500.0,	0.069061279296875,	0.05455780029296875
5374156250.0,	0.06963348388671875,	0.052600860595703125
5374175000.0,	0.06747055053710938,	0.05290985107421875
5374193750.0,	0.06647109985351562,	0.054851531982421875
5374212500.0,	0.06808090209960938,	0.0532989501953125
5374231250.0,	0.06850051879882812,	0.054088592529296875
5374250000.0,	0.06661224365234375,	0.0525970458984375
5374268750.0,	0.07019805908203125,	0.055267333984375
5374287500.0,	0.06569290161132812,	0.052272796630859375
5374306250.0,	0.06668853759765625,	0.05277252197265625
5374325000.0,	0.06694793701171875,	0.051959991455078125
5374343750.0,	0.06718063354492188,	0.05261993408203125
5374362500.0,	0.06960678100585938,	0.053119659423828125
5374381250.0,	0.0674591064453125,	0.052837371826171875
5374400000.0,	0.06592941284179688,	0.0543060302734375
5374418750.0,	0.06908798217773438,	0.054290771484375
5374437500.0,	0.0698394775390625,	0.05080413818359375
5374456250.0,	0.06782913208007812,	0.0513916015625
5374475000.0,	0.06610107421875,	0.0515594482421875
5374493750.0,	0.06657791137695312,	0.0521240234375
5374512500.0,	0.06584930419921875,	0.053314208984375
5374531250.0,	0.0667266845703125,	0.05365753173828125
5374550000.0,	0.068634033203125,	0.05165863037109375
5374568750.0,	0.06747055053710938,	0.053417205810546875
5374587500.0,	0.06889724731445312,	0.05236053466796875
5374606250.0,	0.066925048828125,	0.05284881591796875
5374625000.0,	0.0658721923828125,	0.0534820556640625
5374643750.0,	0.06892013549804688,	0.05352783203125
5374662500.0,	0.06838607788085938,	0.05287933349609375
5374681250.0,	0.07076644897460938,	0.053089141845703125
5374700000.0,	0.0688934326171875,	0.05307769775390625
5374718750.0,	0.06931304931640625,	0.053653717041015625
5374737500.0,	0.06890869140625,	0.052562713623046875
5374756250.0,	0.06695938110351562,	0.051212310791015625
5374775000.0,	0.06864166259765625,	0.05303192138671875
5374793750.0,	0.06750106811523438,	0.05301666259765625
5374812500.0,	0.06922149658203125,	0.05255126953125
5374831250.0,	0.06759262084960938,	0.05133056640625
5374850000.0,	0.06908798217773438,	0.05194091796875
5374868750.0,	0.06780624389648438,	0.051422119140625
5374887500.0,	0.06866455078125,	0.053852081298828125
5374906250.0,	0.06772994995117188,	0.0529937744140625
5374925000.0,	0.07046890258789062,	0.05291748046875
5374943750.0,	0.06761550903320312,	0.052158355712890625
5374962500.0,	0.06818008422851562,	0.052581787109375
5374981250.0,	0.06943893432617188,	0.05206298828125
5375000000.0,	0.0686492919921875,	0.05364990234375
5375018750.0,	0.067901611328125,	0.052494049072265625
5375037500.0,	0.06896591186523438,	0.05310821533203125
5375056250.0,	0.06829833984375,	0.05347442626953125
5375075000.0,	0.06755828857421875,	0.052822113037109375
5375093750.0,	0.0693359375,	0.053131103515625
5375112500.0,	0.06895828247070312,	0.05158233642578125
5375131250.0,	0.0695648193359375,	0.052547454833984375
5375150000.0,	0.06722640991210938,	0.050952911376953125
5375168750.0,	0.06995391845703125,	0.053009033203125
5375187500.0,	0.06862258911132812,	0.0530853271484375
5375206250.0,	0.06963348388671875,	0.051242828369140625
5375225000.0,	0.06950759887695312,	0.053043365478515625
5375243750.0,	0.07132720947265625,	0.0540618896484375
5375262500.0,	0.06987380981445312,	0.05319976806640625
5375281250.0,	0.07097244262695312,	0.052257537841796875
5375300000.0,	0.06899642944335938,	0.052097320556640625
5375318750.0,	0.07028579711914062,	0.0539703369140625
5375337500.0,	0.06973648071289062,	0.051753997802734375
5375356250.0,	0.06877899169921875,	0.05162811279296875
5375375000.0,	0.06988525390625,	0.05150604248046875
5375393750.0,	0.07051467895507812,	0.052398681640625
5375412500.0,	0.07135009765625,	0.053466796875
5375431250.0,	0.069549560546875,	0.053646087646484375
5375450000.0,	0.06821060180664062,	0.051570892333984375
5375468750.0,	0.07097625732421875,	0.0525054931640625
5375487500.0,	0.06915283203125,	0.05184173583984375
5375506250.0,	0.07092666625976562,	0.052642822265625
5375525000.0,	0.07036590576171875,	0.049495697021484375
5375543750.0,	0.07047653198242188,	0.050998687744140625
5375562500.0,	0.07054519653320312,	0.05089569091796875
5375581250.0,	0.07104873657226562,	0.051982879638671875
5375600000.0,	0.06824111938476562,	0.05309295654296875
5375618750.0,	0.07075119018554688,	0.05304718017578125
5375637500.0,	0.07033920288085938,	0.053070068359375
5375656250.0,	0.07094192504882812,	0.051540374755859375
5375675000.0,	0.07126235961914062,	0.053863525390625
5375693750.0,	0.071441650390625,	0.05347442626953125
5375712500.0,	0.0694732666015625,	0.051845550537109375
5375731250.0,	0.06960678100585938,	0.054210662841796875
5375750000.0,	0.0717315673828125,	0.0513763427734375
5375768750.0,	0.07123947143554688,	0.05206298828125
5375787500.0,	0.07041549682617188,	0.05280303955078125
5375806250.0,	0.07268524169921875,	0.051700592041015625
5375825000.0,	0.07194900512695312,	0.05374908447265625
5375843750.0,	0.07006072998046875,	0.05200958251953125
5375862500.0,	0.07273101806640625,	0.052188873291015625
5375881250.0,	0.07293701171875,	0.0513916015625
5375900000.0,	0.07056045532226562,	0.0508880615234375
5375918750.0,	0.07176589965820312,	0.050537109375
5375937500.0,	0.0699310302734375,	0.0514373779296875
5375956250.0,	0.07138442993164062,	0.052944183349609375
5375975000.0,	0.07093048095703125,	0.053394317626953125
5375993750.0,	0.07129669189453125,	0.05107879638671875
5376012500.0,	0.06951141357421875,	0.053318023681640625
5376031250.0,	0.07074737548828125,	0.051235198974609375
5376050000.0,	0.07221221923828125,	0.0504150390625
5376068750.0,	0.07046890258789062,	0.051853179931640625
5376087500.0,	0.0732421875,	0.051639556884765625
5376106250.0,	0.07222747802734375,	0.0544281005859375
5376125000.0,	0.07202529907226562,	0.050815582275390625
5376143750.0,	0.0717315673828125,	0.051548004150390625
5376162500.0,	0.071258544921875,	0.049652099609375
5376181250.0,	0.07100677490234375,	0.050670623779296875
5376200000.0,	0.0708770751953125,	0.05022430419921875
5376218750.0,	0.072265625,	0.053009033203125
5376237500.0,	0.0727081298828125,	0.05230712890625
5376256250.0,	0.0731964111328125,	0.05153656005859375
5376275000.0,	0.0723419189453125,	0.052074432373046875
5376293750.0,	0.07300567626953125,	0.049312591552734375
5376312500.0,	0.0737457275390625,	0.053104400634765625
5376331250.0,	0.07442474365234375,	0.05252838134765625
5376350000.0,	0.07309341430664062,	0.049617767333984375
5376368750.0,	0.07453155517578125,	0.050750732421875
5376387500.0,	0.07262420654296875,	0.050662994384765625
5376406250.0,	0.07501983642578125,	0.05004119873046875
5376425000.0,	0.07305526733398438,	0.0496063232421875
5376443750.0,	0.0739288330078125,	0.04918670654296875
5376462500.0,	0.0735931396484375,	0.05132293701171875
5376481250.0,	0.0746917724609375,	0.0511474609375
5376500000.0,	0.07378005981445312,	0.047771453857421875
5376518750.0,	0.07629013061523438,	0.050701141357421875
5376537500.0,	0.07368850708007812,	0.04898834228515625
5376556250.0,	0.07572174072265625,	0.049579620361328125
5376575000.0,	0.07323074340820312,	0.049167633056640625
5376593750.0,	0.07500457763671875,	0.04937744140625
5376612500.0,	0.07498550415039062,	0.05179595947265625
5376631250.0,	0.0755767822265625,	0.050151824951171875
5376650000.0,	0.07527542114257812,	0.0500030517578125
5376668750.0,	0.07501602172851562,	0.05135345458984375
5376687500.0,	0.07529449462890625,	0.048450469970703125
5376706250.0,	0.0766754150390625,	0.050991058349609375
5376725000.0,	0.0766448974609375,	0.050201416015625
5376743750.0,	0.07699966430664062,	0.0489501953125
5376762500.0,	0.0772552490234375,	0.0514373779296875
5376781250.0,	0.07592010498046875,	0.04949951171875
5376800000.0,	0.07456207275390625,	0.04909515380859375
5376818750.0,	0.07733154296875,	0.04803466796875
5376837500.0,	0.07544708251953125,	0.050479888916015625
5376856250.0,	0.07571792602539062,	0.0481719970703125
5376875000.0,	0.07551193237304688,	0.047313690185546875
5376893750.0,	0.0778045654296875,	0.051296234130859375
5376912500.0,	0.07892990112304688,	0.050518035888671875
5376931250.0,	0.07732391357421875,	0.0474853515625
5376950000.0,	0.07533645629882812,	0.049957275390625
5376968750.0,	0.0780181884765625,	0.04825592041015625
5376987500.0,	0.0769805908203125,	0.04754638671875
5377006250.0,	0.07864761352539062,	0.048191070556640625
5377025000.0,	0.0778045654296875,	0.0470123291015625
5377043750.0,	0.078704833984375,	0.048183441162109375
5377062500.0,	0.079010009765625,	0.04680633544921875
5377081250.0,	0.07872390747070312,	0.04840087890625
5377100000.0,	0.07857513427734375,	0.047916412353515625
5377118750.0,	0.08052444458007812,	0.04541015625
5377137500.0,	0.08150100708007812,	0.047832489013671875
5377156250.0,	0.07935333251953125,	0.046905517578125
5377175000.0,	0.07979583740234375,	0.04723358154296875
5377193750.0,	0.07914352416992188,	0.046161651611328125
5377212500.0,	0.07926177978515625,	0.048770904541015625
5377231250.0,	0.08011245727539062,	0.046932220458984375
5377250000.0,	0.0816650390625,	0.046466827392578125
5377268750.0,	0.07883453369140625,	0.046764373779296875
5377287500.0,	0.0802459716796875,	0.046833038330078125
5377306250.0,	0.08212661743164062,	0.045108795166015625
5377325000.0,	0.08121490478515625,	0.043956756591796875
5377343750.0,	0.07968521118164062,	0.0454254150390625
5377362500.0,	0.08211135864257812,	0.043598175048828125
5377381250.0,	0.08166122436523438,	0.0435638427734375
5377400000.0,	0.08071517944335938,	0.043323516845703125
5377418750.0,	0.08284759521484375,	0.043987274169921875
5377437500.0,	0.08221817016601562,	0.045314788818359375
5377456250.0,	0.08130645751953125,	0.0438995361328125
5377475000.0,	0.08186721801757812,	0.04209136962890625
5377493750.0,	0.08358001708984375,	0.04135894775390625
5377512500.0,	0.0827789306640625,	0.0408935546875
5377531250.0,	0.0843658447265625,	0.04386138916015625
5377550000.0,	0.08438873291015625,	0.043315887451171875
5377568750.0,	0.08243179321289062,	0.043056488037109375
5377587500.0,	0.08395004272460938,	0.039829254150390625
5377606250.0,	0.08217239379882812,	0.040538787841796875
5377625000.0,	0.08535003662109375,	0.038700103759765625
5377643750.0,	0.08400726318359375,	0.040714263916015625
5377662500.0,	0.08478164672851562,	0.0378265380859375
5377681250.0,	0.084991455078125,	0.036441802978515625
5377700000.0,	0.08418655395507812,	0.03603363037109375
5377718750.0,	0.085418701171875,	0.03934478759765625
5377737500.0,	0.08570480346679688,	0.036693572998046875
5377756250.0,	0.08559036254882812,	0.03753662109375
5377775000.0,	0.08514022827148438,	0.0359344482421875
5377793750.0,	0.08639907836914062,	0.0339202880859375
5377812500.0,	0.08568572998046875,	0.0350189208984375
5377831250.0,	0.08536529541015625,	0.036876678466796875
5377850000.0,	0.08634567260742188,	0.03466033935546875
5377868750.0,	0.0903472900390625,	0.03470611572265625
5377887500.0,	0.08673477172851562,	0.03482818603515625
5377906250.0,	0.0845794677734375,	0.032077789306640625
5377925000.0,	0.08588027954101562,	0.03122711181640625
5377943750.0,	0.08797454833984375,	0.029750823974609375
5377962500.0,	0.0859832763671875,	0.028839111328125
5377981250.0,	0.08650970458984375,	0.02753448486328125
5378000000.0,	0.0864715576171875,	0.029571533203125
5378018750.0,	0.086181640625,	0.0303192138671875
5378037500.0,	0.08690261840820312,	0.026798248291015625
5378056250.0,	0.08551025390625,	0.025501251220703125
5378075000.0,	0.08454513549804688,	0.0233306884765625
5378093750.0,	0.08318328857421875,	0.024105072021484375
5378112500.0,	0.0852813720703125,	0.024303436279296875
5378131250.0,	0.08528518676757812,	0.0202789306640625
5378150000.0,	0.08394241333007812,	0.019184112548828125
5378168750.0,	0.083953857421875,	0.022342681884765625
5378187500.0,	0.08219528198242188,	0.020328521728515625
5378206250.0,	0.08234024047851562,	0.01757049560546875
5378225000.0,	0.08208847045898438,	0.017791748046875
5378243750.0,	0.08283233642578125,	0.014965057373046875
5378262500.0,	0.0827484130859375,	0.014553070068359375
5378281250.0,	0.07927703857421875,	0.013431549072265625
5378300000.0,	0.08179473876953125,	0.013492584228515625
5378318750.0,	0.07963943481445312,	0.013763427734375
5378337500.0,	0.07680892944335938,	0.014312744140625
5378356250.0,	0.07803726196289062,	0.01062774658203125
5378375000.0,	0.0781402587890625,	0.009166717529296875
5378393750.0,	0.07750320434570312,	0.007274627685546875
5378412500.0,	0.07587051391601562,	0.010040283203125
5378431250.0,	0.073577880859375,	0.008514404296875
5378450000.0,	0.07533645629882812,	0.00725555419921875
5378468750.0,	0.07123947143554688,	0.005680084228515625
5378487500.0,	0.07157516479492188,	0.006191253662109375
5378506250.0,	0.07057952880859375,	0.0037689208984375
5378525000.0,	0.07074356079101562,	0.0043487548828125
5378543750.0,	0.06728744506835938,	0.00649261474609375
5378562500.0,	0.06987762451171875,	0.005237579345703125
5378581250.0,	0.06395721435546875,	0.003353118896484375
5378600000.0,	0.06549453735351562,	0.00334930419921875
5378618750.0,	0.06228828430175781,	0.0047702789306640625
5378637500.0,	0.06267166137695312,	0.005992889404296875
5378656250.0,	0.06232261657714844,	0.0033588409423828125
5378675000.0,	0.06017112731933594,	0.0025463104248046875
5378693750.0,	0.0594024658203125,	0.004512786865234375
5378712500.0,	0.0597686767578125,	0.002452850341796875
5378731250.0,	0.05682373046875,	0.0037097930908203125
5378750000.0,	0.0569305419921875,	0.0028781890869140625
5378768750.0,	0.056583404541015625,	0.0042171478271484375
5378787500.0,	0.05405426025390625,	0.0062885284423828125
5378806250.0,	0.054241180419921875,	0.0037174224853515625
5378825000.0,	0.05111885070800781,	0.0037021636962890625
5378843750.0,	0.05153656005859375,	0.0046825408935546875
5378862500.0,	0.05109405517578125,	0.005512237548828125
5378881250.0,	0.0467071533203125,	0.0048046112060546875
5378900000.0,	0.04906463623046875,	0.0054225921630859375
5378918750.0,	0.04811668395996094,	0.0040607452392578125
5378937500.0,	0.05020713806152344,	0.006618499755859375
5378956250.0,	0.047542572021484375,	0.0067005157470703125
5378975000.0,	0.04443931579589844,	0.009843826293945312
5378993750.0,	0.045269012451171875,	0.008314132690429688
5379012500.0,	0.044284820556640625,	0.007038116455078125
5379031250.0,	0.04518318176269531,	0.008792877197265625
5379050000.0,	0.04277610778808594,	0.008405685424804688
5379068750.0,	0.0430450439453125,	0.0066699981689453125
5379087500.0,	0.04170799255371094,	0.010038375854492188
5379106250.0,	0.040435791015625,	0.010158538818359375
5379125000.0,	0.04088020324707031,	0.010440826416015625
5379143750.0,	0.0399627685546875,	0.012971878051757812
5379162500.0,	0.040584564208984375,	0.01139068603515625
5379181250.0,	0.041271209716796875,	0.013589859008789062
5379200000.0,	0.03896141052246094,	0.013660430908203125
5379218750.0,	0.03908348083496094,	0.01389312744140625
5379237500.0,	0.03845024108886719,	0.016021728515625
5379256250.0,	0.03758430480957031,	0.015848159790039062
5379275000.0,	0.03592681884765625,	0.01566314697265625
5379293750.0,	0.03891754150390625,	0.0175018310546875
5379312500.0,	0.03594779968261719,	0.016927719116210938
5379331250.0,	0.03573036193847656,	0.019193649291992188
5379350000.0,	0.03492927551269531,	0.018415451049804688
5379368750.0,	0.0335693359375,	0.01764678955078125
5379387500.0,	0.03635215759277344,	0.018712997436523438
5379406250.0,	0.03409385681152344,	0.019636154174804688
5379425000.0,	0.034229278564453125,	0.017583847045898438
5379443750.0,	0.035106658935546875,	0.021181106567382812
5379462500.0,	0.033954620361328125,	0.022235870361328125
5379481250.0,	0.03317451477050781,	0.0215606689453125
5379500000.0,	0.0347137451171875,	0.021947860717773438
5379518750.0,	0.03359413146972656,	0.022243499755859375
5379537500.0,	0.03435707092285156,	0.0223388671875
5379556250.0,	0.03333473205566406,	0.022809982299804688
5379575000.0,	0.03249549865722656,	0.021936416625976562
5379593750.0,	0.03275489807128906,	0.02567291259765625
5379612500.0,	0.03276252746582031,	0.02384185791015625
5379631250.0,	0.03251838684082031,	0.024328231811523438
5379650000.0,	0.032176971435546875,	0.023843765258789062
5379668750.0,	0.030831336975097656,	0.024759292602539062
5379687500.0,	0.03323936462402344,	0.02613067626953125
5379706250.0,	0.03269195556640625,	0.02500152587890625
5379725000.0,	0.031241416931152344,	0.0272674560546875
5379743750.0,	0.033050537109375,	0.027723312377929688
5379762500.0,	0.031205177307128906,	0.02706623077392578
5379781250.0,	0.030933380126953125,	0.028141021728515625
5379800000.0,	0.03128814697265625,	0.028455734252929688
5379818750.0,	0.03340339660644531,	0.0286102294921875
5379837500.0,	0.032135009765625,	0.029245376586914062
5379856250.0,	0.03170967102050781,	0.03032684326171875
5379875000.0,	0.03449821472167969,	0.032016754150390625
5379893750.0,	0.03137779235839844,	0.030683517456054688
5379912500.0,	0.032501220703125,	0.032009124755859375
5379931250.0,	0.0325775146484375,	0.03212547302246094
5379950000.0,	0.03138160705566406,	0.03238868713378906
5379968750.0,	0.03200531005859375,	0.033969879150390625
5379987500.0,	0.03356361389160156,	0.03405189514160156
5380006250.0,	0.0330047607421875,	0.03372955322265625
5380025000.0,	0.032154083251953125,	0.03216552734375
5380043750.0,	0.031154632568359375,	0.034576416015625
5380062500.0,	0.031932830810546875,	0.03472709655761719
5380081250.0,	0.03531455993652344,	0.0359649658203125
5380100000.0,	0.031494140625,	0.03400421142578125
5380118750.0,	0.031103134155273438,	0.03576850891113281
5380137500.0,	0.032527923583984375,	0.03385353088378906
5380156250.0,	0.03295707702636719,	0.03819465637207031
5380175000.0,	0.032806396484375,	0.035259246826171875
5380193750.0,	0.03417396545410156,	0.03623008728027344
5380212500.0,	0.03232383728027344,	0.03757286071777344
5380231250.0,	0.033031463623046875,	0.03730201721191406
5380250000.0,	0.03356742858886719,	0.03594207763671875
5380268750.0,	0.03420066833496094,	0.03834724426269531
5380287500.0,	0.03346061706542969,	0.03664207458496094
5380306250.0,	0.0334014892578125,	0.036479949951171875
5380325000.0,	0.03347587585449219,	0.03803825378417969
5380343750.0,	0.032024383544921875,	0.03997611999511719
5380362500.0,	0.03501701354980469,	0.03831291198730469
5380381250.0,	0.03354835510253906,	0.0386962890625
5380400000.0,	0.0326385498046875,	0.03838348388671875
5380418750.0,	0.03391265869140625,	0.03975868225097656
5380437500.0,	0.034122467041015625,	0.03959465026855469
5380456250.0,	0.0326080322265625,	0.040187835693359375
5380475000.0,	0.034122467041015625,	0.040691375732421875
5380493750.0,	0.036502838134765625,	0.040027618408203125
5380512500.0,	0.03549957275390625,	0.04002571105957031
5380531250.0,	0.03377723693847656,	0.04016304016113281
5380550000.0,	0.03465843200683594,	0.0417633056640625
5380568750.0,	0.03295707702636719,	0.03937721252441406
5380587500.0,	0.0350494384765625,	0.04210472106933594
5380606250.0,	0.03538322448730469,	0.04251670837402344
5380625000.0,	0.033649444580078125,	0.04306793212890625
5380643750.0,	0.034160614013671875,	0.04274940490722656
5380662500.0,	0.03501129150390625,	0.04275703430175781
5380681250.0,	0.03593254089355469,	0.04234886169433594
5380700000.0,	0.035121917724609375,	0.042041778564453125
5380718750.0,	0.034854888916015625,	0.04308319091796875
5380737500.0,	0.0347442626953125,	0.04307365417480469
5380756250.0,	0.03631782531738281,	0.04196929931640625
5380775000.0,	0.03492164611816406,	0.043987274169921875
5380793750.0,	0.03287696838378906,	0.04328346252441406
5380812500.0,	0.03566932678222656,	0.04451179504394531
5380831250.0,	0.035472869873046875,	0.04208946228027344
5380850000.0,	0.03668785095214844,	0.04240608215332031
5380868750.0,	0.03740692138671875,	0.04242706298828125
5380887500.0,	0.0384674072265625,	0.044300079345703125
5380906250.0,	0.03733253479003906,	0.043849945068359375
5380925000.0,	0.035919189453125,	0.044086456298828125
5380943750.0,	0.036128997802734375,	0.04771614074707031
5380962500.0,	0.0339202880859375,	0.04550743103027344
5380981250.0,	0.03541374206542969,	0.04545783996582031
5381000000.0,	0.03784942626953125,	0.04392433166503906
5381018750.0,	0.03533744812011719,	0.04468536376953125
5381037500.0,	0.03554534912109375,	0.04586982727050781
5381056250.0,	0.03649330139160156,	0.04604911804199219
5381075000.0,	0.03759574890136719,	0.04288673400878906
5381093750.0,	0.03587150573730469,	0.044811248779296875
5381112500.0,	0.03743743896484375,	0.045352935791015625
5381131250.0,	0.036785125732421875,	0.04600334167480469
5381150000.0,	0.03662872314453125,	0.04564857482910156
5381168750.0,	0.03598785400390625,	0.04434013366699219
5381187500.0,	0.03743553161621094,	0.047771453857421875
5381206250.0,	0.040557861328125,	0.04586219787597656
5381225000.0,	0.03657722473144531,	0.04799461364746094
5381243750.0,	0.03674507141113281,	0.045749664306640625
5381262500.0,	0.03731727600097656,	0.04886054992675781
5381281250.0,	0.03869056701660156,	0.04823875427246094
5381300000.0,	0.037921905517578125,	0.04596519470214844
5381318750.0,	0.036434173583984375,	0.04884147644042969
5381337500.0,	0.037578582763671875,	0.0465850830078125
5381356250.0,	0.03886604309082031,	0.04710578918457031
5381375000.0,	0.036731719970703125,	0.04540252685546875
5381393750.0,	0.0358428955078125,	0.04752349853515625
5381412500.0,	0.0384979248046875,	0.04779052734375
5381431250.0,	0.03680992126464844,	0.04709625244140625
5381450000.0,	0.03884696960449219,	0.05043792724609375
5381468750.0,	0.03917884826660156,	0.047496795654296875
5381487500.0,	0.03674888610839844,	0.04811668395996094
5381506250.0,	0.03823661804199219,	0.04709815979003906
5381525000.0,	0.03715705871582031,	0.04711341857910156
5381543750.0,	0.03860664367675781,	0.046146392822265625
5381562500.0,	0.03936004638671875,	0.04677581787109375
5381581250.0,	0.03910636901855469,	0.04837989807128906
5381600000.0,	0.0390167236328125,	0.04723167419433594
5381618750.0,	0.03756523132324219,	0.04942512512207031
5381637500.0,	0.0385284423828125,	0.04739570617675781
5381656250.0,	0.03798675537109375,	0.05029106140136719
5381675000.0,	0.04081535339355469,	0.047115325927734375
5381693750.0,	0.0399932861328125,	0.04936408996582031
5381712500.0,	0.039669036865234375,	0.050281524658203125
5381731250.0,	0.03898048400878906,	0.05114555358886719
5381750000.0,	0.040218353271484375,	0.04937744140625
5381768750.0,	0.03962898254394531,	0.04955863952636719
5381787500.0,	0.04013252258300781,	0.04768943786621094
5381806250.0,	0.03967857360839844,	0.05084991455078125
5381825000.0,	0.03904151916503906,	0.04866218566894531
5381843750.0,	0.04109764099121094,	0.049938201904296875
5381862500.0,	0.03824424743652344,	0.04905891418457031
5381881250.0,	0.03949737548828125,	0.048076629638671875
5381900000.0,	0.03796195983886719,	0.049869537353515625
5381918750.0,	0.03847694396972656,	0.04936408996582031
5381937500.0,	0.0384979248046875,	0.05076026916503906
5381956250.0,	0.04054832458496094,	0.0492095947265625
5381975000.0,	0.039775848388671875,	0.04961967468261719
5381993750.0,	0.03949737548828125,	0.04733467102050781
5382012500.0,	0.038753509521484375,	0.05024147033691406
5382031250.0,	0.041042327880859375,	0.049495697021484375
5382050000.0,	0.038604736328125,	0.04901695251464844
5382068750.0,	0.03708839416503906,	0.05078887939453125
5382087500.0,	0.04030799865722656,	0.05023765563964844
5382106250.0,	0.041133880615234375,	0.05143928527832031
5382125000.0,	0.039760589599609375,	0.048725128173828125
5382143750.0,	0.039432525634765625,	0.05047798156738281
5382162500.0,	0.04154777526855469,	0.05062294006347656
5382181250.0,	0.039691925048828125,	0.050567626953125
5382200000.0,	0.04201316833496094,	0.05053520202636719
5382218750.0,	0.03854179382324219,	0.049541473388671875
5382237500.0,	0.03812980651855469,	0.0502166748046875
5382256250.0,	0.03993988037109375,	0.05281257629394531
5382275000.0,	0.04080963134765625,	0.04940032958984375
5382293750.0,	0.041782379150390625,	0.05001258850097656
5382312500.0,	0.0419158935546875,	0.05077552795410156
5382331250.0,	0.03925323486328125,	0.050140380859375
5382350000.0,	0.03964424133300781,	0.050807952880859375
5382368750.0,	0.041439056396484375,	0.05134391784667969
5382387500.0,	0.0408477783203125,	0.049381256103515625
5382406250.0,	0.04014396667480469,	0.05194282531738281
5382425000.0,	0.04003715515136719,	0.05112457275390625
5382443750.0,	0.03886985778808594,	0.0515594482421875
5382462500.0,	0.04051399230957031,	0.04964637756347656
5382481250.0,	0.04141044616699219,	0.050994873046875
5382500000.0,	0.04242134094238281,	0.05214118957519531
5382518750.0,	0.04118919372558594,	0.05285453796386719
5382537500.0,	0.042201995849609375,	0.05240821838378906
5382556250.0,	0.04044151306152344,	0.051364898681640625
5382575000.0,	0.04016685485839844,	0.05207061767578125
5382593750.0,	0.0410003662109375,	0.05320167541503906
5382612500.0,	0.0407257080078125,	0.05277442932128906
5382631250.0,	0.04222869873046875,	0.05260276794433594
5382650000.0,	0.04263114929199219,	0.05237579345703125
5382668750.0,	0.04119873046875,	0.05098152160644531
5382687500.0,	0.040035247802734375,	0.052043914794921875
5382706250.0,	0.040802001953125,	0.04999542236328125
5382725000.0,	0.04144477844238281,	0.05284881591796875
5382743750.0,	0.04052162170410156,	0.050914764404296875
5382762500.0,	0.040771484375,	0.05211067199707031
5382781250.0,	0.04273033142089844,	0.05269050598144531
5382800000.0,	0.03933143615722656,	0.05001068115234375
5382818750.0,	0.04331779479980469,	0.052394866943359375
5382837500.0,	0.04098701477050781,	0.05278968811035156
5382856250.0,	0.04146766662597656,	0.05354881286621094
5382875000.0,	0.04168128967285156,	0.05180168151855469
5382893750.0,	0.04183006286621094,	0.05259895324707031
5382912500.0,	0.041046142578125,	0.053096771240234375
5382931250.0,	0.03994941711425781,	0.051502227783203125
5382950000.0,	0.040863037109375,	0.05063056945800781
5382968750.0,	0.041454315185546875,	0.05248260498046875
5382987500.0,	0.04220390319824219,	0.052227020263671875
5383006250.0,	0.04253196716308594,	0.05259132385253906
5383025000.0,	0.03916358947753906,	0.05316352844238281
5383043750.0,	0.04216766357421875,	0.05105018615722656
5383062500.0,	0.043243408203125,	0.05332374572753906
5383081250.0,	0.042236328125,	0.0529327392578125
5383100000.0,	0.042572021484375,	0.05272865295410156
5383118750.0,	0.04090309143066406,	0.05172157287597656
5383137500.0,	0.04164314270019531,	0.05095100402832031
5383156250.0,	0.04256248474121094,	0.05431556701660156
5383175000.0,	0.04078483581542969,	0.05271339416503906
5383193750.0,	0.04154396057128906,	0.05295753479003906
5383212500.0,	0.04217720031738281,	0.050930023193359375
5383231250.0,	0.04300117492675781,	0.05329704284667969
5383250000.0,	0.0423431396484375,	0.053302764892578125
5383268750.0,	0.03954124450683594,	0.05290031433105469
5383287500.0,	0.042148590087890625,	0.05234718322753906
5383306250.0,	0.04239845275878906,	0.05127143859863281
5383325000.0,	0.04320526123046875,	0.0527801513671875
5383343750.0,	0.04236793518066406,	0.05399131774902344
5383362500.0,	0.040134429931640625,	0.05123329162597656
5383381250.0,	0.041584014892578125,	0.053813934326171875
5383400000.0,	0.040195465087890625,	0.0549468994140625
5383418750.0,	0.04162788391113281,	0.052722930908203125
5383437500.0,	0.04279327392578125,	0.0548248291015625
5383456250.0,	0.04213905334472656,	0.05480194091796875
5383475000.0,	0.04336738586425781,	0.053615570068359375
5383493750.0,	0.040973663330078125,	0.053447723388671875
5383512500.0,	0.04174232482910156,	0.0514068603515625
5383531250.0,	0.04319190979003906,	0.05357551574707031
5383550000.0,	0.04126930236816406,	0.05597114562988281
5383568750.0,	0.042720794677734375,	0.05112457275390625
5383587500.0,	0.04181861877441406,	0.05519676208496094
5383606250.0,	0.04436492919921875,	0.05500030517578125
5383625000.0,	0.043621063232421875,	0.051738739013671875
5383643750.0,	0.04039573669433594,	0.05459022521972656
5383662500.0,	0.04349517822265625,	0.05326080322265625
5383681250.0,	0.04230499267578125,	0.05237579345703125
5383700000.0,	0.043025970458984375,	0.054645538330078125
5383718750.0,	0.04215431213378906,	0.053569793701171875
5383737500.0,	0.039379119873046875,	0.05320549011230469
5383756250.0,	0.04353141784667969,	0.055179595947265625
5383775000.0,	0.0422210693359375,	0.0541229248046875
5383793750.0,	0.043766021728515625,	0.05423164367675781
5383812500.0,	0.04368782043457031,	0.05535125732421875
5383831250.0,	0.044921875,	0.055339813232421875
5383850000.0,	0.04291725158691406,	0.05426788330078125
5383868750.0,	0.0436553955078125,	0.051666259765625
5383887500.0,	0.04377174377441406,	0.05373954772949219
5383906250.0,	0.04369163513183594,	0.053569793701171875
5383925000.0,	0.042690277099609375,	0.05371284484863281
5383943750.0,	0.04271888732910156,	0.05434417724609375
5383962500.0,	0.04262733459472656,	0.05316162109375
5383981250.0,	0.0453643798828125,	0.054718017578125
5384000000.0,	0.042728424072265625,	0.05419158935546875
5384018750.0,	0.04371070861816406,	0.05279541015625
5384037500.0,	0.042278289794921875,	0.054775238037109375
5384056250.0,	0.042148590087890625,	0.05445098876953125
5384075000.0,	0.04071044921875,	0.054370880126953125
5384093750.0,	0.04377937316894531,	0.05401039123535156
5384112500.0,	0.04302406311035156,	0.053966522216796875
5384131250.0,	0.042736053466796875,	0.055973052978515625
5384150000.0,	0.04207611083984375,	0.05367851257324219
5384168750.0,	0.04124641418457031,	0.05286979675292969
5384187500.0,	0.04440879821777344,	0.05370140075683594
5384206250.0,	0.043544769287109375,	0.05613517761230469
5384225000.0,	0.04316902160644531,	0.05519676208496094
5384243750.0,	0.04279899597167969,	0.054004669189453125
5384262500.0,	0.0416259765625,	0.05431175231933594
5384281250.0,	0.04247474670410156,	0.0562896728515625
5384300000.0,	0.042797088623046875,	0.05464744567871094
5384318750.0,	0.043758392333984375,	0.05387115478515625
5384337500.0,	0.04268455505371094,	0.053928375244140625
5384356250.0,	0.043239593505859375,	0.05438423156738281
5384375000.0,	0.04123878479003906,	0.05570411682128906
5384393750.0,	0.04138946533203125,	0.05339241027832031
5384412500.0,	0.04216194152832031,	0.05595207214355469
5384431250.0,	0.04575347900390625,	0.05523872375488281
5384450000.0,	0.041473388671875,	0.05500221252441406
5384468750.0,	0.04473304748535156,	0.05504608154296875
5384487500.0,	0.04291534423828125,	0.05429840087890625
5384506250.0,	0.043323516845703125,	0.055206298828125
5384525000.0,	0.0428009033203125,	0.05396842956542969
5384543750.0,	0.042751312255859375,	0.05451202392578125
5384562500.0,	0.04560089111328125,	0.05544090270996094
5384581250.0,	0.042270660400390625,	0.0546112060546875
5384600000.0,	0.04203987121582031,	0.055080413818359375
5384618750.0,	0.044780731201171875,	0.056018829345703125
5384637500.0,	0.04193305969238281,	0.05433464050292969
5384656250.0,	0.04337882995605469,	0.056201934814453125
5384675000.0,	0.045116424560546875,	0.05290031433105469
5384693750.0,	0.045017242431640625,	0.05511665344238281
5384712500.0,	0.04261016845703125,	0.05376625061035156
5384731250.0,	0.042728424072265625,	0.054782867431640625
5384750000.0,	0.04357147216796875,	0.05346488952636719
5384768750.0,	0.04366302490234375,	0.05560874938964844
5384787500.0,	0.04307746887207031,	0.05526161193847656
5384806250.0,	0.04615592956542969,	0.05415153503417969
5384825000.0,	0.044528961181640625,	0.052936553955078125
5384843750.0,	0.043544769287109375,	0.053554534912109375
5384862500.0,	0.0436553955078125,	0.05472755432128906
5384881250.0,	0.044017791748046875,	0.05500221252441406
5384900000.0,	0.043254852294921875,	0.05650138854980469
5384918750.0,	0.04423713684082031,	0.05693817138671875
5384937500.0,	0.04492759704589844,	0.05674552917480469
5384956250.0,	0.044399261474609375,	0.054168701171875
5384975000.0,	0.04369163513183594,	0.05311012268066406
5384993750.0,	0.04254341125488281,	0.05426216125488281
5385012500.0,	0.04235076904296875,	0.05727577209472656
5385031250.0,	0.04437065124511719,	0.05467796325683594
5385050000.0,	0.04160308837890625,	0.05573081970214844
5385068750.0,	0.045001983642578125,	0.05585289001464844
5385087500.0,	0.04184150695800781,	0.05553627014160156
5385106250.0,	0.04361534118652344,	0.054561614990234375
5385125000.0,	0.04297447204589844,	0.05512237548828125
5385143750.0,	0.04532051086425781,	0.055805206298828125
5385162500.0,	0.04276084899902344,	0.056644439697265625
5385181250.0,	0.04362678527832031,	0.055210113525390625
5385200000.0,	0.042423248291015625,	0.05320167541503906
5385218750.0,	0.04498863220214844,	0.05403327941894531
5385237500.0,	0.04277610778808594,	0.05401802062988281
5385256250.0,	0.044673919677734375,	0.05542564392089844
5385275000.0,	0.04358100891113281,	0.05383110046386719
5385293750.0,	0.043949127197265625,	0.055141448974609375
5385312500.0,	0.043933868408203125,	0.05629730224609375
5385331250.0,	0.04381370544433594,	0.05544471740722656
5385350000.0,	0.044284820556640625,	0.05393409729003906
5385368750.0,	0.04407501220703125,	0.05777168273925781
5385387500.0,	0.04441642761230469,	0.05477714538574219
5385406250.0,	0.04520416259765625,	0.055805206298828125
5385425000.0,	0.04427337646484375,	0.05648994445800781
5385443750.0,	0.04404640197753906,	0.055561065673828125
5385462500.0,	0.04364013671875,	0.05718040466308594
5385481250.0,	0.04344940185546875,	0.05258750915527344
5385500000.0,	0.044025421142578125,	0.05862617492675781
5385518750.0,	0.04549980163574219,	0.055484771728515625
5385537500.0,	0.0430450439453125,	0.056499481201171875
5385556250.0,	0.04405021667480469,	0.05661582946777344
5385575000.0,	0.04303550720214844,	0.05621910095214844
5385593750.0,	0.0462646484375,	0.0566558837890625
5385612500.0,	0.04599761962890625,	0.05530738830566406
5385631250.0,	0.044231414794921875,	0.05685615539550781
5385650000.0,	0.04522132873535156,	0.055614471435546875
5385668750.0,	0.0438995361328125,	0.05684089660644531
5385687500.0,	0.0435791015625,	0.05740928649902344
5385706250.0,	0.044223785400390625,	0.0540618896484375
5385725000.0,	0.04404640197753906,	0.05541038513183594
5385743750.0,	0.0445709228515625,	0.05697441101074219
5385762500.0,	0.042957305908203125,	0.05462837219238281
5385781250.0,	0.04329872131347656,	0.0569915771484375
5385800000.0,	0.04523277282714844,	0.057674407958984375
5385818750.0,	0.04659080505371094,	0.05594444274902344
5385837500.0,	0.043178558349609375,	0.05756378173828125
5385856250.0,	0.04512977600097656,	0.05405235290527344
5385875000.0,	0.043788909912109375,	0.05503082275390625
5385893750.0,	0.044719696044921875,	0.05563163757324219
5385912500.0,	0.04344940185546875,	0.05394554138183594
5385931250.0,	0.044460296630859375,	0.05623435974121094
5385950000.0,	0.04278755187988281,	0.05790138244628906
5385968750.0,	0.04323577880859375,	0.054195404052734375
5385987500.0,	0.042774200439453125,	0.05584907531738281
5386006250.0,	0.04285240173339844,	0.0552825927734375
5386025000.0,	0.04468345642089844,	0.05529975891113281
5386043750.0,	0.044525146484375,	0.05673789978027344
5386062500.0,	0.04380607604980469,	0.05768775939941406
5386081250.0,	0.04286384582519531,	0.0577239990234375
5386100000.0,	0.04395866394042969,	0.05400848388671875
5386118750.0,	0.04530906677246094,	0.0567474365234375
5386137500.0,	0.04343605041503906,	0.05713081359863281
5386156250.0,	0.04411888122558594,	0.05830955505371094
5386175000.0,	0.043338775634765625,	0.05739784240722656
5386193750.0,	0.04510688781738281,	0.056446075439453125
5386212500.0,	0.044498443603515625,	0.05666923522949219
5386231250.0,	0.048580169677734375,	0.05659294128417969
5386250000.0,	0.045413970947265625,	0.05730438232421875
5386268750.0,	0.043048858642578125,	0.05849266052246094
5386287500.0,	0.04352760314941406,	0.05754661560058594
5386306250.0,	0.04434776306152344,	0.05559730529785156
5386325000.0,	0.044952392578125,	0.05621337890625
5386343750.0,	0.04584693908691406,	0.055568695068359375
5386362500.0,	0.04277801513671875,	0.05454826354980469
5386381250.0,	0.0439453125,	0.056735992431640625
5386400000.0,	0.04440498352050781,	0.05587005615234375
5386418750.0,	0.04593467712402344,	0.05805778503417969
5386437500.0,	0.04438591003417969,	0.05856132507324219
5386456250.0,	0.044281005859375,	0.05660247802734375
5386475000.0,	0.044498443603515625,	0.05877494812011719
5386493750.0,	0.044422149658203125,	0.057376861572265625
5386512500.0,	0.04297828674316406,	0.05662727355957031
5386531250.0,	0.04254722595214844,	0.05668449401855469
5386550000.0,	0.04463005065917969,	0.058620452880859375
5386568750.0,	0.04626274108886719,	0.055713653564453125
5386587500.0,	0.04566764831542969,	0.05641746520996094
5386606250.0,	0.04170417785644531,	0.05769538879394531
5386625000.0,	0.043636322021484375,	0.058750152587890625
5386643750.0,	0.04182624816894531,	0.054103851318359375
5386662500.0,	0.044361114501953125,	0.056606292724609375
5386681250.0,	0.04596519470214844,	0.056529998779296875
5386700000.0,	0.04503059387207031,	0.05503082275390625
5386718750.0,	0.045196533203125,	0.05518531799316406
5386737500.0,	0.04450416564941406,	0.05640602111816406
5386756250.0,	0.042354583740234375,	0.058269500732421875
5386775000.0,	0.04368782043457031,	0.05846214294433594
5386793750.0,	0.04412269592285156,	0.05830955505371094
5386812500.0,	0.04443359375,	0.05718421936035156
5386831250.0,	0.045467376708984375,	0.055599212646484375
5386850000.0,	0.04577064514160156,	0.05682182312011719
5386868750.0,	0.042797088623046875,	0.05543327331542969
5386887500.0,	0.04646873474121094,	0.056697845458984375
5386906250.0,	0.0457763671875,	0.05568695068359375
5386925000.0,	0.04471588134765625,	0.057422637939453125
5386943750.0,	0.04473686218261719,	0.05677604675292969
5386962500.0,	0.04624176025390625,	0.053981781005859375
5386981250.0,	0.044612884521484375,	0.05696868896484375
5387000000.0,	0.044284820556640625,	0.05825042724609375
5387018750.0,	0.04459190368652344,	0.055583953857421875
5387037500.0,	0.04245567321777344,	0.056461334228515625
5387056250.0,	0.045825958251953125,	0.05645561218261719
5387075000.0,	0.045558929443359375,	0.05717658996582031
5387093750.0,	0.04061317443847656,	0.057323455810546875
5387112500.0,	0.04431343078613281,	0.05660057067871094
5387131250.0,	0.0430908203125,	0.058681488037109375
5387150000.0,	0.04500007629394531,	0.05902671813964844
5387168750.0,	0.0444488525390625,	0.05810737609863281
5387187500.0,	0.04495048522949219,	0.05792045593261719
5387206250.0,	0.04595947265625,	0.05806541442871094
5387225000.0,	0.04547691345214844,	0.05496406555175781
5387243750.0,	0.04367828369140625,	0.05634880065917969
5387262500.0,	0.0430145263671875,	0.0569000244140625
5387281250.0,	0.04404640197753906,	0.0576629638671875
5387300000.0,	0.0469970703125,	0.05444526672363281
5387318750.0,	0.04518699645996094,	0.05698204040527344
5387337500.0,	0.04480934143066406,	0.05753517150878906
5387356250.0,	0.04445838928222656,	0.05679893493652344
5387375000.0,	0.04328155517578125,	0.059169769287109375
5387393750.0,	0.04181671142578125,	0.05655479431152344
5387412500.0,	0.04434776306152344,	0.05792427062988281
5387431250.0,	0.04572868347167969,	0.05620574951171875
5387450000.0,	0.04357337951660156,	0.056911468505859375
5387468750.0,	0.04429435729980469,	0.058345794677734375
5387487500.0,	0.04570198059082031,	0.05961799621582031
5387506250.0,	0.04534721374511719,	0.05874824523925781
5387525000.0,	0.04295158386230469,	0.05620384216308594
5387543750.0,	0.04289817810058594,	0.058399200439453125
5387562500.0,	0.04606056213378906,	0.056842803955078125
5387581250.0,	0.045314788818359375,	0.056331634521484375
5387600000.0,	0.046905517578125,	0.05867767333984375
5387618750.0,	0.04323768615722656,	0.05632781982421875
5387637500.0,	0.045589447021484375,	0.05917930603027344
5387656250.0,	0.04462623596191406,	0.05869102478027344
5387675000.0,	0.045757293701171875,	0.057773590087890625
5387693750.0,	0.04574012756347656,	0.056240081787109375
5387712500.0,	0.04451942443847656,	0.0561065673828125
5387731250.0,	0.04486656188964844,	0.05721282958984375
5387750000.0,	0.044307708740234375,	0.058467864990234375
5387768750.0,	0.042934417724609375,	0.05637550354003906
5387787500.0,	0.04477882385253906,	0.05887413024902344
5387806250.0,	0.04460716247558594,	0.05538368225097656
5387825000.0,	0.04496002197265625,	0.05769920349121094
5387843750.0,	0.043018341064453125,	0.05765724182128906
5387862500.0,	0.04539680480957031,	0.05768013000488281
5387881250.0,	0.0460052490234375,	0.05767822265625
5387900000.0,	0.04530525207519531,	0.059314727783203125
5387918750.0,	0.04522514343261719,	0.05794525146484375
5387937500.0,	0.04538154602050781,	0.05833244323730469
5387956250.0,	0.04517555236816406,	0.057216644287109375
5387975000.0,	0.047222137451171875,	0.053432464599609375
5387993750.0,	0.0440521240234375,	0.058750152587890625
5388012500.0,	0.044673919677734375,	0.05690956115722656
5388031250.0,	0.04534721374511719,	0.059329986572265625
5388050000.0,	0.046482086181640625,	0.05909919738769531
5388068750.0,	0.044681549072265625,	0.057628631591796875
5388087500.0,	0.04466819763183594,	0.05937957763671875
5388106250.0,	0.04675865173339844,	0.0578460693359375
5388125000.0,	0.046764373779296875,	0.05735206604003906
5388143750.0,	0.045909881591796875,	0.05782318115234375
5388162500.0,	0.0447540283203125,	0.057659149169921875
5388181250.0,	0.04594612121582031,	0.058345794677734375
5388200000.0,	0.044384002685546875,	0.05754852294921875
5388218750.0,	0.045703887939453125,	0.05734443664550781
5388237500.0,	0.04608726501464844,	0.05637931823730469
5388256250.0,	0.04396820068359375,	0.057743072509765625
5388275000.0,	0.043552398681640625,	0.056640625
5388293750.0,	0.04311180114746094,	0.05680274963378906
5388312500.0,	0.04434967041015625,	0.059444427490234375
5388331250.0,	0.0443267822265625,	0.05738258361816406
5388350000.0,	0.04647636413574219,	0.05752372741699219
5388368750.0,	0.0442962646484375,	0.05904388427734375
5388387500.0,	0.04491996765136719,	0.057147979736328125
5388406250.0,	0.043712615966796875,	0.05597496032714844
5388425000.0,	0.04609870910644531,	0.0574188232421875
5388443750.0,	0.04505348205566406,	0.053562164306640625
5388462500.0,	0.04575920104980469,	0.056396484375
5388481250.0,	0.044612884521484375,	0.05716896057128906
5388500000.0,	0.0453643798828125,	0.05763816833496094
5388518750.0,	0.04468727111816406,	0.05735588073730469
5388537500.0,	0.04499626159667969,	0.05842781066894531
5388556250.0,	0.044994354248046875,	0.05653572082519531
5388575000.0,	0.04498863220214844,	0.05971717834472656
5388593750.0,	0.045440673828125,	0.058414459228515625
5388612500.0,	0.046009063720703125,	0.05913352966308594
5388631250.0,	0.044506072998046875,	0.05706214904785156
5388650000.0,	0.044281005859375,	0.056781768798828125
5388668750.0,	0.04466056823730469,	0.057804107666015625
5388687500.0,	0.04675865173339844,	0.057788848876953125
5388706250.0,	0.04412078857421875,	0.057292938232421875
5388725000.0,	0.044902801513671875,	0.058231353759765625
5388743750.0,	0.04514503479003906,	0.05719566345214844
5388762500.0,	0.04586601257324219,	0.056766510009765625
5388781250.0,	0.044048309326171875,	0.057826995849609375
5388800000.0,	0.04338264465332031,	0.057125091552734375
5388818750.0,	0.0442657470703125,	0.05747413635253906
5388837500.0,	0.045139312744140625,	0.058681488037109375
5388856250.0,	0.046634674072265625,	0.056793212890625
5388875000.0,	0.04580116271972656,	0.05797004699707031
5388893750.0,	0.04435157775878906,	0.05754852294921875
5388912500.0,	0.04733085632324219,	0.057910919189453125
5388931250.0,	0.04534721374511719,	0.05762290954589844
5388950000.0,	0.04520988464355469,	0.05779266357421875
5388968750.0,	0.044605255126953125,	0.06022071838378906
5388987500.0,	0.04575920104980469,	0.05895805358886719
5389006250.0,	0.04415130615234375,	0.059505462646484375
5389025000.0,	0.045257568359375,	0.05792427062988281
5389043750.0,	0.04363059997558594,	0.05993843078613281
5389062500.0,	0.04343605041503906,	0.05802345275878906
5389081250.0,	0.04541015625,	0.05772972106933594
5389100000.0,	0.04695320129394531,	0.05811500549316406
5389118750.0,	0.04496574401855469,	0.05818939208984375
5389137500.0,	0.04404258728027344,	0.056324005126953125
5389156250.0,	0.045055389404296875,	0.058612823486328125
5389175000.0,	0.04479217529296875,	0.05916404724121094
5389193750.0,	0.0439910888671875,	0.05811882019042969
5389212500.0,	0.04302787780761719,	0.05760765075683594
5389231250.0,	0.04558372497558594,	0.05681419372558594
5389250000.0,	0.044506072998046875,	0.06026649475097656
5389268750.0,	0.04624366760253906,	0.05799674987792969
5389287500.0,	0.0441131591796875,	0.05904579162597656
5389306250.0,	0.04545021057128906,	0.0617523193359375
5389325000.0,	0.046360015869140625,	0.05784034729003906
5389343750.0,	0.04354095458984375,	0.06068611145019531
5389362500.0,	0.0465545654296875,	0.05985832214355469
5389381250.0,	0.04516792297363281,	0.05902099609375
5389400000.0,	0.046237945556640625,	0.06025505065917969
5389418750.0,	0.04533958435058594,	0.059795379638671875
5389437500.0,	0.0456390380859375,	0.05804443359375
5389456250.0,	0.04595756530761719,	0.05841064453125
5389475000.0,	0.04378509521484375,	0.05750274658203125
5389493750.0,	0.044612884521484375,	0.058994293212890625
5389512500.0,	0.04377174377441406,	0.058399200439453125
5389531250.0,	0.04789543151855469,	0.056690216064453125
5389550000.0,	0.0468902587890625,	0.05840873718261719
5389568750.0,	0.04540252685546875,	0.05816078186035156
5389587500.0,	0.04120063781738281,	0.05854225158691406
5389606250.0,	0.046787261962890625,	0.05797576904296875
5389625000.0,	0.04445838928222656,	0.05892753601074219
5389643750.0,	0.044586181640625,	0.05817985534667969
5389662500.0,	0.04353523254394531,	0.057140350341796875
5389681250.0,	0.045154571533203125,	0.05931282043457031
5389700000.0,	0.04556083679199219,	0.05915069580078125
5389718750.0,	0.044696807861328125,	0.05840110778808594
5389737500.0,	0.047870635986328125,	0.059482574462890625
5389756250.0,	0.045520782470703125,	0.05927085876464844
5389775000.0,	0.04453849792480469,	0.05804443359375
5389793750.0,	0.04491233825683594,	0.0577392578125
5389812500.0,	0.04368019104003906,	0.05858421325683594
5389831250.0,	0.044673919677734375,	0.059383392333984375
5389850000.0,	0.04561614990234375,	0.05980110168457031
5389868750.0,	0.04539299011230469,	0.06068992614746094
5389887500.0,	0.04478645324707031,	0.0592803955078125
5389906250.0,	0.04827117919921875,	0.05874061584472656
5389925000.0,	0.044956207275390625,	0.06035041809082031
5389943750.0,	0.04354286193847656,	0.05773162841796875
5389962500.0,	0.04540252685546875,	0.06044769287109375
5389981250.0,	0.04335594177246094,	0.06007575988769531
5390000000.0,	0.045101165771484375,	0.060443878173828125
