5310037500.0,	0.04746437072753906,	0.05350494384765625
5310075000.0,	0.0476226806640625,	0.052112579345703125
5310112500.0,	0.047863006591796875,	0.0540618896484375
5310150000.0,	0.04422950744628906,	0.053035736083984375
5310187500.0,	0.04906463623046875,	0.05263328552246094
5310225000.0,	0.04405021667480469,	0.05581474304199219
5310262500.0,	0.04424285888671875,	0.05625152587890625
5310300000.0,	0.04542732238769531,	0.055370330810546875
5310337500.0,	0.045551300048828125,	0.05452156066894531
5310375000.0,	0.04595184326171875,	0.053188323974609375
5310412500.0,	0.045131683349609375,	0.05525970458984375
5310450000.0,	0.049747467041015625,	0.05322837829589844
5310487500.0,	0.04452323913574219,	0.05433082580566406
5310525000.0,	0.046566009521484375,	0.05672645568847656
5310562500.0,	0.046596527099609375,	0.053394317626953125
5310600000.0,	0.047290802001953125,	0.05225372314453125
5310637500.0,	0.047451019287109375,	0.056385040283203125
5310675000.0,	0.045406341552734375,	0.05317497253417969
5310712500.0,	0.046451568603515625,	0.054317474365234375
5310750000.0,	0.047863006591796875,	0.055324554443359375
5310787500.0,	0.04557609558105469,	0.052490234375
5310825000.0,	0.047687530517578125,	0.05755424499511719
5310862500.0,	0.04734039306640625,	0.05589103698730469
5310900000.0,	0.045352935791015625,	0.05333900451660156
5310937500.0,	0.047878265380859375,	0.054767608642578125
5310975000.0,	0.04584503173828125,	0.054759979248046875
5311012500.0,	0.04658699035644531,	0.05500030517578125
5311050000.0,	0.04667472839355469,	0.054351806640625
5311087500.0,	0.04824066162109375,	0.056293487548828125
5311125000.0,	0.04524803161621094,	0.05288124084472656
5311162500.0,	0.047821044921875,	0.055080413818359375
5311200000.0,	0.04650115966796875,	0.05369377136230469
5311237500.0,	0.045482635498046875,	0.05557823181152344
5311275000.0,	0.04876518249511719,	0.05519676208496094
5311312500.0,	0.04763984680175781,	0.05566215515136719
5311350000.0,	0.04724311828613281,	0.05472373962402344
5311387500.0,	0.047515869140625,	0.05516624450683594
5311425000.0,	0.04670524597167969,	0.05491447448730469
5311462500.0,	0.044979095458984375,	0.05584526062011719
5311500000.0,	0.04906463623046875,	0.05422019958496094
5311537500.0,	0.047168731689453125,	0.05613899230957031
5311575000.0,	0.04866600036621094,	0.05615043640136719
5311612500.0,	0.04728507995605469,	0.05282020568847656
5311650000.0,	0.04566192626953125,	0.05599403381347656
5311687500.0,	0.0474700927734375,	0.05623626708984375
5311725000.0,	0.04666328430175781,	0.055934906005859375
5311762500.0,	0.04729270935058594,	0.05458259582519531
5311800000.0,	0.04588890075683594,	0.05838775634765625
5311837500.0,	0.045787811279296875,	0.05344200134277344
5311875000.0,	0.047473907470703125,	0.05552101135253906
5311912500.0,	0.047534942626953125,	0.054882049560546875
5311950000.0,	0.048801422119140625,	0.05534934997558594
5311987500.0,	0.046520233154296875,	0.05741119384765625
5312025000.0,	0.04611015319824219,	0.05422782897949219
5312062500.0,	0.04779243469238281,	0.055328369140625
5312100000.0,	0.04529762268066406,	0.055713653564453125
5312137500.0,	0.0488433837890625,	0.05280113220214844
5312175000.0,	0.04862022399902344,	0.05684852600097656
5312212500.0,	0.047817230224609375,	0.05539131164550781
5312250000.0,	0.04744148254394531,	0.05419731140136719
5312287500.0,	0.045654296875,	0.05663871765136719
5312325000.0,	0.04712104797363281,	0.05676078796386719
5312362500.0,	0.048328399658203125,	0.05602073669433594
5312400000.0,	0.04872703552246094,	0.05321311950683594
5312437500.0,	0.04744911193847656,	0.055423736572265625
5312475000.0,	0.04648590087890625,	0.052600860595703125
5312512500.0,	0.04847526550292969,	0.05335807800292969
5312550000.0,	0.04674530029296875,	0.05695343017578125
5312587500.0,	0.04767036437988281,	0.05544471740722656
5312625000.0,	0.04753684997558594,	0.05534172058105469
5312662500.0,	0.047821044921875,	0.0552825927734375
5312700000.0,	0.04761505126953125,	0.05558586120605469
5312737500.0,	0.047016143798828125,	0.056201934814453125
5312775000.0,	0.047977447509765625,	0.05466270446777344
5312812500.0,	0.04678916931152344,	0.05682373046875
5312850000.0,	0.04679107666015625,	0.057140350341796875
5312887500.0,	0.04665184020996094,	0.056041717529296875
5312925000.0,	0.04792976379394531,	0.054241180419921875
5312962500.0,	0.04696083068847656,	0.05585479736328125
5313000000.0,	0.04693031311035156,	0.05772209167480469
5313037500.0,	0.04687690734863281,	0.05533027648925781
5313075000.0,	0.048023223876953125,	0.056148529052734375
5313112500.0,	0.04767608642578125,	0.05580329895019531
5313150000.0,	0.04729270935058594,	0.053070068359375
5313187500.0,	0.0491790771484375,	0.05591392517089844
5313225000.0,	0.045745849609375,	0.055538177490234375
5313262500.0,	0.04587554931640625,	0.05647468566894531
5313300000.0,	0.04875755310058594,	0.05581855773925781
5313337500.0,	0.04900360107421875,	0.05515480041503906
5313375000.0,	0.04659080505371094,	0.05656242370605469
5313412500.0,	0.04874420166015625,	0.0559539794921875
5313450000.0,	0.0446014404296875,	0.05570220947265625
5313487500.0,	0.048618316650390625,	0.05603981018066406
5313525000.0,	0.04601860046386719,	0.056224822998046875
5313562500.0,	0.04813385009765625,	0.05699729919433594
5313600000.0,	0.04634666442871094,	0.05705070495605469
5313637500.0,	0.046352386474609375,	0.05757331848144531
5313675000.0,	0.04995918273925781,	0.056659698486328125
5313712500.0,	0.04572105407714844,	0.05340385437011719
5313750000.0,	0.04857635498046875,	0.057117462158203125
5313787500.0,	0.049671173095703125,	0.05791473388671875
5313825000.0,	0.047573089599609375,	0.05619621276855469
5313862500.0,	0.04871368408203125,	0.05653190612792969
5313900000.0,	0.04873085021972656,	0.05649566650390625
5313937500.0,	0.04727745056152344,	0.05801200866699219
5313975000.0,	0.04575157165527344,	0.05711936950683594
5314012500.0,	0.04694175720214844,	0.05757904052734375
5314050000.0,	0.04891777038574219,	0.054851531982421875
5314087500.0,	0.048450469970703125,	0.05677032470703125
5314125000.0,	0.046131134033203125,	0.058086395263671875
5314162500.0,	0.05011940002441406,	0.05733489990234375
5314200000.0,	0.047267913818359375,	0.057159423828125
5314237500.0,	0.04642677307128906,	0.05635261535644531
5314275000.0,	0.0501708984375,	0.05515480041503906
5314312500.0,	0.04699516296386719,	0.05734062194824219
5314350000.0,	0.04929161071777344,	0.05771827697753906
5314387500.0,	0.048892974853515625,	0.05910682678222656
5314425000.0,	0.04765510559082031,	0.054988861083984375
5314462500.0,	0.048961639404296875,	0.05549049377441406
5314500000.0,	0.05097198486328125,	0.0575408935546875
5314537500.0,	0.04866981506347656,	0.05826759338378906
5314575000.0,	0.04901885986328125,	0.05832862854003906
5314612500.0,	0.0475006103515625,	0.056148529052734375
5314650000.0,	0.04933929443359375,	0.057300567626953125
5314687500.0,	0.04963493347167969,	0.055850982666015625
5314725000.0,	0.04749298095703125,	0.055908203125
5314762500.0,	0.04918479919433594,	0.05631446838378906
5314800000.0,	0.04984474182128906,	0.05686759948730469
5314837500.0,	0.04691123962402344,	0.05636787414550781
5314875000.0,	0.04777336120605469,	0.05704307556152344
5314912500.0,	0.04858207702636719,	0.0558624267578125
5314950000.0,	0.049304962158203125,	0.05869865417480469
5314987500.0,	0.048831939697265625,	0.05645561218261719
5315025000.0,	0.0477447509765625,	0.05508613586425781
5315062500.0,	0.04857444763183594,	0.05692291259765625
5315100000.0,	0.04694175720214844,	0.05776405334472656
5315137500.0,	0.05002784729003906,	0.057018280029296875
5315175000.0,	0.05043601989746094,	0.05783843994140625
5315212500.0,	0.050167083740234375,	0.05805778503417969
5315250000.0,	0.04691505432128906,	0.05859375
5315287500.0,	0.04734039306640625,	0.05548286437988281
5315325000.0,	0.04970550537109375,	0.05822563171386719
5315362500.0,	0.04925537109375,	0.05889892578125
5315400000.0,	0.04827880859375,	0.055755615234375
5315437500.0,	0.05066680908203125,	0.057525634765625
5315475000.0,	0.048603057861328125,	0.05669212341308594
5315512500.0,	0.05014801025390625,	0.056529998779296875
5315550000.0,	0.0467376708984375,	0.059253692626953125
5315587500.0,	0.04896354675292969,	0.056243896484375
5315625000.0,	0.04796028137207031,	0.057292938232421875
5315662500.0,	0.05006217956542969,	0.05727958679199219
5315700000.0,	0.048980712890625,	0.0577392578125
5315737500.0,	0.04906272888183594,	0.056690216064453125
5315775000.0,	0.04981040954589844,	0.057788848876953125
5315812500.0,	0.049274444580078125,	0.05773735046386719
5315850000.0,	0.04888343811035156,	0.055995941162109375
5315887500.0,	0.050907135009765625,	0.059070587158203125
5315925000.0,	0.04936981201171875,	0.05721473693847656
5315962500.0,	0.048877716064453125,	0.055957794189453125
5316000000.0,	0.04930686950683594,	0.06033515930175781
5316037500.0,	0.04790496826171875,	0.05668067932128906
5316075000.0,	0.04824256896972656,	0.05836677551269531
5316112500.0,	0.04815101623535156,	0.05815696716308594
5316150000.0,	0.049816131591796875,	0.057098388671875
5316187500.0,	0.047512054443359375,	0.06005096435546875
5316225000.0,	0.05097198486328125,	0.05814552307128906
5316262500.0,	0.04968833923339844,	0.058563232421875
5316300000.0,	0.05111122131347656,	0.057155609130859375
5316337500.0,	0.04815673828125,	0.05721282958984375
5316375000.0,	0.04837608337402344,	0.05787467956542969
5316412500.0,	0.04962348937988281,	0.057628631591796875
5316450000.0,	0.04961585998535156,	0.05843925476074219
5316487500.0,	0.050731658935546875,	0.059955596923828125
5316525000.0,	0.05073738098144531,	0.057910919189453125
5316562500.0,	0.04918670654296875,	0.05726814270019531
5316600000.0,	0.04880714416503906,	0.0591278076171875
5316637500.0,	0.051097869873046875,	0.059017181396484375
5316675000.0,	0.05113410949707031,	0.05695915222167969
5316712500.0,	0.05040931701660156,	0.05716514587402344
5316750000.0,	0.05007362365722656,	0.05741119384765625
5316787500.0,	0.04885292053222656,	0.05811882019042969
5316825000.0,	0.04821968078613281,	0.058826446533203125
5316862500.0,	0.04888725280761719,	0.058872222900390625
5316900000.0,	0.04915428161621094,	0.058322906494140625
5316937500.0,	0.04844856262207031,	0.05729484558105469
5316975000.0,	0.04986000061035156,	0.05938529968261719
5317012500.0,	0.050205230712890625,	0.05834388732910156
5317050000.0,	0.04960441589355469,	0.057586669921875
5317087500.0,	0.048828125,	0.05719566345214844
5317125000.0,	0.05009269714355469,	0.057796478271484375
5317162500.0,	0.04952430725097656,	0.056819915771484375
5317200000.0,	0.05042839050292969,	0.05725288391113281
5317237500.0,	0.04965400695800781,	0.05825996398925781
5317275000.0,	0.04740715026855469,	0.0569610595703125
5317312500.0,	0.05027580261230469,	0.05903816223144531
5317350000.0,	0.05017662048339844,	0.057346343994140625
5317387500.0,	0.04898643493652344,	0.05877494812011719
5317425000.0,	0.04883384704589844,	0.056995391845703125
5317462500.0,	0.05240440368652344,	0.05816078186035156
5317500000.0,	0.05053901672363281,	0.058879852294921875
5317537500.0,	0.05196380615234375,	0.059215545654296875
5317575000.0,	0.04962730407714844,	0.0578155517578125
5317612500.0,	0.050506591796875,	0.05726432800292969
5317650000.0,	0.0498046875,	0.0557098388671875
5317687500.0,	0.050937652587890625,	0.05870246887207031
5317725000.0,	0.04884910583496094,	0.05866050720214844
5317762500.0,	0.05033111572265625,	0.057994842529296875
5317800000.0,	0.05151557922363281,	0.05785942077636719
5317837500.0,	0.04874229431152344,	0.05857658386230469
5317875000.0,	0.04784965515136719,	0.05792045593261719
5317912500.0,	0.04962158203125,	0.05855751037597656
5317950000.0,	0.05007171630859375,	0.05762481689453125
5317987500.0,	0.048503875732421875,	0.059001922607421875
5318025000.0,	0.0504913330078125,	0.05902290344238281
5318062500.0,	0.051849365234375,	0.05906867980957031
5318100000.0,	0.05010032653808594,	0.057910919189453125
5318137500.0,	0.05120277404785156,	0.06000709533691406
5318175000.0,	0.05085182189941406,	0.059932708740234375
5318212500.0,	0.05048370361328125,	0.060886383056640625
5318250000.0,	0.048839569091796875,	0.056415557861328125
5318287500.0,	0.04902076721191406,	0.05879783630371094
5318325000.0,	0.04976654052734375,	0.060089111328125
5318362500.0,	0.04987144470214844,	0.0592803955078125
5318400000.0,	0.05054473876953125,	0.057994842529296875
5318437500.0,	0.05062294006347656,	0.0574493408203125
5318475000.0,	0.04940032958984375,	0.059055328369140625
5318512500.0,	0.04958343505859375,	0.060779571533203125
5318550000.0,	0.05087852478027344,	0.059177398681640625
5318587500.0,	0.05188179016113281,	0.06105804443359375
5318625000.0,	0.05090522766113281,	0.059139251708984375
5318662500.0,	0.04925537109375,	0.05949211120605469
5318700000.0,	0.05135154724121094,	0.0595550537109375
5318737500.0,	0.05075836181640625,	0.056224822998046875
5318775000.0,	0.05074310302734375,	0.059467315673828125
5318812500.0,	0.049243927001953125,	0.06091880798339844
5318850000.0,	0.0503387451171875,	0.05856513977050781
5318887500.0,	0.04940223693847656,	0.05829811096191406
5318925000.0,	0.0503692626953125,	0.05893135070800781
5318962500.0,	0.0519866943359375,	0.06043815612792969
5319000000.0,	0.05172157287597656,	0.059185028076171875
5319037500.0,	0.05169486999511719,	0.05870819091796875
5319075000.0,	0.050792694091796875,	0.05899810791015625
5319112500.0,	0.05216407775878906,	0.05889129638671875
5319150000.0,	0.05096435546875,	0.05905914306640625
5319187500.0,	0.05266380310058594,	0.05957984924316406
5319225000.0,	0.05120086669921875,	0.05880928039550781
5319262500.0,	0.051830291748046875,	0.05819129943847656
5319300000.0,	0.05120277404785156,	0.05826377868652344
5319337500.0,	0.05191612243652344,	0.061809539794921875
5319375000.0,	0.050998687744140625,	0.05876350402832031
5319412500.0,	0.05164527893066406,	0.0595245361328125
5319450000.0,	0.0518341064453125,	0.059658050537109375
5319487500.0,	0.0510101318359375,	0.059539794921875
5319525000.0,	0.05129241943359375,	0.058826446533203125
5319562500.0,	0.050525665283203125,	0.06079864501953125
5319600000.0,	0.05202674865722656,	0.059764862060546875
5319637500.0,	0.05211448669433594,	0.05871009826660156
5319675000.0,	0.0534820556640625,	0.05777931213378906
5319712500.0,	0.0511627197265625,	0.06064033508300781
5319750000.0,	0.05107688903808594,	0.05788612365722656
5319787500.0,	0.052486419677734375,	0.06000709533691406
5319825000.0,	0.050567626953125,	0.05854988098144531
5319862500.0,	0.05042457580566406,	0.05968666076660156
5319900000.0,	0.05089569091796875,	0.05959510803222656
5319937500.0,	0.05286407470703125,	0.06061553955078125
5319975000.0,	0.049205780029296875,	0.05907440185546875
5320012500.0,	0.053127288818359375,	0.060916900634765625
5320050000.0,	0.0516357421875,	0.05947303771972656
5320087500.0,	0.05249595642089844,	0.059688568115234375
5320125000.0,	0.050750732421875,	0.05950355529785156
5320162500.0,	0.049098968505859375,	0.05974006652832031
5320200000.0,	0.05353736877441406,	0.06059837341308594
5320237500.0,	0.05284881591796875,	0.05983161926269531
5320275000.0,	0.052356719970703125,	0.06064033508300781
5320312500.0,	0.0522003173828125,	0.060359954833984375
5320350000.0,	0.05268287658691406,	0.06078910827636719
5320387500.0,	0.05122566223144531,	0.05920600891113281
5320425000.0,	0.05196571350097656,	0.059833526611328125
5320462500.0,	0.05432319641113281,	0.06239891052246094
5320500000.0,	0.05333137512207031,	0.05999946594238281
5320537500.0,	0.05061149597167969,	0.06014060974121094
5320575000.0,	0.05299568176269531,	0.0599517822265625
5320612500.0,	0.051555633544921875,	0.05915641784667969
5320650000.0,	0.05208015441894531,	0.059169769287109375
5320687500.0,	0.05398368835449219,	0.060211181640625
5320725000.0,	0.05241584777832031,	0.06117057800292969
5320762500.0,	0.05129432678222656,	0.05830955505371094
5320800000.0,	0.05208587646484375,	0.060214996337890625
5320837500.0,	0.05330085754394531,	0.05884361267089844
5320875000.0,	0.05084419250488281,	0.06046104431152344
5320912500.0,	0.05225372314453125,	0.06021308898925781
5320950000.0,	0.052570343017578125,	0.059040069580078125
5320987500.0,	0.05175018310546875,	0.05880546569824219
5321025000.0,	0.05313301086425781,	0.06086540222167969
5321062500.0,	0.05372047424316406,	0.06047821044921875
5321100000.0,	0.05230522155761719,	0.059314727783203125
5321137500.0,	0.05271339416503906,	0.06148529052734375
5321175000.0,	0.05312919616699219,	0.05973052978515625
5321212500.0,	0.05321311950683594,	0.058353424072265625
5321250000.0,	0.053730010986328125,	0.06014442443847656
5321287500.0,	0.050670623779296875,	0.06152915954589844
5321325000.0,	0.052539825439453125,	0.061023712158203125
5321362500.0,	0.05419731140136719,	0.05911064147949219
5321400000.0,	0.05331611633300781,	0.06042671203613281
5321437500.0,	0.05092048645019531,	0.05932807922363281
5321475000.0,	0.051158905029296875,	0.06082916259765625
5321512500.0,	0.05287361145019531,	0.05916595458984375
5321550000.0,	0.05544281005859375,	0.06001853942871094
5321587500.0,	0.05401611328125,	0.06081199645996094
5321625000.0,	0.05231285095214844,	0.05899238586425781
5321662500.0,	0.05457305908203125,	0.060413360595703125
5321700000.0,	0.054897308349609375,	0.061763763427734375
5321737500.0,	0.054332733154296875,	0.06069183349609375
5321775000.0,	0.051563262939453125,	0.05985069274902344
5321812500.0,	0.0534820556640625,	0.06079673767089844
5321850000.0,	0.0538177490234375,	0.06129646301269531
5321887500.0,	0.055179595947265625,	0.06078147888183594
5321925000.0,	0.053314208984375,	0.05977439880371094
5321962500.0,	0.05168914794921875,	0.06291961669921875
5322000000.0,	0.05503082275390625,	0.06253814697265625
5322037500.0,	0.05261039733886719,	0.06070518493652344
5322075000.0,	0.05336761474609375,	0.05891227722167969
5322112500.0,	0.05286979675292969,	0.06043052673339844
5322150000.0,	0.05170249938964844,	0.060604095458984375
5322187500.0,	0.05347251892089844,	0.060695648193359375
5322225000.0,	0.05545997619628906,	0.060146331787109375
5322262500.0,	0.054683685302734375,	0.0621795654296875
5322300000.0,	0.05369758605957031,	0.05971717834472656
5322337500.0,	0.05470466613769531,	0.059848785400390625
5322375000.0,	0.05354881286621094,	0.05972480773925781
5322412500.0,	0.05487632751464844,	0.06226158142089844
5322450000.0,	0.05246734619140625,	0.060028076171875
5322487500.0,	0.05613517761230469,	0.0606231689453125
5322525000.0,	0.052890777587890625,	0.06227302551269531
5322562500.0,	0.053524017333984375,	0.06202888488769531
5322600000.0,	0.053195953369140625,	0.05957794189453125
5322637500.0,	0.05413055419921875,	0.06004142761230469
5322675000.0,	0.0543975830078125,	0.05954742431640625
5322712500.0,	0.051860809326171875,	0.06345748901367188
5322750000.0,	0.05512428283691406,	0.06049919128417969
5322787500.0,	0.054065704345703125,	0.06034660339355469
5322825000.0,	0.05268287658691406,	0.062465667724609375
5322862500.0,	0.0524749755859375,	0.058910369873046875
5322900000.0,	0.053737640380859375,	0.058563232421875
5322937500.0,	0.05231666564941406,	0.0614013671875
5322975000.0,	0.054080963134765625,	0.06074714660644531
5323012500.0,	0.054950714111328125,	0.05987358093261719
5323050000.0,	0.05558013916015625,	0.06328201293945312
5323087500.0,	0.053920745849609375,	0.06062126159667969
5323125000.0,	0.055385589599609375,	0.0579833984375
5323162500.0,	0.0558319091796875,	0.06015586853027344
5323200000.0,	0.05509185791015625,	0.0601654052734375
5323237500.0,	0.053737640380859375,	0.06031990051269531
5323275000.0,	0.05322265625,	0.06112098693847656
5323312500.0,	0.055023193359375,	0.06033515930175781
5323350000.0,	0.05545616149902344,	0.06134223937988281
5323387500.0,	0.05385398864746094,	0.06091117858886719
5323425000.0,	0.05609893798828125,	0.059787750244140625
5323462500.0,	0.05554962158203125,	0.0608367919921875
5323500000.0,	0.05578804016113281,	0.060718536376953125
5323537500.0,	0.05380821228027344,	0.060497283935546875
5323575000.0,	0.05608177185058594,	0.06077003479003906
5323612500.0,	0.05471992492675781,	0.06080436706542969
5323650000.0,	0.054988861083984375,	0.06098747253417969
5323687500.0,	0.05635261535644531,	0.060344696044921875
5323725000.0,	0.053394317626953125,	0.06079292297363281
5323762500.0,	0.054157257080078125,	0.06049156188964844
5323800000.0,	0.05475616455078125,	0.059474945068359375
5323837500.0,	0.056026458740234375,	0.06290435791015625
5323875000.0,	0.05714988708496094,	0.061603546142578125
5323912500.0,	0.055889129638671875,	0.060821533203125
5323950000.0,	0.05426025390625,	0.06013679504394531
5323987500.0,	0.057132720947265625,	0.062358856201171875
5324025000.0,	0.05636405944824219,	0.06034278869628906
5324062500.0,	0.052577972412109375,	0.060970306396484375
5324100000.0,	0.055835723876953125,	0.06303024291992188
5324137500.0,	0.05729103088378906,	0.06142997741699219
5324175000.0,	0.05369758605957031,	0.06154632568359375
5324212500.0,	0.05248451232910156,	0.06151390075683594
5324250000.0,	0.053989410400390625,	0.05916023254394531
5324287500.0,	0.05599021911621094,	0.06226348876953125
5324325000.0,	0.053558349609375,	0.06032371520996094
5324362500.0,	0.05610084533691406,	0.0609893798828125
5324400000.0,	0.05433082580566406,	0.061298370361328125
5324437500.0,	0.05462455749511719,	0.06134223937988281
5324475000.0,	0.055469512939453125,	0.060699462890625
5324512500.0,	0.05377769470214844,	0.05962371826171875
5324550000.0,	0.05619239807128906,	0.05961418151855469
5324587500.0,	0.05415916442871094,	0.0615997314453125
5324625000.0,	0.0550384521484375,	0.06150245666503906
5324662500.0,	0.05580902099609375,	0.06115913391113281
5324700000.0,	0.05471229553222656,	0.06079864501953125
5324737500.0,	0.055133819580078125,	0.06087303161621094
5324775000.0,	0.05303192138671875,	0.061336517333984375
5324812500.0,	0.05592918395996094,	0.06099700927734375
5324850000.0,	0.05658912658691406,	0.061573028564453125
5324887500.0,	0.05524635314941406,	0.06150245666503906
5324925000.0,	0.05401039123535156,	0.06215858459472656
5324962500.0,	0.05731773376464844,	0.05978202819824219
5325000000.0,	0.054187774658203125,	0.061428070068359375
5325037500.0,	0.05702972412109375,	0.062343597412109375
5325075000.0,	0.054050445556640625,	0.06183433532714844
5325112500.0,	0.055797576904296875,	0.06048583984375
5325150000.0,	0.05689048767089844,	0.06074333190917969
5325187500.0,	0.056976318359375,	0.0593719482421875
5325225000.0,	0.05739593505859375,	0.06137657165527344
5325262500.0,	0.05651283264160156,	0.060596466064453125
5325300000.0,	0.05713462829589844,	0.06170463562011719
5325337500.0,	0.057079315185546875,	0.0619354248046875
5325375000.0,	0.05608367919921875,	0.06108283996582031
5325412500.0,	0.05534934997558594,	0.06192779541015625
5325450000.0,	0.057498931884765625,	0.06307601928710938
5325487500.0,	0.05715179443359375,	0.06115531921386719
5325525000.0,	0.05762290954589844,	0.06180763244628906
5325562500.0,	0.05504417419433594,	0.06158447265625
5325600000.0,	0.05644798278808594,	0.061916351318359375
5325637500.0,	0.05782127380371094,	0.06029319763183594
5325675000.0,	0.05695343017578125,	0.0608367919921875
5325712500.0,	0.05693817138671875,	0.06123161315917969
5325750000.0,	0.05742835998535156,	0.06186866760253906
5325787500.0,	0.05466461181640625,	0.06251907348632812
5325825000.0,	0.05672645568847656,	0.06194496154785156
5325862500.0,	0.05731010437011719,	0.060794830322265625
5325900000.0,	0.055217742919921875,	0.06077003479003906
5325937500.0,	0.055339813232421875,	0.06126976013183594
5325975000.0,	0.054218292236328125,	0.060535430908203125
5326012500.0,	0.05678558349609375,	0.06244850158691406
5326050000.0,	0.05553245544433594,	0.06039619445800781
5326087500.0,	0.05595207214355469,	0.06230926513671875
5326125000.0,	0.05599021911621094,	0.061092376708984375
5326162500.0,	0.05615997314453125,	0.05864906311035156
5326200000.0,	0.05657386779785156,	0.05994415283203125
5326237500.0,	0.05623626708984375,	0.060520172119140625
5326275000.0,	0.057537078857421875,	0.060741424560546875
5326312500.0,	0.05668449401855469,	0.06205558776855469
5326350000.0,	0.056896209716796875,	0.06140899658203125
5326387500.0,	0.06011390686035156,	0.06194305419921875
5326425000.0,	0.055332183837890625,	0.06134223937988281
5326462500.0,	0.056743621826171875,	0.06211090087890625
5326500000.0,	0.058116912841796875,	0.06316757202148438
5326537500.0,	0.05559539794921875,	0.06354522705078125
5326575000.0,	0.05653953552246094,	0.06187629699707031
5326612500.0,	0.05888938903808594,	0.0614776611328125
5326650000.0,	0.056884765625,	0.0617828369140625
5326687500.0,	0.0565338134765625,	0.06036949157714844
5326725000.0,	0.056835174560546875,	0.060741424560546875
5326762500.0,	0.05648612976074219,	0.06087493896484375
5326800000.0,	0.05615234375,	0.062347412109375
5326837500.0,	0.05712127685546875,	0.059436798095703125
5326875000.0,	0.05658531188964844,	0.06025123596191406
5326912500.0,	0.05826759338378906,	0.06084442138671875
5326950000.0,	0.05776786804199219,	0.060573577880859375
5326987500.0,	0.05590248107910156,	0.06197929382324219
5327025000.0,	0.056743621826171875,	0.062297821044921875
5327062500.0,	0.05707550048828125,	0.06092643737792969
5327100000.0,	0.05792236328125,	0.06328964233398438
5327137500.0,	0.05769920349121094,	0.061107635498046875
5327175000.0,	0.058490753173828125,	0.06252288818359375
5327212500.0,	0.057857513427734375,	0.06049156188964844
5327250000.0,	0.059383392333984375,	0.06324386596679688
5327287500.0,	0.05673980712890625,	0.0635986328125
5327325000.0,	0.05695533752441406,	0.0618896484375
5327362500.0,	0.055629730224609375,	0.06154060363769531
5327400000.0,	0.05596160888671875,	0.059757232666015625
5327437500.0,	0.0563507080078125,	0.06201171875
5327475000.0,	0.05655860900878906,	0.062488555908203125
5327512500.0,	0.05893898010253906,	0.05852699279785156
5327550000.0,	0.05646324157714844,	0.061840057373046875
5327587500.0,	0.05759429931640625,	0.061809539794921875
5327625000.0,	0.05580711364746094,	0.060832977294921875
5327662500.0,	0.05672454833984375,	0.06238365173339844
5327700000.0,	0.05895423889160156,	0.060054779052734375
5327737500.0,	0.05729866027832031,	0.06021308898925781
5327775000.0,	0.05853271484375,	0.06107521057128906
5327812500.0,	0.05947303771972656,	0.06198883056640625
5327850000.0,	0.05956459045410156,	0.06016731262207031
5327887500.0,	0.05807304382324219,	0.060749053955078125
5327925000.0,	0.05803489685058594,	0.05974006652832031
5327962500.0,	0.058803558349609375,	0.059825897216796875
5328000000.0,	0.056758880615234375,	0.060710906982421875
5328037500.0,	0.05747795104980469,	0.062076568603515625
5328075000.0,	0.05702781677246094,	0.06108283996582031
5328112500.0,	0.05802154541015625,	0.06034278869628906
5328150000.0,	0.05687522888183594,	0.059017181396484375
5328187500.0,	0.05969429016113281,	0.0597076416015625
5328225000.0,	0.05816841125488281,	0.05982017517089844
5328262500.0,	0.05728340148925781,	0.062419891357421875
5328300000.0,	0.05992698669433594,	0.06101036071777344
5328337500.0,	0.05822944641113281,	0.060550689697265625
5328375000.0,	0.058300018310546875,	0.06152915954589844
5328412500.0,	0.058074951171875,	0.05912971496582031
5328450000.0,	0.05779266357421875,	0.05966758728027344
5328487500.0,	0.05956268310546875,	0.06121635437011719
5328525000.0,	0.060176849365234375,	0.06317901611328125
5328562500.0,	0.05771064758300781,	0.06049919128417969
5328600000.0,	0.05796051025390625,	0.060886383056640625
5328637500.0,	0.05804443359375,	0.06212043762207031
5328675000.0,	0.06178855895996094,	0.05780792236328125
5328712500.0,	0.05840110778808594,	0.060394287109375
5328750000.0,	0.06041908264160156,	0.05969047546386719
5328787500.0,	0.0582122802734375,	0.059783935546875
5328825000.0,	0.0596923828125,	0.062225341796875
5328862500.0,	0.05924224853515625,	0.06197166442871094
5328900000.0,	0.05973052978515625,	0.05935859680175781
5328937500.0,	0.05778312683105469,	0.06104087829589844
5328975000.0,	0.05887031555175781,	0.05890464782714844
5329012500.0,	0.05856895446777344,	0.060558319091796875
5329050000.0,	0.05837059020996094,	0.060791015625
5329087500.0,	0.05979156494140625,	0.06300735473632812
5329125000.0,	0.05858612060546875,	0.06068611145019531
5329162500.0,	0.060214996337890625,	0.0606842041015625
5329200000.0,	0.06027030944824219,	0.06109619140625
5329237500.0,	0.05973052978515625,	0.05944252014160156
5329275000.0,	0.05978965759277344,	0.062076568603515625
5329312500.0,	0.06213951110839844,	0.060230255126953125
5329350000.0,	0.05884742736816406,	0.061115264892578125
5329387500.0,	0.06029319763183594,	0.06025886535644531
5329425000.0,	0.059467315673828125,	0.058086395263671875
5329462500.0,	0.05949974060058594,	0.06000709533691406
5329500000.0,	0.05835914611816406,	0.05829811096191406
5329537500.0,	0.061222076416015625,	0.060062408447265625
5329575000.0,	0.060482025146484375,	0.06165122985839844
5329612500.0,	0.0590057373046875,	0.06313705444335938
5329650000.0,	0.059619903564453125,	0.06228446960449219
5329687500.0,	0.060283660888671875,	0.06097984313964844
5329725000.0,	0.060955047607421875,	0.06169891357421875
5329762500.0,	0.06047821044921875,	0.05694580078125
5329800000.0,	0.0610198974609375,	0.06291961669921875
5329837500.0,	0.061794281005859375,	0.06228446960449219
5329875000.0,	0.058563232421875,	0.060848236083984375
5329912500.0,	0.062282562255859375,	0.05892372131347656
5329950000.0,	0.060848236083984375,	0.05996894836425781
5329987500.0,	0.059192657470703125,	0.06130790710449219
5330025000.0,	0.05905723571777344,	0.05951881408691406
5330062500.0,	0.06005668640136719,	0.05870628356933594
5330100000.0,	0.061248779296875,	0.0586395263671875
5330137500.0,	0.06057929992675781,	0.060420989990234375
5330175000.0,	0.05934906005859375,	0.06219291687011719
5330212500.0,	0.06070518493652344,	0.06026649475097656
5330250000.0,	0.0608367919921875,	0.0600738525390625
5330287500.0,	0.061458587646484375,	0.05933570861816406
5330325000.0,	0.0594482421875,	0.05775642395019531
5330362500.0,	0.05785942077636719,	0.06001472473144531
5330400000.0,	0.05940437316894531,	0.06077003479003906
5330437500.0,	0.0592803955078125,	0.05847930908203125
5330475000.0,	0.06054878234863281,	0.06122016906738281
5330512500.0,	0.060947418212890625,	0.0591583251953125
5330550000.0,	0.06158638000488281,	0.060596466064453125
5330587500.0,	0.06147956848144531,	0.0600128173828125
5330625000.0,	0.060031890869140625,	0.06117439270019531
5330662500.0,	0.05942344665527344,	0.05925750732421875
5330700000.0,	0.060176849365234375,	0.05913352966308594
5330737500.0,	0.06048774719238281,	0.061351776123046875
5330775000.0,	0.060001373291015625,	0.05931282043457031
5330812500.0,	0.059833526611328125,	0.06048393249511719
5330850000.0,	0.06236457824707031,	0.05839347839355469
5330887500.0,	0.0602874755859375,	0.06139183044433594
5330925000.0,	0.059947967529296875,	0.06052398681640625
5330962500.0,	0.05903434753417969,	0.06059455871582031
5331000000.0,	0.061717987060546875,	0.06030464172363281
5331037500.0,	0.06085777282714844,	0.06105613708496094
5331075000.0,	0.059314727783203125,	0.060821533203125
5331112500.0,	0.05958747863769531,	0.058563232421875
5331150000.0,	0.06180572509765625,	0.06019783020019531
5331187500.0,	0.06065559387207031,	0.06029319763183594
5331225000.0,	0.06167030334472656,	0.061031341552734375
5331262500.0,	0.061054229736328125,	0.06086158752441406
5331300000.0,	0.06163787841796875,	0.05944633483886719
5331337500.0,	0.06139945983886719,	0.059261322021484375
5331375000.0,	0.06142425537109375,	0.057323455810546875
5331412500.0,	0.06005859375,	0.05730247497558594
5331450000.0,	0.06207466125488281,	0.059177398681640625
5331487500.0,	0.06167411804199219,	0.05980873107910156
5331525000.0,	0.06128120422363281,	0.05815887451171875
5331562500.0,	0.06243896484375,	0.0583648681640625
5331600000.0,	0.06222343444824219,	0.06093597412109375
5331637500.0,	0.06282424926757812,	0.060028076171875
5331675000.0,	0.06162452697753906,	0.05974388122558594
5331712500.0,	0.05880928039550781,	0.05836296081542969
5331750000.0,	0.0625457763671875,	0.058574676513671875
5331787500.0,	0.06035041809082031,	0.06005859375
5331825000.0,	0.062744140625,	0.058826446533203125
5331862500.0,	0.06218147277832031,	0.05851554870605469
5331900000.0,	0.06189918518066406,	0.058002471923828125
5331937500.0,	0.06043052673339844,	0.05739784240722656
5331975000.0,	0.06209373474121094,	0.05724143981933594
5332012500.0,	0.061237335205078125,	0.05768585205078125
5332050000.0,	0.06049537658691406,	0.05689239501953125
5332087500.0,	0.06211090087890625,	0.05742073059082031
5332125000.0,	0.06330108642578125,	0.058094024658203125
5332162500.0,	0.05988311767578125,	0.05695343017578125
5332200000.0,	0.06245231628417969,	0.05619621276855469
5332237500.0,	0.061252593994140625,	0.05673980712890625
5332275000.0,	0.06343841552734375,	0.057086944580078125
5332312500.0,	0.06070709228515625,	0.055248260498046875
5332350000.0,	0.06105232238769531,	0.0574951171875
5332387500.0,	0.06112480163574219,	0.058536529541015625
5332425000.0,	0.06009864807128906,	0.05977439880371094
5332462500.0,	0.06306076049804688,	0.057674407958984375
5332500000.0,	0.06147003173828125,	0.05692481994628906
5332537500.0,	0.06352996826171875,	0.05738067626953125
5332575000.0,	0.06218528747558594,	0.05774879455566406
5332612500.0,	0.06247138977050781,	0.05814361572265625
5332650000.0,	0.061992645263671875,	0.057598114013671875
5332687500.0,	0.0601654052734375,	0.05664634704589844
5332725000.0,	0.06311798095703125,	0.057888031005859375
5332762500.0,	0.059970855712890625,	0.05771636962890625
5332800000.0,	0.06267166137695312,	0.057819366455078125
5332837500.0,	0.06296539306640625,	0.057037353515625
5332875000.0,	0.06269454956054688,	0.0590057373046875
5332912500.0,	0.06339645385742188,	0.058261871337890625
5332950000.0,	0.06174659729003906,	0.05875968933105469
5332987500.0,	0.061767578125,	0.05869293212890625
5333025000.0,	0.06328582763671875,	0.056583404541015625
5333062500.0,	0.06301498413085938,	0.056858062744140625
5333100000.0,	0.06110382080078125,	0.05639457702636719
5333137500.0,	0.062198638916015625,	0.05713653564453125
5333175000.0,	0.06256103515625,	0.0553741455078125
5333212500.0,	0.06453323364257812,	0.056182861328125
5333250000.0,	0.06412124633789062,	0.0577545166015625
5333287500.0,	0.062103271484375,	0.05801200866699219
5333325000.0,	0.06185340881347656,	0.056972503662109375
5333362500.0,	0.06293487548828125,	0.056793212890625
5333400000.0,	0.06163215637207031,	0.05642890930175781
5333437500.0,	0.06131172180175781,	0.05817985534667969
5333475000.0,	0.06410598754882812,	0.0562286376953125
5333512500.0,	0.060604095458984375,	0.05655479431152344
5333550000.0,	0.060916900634765625,	0.055057525634765625
5333587500.0,	0.062358856201171875,	0.0572357177734375
5333625000.0,	0.06180000305175781,	0.05808830261230469
5333662500.0,	0.0639190673828125,	0.057079315185546875
5333700000.0,	0.06233978271484375,	0.05641937255859375
5333737500.0,	0.062652587890625,	0.0565338134765625
5333775000.0,	0.06392288208007812,	0.0584259033203125
5333812500.0,	0.061298370361328125,	0.0554351806640625
5333850000.0,	0.06210899353027344,	0.05606842041015625
5333887500.0,	0.06369400024414062,	0.056468963623046875
5333925000.0,	0.06416702270507812,	0.05614471435546875
5333962500.0,	0.06262969970703125,	0.055049896240234375
5334000000.0,	0.06314849853515625,	0.054813385009765625
5334037500.0,	0.062427520751953125,	0.05651092529296875
5334075000.0,	0.06399917602539062,	0.056240081787109375
5334112500.0,	0.06365585327148438,	0.05356597900390625
5334150000.0,	0.06219291687011719,	0.05466651916503906
5334187500.0,	0.06296920776367188,	0.057025909423828125
5334225000.0,	0.061214447021484375,	0.056793212890625
5334262500.0,	0.06447601318359375,	0.055080413818359375
5334300000.0,	0.06322479248046875,	0.056377410888671875
5334337500.0,	0.0631561279296875,	0.057926177978515625
5334375000.0,	0.06061363220214844,	0.05589485168457031
5334412500.0,	0.06058502197265625,	0.05523872375488281
5334450000.0,	0.06259918212890625,	0.053562164306640625
5334487500.0,	0.061702728271484375,	0.055065155029296875
5334525000.0,	0.0634918212890625,	0.054290771484375
5334562500.0,	0.06383132934570312,	0.05477142333984375
5334600000.0,	0.06328964233398438,	0.054668426513671875
5334637500.0,	0.06241607666015625,	0.054630279541015625
5334675000.0,	0.06267547607421875,	0.053974151611328125
5334712500.0,	0.06264877319335938,	0.052825927734375
5334750000.0,	0.0615234375,	0.05529212951660156
5334787500.0,	0.060794830322265625,	0.055957794189453125
5334825000.0,	0.06388473510742188,	0.05554962158203125
5334862500.0,	0.06597518920898438,	0.0531158447265625
5334900000.0,	0.0628814697265625,	0.055255889892578125
5334937500.0,	0.06458663940429688,	0.055027008056640625
5334975000.0,	0.0644378662109375,	0.053646087646484375
5335012500.0,	0.0635528564453125,	0.054859161376953125
5335050000.0,	0.063690185546875,	0.0532073974609375
5335087500.0,	0.0604248046875,	0.054691314697265625
5335125000.0,	0.0627899169921875,	0.0544281005859375
5335162500.0,	0.06386947631835938,	0.05309295654296875
5335200000.0,	0.0646209716796875,	0.053653717041015625
5335237500.0,	0.06202507019042969,	0.0519561767578125
5335275000.0,	0.06390380859375,	0.05484771728515625
5335312500.0,	0.06337738037109375,	0.052433013916015625
5335350000.0,	0.06459426879882812,	0.0531158447265625
5335387500.0,	0.06512069702148438,	0.052761077880859375
5335425000.0,	0.06320571899414062,	0.053798675537109375
5335462500.0,	0.06275177001953125,	0.0536956787109375
5335500000.0,	0.06341171264648438,	0.053050994873046875
5335537500.0,	0.06331634521484375,	0.0520172119140625
5335575000.0,	0.06331634521484375,	0.055591583251953125
5335612500.0,	0.06336212158203125,	0.054683685302734375
5335650000.0,	0.0639495849609375,	0.05330657958984375
5335687500.0,	0.06357955932617188,	0.051723480224609375
5335725000.0,	0.06098365783691406,	0.05333900451660156
5335762500.0,	0.06291961669921875,	0.0511016845703125
5335800000.0,	0.0632476806640625,	0.050914764404296875
5335837500.0,	0.06272506713867188,	0.0532684326171875
5335875000.0,	0.06262588500976562,	0.0528717041015625
5335912500.0,	0.06325149536132812,	0.050872802734375
5335950000.0,	0.06324386596679688,	0.05466461181640625
5335987500.0,	0.0629730224609375,	0.050296783447265625
5336025000.0,	0.06548309326171875,	0.051998138427734375
5336062500.0,	0.06565093994140625,	0.05162811279296875
5336100000.0,	0.062030792236328125,	0.05303764343261719
5336137500.0,	0.06355667114257812,	0.051654815673828125
5336175000.0,	0.06365203857421875,	0.050018310546875
5336212500.0,	0.06464004516601562,	0.05081939697265625
5336250000.0,	0.0618133544921875,	0.05014801025390625
5336287500.0,	0.06389999389648438,	0.05112457275390625
5336325000.0,	0.06297683715820312,	0.050567626953125
5336362500.0,	0.06342697143554688,	0.05431365966796875
5336400000.0,	0.06293487548828125,	0.0516204833984375
5336437500.0,	0.064178466796875,	0.049808502197265625
5336475000.0,	0.06481170654296875,	0.0513458251953125
5336512500.0,	0.06378936767578125,	0.054080963134765625
5336550000.0,	0.06429290771484375,	0.05173492431640625
5336587500.0,	0.06209564208984375,	0.04807472229003906
5336625000.0,	0.06421279907226562,	0.05069732666015625
5336662500.0,	0.06270980834960938,	0.050830841064453125
5336700000.0,	0.0647430419921875,	0.051364898681640625
5336737500.0,	0.06200981140136719,	0.05396270751953125
5336775000.0,	0.06291580200195312,	0.05170440673828125
5336812500.0,	0.06230926513671875,	0.05030250549316406
5336850000.0,	0.06259918212890625,	0.05112457275390625
5336887500.0,	0.06508255004882812,	0.049102783203125
5336925000.0,	0.0630035400390625,	0.0495758056640625
5336962500.0,	0.06336593627929688,	0.049320220947265625
5337000000.0,	0.06309127807617188,	0.050151824951171875
5337037500.0,	0.062450408935546875,	0.049694061279296875
5337075000.0,	0.062236785888671875,	0.04987335205078125
5337112500.0,	0.061977386474609375,	0.05172538757324219
5337150000.0,	0.06298446655273438,	0.048152923583984375
5337187500.0,	0.061672210693359375,	0.04945182800292969
5337225000.0,	0.062191009521484375,	0.04703712463378906
5337262500.0,	0.062713623046875,	0.048244476318359375
5337300000.0,	0.06270599365234375,	0.04831695556640625
5337337500.0,	0.06173515319824219,	0.05043983459472656
5337375000.0,	0.06233406066894531,	0.049579620361328125
5337412500.0,	0.06374359130859375,	0.049404144287109375
5337450000.0,	0.06293106079101562,	0.04938507080078125
5337487500.0,	0.06264495849609375,	0.04726409912109375
5337525000.0,	0.06347274780273438,	0.049560546875
5337562500.0,	0.06399154663085938,	0.049747467041015625
5337600000.0,	0.06053924560546875,	0.04763984680175781
5337637500.0,	0.06059455871582031,	0.050144195556640625
5337675000.0,	0.060634613037109375,	0.046627044677734375
5337712500.0,	0.06364822387695312,	0.048732757568359375
5337750000.0,	0.06089019775390625,	0.046417236328125
5337787500.0,	0.06197929382324219,	0.04903411865234375
5337825000.0,	0.06204986572265625,	0.04858970642089844
5337862500.0,	0.06104087829589844,	0.048175811767578125
5337900000.0,	0.06052589416503906,	0.046512603759765625
5337937500.0,	0.06296157836914062,	0.046169281005859375
5337975000.0,	0.063934326171875,	0.046474456787109375
5338012500.0,	0.062404632568359375,	0.04558563232421875
5338050000.0,	0.06467056274414062,	0.046085357666015625
5338087500.0,	0.06341552734375,	0.048709869384765625
5338125000.0,	0.0615997314453125,	0.044952392578125
5338162500.0,	0.05941963195800781,	0.045574188232421875
5338200000.0,	0.0615234375,	0.04343986511230469
5338237500.0,	0.06342315673828125,	0.044216156005859375
5338275000.0,	0.061542510986328125,	0.043853759765625
5338312500.0,	0.06035041809082031,	0.04375267028808594
5338350000.0,	0.06088447570800781,	0.04670906066894531
5338387500.0,	0.06295394897460938,	0.04540252685546875
5338425000.0,	0.06033515930175781,	0.043849945068359375
5338462500.0,	0.061611175537109375,	0.044994354248046875
5338500000.0,	0.06137657165527344,	0.04705047607421875
5338537500.0,	0.058925628662109375,	0.04526710510253906
5338575000.0,	0.05962371826171875,	0.04422950744628906
5338612500.0,	0.0630645751953125,	0.043701171875
5338650000.0,	0.05968475341796875,	0.044605255126953125
5338687500.0,	0.06204986572265625,	0.04407310485839844
5338725000.0,	0.06126976013183594,	0.04464912414550781
5338762500.0,	0.06059837341308594,	0.04343414306640625
5338800000.0,	0.06035614013671875,	0.04424476623535156
5338837500.0,	0.059803009033203125,	0.04526519775390625
5338875000.0,	0.060207366943359375,	0.04351997375488281
5338912500.0,	0.05951499938964844,	0.04221343994140625
5338950000.0,	0.06017494201660156,	0.04548835754394531
5338987500.0,	0.05910301208496094,	0.044525146484375
5339025000.0,	0.057586669921875,	0.04321098327636719
5339062500.0,	0.0581512451171875,	0.040927886962890625
5339100000.0,	0.0595550537109375,	0.04273033142089844
5339137500.0,	0.05879020690917969,	0.04251670837402344
5339175000.0,	0.05944252014160156,	0.04184722900390625
5339212500.0,	0.060672760009765625,	0.041759490966796875
5339250000.0,	0.05991172790527344,	0.038898468017578125
5339287500.0,	0.0604248046875,	0.04071044921875
5339325000.0,	0.05961036682128906,	0.04170989990234375
5339362500.0,	0.05821990966796875,	0.04082679748535156
5339400000.0,	0.058795928955078125,	0.04266166687011719
5339437500.0,	0.05896568298339844,	0.03973197937011719
5339475000.0,	0.05961418151855469,	0.039905548095703125
5339512500.0,	0.06002044677734375,	0.04178047180175781
5339550000.0,	0.05725288391113281,	0.03981590270996094
5339587500.0,	0.05902862548828125,	0.04026031494140625
5339625000.0,	0.05656623840332031,	0.03900146484375
5339662500.0,	0.0590667724609375,	0.038211822509765625
5339700000.0,	0.057830810546875,	0.040348052978515625
5339737500.0,	0.05818939208984375,	0.03915977478027344
5339775000.0,	0.05859947204589844,	0.039531707763671875
5339812500.0,	0.05763053894042969,	0.04078483581542969
5339850000.0,	0.05671882629394531,	0.04055976867675781
5339887500.0,	0.05694389343261719,	0.038463592529296875
5339925000.0,	0.055515289306640625,	0.03760528564453125
5339962500.0,	0.05705833435058594,	0.03900337219238281
5340000000.0,	0.05675506591796875,	0.03804206848144531
5340037500.0,	0.05576896667480469,	0.03991127014160156
5340075000.0,	0.05657768249511719,	0.040283203125
5340112500.0,	0.0556182861328125,	0.036151885986328125
5340150000.0,	0.054309844970703125,	0.03794097900390625
5340187500.0,	0.05605316162109375,	0.03600883483886719
5340225000.0,	0.05399131774902344,	0.03917121887207031
5340262500.0,	0.056957244873046875,	0.037784576416015625
5340300000.0,	0.054473876953125,	0.036869049072265625
5340337500.0,	0.05297088623046875,	0.03750038146972656
5340375000.0,	0.05548095703125,	0.03599357604980469
5340412500.0,	0.053279876708984375,	0.03398704528808594
5340450000.0,	0.051975250244140625,	0.03856468200683594
5340487500.0,	0.05487823486328125,	0.03612709045410156
5340525000.0,	0.05330085754394531,	0.03492164611816406
5340562500.0,	0.05280113220214844,	0.03638458251953125
5340600000.0,	0.051639556884765625,	0.03673744201660156
5340637500.0,	0.05352973937988281,	0.03548240661621094
5340675000.0,	0.05243110656738281,	0.03516960144042969
5340712500.0,	0.0527496337890625,	0.03259468078613281
5340750000.0,	0.04874610900878906,	0.032470703125
5340787500.0,	0.051776885986328125,	0.032470703125
5340825000.0,	0.04925346374511719,	0.031147003173828125
5340862500.0,	0.04891395568847656,	0.03361320495605469
5340900000.0,	0.04744529724121094,	0.032291412353515625
5340937500.0,	0.04926872253417969,	0.03306007385253906
5340975000.0,	0.047367095947265625,	0.03159523010253906
5341012500.0,	0.048511505126953125,	0.034465789794921875
5341050000.0,	0.04899024963378906,	0.03211021423339844
5341087500.0,	0.049022674560546875,	0.030263900756835938
5341125000.0,	0.04800987243652344,	0.030248641967773438
5341162500.0,	0.04721260070800781,	0.031314849853515625
5341200000.0,	0.048610687255859375,	0.03090667724609375
5341237500.0,	0.04778289794921875,	0.03083038330078125
5341275000.0,	0.04694557189941406,	0.031780242919921875
5341312500.0,	0.04570770263671875,	0.03160858154296875
5341350000.0,	0.04582977294921875,	0.03220939636230469
5341387500.0,	0.04648017883300781,	0.030576705932617188
5341425000.0,	0.0434112548828125,	0.028194427490234375
5341462500.0,	0.04242515563964844,	0.029361724853515625
5341500000.0,	0.04362678527832031,	0.031049728393554688
5341537500.0,	0.04226875305175781,	0.029153823852539062
5341575000.0,	0.04247856140136719,	0.030550003051757812
5341612500.0,	0.042575836181640625,	0.027933120727539062
5341650000.0,	0.04141044616699219,	0.029031753540039062
5341687500.0,	0.04166984558105469,	0.02730560302734375
5341725000.0,	0.0385589599609375,	0.026369094848632812
5341762500.0,	0.03882408142089844,	0.028493881225585938
5341800000.0,	0.03919792175292969,	0.028234481811523438
5341837500.0,	0.04010009765625,	0.02812957763671875
5341875000.0,	0.03722953796386719,	0.028369903564453125
5341912500.0,	0.036041259765625,	0.0280914306640625
5341950000.0,	0.03570747375488281,	0.027154922485351562
5341987500.0,	0.03501701354980469,	0.027385711669921875
5342025000.0,	0.03363609313964844,	0.025125503540039062
5342062500.0,	0.03392219543457031,	0.02734375
5342100000.0,	0.03497505187988281,	0.025325775146484375
5342137500.0,	0.03137779235839844,	0.026599884033203125
5342175000.0,	0.030577659606933594,	0.025667190551757812
5342212500.0,	0.03088855743408203,	0.02422809600830078
5342250000.0,	0.02817821502685547,	0.02566814422607422
5342287500.0,	0.02702808380126953,	0.02474212646484375
5342325000.0,	0.02793598175048828,	0.027780532836914062
5342362500.0,	0.025437355041503906,	0.025549888610839844
5342400000.0,	0.02576923370361328,	0.023802757263183594
5342437500.0,	0.02389049530029297,	0.024993896484375
5342475000.0,	0.023260116577148438,	0.026434898376464844
5342512500.0,	0.023247718811035156,	0.026726722717285156
5342550000.0,	0.021597862243652344,	0.025838851928710938
5342587500.0,	0.018869400024414062,	0.02560901641845703
5342625000.0,	0.017080307006835938,	0.0304107666015625
5342662500.0,	0.01815319061279297,	0.028715133666992188
5342700000.0,	0.017442703247070312,	0.02415752410888672
5342737500.0,	0.014801025390625,	0.028535842895507812
5342775000.0,	0.0121917724609375,	0.02786540985107422
5342812500.0,	0.010328292846679688,	0.02834796905517578
5342850000.0,	0.010617256164550781,	0.028478622436523438
5342887500.0,	0.0110015869140625,	0.030239105224609375
5342925000.0,	0.007573127746582031,	0.028545379638671875
5342962500.0,	0.006756782531738281,	0.030852317810058594
5343000000.0,	0.0053920745849609375,	0.031141281127929688
5343037500.0,	0.005824089050292969,	0.030135154724121094
5343075000.0,	0.0025157928466796875,	0.03130340576171875
5343112500.0,	0.0014495849609375,	0.03521919250488281
5343150000.0,	5.14984130859375e-05,	0.0330810546875
5343187500.0,	-0.0007171630859375,	0.03533744812011719
5343225000.0,	-0.00377655029296875,	0.03672981262207031
5343262500.0,	-0.0048847198486328125,	0.03840065002441406
5343300000.0,	-0.006103515625,	0.03826904296875
5343337500.0,	-0.0053310394287109375,	0.04006385803222656
5343375000.0,	-0.010225296020507812,	0.04274559020996094
5343412500.0,	-0.010587692260742188,	0.04474639892578125
5343450000.0,	-0.011541366577148438,	0.04611778259277344
5343487500.0,	-0.01284027099609375,	0.04686164855957031
5343525000.0,	-0.013530731201171875,	0.050708770751953125
5343562500.0,	-0.014404296875,	0.05302619934082031
5343600000.0,	-0.01415252685546875,	0.05474281311035156
5343637500.0,	-0.018556594848632812,	0.05664253234863281
5343675000.0,	-0.018667221069335938,	0.05743598937988281
5343712500.0,	-0.018543243408203125,	0.0578460693359375
5343750000.0,	-0.019311904907226562,	0.059719085693359375
5343787500.0,	-0.018829345703125,	0.06255722045898438
5343825000.0,	-0.019725799560546875,	0.06771087646484375
5343862500.0,	-0.021007537841796875,	0.06888580322265625
5343900000.0,	-0.02071380615234375,	0.0717315673828125
5343937500.0,	-0.022274017333984375,	0.07493209838867188
5343975000.0,	-0.02227783203125,	0.07689666748046875
5344012500.0,	-0.020965576171875,	0.08026504516601562
5344050000.0,	-0.02046966552734375,	0.0811767578125
5344087500.0,	-0.019550323486328125,	0.08348464965820312
5344125000.0,	-0.015838623046875,	0.08596420288085938
5344162500.0,	-0.017131805419921875,	0.088348388671875
5344200000.0,	-0.01683807373046875,	0.09259796142578125
5344237500.0,	-0.017780303955078125,	0.09647750854492188
5344275000.0,	-0.01723480224609375,	0.09632492065429688
5344312500.0,	-0.0133056640625,	0.0988006591796875
5344350000.0,	-0.012989044189453125,	0.09972763061523438
5344387500.0,	-0.01128387451171875,	0.1026153564453125
5344425000.0,	-0.01071929931640625,	0.10377883911132812
5344462500.0,	-0.010162353515625,	0.10554885864257812
5344500000.0,	-0.00774383544921875,	0.10718917846679688
5344537500.0,	-0.004886627197265625,	0.110504150390625
5344575000.0,	-0.00305938720703125,	0.11163330078125
5344612500.0,	-0.000896453857421875,	0.11356353759765625
5344650000.0,	-0.000102996826171875,	0.11490249633789062
5344687500.0,	0.003173828125,	0.11608505249023438
5344725000.0,	0.002689361572265625,	0.11702346801757812
5344762500.0,	0.00388336181640625,	0.11646652221679688
5344800000.0,	0.00844573974609375,	0.11923980712890625
5344837500.0,	0.009975433349609375,	0.11957168579101562
5344875000.0,	0.00868988037109375,	0.12102127075195312
5344912500.0,	0.012050628662109375,	0.12156295776367188
5344950000.0,	0.013713836669921875,	0.12169647216796875
5344987500.0,	0.01604461669921875,	0.12041473388671875
5345025000.0,	0.016872406005859375,	0.12329864501953125
5345062500.0,	0.019687652587890625,	0.12256240844726562
5345100000.0,	0.0214385986328125,	0.12377166748046875
5345137500.0,	0.022777557373046875,	0.12320709228515625
5345175000.0,	0.02361297607421875,	0.12335205078125
5345212500.0,	0.0239105224609375,	0.12290573120117188
5345250000.0,	0.030414581298828125,	0.12455368041992188
5345287500.0,	0.029338836669921875,	0.12420272827148438
5345325000.0,	0.032501220703125,	0.12435531616210938
5345362500.0,	0.0313720703125,	0.12508392333984375
5345400000.0,	0.034893035888671875,	0.1223602294921875
5345437500.0,	0.035900115966796875,	0.12437820434570312
5345475000.0,	0.03479766845703125,	0.12567138671875
5345512500.0,	0.0382843017578125,	0.12109756469726562
5345550000.0,	0.038990020751953125,	0.12338638305664062
5345587500.0,	0.04250335693359375,	0.12228775024414062
5345625000.0,	0.042572021484375,	0.12319564819335938
5345662500.0,	0.045368194580078125,	0.1203460693359375
5345700000.0,	0.04415130615234375,	0.12149810791015625
5345737500.0,	0.046894073486328125,	0.11988449096679688
5345775000.0,	0.047359466552734375,	0.12155914306640625
5345812500.0,	0.04828643798828125,	0.12066650390625
5345850000.0,	0.0486297607421875,	0.1209259033203125
5345887500.0,	0.049343109130859375,	0.11814498901367188
5345925000.0,	0.048671722412109375,	0.11964797973632812
5345962500.0,	0.05178070068359375,	0.119110107421875
5346000000.0,	0.054737091064453125,	0.11605453491210938
5346037500.0,	0.05486297607421875,	0.11834716796875
5346075000.0,	0.0557708740234375,	0.11642837524414062
5346112500.0,	0.055965423583984375,	0.11527633666992188
5346150000.0,	0.057159423828125,	0.113311767578125
5346187500.0,	0.05626678466796875,	0.11570358276367188
5346225000.0,	0.05812835693359375,	0.11529159545898438
5346262500.0,	0.0576934814453125,	0.11376571655273438
5346300000.0,	0.05881500244140625,	0.11386871337890625
5346337500.0,	0.059600830078125,	0.1149749755859375
5346375000.0,	0.060047149658203125,	0.11174774169921875
5346412500.0,	0.06101226806640625,	0.11182785034179688
5346450000.0,	0.061595916748046875,	0.11021804809570312
5346487500.0,	0.06124114990234375,	0.10874557495117188
5346525000.0,	0.06146240234375,	0.10992431640625
5346562500.0,	0.067138671875,	0.10592269897460938
5346600000.0,	0.06373214721679688,	0.10937881469726562
5346637500.0,	0.06577682495117188,	0.10889434814453125
5346675000.0,	0.066253662109375,	0.10786056518554688
5346712500.0,	0.06531143188476562,	0.107147216796875
5346750000.0,	0.06551742553710938,	0.10631942749023438
5346787500.0,	0.06720733642578125,	0.10752105712890625
5346825000.0,	0.066375732421875,	0.10638427734375
5346862500.0,	0.068084716796875,	0.10777664184570312
5346900000.0,	0.06875228881835938,	0.106170654296875
5346937500.0,	0.06853103637695312,	0.10396575927734375
5346975000.0,	0.06869888305664062,	0.10367584228515625
5347012500.0,	0.0672149658203125,	0.104339599609375
5347050000.0,	0.06998062133789062,	0.1011962890625
5347087500.0,	0.06707000732421875,	0.10262298583984375
5347125000.0,	0.06954193115234375,	0.1022796630859375
5347162500.0,	0.07045745849609375,	0.10158157348632812
5347200000.0,	0.07088470458984375,	0.1038055419921875
5347237500.0,	0.07233428955078125,	0.1022186279296875
5347275000.0,	0.07181549072265625,	0.09933853149414062
5347312500.0,	0.07158279418945312,	0.09885787963867188
5347350000.0,	0.07184600830078125,	0.10028076171875
5347387500.0,	0.07047653198242188,	0.09840011596679688
5347425000.0,	0.07264328002929688,	0.09818267822265625
5347462500.0,	0.07270431518554688,	0.09854888916015625
5347500000.0,	0.07241058349609375,	0.09759521484375
5347537500.0,	0.07472991943359375,	0.0991668701171875
5347575000.0,	0.0738983154296875,	0.09722518920898438
5347612500.0,	0.07574462890625,	0.09589004516601562
5347650000.0,	0.07192611694335938,	0.09881210327148438
5347687500.0,	0.07480239868164062,	0.09563446044921875
5347725000.0,	0.07376861572265625,	0.09480667114257812
5347762500.0,	0.07357406616210938,	0.09532928466796875
5347800000.0,	0.07488632202148438,	0.0977630615234375
5347837500.0,	0.07429885864257812,	0.09555816650390625
5347875000.0,	0.07586288452148438,	0.09510040283203125
5347912500.0,	0.0761871337890625,	0.092529296875
5347950000.0,	0.076507568359375,	0.09353256225585938
5347987500.0,	0.07580947875976562,	0.0930328369140625
5348025000.0,	0.07465362548828125,	0.09307479858398438
5348062500.0,	0.0742340087890625,	0.0930633544921875
5348100000.0,	0.0766448974609375,	0.09171676635742188
5348137500.0,	0.07690048217773438,	0.0909271240234375
5348175000.0,	0.07646942138671875,	0.08933639526367188
5348212500.0,	0.07598495483398438,	0.09069061279296875
5348250000.0,	0.075408935546875,	0.0911102294921875
5348287500.0,	0.07609939575195312,	0.09078598022460938
5348325000.0,	0.07647705078125,	0.08768081665039062
5348362500.0,	0.0772247314453125,	0.09066390991210938
5348400000.0,	0.07606887817382812,	0.08848953247070312
5348437500.0,	0.07764434814453125,	0.09070205688476562
5348475000.0,	0.077880859375,	0.08879470825195312
5348512500.0,	0.0766754150390625,	0.08824539184570312
5348550000.0,	0.078521728515625,	0.08847427368164062
5348587500.0,	0.07830429077148438,	0.08873748779296875
5348625000.0,	0.07520675659179688,	0.087615966796875
5348662500.0,	0.07732391357421875,	0.0869293212890625
5348700000.0,	0.07741165161132812,	0.0868988037109375
5348737500.0,	0.07721710205078125,	0.08840179443359375
5348775000.0,	0.078643798828125,	0.08644866943359375
5348812500.0,	0.0752716064453125,	0.08575057983398438
5348850000.0,	0.07820892333984375,	0.08583831787109375
5348887500.0,	0.07738113403320312,	0.08504486083984375
5348925000.0,	0.07898712158203125,	0.08628463745117188
5348962500.0,	0.07784652709960938,	0.086151123046875
5349000000.0,	0.07860183715820312,	0.08437728881835938
5349037500.0,	0.0786285400390625,	0.08642959594726562
5349075000.0,	0.07838821411132812,	0.084503173828125
5349112500.0,	0.07776260375976562,	0.08507537841796875
5349150000.0,	0.0796966552734375,	0.08277511596679688
5349187500.0,	0.07852935791015625,	0.08385086059570312
5349225000.0,	0.07845306396484375,	0.083770751953125
5349262500.0,	0.07801437377929688,	0.08520126342773438
5349300000.0,	0.07928466796875,	0.08355712890625
5349337500.0,	0.08107376098632812,	0.08481597900390625
5349375000.0,	0.07832717895507812,	0.08413314819335938
5349412500.0,	0.079803466796875,	0.08176040649414062
5349450000.0,	0.07866668701171875,	0.0816650390625
5349487500.0,	0.07928848266601562,	0.08112716674804688
5349525000.0,	0.0797576904296875,	0.08359909057617188
5349562500.0,	0.07939529418945312,	0.08267974853515625
5349600000.0,	0.07886886596679688,	0.08046722412109375
5349637500.0,	0.07858657836914062,	0.07930374145507812
5349675000.0,	0.07741165161132812,	0.08016204833984375
5349712500.0,	0.07991409301757812,	0.08229446411132812
5349750000.0,	0.0799713134765625,	0.08095550537109375
5349787500.0,	0.0762176513671875,	0.0803680419921875
5349825000.0,	0.07926559448242188,	0.07960891723632812
5349862500.0,	0.07862472534179688,	0.08037567138671875
5349900000.0,	0.07880401611328125,	0.08046722412109375
5349937500.0,	0.07971954345703125,	0.07877731323242188
5349975000.0,	0.07740402221679688,	0.07982254028320312
5350012500.0,	0.07944488525390625,	0.0784912109375
5350050000.0,	0.080291748046875,	0.078826904296875
5350087500.0,	0.08073043823242188,	0.07940673828125
5350125000.0,	0.080108642578125,	0.078216552734375
5350162500.0,	0.07847976684570312,	0.07711410522460938
5350200000.0,	0.08243179321289062,	0.07910919189453125
5350237500.0,	0.07995223999023438,	0.07606887817382812
5350275000.0,	0.07954788208007812,	0.07709121704101562
5350312500.0,	0.07778167724609375,	0.07733917236328125
5350350000.0,	0.07937240600585938,	0.07984542846679688
5350387500.0,	0.08092117309570312,	0.076507568359375
5350425000.0,	0.08158111572265625,	0.07762527465820312
5350462500.0,	0.08001327514648438,	0.0771026611328125
5350500000.0,	0.08143234252929688,	0.07815170288085938
5350537500.0,	0.08060836791992188,	0.07609939575195312
5350575000.0,	0.07976913452148438,	0.07808685302734375
5350612500.0,	0.07958602905273438,	0.07638168334960938
5350650000.0,	0.07802200317382812,	0.07666397094726562
5350687500.0,	0.08024978637695312,	0.07520675659179688
5350725000.0,	0.07737350463867188,	0.07734298706054688
5350762500.0,	0.07976150512695312,	0.07631301879882812
5350800000.0,	0.07857131958007812,	0.07602691650390625
5350837500.0,	0.07814407348632812,	0.07402801513671875
5350875000.0,	0.078125,	0.07684326171875
5350912500.0,	0.0794830322265625,	0.07293701171875
5350950000.0,	0.080291748046875,	0.07500076293945312
5350987500.0,	0.07756805419921875,	0.07490158081054688
5351025000.0,	0.07857894897460938,	0.07384872436523438
5351062500.0,	0.0795135498046875,	0.0726165771484375
5351100000.0,	0.07920074462890625,	0.07529830932617188
5351137500.0,	0.07707977294921875,	0.07341384887695312
5351175000.0,	0.07966232299804688,	0.07273483276367188
5351212500.0,	0.07776641845703125,	0.07195281982421875
5351250000.0,	0.07950592041015625,	0.074737548828125
5351287500.0,	0.07870101928710938,	0.07238388061523438
5351325000.0,	0.07846832275390625,	0.0745086669921875
5351362500.0,	0.079376220703125,	0.0743255615234375
5351400000.0,	0.0786895751953125,	0.07172012329101562
5351437500.0,	0.07876205444335938,	0.0742645263671875
5351475000.0,	0.07940673828125,	0.072998046875
5351512500.0,	0.07880020141601562,	0.07201004028320312
5351550000.0,	0.0798492431640625,	0.07251739501953125
5351587500.0,	0.081207275390625,	0.07164382934570312
5351625000.0,	0.07979965209960938,	0.07334136962890625
5351662500.0,	0.07765579223632812,	0.07314682006835938
5351700000.0,	0.0788726806640625,	0.07310867309570312
5351737500.0,	0.08048629760742188,	0.07114028930664062
5351775000.0,	0.07910537719726562,	0.07224655151367188
5351812500.0,	0.07917022705078125,	0.07262802124023438
5351850000.0,	0.0784454345703125,	0.07109451293945312
5351887500.0,	0.07822418212890625,	0.0726470947265625
5351925000.0,	0.07979965209960938,	0.0712890625
5351962500.0,	0.0791473388671875,	0.0717010498046875
5352000000.0,	0.07863616943359375,	0.07117462158203125
5352037500.0,	0.0795745849609375,	0.07137680053710938
5352075000.0,	0.07840347290039062,	0.06885910034179688
5352112500.0,	0.07973861694335938,	0.07231903076171875
5352150000.0,	0.07865524291992188,	0.0688934326171875
5352187500.0,	0.0771942138671875,	0.07098770141601562
5352225000.0,	0.07653045654296875,	0.07043838500976562
5352262500.0,	0.08044052124023438,	0.069549560546875
5352300000.0,	0.07786941528320312,	0.06874465942382812
5352337500.0,	0.0802154541015625,	0.06980514526367188
5352375000.0,	0.08170318603515625,	0.06793975830078125
5352412500.0,	0.08121871948242188,	0.06765365600585938
5352450000.0,	0.07979583740234375,	0.07099533081054688
5352487500.0,	0.07984542846679688,	0.06888198852539062
5352525000.0,	0.07886505126953125,	0.06830596923828125
5352562500.0,	0.08017730712890625,	0.06783676147460938
5352600000.0,	0.07928466796875,	0.06789398193359375
5352637500.0,	0.07893753051757812,	0.0701904296875
5352675000.0,	0.0796356201171875,	0.06826019287109375
5352712500.0,	0.08095932006835938,	0.06875991821289062
5352750000.0,	0.08012771606445312,	0.07013320922851562
5352787500.0,	0.07810211181640625,	0.06909561157226562
5352825000.0,	0.0784454345703125,	0.06772994995117188
5352862500.0,	0.08145904541015625,	0.06786727905273438
5352900000.0,	0.0778961181640625,	0.06653213500976562
5352937500.0,	0.0779266357421875,	0.07074356079101562
5352975000.0,	0.07822418212890625,	0.06829833984375
5353012500.0,	0.0772552490234375,	0.06629180908203125
5353050000.0,	0.07923507690429688,	0.06903076171875
5353087500.0,	0.07936859130859375,	0.06798171997070312
5353125000.0,	0.07877349853515625,	0.068878173828125
5353162500.0,	0.07732772827148438,	0.0673065185546875
5353200000.0,	0.07773208618164062,	0.06743240356445312
5353237500.0,	0.07871627807617188,	0.06831741333007812
5353275000.0,	0.07780838012695312,	0.0666046142578125
5353312500.0,	0.07777786254882812,	0.06784439086914062
5353350000.0,	0.078765869140625,	0.06872177124023438
5353387500.0,	0.07764816284179688,	0.0642852783203125
5353425000.0,	0.0807342529296875,	0.06709671020507812
5353462500.0,	0.07809829711914062,	0.06612777709960938
5353500000.0,	0.07866287231445312,	0.065399169921875
5353537500.0,	0.076446533203125,	0.064422607421875
5353575000.0,	0.0768890380859375,	0.06779098510742188
5353612500.0,	0.07699203491210938,	0.06808853149414062
5353650000.0,	0.08100509643554688,	0.06712722778320312
5353687500.0,	0.07703018188476562,	0.066162109375
5353725000.0,	0.07757949829101562,	0.0655975341796875
5353762500.0,	0.0772247314453125,	0.06414413452148438
5353800000.0,	0.08061599731445312,	0.06470489501953125
5353837500.0,	0.07873916625976562,	0.06573104858398438
5353875000.0,	0.0776214599609375,	0.06453323364257812
5353912500.0,	0.07814788818359375,	0.0648193359375
5353950000.0,	0.08058547973632812,	0.06494522094726562
5353987500.0,	0.07733535766601562,	0.06331634521484375
5354025000.0,	0.08025360107421875,	0.06638336181640625
5354062500.0,	0.0770263671875,	0.06533050537109375
5354100000.0,	0.07863616943359375,	0.063629150390625
5354137500.0,	0.0797882080078125,	0.06581878662109375
5354175000.0,	0.07653045654296875,	0.06397628784179688
5354212500.0,	0.08001708984375,	0.0645294189453125
5354250000.0,	0.077392578125,	0.06463623046875
5354287500.0,	0.07852935791015625,	0.06550979614257812
5354325000.0,	0.07739639282226562,	0.06571197509765625
5354362500.0,	0.07874298095703125,	0.06417465209960938
5354400000.0,	0.078338623046875,	0.06558609008789062
5354437500.0,	0.07801437377929688,	0.06188201904296875
5354475000.0,	0.077484130859375,	0.06337738037109375
5354512500.0,	0.07811737060546875,	0.06273269653320312
5354550000.0,	0.0771942138671875,	0.0658416748046875
5354587500.0,	0.076202392578125,	0.06512451171875
5354625000.0,	0.07746505737304688,	0.06320571899414062
5354662500.0,	0.0763092041015625,	0.06453323364257812
5354700000.0,	0.07619094848632812,	0.06361007690429688
5354737500.0,	0.07965087890625,	0.0631256103515625
5354775000.0,	0.0764007568359375,	0.06385040283203125
5354812500.0,	0.07914352416992188,	0.06434249877929688
5354850000.0,	0.07805633544921875,	0.06096649169921875
5354887500.0,	0.07883071899414062,	0.06581497192382812
5354925000.0,	0.07802963256835938,	0.06421661376953125
5354962500.0,	0.07905197143554688,	0.06354522705078125
5355000000.0,	0.07569122314453125,	0.06351852416992188
5355037500.0,	0.07974624633789062,	0.06450271606445312
5355075000.0,	0.07534408569335938,	0.06386947631835938
5355112500.0,	0.077392578125,	0.06249237060546875
5355150000.0,	0.07770919799804688,	0.06368637084960938
5355187500.0,	0.0768890380859375,	0.06386184692382812
5355225000.0,	0.07679367065429688,	0.0604248046875
5355262500.0,	0.07734298706054688,	0.06476211547851562
5355300000.0,	0.07669830322265625,	0.062313079833984375
5355337500.0,	0.07592391967773438,	0.060596466064453125
5355375000.0,	0.07809829711914062,	0.062374114990234375
5355412500.0,	0.07766342163085938,	0.06402969360351562
5355450000.0,	0.07848358154296875,	0.06545639038085938
5355487500.0,	0.07690811157226562,	0.060733795166015625
5355525000.0,	0.07735824584960938,	0.062427520751953125
5355562500.0,	0.0779266357421875,	0.06252288818359375
5355600000.0,	0.076202392578125,	0.06002044677734375
5355637500.0,	0.07694244384765625,	0.06285476684570312
5355675000.0,	0.07722854614257812,	0.063507080078125
5355712500.0,	0.07789230346679688,	0.05985260009765625
5355750000.0,	0.074676513671875,	0.061985015869140625
5355787500.0,	0.0781707763671875,	0.06058502197265625
5355825000.0,	0.07828521728515625,	0.06189727783203125
5355862500.0,	0.07641983032226562,	0.060985565185546875
5355900000.0,	0.07569503784179688,	0.061298370361328125
5355937500.0,	0.07733917236328125,	0.060810089111328125
5355975000.0,	0.07799911499023438,	0.059574127197265625
5356012500.0,	0.07789993286132812,	0.06099700927734375
5356050000.0,	0.07723236083984375,	0.061298370361328125
5356087500.0,	0.07624053955078125,	0.06049346923828125
5356125000.0,	0.07861328125,	0.06263351440429688
5356162500.0,	0.07566070556640625,	0.061855316162109375
5356200000.0,	0.07619857788085938,	0.0617828369140625
5356237500.0,	0.07901763916015625,	0.060176849365234375
5356275000.0,	0.07865142822265625,	0.060459136962890625
5356312500.0,	0.07682418823242188,	0.058948516845703125
5356350000.0,	0.07582855224609375,	0.06092071533203125
5356387500.0,	0.07564544677734375,	0.06008148193359375
5356425000.0,	0.07770156860351562,	0.06002044677734375
5356462500.0,	0.07564544677734375,	0.061431884765625
5356500000.0,	0.0754852294921875,	0.062652587890625
5356537500.0,	0.0771636962890625,	0.06043243408203125
5356575000.0,	0.07792282104492188,	0.058841705322265625
5356612500.0,	0.07609176635742188,	0.060352325439453125
5356650000.0,	0.07529067993164062,	0.0609283447265625
5356687500.0,	0.07695770263671875,	0.058628082275390625
5356725000.0,	0.07793426513671875,	0.0599822998046875
5356762500.0,	0.07620620727539062,	0.05877685546875
5356800000.0,	0.07775115966796875,	0.057689666748046875
5356837500.0,	0.07533645629882812,	0.05863189697265625
5356875000.0,	0.07381057739257812,	0.05963134765625
5356912500.0,	0.0760955810546875,	0.059085845947265625
5356950000.0,	0.0762786865234375,	0.060577392578125
5356987500.0,	0.07447052001953125,	0.057373046875
5357025000.0,	0.07702255249023438,	0.0609893798828125
5357062500.0,	0.07655715942382812,	0.059902191162109375
5357100000.0,	0.07675552368164062,	0.059661865234375
5357137500.0,	0.075836181640625,	0.060382843017578125
5357175000.0,	0.07535934448242188,	0.060016632080078125
5357212500.0,	0.07582473754882812,	0.06070709228515625
5357250000.0,	0.07693862915039062,	0.0575103759765625
5357287500.0,	0.0749359130859375,	0.059215545654296875
5357325000.0,	0.07576751708984375,	0.059665679931640625
5357362500.0,	0.0766143798828125,	0.0569305419921875
5357400000.0,	0.07567977905273438,	0.059009552001953125
5357437500.0,	0.07698440551757812,	0.058040618896484375
5357475000.0,	0.0755462646484375,	0.058902740478515625
5357512500.0,	0.07639694213867188,	0.058506011962890625
5357550000.0,	0.07518768310546875,	0.05670928955078125
5357587500.0,	0.07425308227539062,	0.057891845703125
5357625000.0,	0.07579421997070312,	0.056396484375
5357662500.0,	0.0763397216796875,	0.059497833251953125
5357700000.0,	0.07477951049804688,	0.057888031005859375
5357737500.0,	0.07354354858398438,	0.058193206787109375
5357775000.0,	0.07468032836914062,	0.056427001953125
5357812500.0,	0.07672500610351562,	0.060546875
5357850000.0,	0.07442855834960938,	0.05840301513671875
5357887500.0,	0.07511138916015625,	0.059513092041015625
5357925000.0,	0.07516098022460938,	0.060207366943359375
5357962500.0,	0.07692718505859375,	0.05855560302734375
5358000000.0,	0.07532501220703125,	0.0585174560546875
5358037500.0,	0.07619476318359375,	0.057910919189453125
5358075000.0,	0.07622528076171875,	0.057647705078125
5358112500.0,	0.07697296142578125,	0.058414459228515625
5358150000.0,	0.0753631591796875,	0.05765533447265625
5358187500.0,	0.07439422607421875,	0.05843353271484375
5358225000.0,	0.07378387451171875,	0.05792236328125
5358262500.0,	0.07599258422851562,	0.056598663330078125
5358300000.0,	0.0738067626953125,	0.056797027587890625
5358337500.0,	0.0761871337890625,	0.056026458740234375
5358375000.0,	0.07214736938476562,	0.057750701904296875
5358412500.0,	0.07581710815429688,	0.0565185546875
5358450000.0,	0.074493408203125,	0.057071685791015625
5358487500.0,	0.075714111328125,	0.05789947509765625
5358525000.0,	0.076629638671875,	0.057674407958984375
5358562500.0,	0.07555770874023438,	0.0562286376953125
5358600000.0,	0.07432937622070312,	0.05869293212890625
5358637500.0,	0.07315444946289062,	0.0571746826171875
5358675000.0,	0.0743560791015625,	0.057918548583984375
5358712500.0,	0.0760040283203125,	0.058582305908203125
5358750000.0,	0.07383346557617188,	0.05823516845703125
5358787500.0,	0.07328414916992188,	0.058658599853515625
5358825000.0,	0.07337570190429688,	0.0582427978515625
5358862500.0,	0.07456588745117188,	0.056766510009765625
5358900000.0,	0.07395553588867188,	0.05907440185546875
5358937500.0,	0.0737457275390625,	0.056560516357421875
5358975000.0,	0.07642364501953125,	0.056797027587890625
5359012500.0,	0.07488632202148438,	0.055667877197265625
5359050000.0,	0.07212066650390625,	0.055660247802734375
5359087500.0,	0.0750732421875,	0.057224273681640625
5359125000.0,	0.07324600219726562,	0.056507110595703125
5359162500.0,	0.07373809814453125,	0.0584259033203125
5359200000.0,	0.07427597045898438,	0.058734893798828125
5359237500.0,	0.07381820678710938,	0.057109832763671875
5359275000.0,	0.07318115234375,	0.058361053466796875
5359312500.0,	0.07498550415039062,	0.056636810302734375
5359350000.0,	0.07410430908203125,	0.055477142333984375
5359387500.0,	0.0742340087890625,	0.058048248291015625
5359425000.0,	0.07384109497070312,	0.0554046630859375
5359462500.0,	0.073974609375,	0.055721282958984375
5359500000.0,	0.07552337646484375,	0.055698394775390625
5359537500.0,	0.07337188720703125,	0.056575775146484375
5359575000.0,	0.072509765625,	0.055118560791015625
5359612500.0,	0.07416915893554688,	0.05670166015625
5359650000.0,	0.07316207885742188,	0.05614471435546875
5359687500.0,	0.07342147827148438,	0.05707550048828125
5359725000.0,	0.07340240478515625,	0.055774688720703125
5359762500.0,	0.07362747192382812,	0.05573272705078125
5359800000.0,	0.0738067626953125,	0.055820465087890625
5359837500.0,	0.07302474975585938,	0.05591583251953125
5359875000.0,	0.07408523559570312,	0.0546875
5359912500.0,	0.07376480102539062,	0.056430816650390625
5359950000.0,	0.0728607177734375,	0.056995391845703125
5359987500.0,	0.07223129272460938,	0.0564117431640625
5360025000.0,	0.07418060302734375,	0.056774139404296875
5360062500.0,	0.07329177856445312,	0.057575225830078125
5360100000.0,	0.071441650390625,	0.056613922119140625
5360137500.0,	0.07309341430664062,	0.055217742919921875
5360175000.0,	0.07488250732421875,	0.055908203125
5360212500.0,	0.07291793823242188,	0.0552215576171875
5360250000.0,	0.07308197021484375,	0.05733489990234375
5360287500.0,	0.073150634765625,	0.055217742919921875
5360325000.0,	0.0718536376953125,	0.055438995361328125
5360362500.0,	0.07311248779296875,	0.053722381591796875
5360400000.0,	0.07168960571289062,	0.053394317626953125
5360437500.0,	0.07437896728515625,	0.056484222412109375
5360475000.0,	0.07199478149414062,	0.052829742431640625
5360512500.0,	0.07227325439453125,	0.054737091064453125
5360550000.0,	0.07129287719726562,	0.055782318115234375
5360587500.0,	0.0717010498046875,	0.05467987060546875
5360625000.0,	0.07233047485351562,	0.056812286376953125
5360662500.0,	0.07304000854492188,	0.057056427001953125
5360700000.0,	0.07298660278320312,	0.05553436279296875
5360737500.0,	0.0702056884765625,	0.05370330810546875
5360775000.0,	0.07180023193359375,	0.0539398193359375
5360812500.0,	0.07336044311523438,	0.053997039794921875
5360850000.0,	0.0717926025390625,	0.0526123046875
5360887500.0,	0.07320022583007812,	0.0548095703125
5360925000.0,	0.07169342041015625,	0.054149627685546875
5360962500.0,	0.07335662841796875,	0.052661895751953125
5361000000.0,	0.07280349731445312,	0.055294036865234375
5361037500.0,	0.07317352294921875,	0.052982330322265625
5361075000.0,	0.07396697998046875,	0.05507659912109375
5361112500.0,	0.0714874267578125,	0.055446624755859375
5361150000.0,	0.07014846801757812,	0.056064605712890625
5361187500.0,	0.07072830200195312,	0.055027008056640625
5361225000.0,	0.0729522705078125,	0.053966522216796875
5361262500.0,	0.07224273681640625,	0.0542449951171875
5361300000.0,	0.07098388671875,	0.05206298828125
5361337500.0,	0.07042312622070312,	0.055850982666015625
5361375000.0,	0.07196426391601562,	0.053409576416015625
5361412500.0,	0.06903076171875,	0.055370330810546875
5361450000.0,	0.07332992553710938,	0.055164337158203125
5361487500.0,	0.0716400146484375,	0.057598114013671875
5361525000.0,	0.07111358642578125,	0.05492401123046875
5361562500.0,	0.07303237915039062,	0.05472564697265625
5361600000.0,	0.06951904296875,	0.053112030029296875
5361637500.0,	0.07152175903320312,	0.05373382568359375
5361675000.0,	0.07287216186523438,	0.054515838623046875
5361712500.0,	0.07070159912109375,	0.0531158447265625
5361750000.0,	0.0713043212890625,	0.05544281005859375
5361787500.0,	0.07285690307617188,	0.053997039794921875
5361825000.0,	0.07222366333007812,	0.05576324462890625
5361862500.0,	0.07001876831054688,	0.054538726806640625
5361900000.0,	0.07244491577148438,	0.054813385009765625
5361937500.0,	0.07012176513671875,	0.0539093017578125
5361975000.0,	0.07195281982421875,	0.055812835693359375
5362012500.0,	0.06970596313476562,	0.055206298828125
5362050000.0,	0.07172393798828125,	0.05612945556640625
5362087500.0,	0.06998443603515625,	0.05364990234375
5362125000.0,	0.07146072387695312,	0.054584503173828125
5362162500.0,	0.07176971435546875,	0.054412841796875
5362200000.0,	0.06978988647460938,	0.054351806640625
5362237500.0,	0.07177734375,	0.054386138916015625
5362275000.0,	0.07132720947265625,	0.0552825927734375
5362312500.0,	0.07216644287109375,	0.05455780029296875
5362350000.0,	0.072235107421875,	0.054698944091796875
5362387500.0,	0.07130813598632812,	0.054477691650390625
5362425000.0,	0.0727081298828125,	0.053592681884765625
5362462500.0,	0.07133102416992188,	0.053546905517578125
5362500000.0,	0.07043075561523438,	0.0537567138671875
5362537500.0,	0.07247543334960938,	0.0537872314453125
5362575000.0,	0.073211669921875,	0.0564422607421875
5362612500.0,	0.07266616821289062,	0.056133270263671875
5362650000.0,	0.07049179077148438,	0.05584716796875
5362687500.0,	0.07143402099609375,	0.054290771484375
5362725000.0,	0.06991958618164062,	0.053844451904296875
5362762500.0,	0.0712738037109375,	0.054412841796875
5362800000.0,	0.068023681640625,	0.053142547607421875
5362837500.0,	0.0699310302734375,	0.05341339111328125
5362875000.0,	0.0720367431640625,	0.0529937744140625
5362912500.0,	0.07012557983398438,	0.052532196044921875
5362950000.0,	0.07088088989257812,	0.052398681640625
5362987500.0,	0.069549560546875,	0.054477691650390625
5363025000.0,	0.06941604614257812,	0.052928924560546875
5363062500.0,	0.07016372680664062,	0.05391693115234375
5363100000.0,	0.0716552734375,	0.053226470947265625
5363137500.0,	0.06988525390625,	0.0534210205078125
5363175000.0,	0.06829071044921875,	0.05382537841796875
5363212500.0,	0.07296371459960938,	0.052585601806640625
5363250000.0,	0.07007598876953125,	0.051502227783203125
5363287500.0,	0.071197509765625,	0.053928375244140625
5363325000.0,	0.07117080688476562,	0.053203582763671875
5363362500.0,	0.0685577392578125,	0.052165985107421875
5363400000.0,	0.07135009765625,	0.054443359375
5363437500.0,	0.07012557983398438,	0.054286956787109375
5363475000.0,	0.06766891479492188,	0.05353546142578125
5363512500.0,	0.07155227661132812,	0.05321502685546875
5363550000.0,	0.06789016723632812,	0.053005218505859375
5363587500.0,	0.06849288940429688,	0.05313873291015625
5363625000.0,	0.07021331787109375,	0.0527191162109375
5363662500.0,	0.0695648193359375,	0.05228424072265625
5363700000.0,	0.07102203369140625,	0.051715850830078125
5363737500.0,	0.0709228515625,	0.053249359130859375
5363775000.0,	0.06864547729492188,	0.051998138427734375
5363812500.0,	0.0700836181640625,	0.054187774658203125
5363850000.0,	0.0709381103515625,	0.05206298828125
5363887500.0,	0.0701446533203125,	0.05277252197265625
5363925000.0,	0.07112884521484375,	0.054901123046875
5363962500.0,	0.06779098510742188,	0.054676055908203125
5364000000.0,	0.071685791015625,	0.052486419677734375
5364037500.0,	0.0709381103515625,	0.05389404296875
5364075000.0,	0.07118988037109375,	0.053234100341796875
5364112500.0,	0.06955337524414062,	0.052154541015625
5364150000.0,	0.07006454467773438,	0.053745269775390625
5364187500.0,	0.07048416137695312,	0.053646087646484375
5364225000.0,	0.0686187744140625,	0.05208587646484375
5364262500.0,	0.06884002685546875,	0.0536346435546875
5364300000.0,	0.07059097290039062,	0.052547454833984375
5364337500.0,	0.07078933715820312,	0.055179595947265625
5364375000.0,	0.06844711303710938,	0.05252838134765625
5364412500.0,	0.06627273559570312,	0.051609039306640625
5364450000.0,	0.06896209716796875,	0.052928924560546875
5364487500.0,	0.06933212280273438,	0.053089141845703125
5364525000.0,	0.06738662719726562,	0.051361083984375
5364562500.0,	0.07069778442382812,	0.052097320556640625
5364600000.0,	0.070770263671875,	0.053447723388671875
5364637500.0,	0.07088470458984375,	0.05287933349609375
5364675000.0,	0.06937408447265625,	0.053188323974609375
5364712500.0,	0.06818771362304688,	0.05313873291015625
5364750000.0,	0.06804656982421875,	0.050441741943359375
5364787500.0,	0.07021713256835938,	0.05406951904296875
5364825000.0,	0.0689697265625,	0.05340576171875
5364862500.0,	0.06827545166015625,	0.053661346435546875
5364900000.0,	0.06890106201171875,	0.054294586181640625
5364937500.0,	0.06987380981445312,	0.05245208740234375
5364975000.0,	0.06927490234375,	0.05146026611328125
5365012500.0,	0.06908798217773438,	0.053005218505859375
5365050000.0,	0.06842041015625,	0.0512847900390625
5365087500.0,	0.06929397583007812,	0.052555084228515625
5365125000.0,	0.07054901123046875,	0.05390167236328125
5365162500.0,	0.069732666015625,	0.054470062255859375
5365200000.0,	0.07068634033203125,	0.053192138671875
5365237500.0,	0.067535400390625,	0.05474853515625
5365275000.0,	0.06958770751953125,	0.050060272216796875
5365312500.0,	0.06908416748046875,	0.052440643310546875
5365350000.0,	0.06989288330078125,	0.0538177490234375
5365387500.0,	0.06957244873046875,	0.054412841796875
5365425000.0,	0.06822967529296875,	0.053619384765625
5365462500.0,	0.066436767578125,	0.054752349853515625
5365500000.0,	0.068572998046875,	0.0526123046875
5365537500.0,	0.070953369140625,	0.05223846435546875
5365575000.0,	0.06691741943359375,	0.05190277099609375
5365612500.0,	0.06805038452148438,	0.053249359130859375
5365650000.0,	0.0695953369140625,	0.0522308349609375
5365687500.0,	0.0673828125,	0.052215576171875
5365725000.0,	0.067352294921875,	0.0534515380859375
5365762500.0,	0.06978988647460938,	0.05065155029296875
5365800000.0,	0.06583786010742188,	0.051380157470703125
5365837500.0,	0.06794357299804688,	0.0506591796875
5365875000.0,	0.0695343017578125,	0.051898956298828125
5365912500.0,	0.06927871704101562,	0.051868438720703125
5365950000.0,	0.06926345825195312,	0.05176544189453125
5365987500.0,	0.06548690795898438,	0.051517486572265625
5366025000.0,	0.07028579711914062,	0.0549468994140625
5366062500.0,	0.0683441162109375,	0.05266571044921875
5366100000.0,	0.0683441162109375,	0.05287933349609375
5366137500.0,	0.06688308715820312,	0.0518646240234375
5366175000.0,	0.06959915161132812,	0.05291748046875
5366212500.0,	0.06793212890625,	0.05229949951171875
5366250000.0,	0.06946945190429688,	0.0518646240234375
5366287500.0,	0.06808090209960938,	0.052326202392578125
5366325000.0,	0.06991195678710938,	0.05330657958984375
5366362500.0,	0.0656890869140625,	0.0531463623046875
5366400000.0,	0.06696701049804688,	0.051860809326171875
5366437500.0,	0.0704803466796875,	0.05300140380859375
5366475000.0,	0.066436767578125,	0.05150604248046875
5366512500.0,	0.06642913818359375,	0.050434112548828125
5366550000.0,	0.06723403930664062,	0.0528411865234375
5366587500.0,	0.0667724609375,	0.05025482177734375
5366625000.0,	0.06797409057617188,	0.05466461181640625
5366662500.0,	0.06836700439453125,	0.053363800048828125
5366700000.0,	0.06762313842773438,	0.050243377685546875
5366737500.0,	0.06842422485351562,	0.05210113525390625
5366775000.0,	0.06841659545898438,	0.052581787109375
5366812500.0,	0.06827163696289062,	0.0504913330078125
5366850000.0,	0.06882858276367188,	0.05316925048828125
5366887500.0,	0.06901168823242188,	0.053264617919921875
5366925000.0,	0.0702362060546875,	0.05159759521484375
5366962500.0,	0.06785964965820312,	0.052459716796875
5367000000.0,	0.06943893432617188,	0.050685882568359375
5367037500.0,	0.06984710693359375,	0.051013946533203125
5367075000.0,	0.06805038452148438,	0.0510406494140625
5367112500.0,	0.06694793701171875,	0.05389404296875
5367150000.0,	0.06865310668945312,	0.051753997802734375
5367187500.0,	0.06608963012695312,	0.05083465576171875
5367225000.0,	0.07013702392578125,	0.0513458251953125
5367262500.0,	0.06932830810546875,	0.054080963134765625
5367300000.0,	0.06821060180664062,	0.0536346435546875
5367337500.0,	0.06993865966796875,	0.052555084228515625
5367375000.0,	0.06874847412109375,	0.052036285400390625
5367412500.0,	0.06946563720703125,	0.0528106689453125
5367450000.0,	0.07024383544921875,	0.0517120361328125
5367487500.0,	0.067596435546875,	0.0537109375
5367525000.0,	0.067535400390625,	0.05224609375
5367562500.0,	0.06778335571289062,	0.0525360107421875
5367600000.0,	0.065704345703125,	0.052448272705078125
5367637500.0,	0.0674896240234375,	0.05284881591796875
5367675000.0,	0.06720352172851562,	0.051177978515625
5367712500.0,	0.06835556030273438,	0.05373382568359375
5367750000.0,	0.06651687622070312,	0.051631927490234375
5367787500.0,	0.06898880004882812,	0.050403594970703125
5367825000.0,	0.06682205200195312,	0.052669525146484375
5367862500.0,	0.06732940673828125,	0.05246734619140625
5367900000.0,	0.06658172607421875,	0.05307769775390625
5367937500.0,	0.06855392456054688,	0.052677154541015625
5367975000.0,	0.06629180908203125,	0.052715301513671875
5368012500.0,	0.06803512573242188,	0.052433013916015625
5368050000.0,	0.0678863525390625,	0.052219390869140625
5368087500.0,	0.06659317016601562,	0.05397796630859375
5368125000.0,	0.06682586669921875,	0.05391693115234375
5368162500.0,	0.067626953125,	0.052341461181640625
5368200000.0,	0.069091796875,	0.051082611083984375
5368237500.0,	0.06750106811523438,	0.050052642822265625
5368275000.0,	0.06699371337890625,	0.053020477294921875
5368312500.0,	0.06882476806640625,	0.051910400390625
5368350000.0,	0.06523513793945312,	0.0516204833984375
5368387500.0,	0.06537628173828125,	0.05265045166015625
5368425000.0,	0.06575775146484375,	0.051662445068359375
5368462500.0,	0.06739044189453125,	0.05356597900390625
5368500000.0,	0.06583023071289062,	0.053394317626953125
5368537500.0,	0.06475067138671875,	0.052890777587890625
5368575000.0,	0.0675048828125,	0.0516815185546875
5368612500.0,	0.0681610107421875,	0.05211639404296875
5368650000.0,	0.06697463989257812,	0.05193328857421875
5368687500.0,	0.0658111572265625,	0.050716400146484375
5368725000.0,	0.06770706176757812,	0.050689697265625
5368762500.0,	0.0658721923828125,	0.0532073974609375
5368800000.0,	0.06695175170898438,	0.05374908447265625
5368837500.0,	0.06492996215820312,	0.0537567138671875
5368875000.0,	0.06799697875976562,	0.049854278564453125
5368912500.0,	0.06507492065429688,	0.05089569091796875
5368950000.0,	0.06761550903320312,	0.052219390869140625
5368987500.0,	0.065673828125,	0.053592681884765625
5369025000.0,	0.06793594360351562,	0.0542755126953125
5369062500.0,	0.0650482177734375,	0.051364898681640625
5369100000.0,	0.06841659545898438,	0.052944183349609375
5369137500.0,	0.06703948974609375,	0.052509307861328125
5369175000.0,	0.06709671020507812,	0.05242919921875
5369212500.0,	0.06490707397460938,	0.050662994384765625
5369250000.0,	0.06766128540039062,	0.052242279052734375
5369287500.0,	0.0691375732421875,	0.0525665283203125
5369325000.0,	0.06667709350585938,	0.05492401123046875
5369362500.0,	0.06638336181640625,	0.05191802978515625
5369400000.0,	0.06567764282226562,	0.051647186279296875
5369437500.0,	0.06783294677734375,	0.053680419921875
5369475000.0,	0.0663604736328125,	0.049518585205078125
5369512500.0,	0.06779861450195312,	0.052825927734375
5369550000.0,	0.06755447387695312,	0.05126190185546875
5369587500.0,	0.06670761108398438,	0.049259185791015625
5369625000.0,	0.06570816040039062,	0.051891326904296875
5369662500.0,	0.06749725341796875,	0.050441741943359375
5369700000.0,	0.06753158569335938,	0.051189422607421875
5369737500.0,	0.06524276733398438,	0.053340911865234375
5369775000.0,	0.06780624389648438,	0.05341339111328125
5369812500.0,	0.0673980712890625,	0.052227020263671875
5369850000.0,	0.06847763061523438,	0.052921295166015625
5369887500.0,	0.067474365234375,	0.051174163818359375
5369925000.0,	0.06573486328125,	0.053455352783203125
5369962500.0,	0.06707382202148438,	0.052036285400390625
5370000000.0,	0.06768035888671875,	0.055316925048828125
