5360018750.0,	0.07525634765625,	0.053844451904296875
5360037500.0,	0.07286453247070312,	0.05294036865234375
5360056250.0,	0.074432373046875,	0.055240631103515625
5360075000.0,	0.07471084594726562,	0.05316925048828125
5360093750.0,	0.07238006591796875,	0.05449676513671875
5360112500.0,	0.07193756103515625,	0.053668975830078125
5360131250.0,	0.07296371459960938,	0.054691314697265625
5360150000.0,	0.07408905029296875,	0.055866241455078125
5360168750.0,	0.07398223876953125,	0.056591033935546875
5360187500.0,	0.07184600830078125,	0.0535736083984375
5360206250.0,	0.0726318359375,	0.054683685302734375
5360225000.0,	0.07370758056640625,	0.053745269775390625
5360243750.0,	0.07140350341796875,	0.052173614501953125
5360262500.0,	0.07405471801757812,	0.054119110107421875
5360281250.0,	0.07336807250976562,	0.054141998291015625
5360300000.0,	0.07242584228515625,	0.056850433349609375
5360318750.0,	0.07194900512695312,	0.054584503173828125
5360337500.0,	0.07163238525390625,	0.05562591552734375
5360356250.0,	0.07245254516601562,	0.056640625
5360375000.0,	0.07404327392578125,	0.05445098876953125
5360393750.0,	0.07406234741210938,	0.055553436279296875
5360412500.0,	0.07391738891601562,	0.055828094482421875
5360431250.0,	0.07405471801757812,	0.055995941162109375
5360450000.0,	0.07232284545898438,	0.053417205810546875
5360468750.0,	0.0720672607421875,	0.055492401123046875
5360487500.0,	0.07222366333007812,	0.05519866943359375
5360506250.0,	0.07246017456054688,	0.0527801513671875
5360525000.0,	0.07417678833007812,	0.055027008056640625
5360543750.0,	0.07312393188476562,	0.0538787841796875
5360562500.0,	0.074676513671875,	0.05593109130859375
5360581250.0,	0.07299423217773438,	0.054656982421875
5360600000.0,	0.07325363159179688,	0.056453704833984375
5360618750.0,	0.07027816772460938,	0.05413055419921875
5360637500.0,	0.07244491577148438,	0.05608367919921875
5360656250.0,	0.07413482666015625,	0.056011199951171875
5360675000.0,	0.07355880737304688,	0.054134368896484375
5360693750.0,	0.07308197021484375,	0.054656982421875
5360712500.0,	0.07118606567382812,	0.0536041259765625
5360731250.0,	0.0726165771484375,	0.053462982177734375
5360750000.0,	0.07391357421875,	0.055614471435546875
5360768750.0,	0.07347488403320312,	0.056865692138671875
5360787500.0,	0.0719757080078125,	0.05388641357421875
5360806250.0,	0.07248687744140625,	0.055217742919921875
5360825000.0,	0.073638916015625,	0.055141448974609375
5360843750.0,	0.07361984252929688,	0.054065704345703125
5360862500.0,	0.0722503662109375,	0.056537628173828125
5360881250.0,	0.072021484375,	0.05667877197265625
5360900000.0,	0.07233047485351562,	0.054996490478515625
5360918750.0,	0.07449722290039062,	0.05405426025390625
5360937500.0,	0.073516845703125,	0.05490875244140625
5360956250.0,	0.07275009155273438,	0.0533447265625
5360975000.0,	0.07131576538085938,	0.053371429443359375
5360993750.0,	0.07098388671875,	0.053192138671875
5361012500.0,	0.07184600830078125,	0.0557098388671875
5361031250.0,	0.07318496704101562,	0.0533905029296875
5361050000.0,	0.07213973999023438,	0.054355621337890625
5361068750.0,	0.0727996826171875,	0.05536651611328125
5361087500.0,	0.07310104370117188,	0.0531768798828125
5361106250.0,	0.07107925415039062,	0.056011199951171875
5361125000.0,	0.07433319091796875,	0.05306243896484375
5361143750.0,	0.07193374633789062,	0.0551300048828125
5361162500.0,	0.072967529296875,	0.055694580078125
5361181250.0,	0.07378768920898438,	0.05506134033203125
5361200000.0,	0.07175064086914062,	0.0535736083984375
5361218750.0,	0.07194137573242188,	0.054950714111328125
5361237500.0,	0.07047271728515625,	0.054004669189453125
5361256250.0,	0.07354354858398438,	0.05220794677734375
5361275000.0,	0.07275772094726562,	0.0549774169921875
5361293750.0,	0.07122421264648438,	0.052700042724609375
5361312500.0,	0.07166671752929688,	0.05338287353515625
5361331250.0,	0.07149887084960938,	0.05382537841796875
5361350000.0,	0.07222366333007812,	0.0535736083984375
5361368750.0,	0.07206344604492188,	0.052913665771484375
5361387500.0,	0.07201004028320312,	0.055370330810546875
5361406250.0,	0.07236862182617188,	0.054836273193359375
5361425000.0,	0.073638916015625,	0.052951812744140625
5361443750.0,	0.07218170166015625,	0.054828643798828125
5361462500.0,	0.0750579833984375,	0.051372528076171875
5361481250.0,	0.06968307495117188,	0.05263519287109375
5361500000.0,	0.06982421875,	0.05590057373046875
5361518750.0,	0.0724945068359375,	0.055255889892578125
5361537500.0,	0.0727386474609375,	0.054355621337890625
5361556250.0,	0.07219314575195312,	0.05522918701171875
5361575000.0,	0.07136154174804688,	0.054531097412109375
5361593750.0,	0.07366180419921875,	0.052875518798828125
5361612500.0,	0.07231521606445312,	0.054645538330078125
5361631250.0,	0.0718536376953125,	0.055042266845703125
5361650000.0,	0.07171249389648438,	0.05199432373046875
5361668750.0,	0.07313156127929688,	0.053653717041015625
5361687500.0,	0.0716552734375,	0.052265167236328125
5361706250.0,	0.07437515258789062,	0.05338287353515625
5361725000.0,	0.07094955444335938,	0.053920745849609375
5361743750.0,	0.07369232177734375,	0.05338287353515625
5361762500.0,	0.07239532470703125,	0.0540924072265625
5361781250.0,	0.07425689697265625,	0.052280426025390625
5361800000.0,	0.07149505615234375,	0.05289459228515625
5361818750.0,	0.07334518432617188,	0.053516387939453125
5361837500.0,	0.07178115844726562,	0.052410125732421875
5361856250.0,	0.07197189331054688,	0.053226470947265625
5361875000.0,	0.07247161865234375,	0.053157806396484375
5361893750.0,	0.07100677490234375,	0.055721282958984375
5361912500.0,	0.07159423828125,	0.052982330322265625
5361931250.0,	0.0720367431640625,	0.054157257080078125
5361950000.0,	0.07029342651367188,	0.0526885986328125
5361968750.0,	0.07412338256835938,	0.05487060546875
5361987500.0,	0.07262420654296875,	0.054271697998046875
5362006250.0,	0.07169342041015625,	0.056781768798828125
5362025000.0,	0.07040786743164062,	0.053462982177734375
5362043750.0,	0.07257080078125,	0.053989410400390625
5362062500.0,	0.0712890625,	0.053119659423828125
5362081250.0,	0.07281112670898438,	0.051906585693359375
5362100000.0,	0.07337188720703125,	0.05345916748046875
5362118750.0,	0.0689544677734375,	0.053035736083984375
5362137500.0,	0.073455810546875,	0.054309844970703125
5362156250.0,	0.07217025756835938,	0.0526580810546875
5362175000.0,	0.0734100341796875,	0.052547454833984375
5362193750.0,	0.0733642578125,	0.054141998291015625
5362212500.0,	0.07097625732421875,	0.052646636962890625
5362231250.0,	0.07296371459960938,	0.0536346435546875
5362250000.0,	0.0712432861328125,	0.054290771484375
5362268750.0,	0.07053375244140625,	0.05338287353515625
5362287500.0,	0.06962966918945312,	0.054595947265625
5362306250.0,	0.07149505615234375,	0.05389404296875
5362325000.0,	0.07133102416992188,	0.055126190185546875
5362343750.0,	0.07082748413085938,	0.05365753173828125
5362362500.0,	0.071563720703125,	0.052661895751953125
5362381250.0,	0.07077407836914062,	0.0552825927734375
5362400000.0,	0.07128143310546875,	0.05393218994140625
5362418750.0,	0.0712890625,	0.054668426513671875
5362437500.0,	0.07105255126953125,	0.052440643310546875
5362456250.0,	0.07100677490234375,	0.054393768310546875
5362475000.0,	0.07274246215820312,	0.0529022216796875
5362493750.0,	0.07016754150390625,	0.05381011962890625
5362512500.0,	0.074310302734375,	0.05481719970703125
5362531250.0,	0.07196044921875,	0.055957794189453125
5362550000.0,	0.07007598876953125,	0.052295684814453125
5362568750.0,	0.06998825073242188,	0.05249786376953125
5362587500.0,	0.069793701171875,	0.05443572998046875
5362606250.0,	0.07092666625976562,	0.052066802978515625
5362625000.0,	0.07158279418945312,	0.054141998291015625
5362643750.0,	0.07152557373046875,	0.0543060302734375
5362662500.0,	0.07342529296875,	0.05406951904296875
5362681250.0,	0.07176589965820312,	0.053497314453125
5362700000.0,	0.07152557373046875,	0.054534912109375
5362718750.0,	0.07047271728515625,	0.053859710693359375
5362737500.0,	0.07125091552734375,	0.052276611328125
5362756250.0,	0.07048797607421875,	0.05254364013671875
5362775000.0,	0.07287216186523438,	0.053928375244140625
5362793750.0,	0.071990966796875,	0.053974151611328125
5362812500.0,	0.07025146484375,	0.052692413330078125
5362831250.0,	0.07045364379882812,	0.05272674560546875
5362850000.0,	0.070556640625,	0.0514984130859375
5362868750.0,	0.07013702392578125,	0.05448150634765625
5362887500.0,	0.07047653198242188,	0.052196502685546875
5362906250.0,	0.07215499877929688,	0.05518341064453125
5362925000.0,	0.07065200805664062,	0.0532379150390625
5362943750.0,	0.07112503051757812,	0.053951263427734375
5362962500.0,	0.07116317749023438,	0.05127716064453125
5362981250.0,	0.071197509765625,	0.054340362548828125
5363000000.0,	0.06995010375976562,	0.05428314208984375
5363018750.0,	0.07080078125,	0.0540618896484375
5363037500.0,	0.071990966796875,	0.052947998046875
5363056250.0,	0.07011032104492188,	0.05248260498046875
5363075000.0,	0.07318115234375,	0.052654266357421875
5363093750.0,	0.0717926025390625,	0.053180694580078125
5363112500.0,	0.0703277587890625,	0.05181884765625
5363131250.0,	0.07293319702148438,	0.053192138671875
5363150000.0,	0.07088470458984375,	0.05284881591796875
5363168750.0,	0.07136917114257812,	0.054286956787109375
5363187500.0,	0.07178115844726562,	0.055049896240234375
5363206250.0,	0.06970596313476562,	0.054718017578125
5363225000.0,	0.071075439453125,	0.053760528564453125
5363243750.0,	0.06949996948242188,	0.054912567138671875
5363262500.0,	0.0712432861328125,	0.05368804931640625
5363281250.0,	0.07299423217773438,	0.052631378173828125
5363300000.0,	0.071441650390625,	0.052883148193359375
5363318750.0,	0.06876754760742188,	0.0531463623046875
5363337500.0,	0.0693817138671875,	0.055019378662109375
5363356250.0,	0.07061767578125,	0.052310943603515625
5363375000.0,	0.07093429565429688,	0.05226898193359375
5363393750.0,	0.07068252563476562,	0.05438995361328125
5363412500.0,	0.07046890258789062,	0.051677703857421875
5363431250.0,	0.07120895385742188,	0.0539093017578125
5363450000.0,	0.07125473022460938,	0.05023193359375
5363468750.0,	0.06903457641601562,	0.053119659423828125
5363487500.0,	0.07199859619140625,	0.0511016845703125
5363506250.0,	0.07001113891601562,	0.0526275634765625
5363525000.0,	0.07229232788085938,	0.0510101318359375
5363543750.0,	0.07199478149414062,	0.0507965087890625
5363562500.0,	0.07019805908203125,	0.0522918701171875
5363581250.0,	0.07116317749023438,	0.05223846435546875
5363600000.0,	0.0704803466796875,	0.05396270751953125
5363618750.0,	0.06966400146484375,	0.0519256591796875
5363637500.0,	0.07163238525390625,	0.05289459228515625
5363656250.0,	0.07036972045898438,	0.054229736328125
5363675000.0,	0.06924819946289062,	0.05047607421875
5363693750.0,	0.0706939697265625,	0.05326080322265625
5363712500.0,	0.071258544921875,	0.05142974853515625
5363731250.0,	0.0690155029296875,	0.05438995361328125
5363750000.0,	0.06927490234375,	0.053806304931640625
5363768750.0,	0.07019805908203125,	0.052700042724609375
5363787500.0,	0.0721435546875,	0.053195953369140625
5363806250.0,	0.07005691528320312,	0.051105499267578125
5363825000.0,	0.07266998291015625,	0.05269622802734375
5363843750.0,	0.07017898559570312,	0.052623748779296875
5363862500.0,	0.0699005126953125,	0.052951812744140625
5363881250.0,	0.07150650024414062,	0.0532989501953125
5363900000.0,	0.06955337524414062,	0.052852630615234375
5363918750.0,	0.06972503662109375,	0.051174163818359375
5363937500.0,	0.07094573974609375,	0.050640106201171875
5363956250.0,	0.06889724731445312,	0.0516204833984375
5363975000.0,	0.07064056396484375,	0.0527496337890625
5363993750.0,	0.0690155029296875,	0.053249359130859375
5364012500.0,	0.0694427490234375,	0.0541839599609375
5364031250.0,	0.07011032104492188,	0.051036834716796875
5364050000.0,	0.07236099243164062,	0.054046630859375
5364068750.0,	0.07078170776367188,	0.052028656005859375
5364087500.0,	0.0714263916015625,	0.05364227294921875
5364106250.0,	0.06952667236328125,	0.052642822265625
5364125000.0,	0.06870651245117188,	0.0524139404296875
5364143750.0,	0.06972503662109375,	0.053371429443359375
5364162500.0,	0.07093048095703125,	0.052371978759765625
5364181250.0,	0.07123947143554688,	0.05175018310546875
5364200000.0,	0.07292938232421875,	0.051563262939453125
5364218750.0,	0.06866836547851562,	0.051662445068359375
5364237500.0,	0.07201004028320312,	0.0531158447265625
5364256250.0,	0.0720672607421875,	0.053009033203125
5364275000.0,	0.06861114501953125,	0.05167388916015625
5364293750.0,	0.06865692138671875,	0.0516357421875
5364312500.0,	0.06924057006835938,	0.052074432373046875
5364331250.0,	0.07013702392578125,	0.052394866943359375
5364350000.0,	0.07046890258789062,	0.0531005859375
5364368750.0,	0.06879043579101562,	0.052280426025390625
5364387500.0,	0.06879043579101562,	0.051967620849609375
5364406250.0,	0.07016372680664062,	0.052303314208984375
5364425000.0,	0.06951522827148438,	0.052097320556640625
5364443750.0,	0.0689239501953125,	0.05220794677734375
5364462500.0,	0.06990432739257812,	0.051708221435546875
5364481250.0,	0.07150650024414062,	0.0522918701171875
5364500000.0,	0.0724029541015625,	0.05309295654296875
5364518750.0,	0.07040786743164062,	0.053852081298828125
5364537500.0,	0.071197509765625,	0.051609039306640625
5364556250.0,	0.07201766967773438,	0.051792144775390625
5364575000.0,	0.07028961181640625,	0.051799774169921875
5364593750.0,	0.07025909423828125,	0.0519866943359375
5364612500.0,	0.07072067260742188,	0.051849365234375
5364631250.0,	0.06774520874023438,	0.053112030029296875
5364650000.0,	0.0699920654296875,	0.0509033203125
5364668750.0,	0.06957244873046875,	0.051380157470703125
5364687500.0,	0.06985092163085938,	0.052032470703125
5364706250.0,	0.06841659545898438,	0.052364349365234375
5364725000.0,	0.06956863403320312,	0.05150604248046875
5364743750.0,	0.06943130493164062,	0.0519561767578125
5364762500.0,	0.07068634033203125,	0.0532379150390625
5364781250.0,	0.07170867919921875,	0.051181793212890625
5364800000.0,	0.07064437866210938,	0.052646636962890625
5364818750.0,	0.0691986083984375,	0.0520477294921875
5364837500.0,	0.07226181030273438,	0.052532196044921875
5364856250.0,	0.07028579711914062,	0.05362701416015625
5364875000.0,	0.07138824462890625,	0.053089141845703125
5364893750.0,	0.07091522216796875,	0.05358123779296875
5364912500.0,	0.06829071044921875,	0.049472808837890625
5364931250.0,	0.06940460205078125,	0.052585601806640625
5364950000.0,	0.06961441040039062,	0.05196380615234375
5364968750.0,	0.0710296630859375,	0.052707672119140625
5364987500.0,	0.0693359375,	0.052265167236328125
5365006250.0,	0.06841659545898438,	0.05124664306640625
5365025000.0,	0.06946563720703125,	0.054409027099609375
5365043750.0,	0.06890869140625,	0.053142547607421875
5365062500.0,	0.067474365234375,	0.052822113037109375
5365081250.0,	0.068939208984375,	0.05084228515625
5365100000.0,	0.06991195678710938,	0.05239105224609375
5365118750.0,	0.0710296630859375,	0.05165863037109375
5365137500.0,	0.069122314453125,	0.052188873291015625
5365156250.0,	0.06679153442382812,	0.05263519287109375
5365175000.0,	0.06792068481445312,	0.053546905517578125
5365193750.0,	0.0695953369140625,	0.052585601806640625
5365212500.0,	0.07011032104492188,	0.051578521728515625
5365231250.0,	0.07161331176757812,	0.0515289306640625
5365250000.0,	0.06947708129882812,	0.052211761474609375
5365268750.0,	0.06909942626953125,	0.051799774169921875
5365287500.0,	0.0698699951171875,	0.052341461181640625
5365306250.0,	0.06966018676757812,	0.05229949951171875
5365325000.0,	0.0699920654296875,	0.05294036865234375
5365343750.0,	0.070556640625,	0.050914764404296875
5365362500.0,	0.06897354125976562,	0.051105499267578125
5365381250.0,	0.06967544555664062,	0.053195953369140625
5365400000.0,	0.0683135986328125,	0.05251312255859375
5365418750.0,	0.06982421875,	0.049640655517578125
5365437500.0,	0.07100296020507812,	0.050670623779296875
5365456250.0,	0.07121658325195312,	0.049434661865234375
5365475000.0,	0.06956863403320312,	0.047855377197265625
5365493750.0,	0.07022476196289062,	0.052181243896484375
5365512500.0,	0.06781768798828125,	0.05330657958984375
5365531250.0,	0.07086181640625,	0.051548004150390625
5365550000.0,	0.06809234619140625,	0.050235748291015625
5365568750.0,	0.0706634521484375,	0.05239105224609375
5365587500.0,	0.06911468505859375,	0.0512542724609375
5365606250.0,	0.06652450561523438,	0.052707672119140625
5365625000.0,	0.06930923461914062,	0.051624298095703125
5365643750.0,	0.06931304931640625,	0.053333282470703125
5365662500.0,	0.06970977783203125,	0.053867340087890625
5365681250.0,	0.06929397583007812,	0.053592681884765625
5365700000.0,	0.06830215454101562,	0.053287506103515625
5365718750.0,	0.06855392456054688,	0.052337646484375
5365737500.0,	0.06931686401367188,	0.052001953125
5365756250.0,	0.06789779663085938,	0.052768707275390625
5365775000.0,	0.06912612915039062,	0.052310943603515625
5365793750.0,	0.0700531005859375,	0.0523834228515625
5365812500.0,	0.07028961181640625,	0.0516204833984375
5365831250.0,	0.0706787109375,	0.053356170654296875
5365850000.0,	0.06979751586914062,	0.051151275634765625
5365868750.0,	0.07193756103515625,	0.05283355712890625
5365887500.0,	0.0703125,	0.052913665771484375
5365906250.0,	0.06909561157226562,	0.05426025390625
5365925000.0,	0.0708770751953125,	0.052944183349609375
5365943750.0,	0.0676116943359375,	0.049591064453125
5365962500.0,	0.06993865966796875,	0.049930572509765625
5365981250.0,	0.06811904907226562,	0.05342864990234375
5366000000.0,	0.06930923461914062,	0.0511627197265625
5366018750.0,	0.0705718994140625,	0.051036834716796875
5366037500.0,	0.0693817138671875,	0.052043914794921875
5366056250.0,	0.0689239501953125,	0.053737640380859375
5366075000.0,	0.06727981567382812,	0.052745819091796875
5366093750.0,	0.07070541381835938,	0.05091094970703125
5366112500.0,	0.06919479370117188,	0.05239105224609375
5366131250.0,	0.06987380981445312,	0.052326202392578125
5366150000.0,	0.06804656982421875,	0.051532745361328125
5366168750.0,	0.068145751953125,	0.051342010498046875
5366187500.0,	0.06887435913085938,	0.054637908935546875
5366206250.0,	0.06946563720703125,	0.052944183349609375
5366225000.0,	0.06952285766601562,	0.0504150390625
5366243750.0,	0.069549560546875,	0.05146026611328125
5366262500.0,	0.06710052490234375,	0.051113128662109375
5366281250.0,	0.06969070434570312,	0.049701690673828125
5366300000.0,	0.06924057006835938,	0.05364227294921875
5366318750.0,	0.069183349609375,	0.052093505859375
5366337500.0,	0.06928634643554688,	0.051891326904296875
5366356250.0,	0.07041549682617188,	0.053142547607421875
5366375000.0,	0.06845855712890625,	0.053127288818359375
5366393750.0,	0.06825637817382812,	0.05153656005859375
5366412500.0,	0.070587158203125,	0.05098724365234375
5366431250.0,	0.06793594360351562,	0.049304962158203125
5366450000.0,	0.0665435791015625,	0.04907989501953125
5366468750.0,	0.06803131103515625,	0.05133056640625
5366487500.0,	0.06844711303710938,	0.053070068359375
5366506250.0,	0.06882476806640625,	0.05228424072265625
5366525000.0,	0.06974411010742188,	0.051799774169921875
5366543750.0,	0.0677490234375,	0.05280303955078125
5366562500.0,	0.06859588623046875,	0.05156707763671875
5366581250.0,	0.06601333618164062,	0.050601959228515625
5366600000.0,	0.066741943359375,	0.049594879150390625
5366618750.0,	0.0679473876953125,	0.052532196044921875
5366637500.0,	0.06779861450195312,	0.051971435546875
5366656250.0,	0.06920623779296875,	0.05243682861328125
5366675000.0,	0.06891632080078125,	0.051387786865234375
5366693750.0,	0.066497802734375,	0.0504608154296875
5366712500.0,	0.06951904296875,	0.051158905029296875
5366731250.0,	0.06758880615234375,	0.051425933837890625
5366750000.0,	0.06792831420898438,	0.051239013671875
5366768750.0,	0.0694580078125,	0.051403045654296875
5366787500.0,	0.07040786743164062,	0.050045013427734375
5366806250.0,	0.06895065307617188,	0.0519256591796875
5366825000.0,	0.0682830810546875,	0.05034637451171875
5366843750.0,	0.07014083862304688,	0.053279876708984375
5366862500.0,	0.06850051879882812,	0.050567626953125
5366881250.0,	0.0699310302734375,	0.05213165283203125
5366900000.0,	0.06973648071289062,	0.052097320556640625
5366918750.0,	0.06744384765625,	0.0524749755859375
5366937500.0,	0.06983566284179688,	0.053607940673828125
5366956250.0,	0.06859588623046875,	0.05242156982421875
5366975000.0,	0.0695953369140625,	0.049404144287109375
5366993750.0,	0.06952285766601562,	0.050384521484375
5367012500.0,	0.06857681274414062,	0.051227569580078125
5367031250.0,	0.070831298828125,	0.04930877685546875
5367050000.0,	0.06868362426757812,	0.054210662841796875
5367068750.0,	0.0684814453125,	0.051151275634765625
5367087500.0,	0.06796646118164062,	0.05112457275390625
5367106250.0,	0.068328857421875,	0.050567626953125
5367125000.0,	0.06789779663085938,	0.051677703857421875
5367143750.0,	0.06882476806640625,	0.052341461181640625
5367162500.0,	0.06756973266601562,	0.051242828369140625
5367181250.0,	0.068023681640625,	0.051364898681640625
5367200000.0,	0.06853103637695312,	0.050914764404296875
5367218750.0,	0.06783294677734375,	0.051746368408203125
5367237500.0,	0.06853103637695312,	0.052112579345703125
5367256250.0,	0.06869125366210938,	0.05230712890625
5367275000.0,	0.06930160522460938,	0.05223846435546875
5367293750.0,	0.06788253784179688,	0.05291748046875
5367312500.0,	0.0716400146484375,	0.052730560302734375
5367331250.0,	0.0675201416015625,	0.052520751953125
5367350000.0,	0.0680694580078125,	0.049015045166015625
5367368750.0,	0.06855392456054688,	0.050464630126953125
5367387500.0,	0.06751251220703125,	0.049327850341796875
5367406250.0,	0.06926727294921875,	0.0514068603515625
5367425000.0,	0.06928253173828125,	0.051120758056640625
5367443750.0,	0.0679473876953125,	0.053314208984375
5367462500.0,	0.06908798217773438,	0.050823211669921875
5367481250.0,	0.06844329833984375,	0.0506591796875
5367500000.0,	0.0674285888671875,	0.051593780517578125
5367518750.0,	0.068634033203125,	0.049175262451171875
5367537500.0,	0.06937026977539062,	0.05175018310546875
5367556250.0,	0.06921005249023438,	0.051361083984375
5367575000.0,	0.06869125366210938,	0.052669525146484375
5367593750.0,	0.0676727294921875,	0.051849365234375
5367612500.0,	0.06718063354492188,	0.0507965087890625
5367631250.0,	0.06816864013671875,	0.04994964599609375
5367650000.0,	0.06994247436523438,	0.05144500732421875
5367668750.0,	0.068084716796875,	0.051731109619140625
5367687500.0,	0.06988525390625,	0.05205535888671875
5367706250.0,	0.06722640991210938,	0.05109405517578125
5367725000.0,	0.067352294921875,	0.0512847900390625
5367743750.0,	0.06757354736328125,	0.049808502197265625
5367762500.0,	0.06934738159179688,	0.051364898681640625
5367781250.0,	0.06901931762695312,	0.051349639892578125
5367800000.0,	0.06870651245117188,	0.05303192138671875
5367818750.0,	0.06779861450195312,	0.05120849609375
5367837500.0,	0.069732666015625,	0.051532745361328125
5367856250.0,	0.06744766235351562,	0.051837921142578125
5367875000.0,	0.06646728515625,	0.050579071044921875
5367893750.0,	0.06808853149414062,	0.05295562744140625
5367912500.0,	0.06872177124023438,	0.050991058349609375
5367931250.0,	0.06736373901367188,	0.052158355712890625
5367950000.0,	0.06767654418945312,	0.0521087646484375
5367968750.0,	0.0685272216796875,	0.050323486328125
5367987500.0,	0.06801605224609375,	0.0530242919921875
5368006250.0,	0.06683349609375,	0.0546417236328125
5368025000.0,	0.06750106811523438,	0.052158355712890625
5368043750.0,	0.06807708740234375,	0.051959991455078125
5368062500.0,	0.06707763671875,	0.051006317138671875
5368081250.0,	0.06954193115234375,	0.05162811279296875
5368100000.0,	0.06980133056640625,	0.05435943603515625
5368118750.0,	0.06783294677734375,	0.051792144775390625
5368137500.0,	0.06835556030273438,	0.05034637451171875
5368156250.0,	0.06734848022460938,	0.05145263671875
5368175000.0,	0.06957244873046875,	0.051372528076171875
5368193750.0,	0.067779541015625,	0.05120849609375
5368212500.0,	0.06868743896484375,	0.052898406982421875
5368231250.0,	0.06559371948242188,	0.05179595947265625
5368250000.0,	0.06584930419921875,	0.050876617431640625
5368268750.0,	0.06780242919921875,	0.050563812255859375
5368287500.0,	0.06918716430664062,	0.0520782470703125
5368306250.0,	0.06803512573242188,	0.051910400390625
5368325000.0,	0.06756591796875,	0.051013946533203125
5368343750.0,	0.06967926025390625,	0.05316162109375
5368362500.0,	0.06886672973632812,	0.049091339111328125
5368381250.0,	0.0685577392578125,	0.05103302001953125
5368400000.0,	0.06920242309570312,	0.05115509033203125
5368418750.0,	0.06735992431640625,	0.0505828857421875
5368437500.0,	0.06569671630859375,	0.051624298095703125
5368456250.0,	0.06753921508789062,	0.05109405517578125
5368475000.0,	0.06712722778320312,	0.049243927001953125
5368493750.0,	0.06725692749023438,	0.050434112548828125
5368512500.0,	0.06878280639648438,	0.0511016845703125
5368531250.0,	0.06901168823242188,	0.051197052001953125
5368550000.0,	0.06790542602539062,	0.05072021484375
5368568750.0,	0.06758880615234375,	0.052886962890625
5368587500.0,	0.06688308715820312,	0.04914093017578125
5368606250.0,	0.06854248046875,	0.05219268798828125
5368625000.0,	0.06946563720703125,	0.050567626953125
5368643750.0,	0.0682220458984375,	0.05237579345703125
5368662500.0,	0.068115234375,	0.0492095947265625
5368681250.0,	0.0702667236328125,	0.052616119384765625
5368700000.0,	0.06776046752929688,	0.050464630126953125
5368718750.0,	0.06966781616210938,	0.050090789794921875
5368737500.0,	0.06678009033203125,	0.0504150390625
5368756250.0,	0.06744003295898438,	0.05084228515625
5368775000.0,	0.0692138671875,	0.053009033203125
5368793750.0,	0.06531143188476562,	0.050266265869140625
5368812500.0,	0.06785202026367188,	0.052280426025390625
5368831250.0,	0.06827926635742188,	0.0533294677734375
5368850000.0,	0.067413330078125,	0.0517730712890625
5368868750.0,	0.0693511962890625,	0.051494598388671875
5368887500.0,	0.06638717651367188,	0.052478790283203125
5368906250.0,	0.06685638427734375,	0.0507965087890625
5368925000.0,	0.06859207153320312,	0.0537261962890625
5368943750.0,	0.06670761108398438,	0.04993438720703125
5368962500.0,	0.06888580322265625,	0.052547454833984375
5368981250.0,	0.06690216064453125,	0.05181121826171875
5369000000.0,	0.0671539306640625,	0.052730560302734375
5369018750.0,	0.06824111938476562,	0.048839569091796875
5369037500.0,	0.06832122802734375,	0.051609039306640625
5369056250.0,	0.06771087646484375,	0.0523223876953125
5369075000.0,	0.06912994384765625,	0.05139923095703125
5369093750.0,	0.06834030151367188,	0.049930572509765625
5369112500.0,	0.07175064086914062,	0.048603057861328125
5369131250.0,	0.06938552856445312,	0.0500030517578125
5369150000.0,	0.06993865966796875,	0.0531005859375
5369168750.0,	0.0675048828125,	0.05292510986328125
5369187500.0,	0.06915283203125,	0.052127838134765625
5369206250.0,	0.06745529174804688,	0.0513763427734375
5369225000.0,	0.06803512573242188,	0.050403594970703125
5369243750.0,	0.0677337646484375,	0.049770355224609375
5369262500.0,	0.06891250610351562,	0.051059722900390625
5369281250.0,	0.06605148315429688,	0.053386688232421875
5369300000.0,	0.0688323974609375,	0.05068206787109375
5369318750.0,	0.06786727905273438,	0.05268096923828125
5369337500.0,	0.06794357299804688,	0.050380706787109375
5369356250.0,	0.0665740966796875,	0.051479339599609375
5369375000.0,	0.07042312622070312,	0.051197052001953125
5369393750.0,	0.06777191162109375,	0.053043365478515625
5369412500.0,	0.06771087646484375,	0.049713134765625
5369431250.0,	0.06927490234375,	0.051300048828125
5369450000.0,	0.06801223754882812,	0.05129241943359375
5369468750.0,	0.06838226318359375,	0.05312347412109375
5369487500.0,	0.06887054443359375,	0.052730560302734375
5369506250.0,	0.06669998168945312,	0.050262451171875
5369525000.0,	0.06808090209960938,	0.051074981689453125
5369543750.0,	0.06584930419921875,	0.049884796142578125
5369562500.0,	0.0689849853515625,	0.052600860595703125
5369581250.0,	0.0676116943359375,	0.05001068115234375
5369600000.0,	0.06766510009765625,	0.050418853759765625
5369618750.0,	0.0660858154296875,	0.052570343017578125
5369637500.0,	0.06805801391601562,	0.052104949951171875
5369656250.0,	0.06911849975585938,	0.0518951416015625
5369675000.0,	0.069580078125,	0.051738739013671875
5369693750.0,	0.07001113891601562,	0.05091094970703125
5369712500.0,	0.06552505493164062,	0.0506134033203125
5369731250.0,	0.06851577758789062,	0.049785614013671875
5369750000.0,	0.06861495971679688,	0.052555084228515625
5369768750.0,	0.06690597534179688,	0.050594329833984375
5369787500.0,	0.06776046752929688,	0.05039215087890625
5369806250.0,	0.07019424438476562,	0.050769805908203125
5369825000.0,	0.06877517700195312,	0.052581787109375
5369843750.0,	0.06743621826171875,	0.05074310302734375
5369862500.0,	0.06858062744140625,	0.05402374267578125
5369881250.0,	0.06776046752929688,	0.050079345703125
5369900000.0,	0.06564712524414062,	0.05165863037109375
5369918750.0,	0.06622314453125,	0.0503692626953125
5369937500.0,	0.06561279296875,	0.050281524658203125
5369956250.0,	0.06653594970703125,	0.05239105224609375
5369975000.0,	0.0663909912109375,	0.05107879638671875
5369993750.0,	0.06847763061523438,	0.051807403564453125
5370012500.0,	0.06834030151367188,	0.05196380615234375
5370031250.0,	0.06712722778320312,	0.050975799560546875
5370050000.0,	0.06528472900390625,	0.047290802001953125
5370068750.0,	0.06707763671875,	0.05084228515625
5370087500.0,	0.0661468505859375,	0.04950714111328125
5370106250.0,	0.06866455078125,	0.052280426025390625
5370125000.0,	0.06896591186523438,	0.053356170654296875
5370143750.0,	0.06837081909179688,	0.050800323486328125
5370162500.0,	0.0660247802734375,	0.04949188232421875
5370181250.0,	0.06816864013671875,	0.050487518310546875
5370200000.0,	0.06774520874023438,	0.05144500732421875
5370218750.0,	0.06694793701171875,	0.05196380615234375
5370237500.0,	0.06904983520507812,	0.0511627197265625
5370256250.0,	0.07000732421875,	0.05138397216796875
5370275000.0,	0.06905364990234375,	0.0496978759765625
5370293750.0,	0.0679779052734375,	0.05051422119140625
5370312500.0,	0.06655502319335938,	0.0525665283203125
5370331250.0,	0.068939208984375,	0.050212860107421875
5370350000.0,	0.06752395629882812,	0.051235198974609375
5370368750.0,	0.06735992431640625,	0.052524566650390625
5370387500.0,	0.06888961791992188,	0.051944732666015625
5370406250.0,	0.066009521484375,	0.052585601806640625
5370425000.0,	0.06672286987304688,	0.05037689208984375
5370443750.0,	0.06691360473632812,	0.050685882568359375
5370462500.0,	0.06805038452148438,	0.050312042236328125
5370481250.0,	0.06778335571289062,	0.051494598388671875
5370500000.0,	0.06685638427734375,	0.05368804931640625
5370518750.0,	0.06850814819335938,	0.051021575927734375
5370537500.0,	0.06730270385742188,	0.052165985107421875
5370556250.0,	0.06730270385742188,	0.051456451416015625
5370575000.0,	0.06903076171875,	0.050098419189453125
5370593750.0,	0.06512069702148438,	0.051342010498046875
5370612500.0,	0.06543731689453125,	0.049869537353515625
5370631250.0,	0.06666183471679688,	0.050174713134765625
5370650000.0,	0.06689071655273438,	0.05023956298828125
5370668750.0,	0.0690765380859375,	0.04921722412109375
5370687500.0,	0.07114028930664062,	0.053241729736328125
5370706250.0,	0.06621170043945312,	0.049427032470703125
5370725000.0,	0.0695953369140625,	0.052417755126953125
5370743750.0,	0.06760406494140625,	0.05040740966796875
5370762500.0,	0.06750869750976562,	0.052333831787109375
5370781250.0,	0.06694793701171875,	0.050182342529296875
5370800000.0,	0.070220947265625,	0.0516357421875
5370818750.0,	0.06806564331054688,	0.0516204833984375
5370837500.0,	0.0681915283203125,	0.049671173095703125
5370856250.0,	0.06914520263671875,	0.051944732666015625
5370875000.0,	0.069915771484375,	0.05275726318359375
5370893750.0,	0.06930923461914062,	0.051849365234375
5370912500.0,	0.06718063354492188,	0.052333831787109375
5370931250.0,	0.06926727294921875,	0.051616668701171875
5370950000.0,	0.06796646118164062,	0.05234527587890625
5370968750.0,	0.06778717041015625,	0.0528106689453125
5370987500.0,	0.06879806518554688,	0.051204681396484375
5371006250.0,	0.06954574584960938,	0.051055908203125
5371025000.0,	0.06742095947265625,	0.05112457275390625
5371043750.0,	0.0682525634765625,	0.0518798828125
5371062500.0,	0.06758880615234375,	0.049510955810546875
5371081250.0,	0.06918716430664062,	0.052364349365234375
5371100000.0,	0.06799697875976562,	0.0516357421875
5371118750.0,	0.06740951538085938,	0.0522308349609375
5371137500.0,	0.06835556030273438,	0.04979705810546875
5371156250.0,	0.06837081909179688,	0.051300048828125
5371175000.0,	0.07112884521484375,	0.051910400390625
5371193750.0,	0.06715011596679688,	0.051769256591796875
5371212500.0,	0.06866836547851562,	0.05162811279296875
5371231250.0,	0.06750869750976562,	0.05223846435546875
5371250000.0,	0.06736373901367188,	0.052791595458984375
5371268750.0,	0.06969070434570312,	0.05078887939453125
5371287500.0,	0.06966781616210938,	0.051959991455078125
5371306250.0,	0.07038497924804688,	0.05228424072265625
5371325000.0,	0.068634033203125,	0.05117034912109375
5371343750.0,	0.06616973876953125,	0.050914764404296875
5371362500.0,	0.068511962890625,	0.052257537841796875
5371381250.0,	0.068115234375,	0.05117034912109375
5371400000.0,	0.06892013549804688,	0.04979705810546875
5371418750.0,	0.06685638427734375,	0.053005218505859375
5371437500.0,	0.06684494018554688,	0.0493316650390625
5371456250.0,	0.066680908203125,	0.0522003173828125
5371475000.0,	0.06628036499023438,	0.052234649658203125
5371493750.0,	0.06748580932617188,	0.0512847900390625
5371512500.0,	0.0676727294921875,	0.052555084228515625
5371531250.0,	0.06789016723632812,	0.05179595947265625
5371550000.0,	0.06937026977539062,	0.050365447998046875
5371568750.0,	0.06817626953125,	0.05306243896484375
5371587500.0,	0.06853485107421875,	0.049015045166015625
5371606250.0,	0.06712722778320312,	0.0528411865234375
5371625000.0,	0.06892776489257812,	0.050632476806640625
5371643750.0,	0.06789779663085938,	0.05239105224609375
5371662500.0,	0.0691070556640625,	0.050724029541015625
5371681250.0,	0.0662078857421875,	0.052463531494140625
5371700000.0,	0.06917572021484375,	0.0513916015625
5371718750.0,	0.06921768188476562,	0.0495147705078125
5371737500.0,	0.0685272216796875,	0.050327301025390625
5371756250.0,	0.06786346435546875,	0.050151824951171875
5371775000.0,	0.06753921508789062,	0.054225921630859375
5371793750.0,	0.06980133056640625,	0.05156707763671875
5371812500.0,	0.06705474853515625,	0.04958343505859375
5371831250.0,	0.067657470703125,	0.051708221435546875
5371850000.0,	0.06737136840820312,	0.0517578125
5371868750.0,	0.06673812866210938,	0.0531768798828125
5371887500.0,	0.07011795043945312,	0.05066680908203125
5371906250.0,	0.06983184814453125,	0.05025482177734375
5371925000.0,	0.06866836547851562,	0.049591064453125
5371943750.0,	0.07254791259765625,	0.04972076416015625
5371962500.0,	0.06807708740234375,	0.048168182373046875
5371981250.0,	0.0671234130859375,	0.05207061767578125
5372000000.0,	0.06924057006835938,	0.048187255859375
5372018750.0,	0.06872940063476562,	0.050567626953125
5372037500.0,	0.07047653198242188,	0.051479339599609375
5372056250.0,	0.06877899169921875,	0.050891876220703125
5372075000.0,	0.06901168823242188,	0.050220489501953125
5372093750.0,	0.06802749633789062,	0.049839019775390625
5372112500.0,	0.0700225830078125,	0.05240631103515625
5372131250.0,	0.0695953369140625,	0.051174163818359375
5372150000.0,	0.06988906860351562,	0.050151824951171875
5372168750.0,	0.070556640625,	0.048900604248046875
5372187500.0,	0.06846237182617188,	0.050685882568359375
5372206250.0,	0.06888580322265625,	0.05197906494140625
5372225000.0,	0.06772613525390625,	0.0503997802734375
5372243750.0,	0.06769561767578125,	0.052074432373046875
5372262500.0,	0.06897735595703125,	0.050930023193359375
5372281250.0,	0.06899642944335938,	0.05078887939453125
5372300000.0,	0.07115554809570312,	0.04998779296875
5372318750.0,	0.0674896240234375,	0.050235748291015625
5372337500.0,	0.06830215454101562,	0.0513763427734375
5372356250.0,	0.0700531005859375,	0.050075531005859375
5372375000.0,	0.06852340698242188,	0.04799652099609375
5372393750.0,	0.06868743896484375,	0.051189422607421875
5372412500.0,	0.06784820556640625,	0.050251007080078125
5372431250.0,	0.070068359375,	0.04998779296875
5372450000.0,	0.06985092163085938,	0.052562713623046875
5372468750.0,	0.06912994384765625,	0.051605224609375
5372487500.0,	0.06987380981445312,	0.051067352294921875
5372506250.0,	0.0717010498046875,	0.050510406494140625
5372525000.0,	0.0714263916015625,	0.05130767822265625
5372543750.0,	0.06850051879882812,	0.0484771728515625
5372562500.0,	0.07049560546875,	0.052082061767578125
5372581250.0,	0.06926345825195312,	0.04937744140625
5372600000.0,	0.0701904296875,	0.049648284912109375
5372618750.0,	0.06793212890625,	0.05328369140625
5372637500.0,	0.070159912109375,	0.051036834716796875
5372656250.0,	0.069732666015625,	0.051055908203125
5372675000.0,	0.06976318359375,	0.051815032958984375
5372693750.0,	0.06836318969726562,	0.050624847412109375
5372712500.0,	0.06966018676757812,	0.049839019775390625
5372731250.0,	0.06920623779296875,	0.050586700439453125
5372750000.0,	0.06949234008789062,	0.050258636474609375
5372768750.0,	0.07093048095703125,	0.049770355224609375
5372787500.0,	0.0691375732421875,	0.049587249755859375
5372806250.0,	0.07055282592773438,	0.05066680908203125
5372825000.0,	0.06949615478515625,	0.051273345947265625
5372843750.0,	0.07024383544921875,	0.04984283447265625
5372862500.0,	0.06907272338867188,	0.05265045166015625
5372881250.0,	0.07101058959960938,	0.049762725830078125
5372900000.0,	0.06978607177734375,	0.050128936767578125
5372918750.0,	0.07144927978515625,	0.05068206787109375
5372937500.0,	0.071258544921875,	0.050952911376953125
5372956250.0,	0.06917572021484375,	0.0523681640625
5372975000.0,	0.06869888305664062,	0.04863739013671875
5372993750.0,	0.06816864013671875,	0.05091094970703125
5373012500.0,	0.06998825073242188,	0.05078125
5373031250.0,	0.07037734985351562,	0.049343109130859375
5373050000.0,	0.07175445556640625,	0.0495758056640625
5373068750.0,	0.06795501708984375,	0.048755645751953125
5373087500.0,	0.07075119018554688,	0.04759979248046875
5373106250.0,	0.07114410400390625,	0.048686981201171875
5373125000.0,	0.0699310302734375,	0.05135345458984375
5373143750.0,	0.07024383544921875,	0.05016326904296875
5373162500.0,	0.07174301147460938,	0.04918670654296875
5373181250.0,	0.071380615234375,	0.0505523681640625
5373200000.0,	0.06980133056640625,	0.051059722900390625
5373218750.0,	0.06982040405273438,	0.052371978759765625
5373237500.0,	0.0718231201171875,	0.050838470458984375
5373256250.0,	0.0705108642578125,	0.050640106201171875
5373275000.0,	0.0708160400390625,	0.050628662109375
5373293750.0,	0.06993484497070312,	0.049800872802734375
5373312500.0,	0.06877517700195312,	0.05057525634765625
5373331250.0,	0.07038497924804688,	0.048542022705078125
5373350000.0,	0.07167434692382812,	0.05144500732421875
5373368750.0,	0.06884765625,	0.04937744140625
5373387500.0,	0.06990814208984375,	0.05033111572265625
5373406250.0,	0.07250595092773438,	0.05010223388671875
5373425000.0,	0.068695068359375,	0.050495147705078125
5373443750.0,	0.07184982299804688,	0.050323486328125
5373462500.0,	0.07077407836914062,	0.050807952880859375
5373481250.0,	0.07039642333984375,	0.051273345947265625
5373500000.0,	0.06961822509765625,	0.049411773681640625
5373518750.0,	0.07084274291992188,	0.053279876708984375
5373537500.0,	0.07163619995117188,	0.05045318603515625
5373556250.0,	0.07032394409179688,	0.049755096435546875
5373575000.0,	0.07213211059570312,	0.051525115966796875
5373593750.0,	0.071929931640625,	0.05029296875
5373612500.0,	0.07136917114257812,	0.050014495849609375
5373631250.0,	0.0703582763671875,	0.048336029052734375
5373650000.0,	0.07145309448242188,	0.05051422119140625
5373668750.0,	0.07118606567382812,	0.048221588134765625
5373687500.0,	0.0723419189453125,	0.0483245849609375
5373706250.0,	0.07169723510742188,	0.05175018310546875
5373725000.0,	0.07162094116210938,	0.0500030517578125
5373743750.0,	0.07188034057617188,	0.048282623291015625
5373762500.0,	0.07213973999023438,	0.0491943359375
5373781250.0,	0.07139968872070312,	0.04912567138671875
5373800000.0,	0.07156753540039062,	0.051120758056640625
5373818750.0,	0.072845458984375,	0.0480804443359375
5373837500.0,	0.07172012329101562,	0.050151824951171875
5373856250.0,	0.07288742065429688,	0.04976654052734375
5373875000.0,	0.07176971435546875,	0.050342559814453125
5373893750.0,	0.0723114013671875,	0.051776885986328125
5373912500.0,	0.07228851318359375,	0.0484466552734375
5373931250.0,	0.07195281982421875,	0.046680450439453125
5373950000.0,	0.07317733764648438,	0.0487518310546875
5373968750.0,	0.07217025756835938,	0.04815673828125
5373987500.0,	0.07152938842773438,	0.046672821044921875
5374006250.0,	0.07334136962890625,	0.048542022705078125
5374025000.0,	0.07008743286132812,	0.04961395263671875
5374043750.0,	0.0720367431640625,	0.047809600830078125
5374062500.0,	0.07091903686523438,	0.046894073486328125
5374081250.0,	0.072998046875,	0.046474456787109375
5374100000.0,	0.07311248779296875,	0.0474090576171875
5374118750.0,	0.07230377197265625,	0.04804229736328125
5374137500.0,	0.07327651977539062,	0.04729461669921875
5374156250.0,	0.07444381713867188,	0.045871734619140625
5374175000.0,	0.07353591918945312,	0.047275543212890625
5374193750.0,	0.07079696655273438,	0.04685211181640625
5374212500.0,	0.071807861328125,	0.0476226806640625
5374231250.0,	0.0739288330078125,	0.047275543212890625
5374250000.0,	0.0723724365234375,	0.04730224609375
5374268750.0,	0.06995391845703125,	0.048526763916015625
5374287500.0,	0.07242584228515625,	0.049228668212890625
5374306250.0,	0.07290267944335938,	0.04743194580078125
5374325000.0,	0.07454299926757812,	0.04819488525390625
5374343750.0,	0.07408905029296875,	0.045673370361328125
5374362500.0,	0.07402801513671875,	0.046215057373046875
5374381250.0,	0.07286453247070312,	0.045482635498046875
5374400000.0,	0.07280349731445312,	0.04604339599609375
5374418750.0,	0.07607269287109375,	0.04718017578125
5374437500.0,	0.0724945068359375,	0.047882080078125
5374456250.0,	0.07431411743164062,	0.04775238037109375
5374475000.0,	0.07078170776367188,	0.044254302978515625
5374493750.0,	0.07526779174804688,	0.0482330322265625
5374512500.0,	0.07426071166992188,	0.04685211181640625
5374531250.0,	0.0749664306640625,	0.04644775390625
5374550000.0,	0.07439422607421875,	0.047271728515625
5374568750.0,	0.07350921630859375,	0.04607391357421875
5374587500.0,	0.07377243041992188,	0.04673004150390625
5374606250.0,	0.074310302734375,	0.047435760498046875
5374625000.0,	0.07390213012695312,	0.0455474853515625
5374643750.0,	0.07464599609375,	0.044948577880859375
5374662500.0,	0.07474136352539062,	0.045070648193359375
5374681250.0,	0.07571029663085938,	0.045597076416015625
5374700000.0,	0.07357406616210938,	0.043487548828125
5374718750.0,	0.0743408203125,	0.047298431396484375
5374737500.0,	0.07632827758789062,	0.04538726806640625
5374756250.0,	0.07260513305664062,	0.047817230224609375
5374775000.0,	0.07625961303710938,	0.045013427734375
5374793750.0,	0.07387161254882812,	0.045501708984375
5374812500.0,	0.07472610473632812,	0.04647064208984375
5374831250.0,	0.07444000244140625,	0.04506683349609375
5374850000.0,	0.07653427124023438,	0.04450225830078125
5374868750.0,	0.07482528686523438,	0.04465484619140625
5374887500.0,	0.07514572143554688,	0.043712615966796875
5374906250.0,	0.07564926147460938,	0.045932769775390625
5374925000.0,	0.07578659057617188,	0.0436248779296875
5374943750.0,	0.07585525512695312,	0.043315887451171875
5374962500.0,	0.07473373413085938,	0.0427398681640625
5374981250.0,	0.07529067993164062,	0.043659210205078125
5375000000.0,	0.0762939453125,	0.045406341552734375
5375018750.0,	0.07725143432617188,	0.042919158935546875
5375037500.0,	0.07552337646484375,	0.04425048828125
5375056250.0,	0.07971954345703125,	0.04264068603515625
5375075000.0,	0.07651519775390625,	0.041778564453125
5375093750.0,	0.07611083984375,	0.040706634521484375
5375112500.0,	0.07596588134765625,	0.0424346923828125
5375131250.0,	0.07650375366210938,	0.041286468505859375
5375150000.0,	0.07619476318359375,	0.040538787841796875
5375168750.0,	0.07881927490234375,	0.040630340576171875
5375187500.0,	0.07670211791992188,	0.0414581298828125
5375206250.0,	0.07660675048828125,	0.0406646728515625
5375225000.0,	0.07629013061523438,	0.039722442626953125
5375243750.0,	0.0772857666015625,	0.041584014892578125
5375262500.0,	0.07596588134765625,	0.039928436279296875
5375281250.0,	0.07703399658203125,	0.03989410400390625
5375300000.0,	0.07764434814453125,	0.0397186279296875
5375318750.0,	0.0748138427734375,	0.04111480712890625
5375337500.0,	0.075958251953125,	0.04070281982421875
5375356250.0,	0.07360458374023438,	0.0394744873046875
5375375000.0,	0.077362060546875,	0.038421630859375
5375393750.0,	0.07936477661132812,	0.03874969482421875
5375412500.0,	0.08030319213867188,	0.0392303466796875
5375431250.0,	0.075408935546875,	0.03949737548828125
5375450000.0,	0.07699966430664062,	0.038829803466796875
5375468750.0,	0.07809829711914062,	0.03603363037109375
5375487500.0,	0.07764053344726562,	0.039089202880859375
5375506250.0,	0.07869720458984375,	0.036769866943359375
5375525000.0,	0.07705307006835938,	0.03589630126953125
5375543750.0,	0.07787704467773438,	0.034824371337890625
5375562500.0,	0.07609176635742188,	0.0367584228515625
5375581250.0,	0.07798004150390625,	0.036334991455078125
5375600000.0,	0.07572174072265625,	0.036487579345703125
5375618750.0,	0.07664871215820312,	0.034267425537109375
5375637500.0,	0.07598114013671875,	0.03583526611328125
5375656250.0,	0.07689666748046875,	0.034702301025390625
5375675000.0,	0.0762176513671875,	0.035022735595703125
5375693750.0,	0.07531356811523438,	0.035373687744140625
5375712500.0,	0.07851791381835938,	0.033283233642578125
5375731250.0,	0.07709884643554688,	0.034912109375
5375750000.0,	0.07570648193359375,	0.032451629638671875
5375768750.0,	0.0767974853515625,	0.0313720703125
5375787500.0,	0.07761764526367188,	0.03485107421875
5375806250.0,	0.07904434204101562,	0.032787322998046875
5375825000.0,	0.07492828369140625,	0.0302734375
5375843750.0,	0.07513809204101562,	0.030841827392578125
5375862500.0,	0.07394790649414062,	0.030216217041015625
5375881250.0,	0.07477951049804688,	0.030529022216796875
5375900000.0,	0.07653045654296875,	0.030414581298828125
5375918750.0,	0.07780075073242188,	0.029010772705078125
5375937500.0,	0.07262802124023438,	0.027317047119140625
5375956250.0,	0.07465362548828125,	0.030284881591796875
5375975000.0,	0.075225830078125,	0.027812957763671875
5375993750.0,	0.07421493530273438,	0.02835845947265625
5376012500.0,	0.07475662231445312,	0.02669525146484375
5376031250.0,	0.07497024536132812,	0.028011322021484375
5376050000.0,	0.07256698608398438,	0.026454925537109375
5376068750.0,	0.07273483276367188,	0.027393341064453125
5376087500.0,	0.07295608520507812,	0.028308868408203125
5376106250.0,	0.07198333740234375,	0.026210784912109375
5376125000.0,	0.07367324829101562,	0.02532958984375
5376143750.0,	0.07091140747070312,	0.02510833740234375
5376162500.0,	0.07105636596679688,	0.024410247802734375
5376181250.0,	0.07168197631835938,	0.02605438232421875
5376200000.0,	0.07103347778320312,	0.02570343017578125
5376218750.0,	0.07015228271484375,	0.02338409423828125
5376237500.0,	0.07021331787109375,	0.02269744873046875
5376256250.0,	0.070556640625,	0.023120880126953125
5376275000.0,	0.06939315795898438,	0.02184295654296875
5376293750.0,	0.06985092163085938,	0.023639678955078125
5376312500.0,	0.06827545166015625,	0.021823883056640625
5376331250.0,	0.06884002685546875,	0.024627685546875
5376350000.0,	0.06728363037109375,	0.02101898193359375
5376368750.0,	0.06538772583007812,	0.023616790771484375
5376387500.0,	0.06462860107421875,	0.021327972412109375
5376406250.0,	0.06642913818359375,	0.019947052001953125
5376425000.0,	0.06702423095703125,	0.019741058349609375
5376443750.0,	0.06460952758789062,	0.021923065185546875
5376462500.0,	0.06329727172851562,	0.020538330078125
5376481250.0,	0.06456756591796875,	0.020294189453125
5376500000.0,	0.06443405151367188,	0.020931243896484375
5376518750.0,	0.06439590454101562,	0.023433685302734375
5376537500.0,	0.06509017944335938,	0.0204925537109375
5376556250.0,	0.06192207336425781,	0.020616531372070312
5376575000.0,	0.06356048583984375,	0.020198822021484375
5376593750.0,	0.05966949462890625,	0.019792556762695312
5376612500.0,	0.06149101257324219,	0.01927947998046875
5376631250.0,	0.06058502197265625,	0.018117904663085938
5376650000.0,	0.060359954833984375,	0.019662857055664062
5376668750.0,	0.06043052673339844,	0.02136993408203125
5376687500.0,	0.05836296081542969,	0.020784378051757812
5376706250.0,	0.05908012390136719,	0.022203445434570312
5376725000.0,	0.05806159973144531,	0.020975112915039062
5376743750.0,	0.06004142761230469,	0.022073745727539062
5376762500.0,	0.05826759338378906,	0.01813507080078125
5376781250.0,	0.057460784912109375,	0.02071380615234375
5376800000.0,	0.056636810302734375,	0.02014923095703125
5376818750.0,	0.05576324462890625,	0.02054595947265625
5376837500.0,	0.056339263916015625,	0.021268844604492188
5376856250.0,	0.055629730224609375,	0.020322799682617188
5376875000.0,	0.05518150329589844,	0.019216537475585938
5376893750.0,	0.053020477294921875,	0.021564483642578125
5376912500.0,	0.05412864685058594,	0.020854949951171875
5376931250.0,	0.05326271057128906,	0.021726608276367188
5376950000.0,	0.05308723449707031,	0.021532058715820312
5376968750.0,	0.050838470458984375,	0.020135879516601562
5376987500.0,	0.05265235900878906,	0.0211944580078125
5377006250.0,	0.051464080810546875,	0.021480560302734375
5377025000.0,	0.051677703857421875,	0.022121429443359375
5377043750.0,	0.050251007080078125,	0.02112579345703125
5377062500.0,	0.05150413513183594,	0.020402908325195312
5377081250.0,	0.048892974853515625,	0.023622512817382812
5377100000.0,	0.050647735595703125,	0.02385711669921875
5377118750.0,	0.05081939697265625,	0.020843505859375
5377137500.0,	0.050983428955078125,	0.022981643676757812
5377156250.0,	0.04808616638183594,	0.0224761962890625
5377175000.0,	0.04884910583496094,	0.023822784423828125
5377193750.0,	0.05008697509765625,	0.025533676147460938
5377212500.0,	0.046985626220703125,	0.0255126953125
5377231250.0,	0.04823493957519531,	0.024812698364257812
5377250000.0,	0.046192169189453125,	0.023822784423828125
5377268750.0,	0.04758644104003906,	0.0239105224609375
5377287500.0,	0.04694175720214844,	0.023206710815429688
5377306250.0,	0.048198699951171875,	0.026378631591796875
5377325000.0,	0.04662322998046875,	0.026866912841796875
5377343750.0,	0.04627227783203125,	0.024549484252929688
5377362500.0,	0.048229217529296875,	0.0257720947265625
5377381250.0,	0.046398162841796875,	0.025850296020507812
5377400000.0,	0.044219970703125,	0.025392532348632812
5377418750.0,	0.04593467712402344,	0.027036666870117188
5377437500.0,	0.046844482421875,	0.027706146240234375
5377456250.0,	0.04552650451660156,	0.02614593505859375
5377475000.0,	0.04400062561035156,	0.030035018920898438
5377493750.0,	0.0442962646484375,	0.029636383056640625
5377512500.0,	0.04414558410644531,	0.028295516967773438
5377531250.0,	0.045719146728515625,	0.025621414184570312
5377550000.0,	0.04366874694824219,	0.027606964111328125
5377568750.0,	0.04195594787597656,	0.028367996215820312
5377587500.0,	0.04426765441894531,	0.02704620361328125
5377606250.0,	0.043804168701171875,	0.030269622802734375
5377625000.0,	0.04184722900390625,	0.027553558349609375
5377643750.0,	0.0432586669921875,	0.029302597045898438
5377662500.0,	0.04406929016113281,	0.03190803527832031
5377681250.0,	0.04521369934082031,	0.031076431274414062
5377700000.0,	0.043445587158203125,	0.02825164794921875
5377718750.0,	0.04193115234375,	0.03302955627441406
5377737500.0,	0.042827606201171875,	0.030979156494140625
5377756250.0,	0.043643951416015625,	0.03133964538574219
5377775000.0,	0.04283714294433594,	0.03171539306640625
5377793750.0,	0.04307746887207031,	0.030071258544921875
5377812500.0,	0.04208946228027344,	0.03229522705078125
5377831250.0,	0.04170036315917969,	0.03310203552246094
5377850000.0,	0.04253578186035156,	0.029504776000976562
5377868750.0,	0.04193305969238281,	0.031038284301757812
5377887500.0,	0.04067039489746094,	0.0325775146484375
5377906250.0,	0.041767120361328125,	0.030427932739257812
5377925000.0,	0.04098320007324219,	0.030853271484375
5377943750.0,	0.039081573486328125,	0.03073883056640625
5377962500.0,	0.041545867919921875,	0.034175872802734375
5377981250.0,	0.04126930236816406,	0.033626556396484375
5378000000.0,	0.04190254211425781,	0.031993865966796875
5378018750.0,	0.04184722900390625,	0.034992218017578125
5378037500.0,	0.04154205322265625,	0.033924102783203125
5378056250.0,	0.04175758361816406,	0.034793853759765625
5378075000.0,	0.04194450378417969,	0.03460693359375
5378093750.0,	0.040195465087890625,	0.03540611267089844
5378112500.0,	0.04098701477050781,	0.03418731689453125
5378131250.0,	0.040493011474609375,	0.03549385070800781
5378150000.0,	0.040256500244140625,	0.03441810607910156
5378168750.0,	0.041446685791015625,	0.0357818603515625
5378187500.0,	0.04023551940917969,	0.03514289855957031
5378206250.0,	0.039966583251953125,	0.037151336669921875
5378225000.0,	0.03866004943847656,	0.036102294921875
5378243750.0,	0.04100799560546875,	0.03850364685058594
5378262500.0,	0.0408935546875,	0.03734016418457031
5378281250.0,	0.040920257568359375,	0.03753852844238281
5378300000.0,	0.040485382080078125,	0.03646659851074219
5378318750.0,	0.042003631591796875,	0.03809356689453125
5378337500.0,	0.041179656982421875,	0.035404205322265625
5378356250.0,	0.03984832763671875,	0.0384368896484375
5378375000.0,	0.04219818115234375,	0.0368499755859375
5378393750.0,	0.039524078369140625,	0.03925895690917969
5378412500.0,	0.04141044616699219,	0.037960052490234375
5378431250.0,	0.03847503662109375,	0.037220001220703125
5378450000.0,	0.041294097900390625,	0.0377349853515625
5378468750.0,	0.03991127014160156,	0.038814544677734375
5378487500.0,	0.038593292236328125,	0.03774833679199219
5378506250.0,	0.04145622253417969,	0.03878974914550781
5378525000.0,	0.041378021240234375,	0.04070091247558594
5378543750.0,	0.04077911376953125,	0.040477752685546875
5378562500.0,	0.04305267333984375,	0.03896903991699219
5378581250.0,	0.041439056396484375,	0.04032707214355469
5378600000.0,	0.04196357727050781,	0.03990745544433594
5378618750.0,	0.041126251220703125,	0.039501190185546875
5378637500.0,	0.040477752685546875,	0.04051017761230469
5378656250.0,	0.04200553894042969,	0.041095733642578125
5378675000.0,	0.04218292236328125,	0.042560577392578125
5378693750.0,	0.04093360900878906,	0.040065765380859375
5378712500.0,	0.03957366943359375,	0.04090118408203125
5378731250.0,	0.04351997375488281,	0.04166984558105469
5378750000.0,	0.041168212890625,	0.0420379638671875
5378768750.0,	0.041194915771484375,	0.04166221618652344
5378787500.0,	0.04090118408203125,	0.04384803771972656
5378806250.0,	0.03950309753417969,	0.03988838195800781
5378825000.0,	0.04149436950683594,	0.03978729248046875
5378843750.0,	0.0391693115234375,	0.04311561584472656
5378862500.0,	0.04005241394042969,	0.04108428955078125
5378881250.0,	0.042041778564453125,	0.04138374328613281
5378900000.0,	0.04239463806152344,	0.04082679748535156
5378918750.0,	0.03952217102050781,	0.041156768798828125
5378937500.0,	0.03903007507324219,	0.04168891906738281
5378956250.0,	0.04386138916015625,	0.044464111328125
5378975000.0,	0.040416717529296875,	0.04127693176269531
5378993750.0,	0.04033851623535156,	0.042591094970703125
5379012500.0,	0.04099845886230469,	0.04393959045410156
5379031250.0,	0.04163551330566406,	0.04101753234863281
5379050000.0,	0.0413970947265625,	0.0428619384765625
5379068750.0,	0.04244232177734375,	0.041896820068359375
5379087500.0,	0.039318084716796875,	0.04250907897949219
5379106250.0,	0.04103279113769531,	0.042545318603515625
5379125000.0,	0.04020881652832031,	0.04234504699707031
5379143750.0,	0.04235649108886719,	0.04409027099609375
5379162500.0,	0.041034698486328125,	0.04529762268066406
5379181250.0,	0.04085731506347656,	0.045314788818359375
5379200000.0,	0.04088783264160156,	0.045009613037109375
5379218750.0,	0.04163169860839844,	0.04621315002441406
5379237500.0,	0.041439056396484375,	0.0432891845703125
5379256250.0,	0.042087554931640625,	0.044155120849609375
5379275000.0,	0.040191650390625,	0.04572486877441406
5379293750.0,	0.041912078857421875,	0.04500770568847656
5379312500.0,	0.04230308532714844,	0.04454994201660156
5379331250.0,	0.04051780700683594,	0.04428672790527344
5379350000.0,	0.03996467590332031,	0.04405975341796875
5379368750.0,	0.04248619079589844,	0.0478363037109375
5379387500.0,	0.04128074645996094,	0.04580497741699219
5379406250.0,	0.04097557067871094,	0.04503059387207031
5379425000.0,	0.04111480712890625,	0.04712104797363281
5379443750.0,	0.03975486755371094,	0.045719146728515625
5379462500.0,	0.042949676513671875,	0.04558563232421875
5379481250.0,	0.04154014587402344,	0.044292449951171875
5379500000.0,	0.04039192199707031,	0.045928955078125
5379518750.0,	0.04438972473144531,	0.04682159423828125
5379537500.0,	0.04259490966796875,	0.0479583740234375
5379556250.0,	0.04085350036621094,	0.04495429992675781
5379575000.0,	0.04366111755371094,	0.0463714599609375
5379593750.0,	0.04181480407714844,	0.04435920715332031
5379612500.0,	0.040737152099609375,	0.0439910888671875
5379631250.0,	0.04172706604003906,	0.0469207763671875
5379650000.0,	0.042232513427734375,	0.04887962341308594
5379668750.0,	0.04184913635253906,	0.049320220947265625
5379687500.0,	0.04313087463378906,	0.04770088195800781
5379706250.0,	0.043498992919921875,	0.048519134521484375
5379725000.0,	0.04169273376464844,	0.04729652404785156
5379743750.0,	0.04094123840332031,	0.04722023010253906
5379762500.0,	0.04043769836425781,	0.04460716247558594
5379781250.0,	0.0424346923828125,	0.046680450439453125
5379800000.0,	0.044803619384765625,	0.0489959716796875
5379818750.0,	0.04331398010253906,	0.04775428771972656
5379837500.0,	0.04213142395019531,	0.04846954345703125
5379856250.0,	0.04334259033203125,	0.04818153381347656
5379875000.0,	0.04247474670410156,	0.04795265197753906
5379893750.0,	0.046100616455078125,	0.04685020446777344
5379912500.0,	0.04137611389160156,	0.04642677307128906
5379931250.0,	0.0426483154296875,	0.047191619873046875
5379950000.0,	0.04320526123046875,	0.0476226806640625
5379968750.0,	0.04229164123535156,	0.04773712158203125
5379987500.0,	0.044086456298828125,	0.04651641845703125
5380006250.0,	0.04217720031738281,	0.0497589111328125
5380025000.0,	0.04251670837402344,	0.047393798828125
5380043750.0,	0.04545402526855469,	0.047931671142578125
5380062500.0,	0.04247474670410156,	0.04754638671875
5380081250.0,	0.04221534729003906,	0.04955863952636719
5380100000.0,	0.04336738586425781,	0.04747962951660156
5380118750.0,	0.04254722595214844,	0.048725128173828125
5380137500.0,	0.04141807556152344,	0.04711341857910156
5380156250.0,	0.04421806335449219,	0.04667472839355469
5380175000.0,	0.04347991943359375,	0.04751014709472656
5380193750.0,	0.04384803771972656,	0.04706382751464844
5380212500.0,	0.04432106018066406,	0.04950714111328125
5380231250.0,	0.04152870178222656,	0.04902839660644531
5380250000.0,	0.044994354248046875,	0.04803276062011719
5380268750.0,	0.0437774658203125,	0.049175262451171875
5380287500.0,	0.04239463806152344,	0.04700469970703125
5380306250.0,	0.043731689453125,	0.05028533935546875
5380325000.0,	0.04418182373046875,	0.04938697814941406
5380343750.0,	0.04224967956542969,	0.05034065246582031
5380362500.0,	0.042140960693359375,	0.047611236572265625
5380381250.0,	0.043346405029296875,	0.0505218505859375
5380400000.0,	0.04386329650878906,	0.049839019775390625
5380418750.0,	0.04278373718261719,	0.05007362365722656
5380437500.0,	0.04232597351074219,	0.04905128479003906
5380456250.0,	0.04301261901855469,	0.05012321472167969
5380475000.0,	0.0438690185546875,	0.05010414123535156
5380493750.0,	0.04340934753417969,	0.05036163330078125
5380512500.0,	0.04271697998046875,	0.049346923828125
5380531250.0,	0.042835235595703125,	0.05130767822265625
5380550000.0,	0.0430908203125,	0.052539825439453125
5380568750.0,	0.043956756591796875,	0.05011940002441406
5380587500.0,	0.04477500915527344,	0.04874992370605469
5380606250.0,	0.04542732238769531,	0.05033111572265625
5380625000.0,	0.04297447204589844,	0.04749107360839844
5380643750.0,	0.04401588439941406,	0.04719734191894531
5380662500.0,	0.04425811767578125,	0.04884147644042969
5380681250.0,	0.042449951171875,	0.04937744140625
5380700000.0,	0.0444488525390625,	0.05056953430175781
5380718750.0,	0.04328727722167969,	0.05202484130859375
5380737500.0,	0.045257568359375,	0.05182647705078125
5380756250.0,	0.0421905517578125,	0.05197715759277344
5380775000.0,	0.04202461242675781,	0.05001068115234375
5380793750.0,	0.044239044189453125,	0.05157470703125
5380812500.0,	0.04444313049316406,	0.04850196838378906
5380831250.0,	0.043346405029296875,	0.047855377197265625
5380850000.0,	0.04254150390625,	0.0504608154296875
5380868750.0,	0.04623985290527344,	0.048519134521484375
5380887500.0,	0.044483184814453125,	0.052745819091796875
5380906250.0,	0.043430328369140625,	0.05023765563964844
5380925000.0,	0.04406166076660156,	0.051631927490234375
5380943750.0,	0.044124603271484375,	0.05157470703125
5380962500.0,	0.04534339904785156,	0.050235748291015625
5380981250.0,	0.04167747497558594,	0.05177116394042969
5381000000.0,	0.04428291320800781,	0.05164146423339844
5381018750.0,	0.042575836181640625,	0.05061531066894531
5381037500.0,	0.042964935302734375,	0.051910400390625
5381056250.0,	0.0410614013671875,	0.05113410949707031
5381075000.0,	0.04236793518066406,	0.050266265869140625
5381093750.0,	0.04479217529296875,	0.05150413513183594
5381112500.0,	0.04356956481933594,	0.051387786865234375
5381131250.0,	0.0439910888671875,	0.052043914794921875
5381150000.0,	0.044391632080078125,	0.05304145812988281
5381168750.0,	0.0448150634765625,	0.04898643493652344
5381187500.0,	0.04633331298828125,	0.05104255676269531
5381206250.0,	0.04417991638183594,	0.04945564270019531
5381225000.0,	0.042621612548828125,	0.05125236511230469
5381243750.0,	0.043872833251953125,	0.05262184143066406
5381262500.0,	0.04476737976074219,	0.05159568786621094
5381281250.0,	0.044567108154296875,	0.05074310302734375
5381300000.0,	0.04385566711425781,	0.051483154296875
5381318750.0,	0.043933868408203125,	0.0509185791015625
5381337500.0,	0.04161834716796875,	0.05150794982910156
5381356250.0,	0.04327392578125,	0.050945281982421875
5381375000.0,	0.04410743713378906,	0.05011940002441406
5381393750.0,	0.04538917541503906,	0.052371978759765625
5381412500.0,	0.043365478515625,	0.05131721496582031
5381431250.0,	0.04308128356933594,	0.053157806396484375
5381450000.0,	0.042682647705078125,	0.05119132995605469
5381468750.0,	0.042705535888671875,	0.051239013671875
5381487500.0,	0.04300117492675781,	0.052379608154296875
5381506250.0,	0.04425048828125,	0.05156517028808594
5381525000.0,	0.04384422302246094,	0.0527191162109375
5381543750.0,	0.04603004455566406,	0.05210113525390625
5381562500.0,	0.04357719421386719,	0.05154228210449219
5381581250.0,	0.04303932189941406,	0.052036285400390625
5381600000.0,	0.042835235595703125,	0.053394317626953125
5381618750.0,	0.042934417724609375,	0.05328178405761719
5381637500.0,	0.04503440856933594,	0.05091667175292969
5381656250.0,	0.04430580139160156,	0.05098533630371094
5381675000.0,	0.04246330261230469,	0.05176734924316406
5381693750.0,	0.04583930969238281,	0.053401947021484375
5381712500.0,	0.043949127197265625,	0.049686431884765625
5381731250.0,	0.04523277282714844,	0.05292320251464844
5381750000.0,	0.045078277587890625,	0.05234336853027344
5381768750.0,	0.04368400573730469,	0.05022621154785156
5381787500.0,	0.04387855529785156,	0.05062675476074219
5381806250.0,	0.04551506042480469,	0.05163383483886719
5381825000.0,	0.04513359069824219,	0.05397796630859375
5381843750.0,	0.04437255859375,	0.050220489501953125
5381862500.0,	0.04651641845703125,	0.05177116394042969
5381881250.0,	0.04424285888671875,	0.05187416076660156
5381900000.0,	0.04659271240234375,	0.05377197265625
5381918750.0,	0.044647216796875,	0.05368995666503906
5381937500.0,	0.0463714599609375,	0.05509376525878906
5381956250.0,	0.043392181396484375,	0.05329704284667969
5381975000.0,	0.044193267822265625,	0.05330467224121094
5381993750.0,	0.0453033447265625,	0.05197334289550781
5382012500.0,	0.04659461975097656,	0.05275535583496094
5382031250.0,	0.04300117492675781,	0.05316734313964844
5382050000.0,	0.04412841796875,	0.052715301513671875
5382068750.0,	0.04382133483886719,	0.05193328857421875
5382087500.0,	0.04590415954589844,	0.052097320556640625
5382106250.0,	0.044231414794921875,	0.052524566650390625
5382125000.0,	0.04613494873046875,	0.052738189697265625
5382143750.0,	0.044536590576171875,	0.052417755126953125
5382162500.0,	0.042934417724609375,	0.052486419677734375
5382181250.0,	0.04470062255859375,	0.05388069152832031
5382200000.0,	0.043972015380859375,	0.05349540710449219
5382218750.0,	0.045001983642578125,	0.05194854736328125
5382237500.0,	0.04530906677246094,	0.05359458923339844
5382256250.0,	0.044712066650390625,	0.05149078369140625
5382275000.0,	0.04490852355957031,	0.05250740051269531
5382293750.0,	0.043548583984375,	0.05306816101074219
5382312500.0,	0.043872833251953125,	0.0545501708984375
5382331250.0,	0.046253204345703125,	0.053859710693359375
5382350000.0,	0.04573631286621094,	0.05230522155761719
5382368750.0,	0.04660224914550781,	0.05295753479003906
5382387500.0,	0.04662322998046875,	0.05240821838378906
5382406250.0,	0.04620361328125,	0.053142547607421875
5382425000.0,	0.04511833190917969,	0.055065155029296875
5382443750.0,	0.04504966735839844,	0.0544891357421875
5382462500.0,	0.044925689697265625,	0.05274200439453125
5382481250.0,	0.04437255859375,	0.05328941345214844
5382500000.0,	0.04731178283691406,	0.05391883850097656
5382518750.0,	0.046031951904296875,	0.050628662109375
5382537500.0,	0.043239593505859375,	0.053707122802734375
5382556250.0,	0.04420280456542969,	0.05207633972167969
5382575000.0,	0.04265022277832031,	0.05289649963378906
5382593750.0,	0.04479026794433594,	0.05267906188964844
5382612500.0,	0.04630088806152344,	0.05224037170410156
5382631250.0,	0.04453849792480469,	0.053192138671875
5382650000.0,	0.04706382751464844,	0.053974151611328125
5382668750.0,	0.04561614990234375,	0.05201530456542969
5382687500.0,	0.04547119140625,	0.053958892822265625
5382706250.0,	0.04366111755371094,	0.0545806884765625
5382725000.0,	0.04532051086425781,	0.05271339416503906
5382743750.0,	0.046932220458984375,	0.055591583251953125
5382762500.0,	0.046138763427734375,	0.05328178405761719
5382781250.0,	0.04376792907714844,	0.051982879638671875
5382800000.0,	0.04594993591308594,	0.05316734313964844
5382818750.0,	0.04593467712402344,	0.053005218505859375
5382837500.0,	0.045505523681640625,	0.05434608459472656
5382856250.0,	0.045925140380859375,	0.05232429504394531
5382875000.0,	0.045475006103515625,	0.052577972412109375
5382893750.0,	0.044097900390625,	0.053867340087890625
5382912500.0,	0.04581642150878906,	0.053264617919921875
5382931250.0,	0.045696258544921875,	0.05299186706542969
5382950000.0,	0.04488182067871094,	0.05336189270019531
5382968750.0,	0.04497528076171875,	0.054042816162109375
5382987500.0,	0.04448699951171875,	0.05542182922363281
5383006250.0,	0.0452117919921875,	0.05308723449707031
5383025000.0,	0.04553794860839844,	0.05271720886230469
5383043750.0,	0.04363822937011719,	0.052722930908203125
5383062500.0,	0.04739570617675781,	0.05199432373046875
5383081250.0,	0.047740936279296875,	0.05438423156738281
5383100000.0,	0.043865203857421875,	0.05254936218261719
5383118750.0,	0.04582786560058594,	0.051959991455078125
5383137500.0,	0.04563140869140625,	0.054340362548828125
5383156250.0,	0.04430198669433594,	0.05349922180175781
5383175000.0,	0.04785919189453125,	0.05362892150878906
5383193750.0,	0.04539680480957031,	0.05358123779296875
5383212500.0,	0.04589271545410156,	0.053256988525390625
5383231250.0,	0.047817230224609375,	0.05315399169921875
5383250000.0,	0.04380989074707031,	0.05539703369140625
5383268750.0,	0.04695892333984375,	0.05418205261230469
5383287500.0,	0.04502105712890625,	0.05411529541015625
5383306250.0,	0.04693794250488281,	0.0535125732421875
5383325000.0,	0.043544769287109375,	0.05489921569824219
5383343750.0,	0.047420501708984375,	0.05328559875488281
5383362500.0,	0.04447174072265625,	0.05489349365234375
5383381250.0,	0.04574012756347656,	0.05584716796875
5383400000.0,	0.045551300048828125,	0.05396461486816406
5383418750.0,	0.04568672180175781,	0.054470062255859375
5383437500.0,	0.045352935791015625,	0.053577423095703125
5383456250.0,	0.043102264404296875,	0.05533027648925781
5383475000.0,	0.045146942138671875,	0.05194282531738281
5383493750.0,	0.04479789733886719,	0.05632972717285156
5383512500.0,	0.04384422302246094,	0.05455589294433594
5383531250.0,	0.04796028137207031,	0.053058624267578125
5383550000.0,	0.04516792297363281,	0.054210662841796875
5383568750.0,	0.04454231262207031,	0.05428314208984375
5383587500.0,	0.04430961608886719,	0.05324363708496094
5383606250.0,	0.045375823974609375,	0.05238914489746094
5383625000.0,	0.04621696472167969,	0.05228996276855469
5383643750.0,	0.04307746887207031,	0.05513572692871094
5383662500.0,	0.0453948974609375,	0.05511665344238281
5383681250.0,	0.04338836669921875,	0.05257415771484375
5383700000.0,	0.04651832580566406,	0.055202484130859375
5383718750.0,	0.04717063903808594,	0.05463981628417969
5383737500.0,	0.046413421630859375,	0.055431365966796875
5383756250.0,	0.045196533203125,	0.055004119873046875
5383775000.0,	0.044830322265625,	0.05417633056640625
5383793750.0,	0.043914794921875,	0.05550384521484375
5383812500.0,	0.0444793701171875,	0.05475616455078125
5383831250.0,	0.04700279235839844,	0.05515289306640625
5383850000.0,	0.0467376708984375,	0.0529022216796875
5383868750.0,	0.045322418212890625,	0.05493354797363281
5383887500.0,	0.046604156494140625,	0.05457878112792969
5383906250.0,	0.04585456848144531,	0.05381202697753906
5383925000.0,	0.047206878662109375,	0.05433082580566406
5383943750.0,	0.045131683349609375,	0.05483055114746094
5383962500.0,	0.045654296875,	0.05701255798339844
5383981250.0,	0.04447746276855469,	0.0552215576171875
5384000000.0,	0.04524421691894531,	0.05467033386230469
5384018750.0,	0.045101165771484375,	0.05628776550292969
5384037500.0,	0.04625701904296875,	0.054378509521484375
5384056250.0,	0.04495048522949219,	0.055812835693359375
5384075000.0,	0.046718597412109375,	0.0531005859375
5384093750.0,	0.04552650451660156,	0.055202484130859375
5384112500.0,	0.04645538330078125,	0.05487251281738281
5384131250.0,	0.04770660400390625,	0.05484771728515625
5384150000.0,	0.044826507568359375,	0.05506324768066406
5384168750.0,	0.04424285888671875,	0.05592155456542969
5384187500.0,	0.04696846008300781,	0.05628013610839844
5384206250.0,	0.045501708984375,	0.05418968200683594
5384225000.0,	0.045764923095703125,	0.054962158203125
5384243750.0,	0.04557991027832031,	0.05413818359375
5384262500.0,	0.04569816589355469,	0.056301116943359375
5384281250.0,	0.045406341552734375,	0.05540275573730469
5384300000.0,	0.047092437744140625,	0.05068206787109375
5384318750.0,	0.047229766845703125,	0.05410003662109375
5384337500.0,	0.046001434326171875,	0.05490684509277344
5384356250.0,	0.04421806335449219,	0.05420112609863281
5384375000.0,	0.04492950439453125,	0.05729103088378906
5384393750.0,	0.04590415954589844,	0.05607795715332031
5384412500.0,	0.04479408264160156,	0.055011749267578125
5384431250.0,	0.045635223388671875,	0.054943084716796875
5384450000.0,	0.047321319580078125,	0.056423187255859375
5384468750.0,	0.04449462890625,	0.05386543273925781
5384487500.0,	0.04567146301269531,	0.05663490295410156
5384506250.0,	0.04613304138183594,	0.054431915283203125
5384525000.0,	0.04558372497558594,	0.05468177795410156
5384543750.0,	0.046382904052734375,	0.0559844970703125
5384562500.0,	0.04649925231933594,	0.05341529846191406
5384581250.0,	0.047008514404296875,	0.055206298828125
5384600000.0,	0.04488945007324219,	0.05548858642578125
5384618750.0,	0.0451812744140625,	0.055515289306640625
5384637500.0,	0.04666709899902344,	0.05518341064453125
5384656250.0,	0.04442024230957031,	0.05475807189941406
5384675000.0,	0.0450286865234375,	0.05594825744628906
5384693750.0,	0.04535484313964844,	0.05607795715332031
5384712500.0,	0.0474700927734375,	0.05533599853515625
5384731250.0,	0.04456520080566406,	0.05481529235839844
5384750000.0,	0.045101165771484375,	0.05544281005859375
5384768750.0,	0.04462623596191406,	0.05551338195800781
5384787500.0,	0.04608726501464844,	0.055675506591796875
5384806250.0,	0.04544639587402344,	0.05397224426269531
5384825000.0,	0.045589447021484375,	0.05606842041015625
5384843750.0,	0.04405021667480469,	0.05643463134765625
5384862500.0,	0.04562187194824219,	0.056377410888671875
5384881250.0,	0.04491996765136719,	0.05453681945800781
5384900000.0,	0.04590415954589844,	0.05666923522949219
5384918750.0,	0.04297637939453125,	0.05560493469238281
5384937500.0,	0.04700469970703125,	0.05427742004394531
5384956250.0,	0.04593086242675781,	0.05707740783691406
5384975000.0,	0.045215606689453125,	0.05712318420410156
5384993750.0,	0.044879913330078125,	0.05402946472167969
5385012500.0,	0.045314788818359375,	0.056201934814453125
5385031250.0,	0.045993804931640625,	0.05418205261230469
5385050000.0,	0.04593658447265625,	0.05756187438964844
5385068750.0,	0.046661376953125,	0.05532646179199219
5385087500.0,	0.043933868408203125,	0.05419349670410156
5385106250.0,	0.04757118225097656,	0.0552520751953125
5385125000.0,	0.0460357666015625,	0.055995941162109375
5385143750.0,	0.04600334167480469,	0.05634117126464844
5385162500.0,	0.046939849853515625,	0.057132720947265625
5385181250.0,	0.04571723937988281,	0.05764007568359375
5385200000.0,	0.04532051086425781,	0.05702018737792969
5385218750.0,	0.04531288146972656,	0.05578804016113281
5385237500.0,	0.046054840087890625,	0.052074432373046875
5385256250.0,	0.04447174072265625,	0.05616188049316406
5385275000.0,	0.04721260070800781,	0.057872772216796875
5385293750.0,	0.04713630676269531,	0.055816650390625
5385312500.0,	0.044910430908203125,	0.05611991882324219
5385331250.0,	0.04611778259277344,	0.05601692199707031
5385350000.0,	0.04707527160644531,	0.05541038513183594
5385368750.0,	0.044345855712890625,	0.05585670471191406
5385387500.0,	0.04554939270019531,	0.056613922119140625
5385406250.0,	0.04559898376464844,	0.05703163146972656
5385425000.0,	0.04590606689453125,	0.05556297302246094
5385443750.0,	0.0457763671875,	0.05668067932128906
5385462500.0,	0.04595756530761719,	0.05677032470703125
5385481250.0,	0.04439353942871094,	0.05573081970214844
5385500000.0,	0.0457916259765625,	0.05533790588378906
5385518750.0,	0.04570770263671875,	0.05608177185058594
5385537500.0,	0.04550361633300781,	0.055606842041015625
5385556250.0,	0.045276641845703125,	0.0561676025390625
5385575000.0,	0.046649932861328125,	0.05512428283691406
5385593750.0,	0.04592704772949219,	0.0560760498046875
5385612500.0,	0.04438591003417969,	0.05607414245605469
5385631250.0,	0.04545402526855469,	0.05750465393066406
5385650000.0,	0.04622840881347656,	0.057064056396484375
5385668750.0,	0.04567718505859375,	0.05698204040527344
5385687500.0,	0.04417610168457031,	0.05689048767089844
5385706250.0,	0.04620170593261719,	0.055694580078125
5385725000.0,	0.04522132873535156,	0.054561614990234375
5385743750.0,	0.04381561279296875,	0.055294036865234375
5385762500.0,	0.04508781433105469,	0.05644989013671875
5385781250.0,	0.04482460021972656,	0.05609130859375
5385800000.0,	0.04548454284667969,	0.055477142333984375
5385818750.0,	0.04442787170410156,	0.05476570129394531
5385837500.0,	0.045413970947265625,	0.05729103088378906
5385856250.0,	0.04531097412109375,	0.05396270751953125
5385875000.0,	0.045230865478515625,	0.057918548583984375
5385893750.0,	0.04218864440917969,	0.05877685546875
5385912500.0,	0.04545021057128906,	0.055538177490234375
5385931250.0,	0.04857826232910156,	0.05699729919433594
5385950000.0,	0.042812347412109375,	0.05882835388183594
5385968750.0,	0.04826545715332031,	0.054042816162109375
5385987500.0,	0.04564666748046875,	0.05829429626464844
5386006250.0,	0.04802513122558594,	0.0558319091796875
5386025000.0,	0.04458045959472656,	0.057209014892578125
5386043750.0,	0.04572486877441406,	0.0560302734375
5386062500.0,	0.04425239562988281,	0.05589103698730469
5386081250.0,	0.04669761657714844,	0.05788230895996094
5386100000.0,	0.046176910400390625,	0.05636405944824219
5386118750.0,	0.04653358459472656,	0.05552482604980469
5386137500.0,	0.04534339904785156,	0.05748558044433594
5386156250.0,	0.04652214050292969,	0.055767059326171875
5386175000.0,	0.04722404479980469,	0.057529449462890625
5386193750.0,	0.04473304748535156,	0.056980133056640625
5386212500.0,	0.0461883544921875,	0.05698394775390625
5386231250.0,	0.045074462890625,	0.05598640441894531
5386250000.0,	0.04437828063964844,	0.055419921875
5386268750.0,	0.04601478576660156,	0.056976318359375
5386287500.0,	0.04682350158691406,	0.058025360107421875
5386306250.0,	0.04730987548828125,	0.055904388427734375
5386325000.0,	0.04641151428222656,	0.05595588684082031
5386343750.0,	0.04563331604003906,	0.05630302429199219
5386362500.0,	0.047214508056640625,	0.056476593017578125
5386381250.0,	0.04554176330566406,	0.056976318359375
5386400000.0,	0.045391082763671875,	0.055606842041015625
5386418750.0,	0.04528236389160156,	0.056667327880859375
5386437500.0,	0.04630088806152344,	0.05672264099121094
5386456250.0,	0.04693031311035156,	0.05642890930175781
5386475000.0,	0.046131134033203125,	0.05586814880371094
5386493750.0,	0.04567146301269531,	0.05648612976074219
5386512500.0,	0.045909881591796875,	0.057247161865234375
5386531250.0,	0.046688079833984375,	0.05733680725097656
5386550000.0,	0.04609107971191406,	0.05577850341796875
5386568750.0,	0.04421424865722656,	0.05495643615722656
5386587500.0,	0.04567718505859375,	0.058147430419921875
5386606250.0,	0.044338226318359375,	0.0572509765625
5386625000.0,	0.046222686767578125,	0.057659149169921875
5386643750.0,	0.04779624938964844,	0.055156707763671875
5386662500.0,	0.04654502868652344,	0.05731391906738281
5386681250.0,	0.046268463134765625,	0.058193206787109375
5386700000.0,	0.04681968688964844,	0.056278228759765625
5386718750.0,	0.04619407653808594,	0.05639457702636719
5386737500.0,	0.045047760009765625,	0.05533027648925781
5386756250.0,	0.04594993591308594,	0.05835914611816406
5386775000.0,	0.047229766845703125,	0.05846595764160156
5386793750.0,	0.04607200622558594,	0.05792427062988281
5386812500.0,	0.04670524597167969,	0.05638313293457031
5386831250.0,	0.045680999755859375,	0.05732154846191406
5386850000.0,	0.044750213623046875,	0.05650138854980469
5386868750.0,	0.0464630126953125,	0.0548553466796875
5386887500.0,	0.04585838317871094,	0.0581817626953125
5386906250.0,	0.048717498779296875,	0.05796241760253906
5386925000.0,	0.04734039306640625,	0.05655860900878906
5386943750.0,	0.04755973815917969,	0.056427001953125
5386962500.0,	0.04625511169433594,	0.05886268615722656
5386981250.0,	0.04518699645996094,	0.058765411376953125
5387000000.0,	0.0452423095703125,	0.05761528015136719
5387018750.0,	0.04596710205078125,	0.056140899658203125
5387037500.0,	0.04662895202636719,	0.056396484375
5387056250.0,	0.047901153564453125,	0.057727813720703125
5387075000.0,	0.046596527099609375,	0.05775642395019531
5387093750.0,	0.04642295837402344,	0.05844688415527344
5387112500.0,	0.045200347900390625,	0.05693817138671875
5387131250.0,	0.045345306396484375,	0.057346343994140625
5387150000.0,	0.04714775085449219,	0.058013916015625
5387168750.0,	0.04616737365722656,	0.05590629577636719
5387187500.0,	0.046100616455078125,	0.05883216857910156
5387206250.0,	0.04811859130859375,	0.05679130554199219
5387225000.0,	0.04663276672363281,	0.058414459228515625
5387243750.0,	0.04470252990722656,	0.05675315856933594
5387262500.0,	0.04530143737792969,	0.0559539794921875
5387281250.0,	0.04509925842285156,	0.058422088623046875
5387300000.0,	0.04647064208984375,	0.05609130859375
5387318750.0,	0.04726219177246094,	0.05840301513671875
5387337500.0,	0.04331207275390625,	0.05832862854003906
5387356250.0,	0.04599761962890625,	0.05554389953613281
5387375000.0,	0.04619407653808594,	0.05521392822265625
5387393750.0,	0.04587745666503906,	0.058521270751953125
5387412500.0,	0.046665191650390625,	0.0569915771484375
5387431250.0,	0.04828453063964844,	0.058528900146484375
5387450000.0,	0.044269561767578125,	0.0582427978515625
5387468750.0,	0.04661750793457031,	0.05905914306640625
5387487500.0,	0.04519081115722656,	0.05748939514160156
5387506250.0,	0.04486656188964844,	0.05897331237792969
5387525000.0,	0.0474395751953125,	0.05812835693359375
5387543750.0,	0.046604156494140625,	0.0571746826171875
5387562500.0,	0.0455474853515625,	0.05765724182128906
5387581250.0,	0.04817962646484375,	0.05734825134277344
5387600000.0,	0.04737281799316406,	0.057788848876953125
5387618750.0,	0.04654693603515625,	0.055873870849609375
5387637500.0,	0.045501708984375,	0.05802154541015625
5387656250.0,	0.04682350158691406,	0.05746269226074219
5387675000.0,	0.047206878662109375,	0.056499481201171875
5387693750.0,	0.045825958251953125,	0.05631065368652344
5387712500.0,	0.047458648681640625,	0.057140350341796875
5387731250.0,	0.04663658142089844,	0.05827140808105469
5387750000.0,	0.04597663879394531,	0.05818939208984375
5387768750.0,	0.04795265197753906,	0.05797004699707031
5387787500.0,	0.04609107971191406,	0.0574951171875
5387806250.0,	0.045597076416015625,	0.05841827392578125
5387825000.0,	0.046298980712890625,	0.05674171447753906
5387843750.0,	0.046237945556640625,	0.05909156799316406
5387862500.0,	0.04515838623046875,	0.05817413330078125
5387881250.0,	0.044719696044921875,	0.058017730712890625
5387900000.0,	0.04911041259765625,	0.05570220947265625
5387918750.0,	0.0470428466796875,	0.0578155517578125
5387937500.0,	0.047168731689453125,	0.056858062744140625
5387956250.0,	0.0473480224609375,	0.05962371826171875
5387975000.0,	0.046173095703125,	0.05706596374511719
5387993750.0,	0.045551300048828125,	0.05856513977050781
5388012500.0,	0.04730033874511719,	0.05713462829589844
5388031250.0,	0.044712066650390625,	0.05758476257324219
5388050000.0,	0.04664421081542969,	0.05785369873046875
5388068750.0,	0.0462493896484375,	0.057430267333984375
5388087500.0,	0.046108245849609375,	0.05772209167480469
5388106250.0,	0.04596710205078125,	0.05690765380859375
5388125000.0,	0.0460968017578125,	0.05745506286621094
5388143750.0,	0.04589653015136719,	0.0583038330078125
5388162500.0,	0.04559516906738281,	0.05772590637207031
5388181250.0,	0.04446983337402344,	0.05790138244628906
5388200000.0,	0.04807472229003906,	0.05842018127441406
5388218750.0,	0.0460052490234375,	0.05681037902832031
5388237500.0,	0.04622459411621094,	0.057086944580078125
5388256250.0,	0.04393577575683594,	0.05967140197753906
5388275000.0,	0.046482086181640625,	0.05703544616699219
5388293750.0,	0.04517936706542969,	0.05833625793457031
5388312500.0,	0.04692840576171875,	0.05883598327636719
5388331250.0,	0.044589996337890625,	0.0577850341796875
5388350000.0,	0.04530143737792969,	0.058521270751953125
5388368750.0,	0.04754638671875,	0.05740165710449219
5388387500.0,	0.047298431396484375,	0.057743072509765625
5388406250.0,	0.045169830322265625,	0.05821990966796875
5388425000.0,	0.04820442199707031,	0.0574188232421875
5388443750.0,	0.04651832580566406,	0.056873321533203125
5388462500.0,	0.0473480224609375,	0.05681037902832031
5388481250.0,	0.04584693908691406,	0.05856513977050781
5388500000.0,	0.045970916748046875,	0.05683326721191406
5388518750.0,	0.04582405090332031,	0.05659294128417969
5388537500.0,	0.045501708984375,	0.05564117431640625
5388556250.0,	0.04609489440917969,	0.056964874267578125
5388575000.0,	0.04614830017089844,	0.05863189697265625
5388593750.0,	0.046234130859375,	0.05826568603515625
5388612500.0,	0.047557830810546875,	0.057682037353515625
5388631250.0,	0.04449653625488281,	0.05772972106933594
5388650000.0,	0.04628944396972656,	0.059009552001953125
5388668750.0,	0.04490089416503906,	0.058658599853515625
5388687500.0,	0.04672813415527344,	0.05713462829589844
5388706250.0,	0.04390907287597656,	0.05788230895996094
5388725000.0,	0.04651451110839844,	0.05857086181640625
5388743750.0,	0.04532623291015625,	0.05809211730957031
5388762500.0,	0.04584503173828125,	0.0576324462890625
5388781250.0,	0.048305511474609375,	0.056766510009765625
5388800000.0,	0.04530906677246094,	0.05935859680175781
5388818750.0,	0.04515266418457031,	0.05722808837890625
5388837500.0,	0.04664039611816406,	0.05740928649902344
5388856250.0,	0.044803619384765625,	0.05900001525878906
5388875000.0,	0.045322418212890625,	0.06016349792480469
5388893750.0,	0.042392730712890625,	0.059711456298828125
5388912500.0,	0.04717445373535156,	0.060108184814453125
5388931250.0,	0.04416847229003906,	0.05823326110839844
5388950000.0,	0.04635047912597656,	0.05907249450683594
5388968750.0,	0.04800224304199219,	0.05921363830566406
5388987500.0,	0.04613304138183594,	0.05788421630859375
5389006250.0,	0.04532814025878906,	0.05845451354980469
5389025000.0,	0.044918060302734375,	0.0585174560546875
5389043750.0,	0.04563713073730469,	0.05857276916503906
5389062500.0,	0.043262481689453125,	0.059062957763671875
5389081250.0,	0.04628944396972656,	0.05808067321777344
5389100000.0,	0.04505729675292969,	0.05724906921386719
5389118750.0,	0.04564476013183594,	0.060253143310546875
5389137500.0,	0.04553985595703125,	0.05901527404785156
5389156250.0,	0.0471954345703125,	0.058025360107421875
5389175000.0,	0.04454612731933594,	0.0594329833984375
5389193750.0,	0.04858970642089844,	0.057025909423828125
5389212500.0,	0.04598426818847656,	0.061420440673828125
5389231250.0,	0.04690361022949219,	0.056396484375
5389250000.0,	0.046558380126953125,	0.05771446228027344
5389268750.0,	0.04644012451171875,	0.05713462829589844
5389287500.0,	0.04806709289550781,	0.06099891662597656
5389306250.0,	0.0452728271484375,	0.05777549743652344
5389325000.0,	0.04570770263671875,	0.059665679931640625
5389343750.0,	0.04414176940917969,	0.05933380126953125
5389362500.0,	0.04479026794433594,	0.0582427978515625
5389381250.0,	0.04632759094238281,	0.05814361572265625
5389400000.0,	0.04363822937011719,	0.05859375
5389418750.0,	0.043792724609375,	0.0579681396484375
5389437500.0,	0.04723167419433594,	0.060413360595703125
5389456250.0,	0.04648590087890625,	0.05939483642578125
5389475000.0,	0.046489715576171875,	0.05912590026855469
5389493750.0,	0.04463386535644531,	0.05844306945800781
5389512500.0,	0.046382904052734375,	0.05883979797363281
5389531250.0,	0.0451507568359375,	0.061191558837890625
5389550000.0,	0.04632568359375,	0.05813789367675781
5389568750.0,	0.04388999938964844,	0.05846977233886719
5389587500.0,	0.047077178955078125,	0.059513092041015625
5389606250.0,	0.043193817138671875,	0.05679893493652344
5389625000.0,	0.04673957824707031,	0.06001472473144531
5389643750.0,	0.04653358459472656,	0.05945587158203125
5389662500.0,	0.0450439453125,	0.06020164489746094
5389681250.0,	0.0459442138671875,	0.059173583984375
5389700000.0,	0.044189453125,	0.0570220947265625
5389718750.0,	0.04774284362792969,	0.05922889709472656
5389737500.0,	0.04677581787109375,	0.05886268615722656
5389756250.0,	0.04596900939941406,	0.059452056884765625
5389775000.0,	0.0451507568359375,	0.05772209167480469
5389793750.0,	0.04671287536621094,	0.059497833251953125
5389812500.0,	0.04622840881347656,	0.060672760009765625
5389831250.0,	0.04604530334472656,	0.06026458740234375
5389850000.0,	0.045719146728515625,	0.058025360107421875
5389868750.0,	0.04850196838378906,	0.058734893798828125
5389887500.0,	0.046535491943359375,	0.05855560302734375
5389906250.0,	0.04374122619628906,	0.06014442443847656
5389925000.0,	0.04494476318359375,	0.05988311767578125
5389943750.0,	0.04647254943847656,	0.06056404113769531
5389962500.0,	0.04395484924316406,	0.06014251708984375
5389981250.0,	0.04458045959472656,	0.05808448791503906
5390000000.0,	0.045108795166015625,	0.0589752197265625
