5837045625.0,	0.09018707275390625,	0.13436126708984375
5837091250.0,	0.0904693603515625,	0.135528564453125
5837136875.0,	0.0878753662109375,	0.13581085205078125
5837182500.0,	0.08965301513671875,	0.13343048095703125
5837228125.0,	0.09073638916015625,	0.13365936279296875
5837273750.0,	0.0904388427734375,	0.13466644287109375
5837319375.0,	0.09173583984375,	0.134246826171875
5837365000.0,	0.0904083251953125,	0.13567352294921875
5837410625.0,	0.08922576904296875,	0.13402557373046875
5837456250.0,	0.08956146240234375,	0.13437652587890625
5837501875.0,	0.09099578857421875,	0.13289642333984375
5837547500.0,	0.08965301513671875,	0.1340179443359375
5837593125.0,	0.09218597412109375,	0.13527679443359375
5837638750.0,	0.0896148681640625,	0.13237762451171875
5837684375.0,	0.09175872802734375,	0.13360595703125
5837730000.0,	0.09102630615234375,	0.13488006591796875
5837775625.0,	0.090240478515625,	0.13472747802734375
5837821250.0,	0.09173583984375,	0.133819580078125
5837866875.0,	0.0923614501953125,	0.13321685791015625
5837912500.0,	0.08962249755859375,	0.131744384765625
5837958125.0,	0.08990478515625,	0.13326263427734375
5838003750.0,	0.09249114990234375,	0.13350677490234375
5838049375.0,	0.091796875,	0.13161468505859375
5838095000.0,	0.0925750732421875,	0.1323699951171875
5838140625.0,	0.0906524658203125,	0.13314056396484375
5838186250.0,	0.0916290283203125,	0.1329345703125
5838231875.0,	0.0929718017578125,	0.13211822509765625
5838277500.0,	0.0916748046875,	0.132537841796875
5838323125.0,	0.09412384033203125,	0.132354736328125
5838368750.0,	0.09285736083984375,	0.13304901123046875
5838414375.0,	0.0936737060546875,	0.1350250244140625
5838460000.0,	0.092010498046875,	0.13338470458984375
5838505625.0,	0.0918731689453125,	0.13385772705078125
5838551250.0,	0.0924530029296875,	0.13271331787109375
5838596875.0,	0.09282684326171875,	0.1337127685546875
5838642500.0,	0.0935211181640625,	0.1337127685546875
5838688125.0,	0.0947265625,	0.13150787353515625
5838733750.0,	0.0938568115234375,	0.13030242919921875
5838779375.0,	0.09545135498046875,	0.13283538818359375
5838825000.0,	0.09258270263671875,	0.1322174072265625
5838870625.0,	0.09239959716796875,	0.131195068359375
5838916250.0,	0.09494781494140625,	0.13179779052734375
5838961875.0,	0.09246826171875,	0.12987518310546875
5839007500.0,	0.09452056884765625,	0.1329193115234375
5839053125.0,	0.09220123291015625,	0.13275909423828125
5839098750.0,	0.09296417236328125,	0.13100433349609375
5839144375.0,	0.09228515625,	0.13152313232421875
5839190000.0,	0.09401702880859375,	0.12950897216796875
5839235625.0,	0.09392547607421875,	0.1321868896484375
5839281250.0,	0.09275054931640625,	0.1325836181640625
5839326875.0,	0.0940399169921875,	0.13257598876953125
5839372500.0,	0.09258270263671875,	0.13378143310546875
5839418125.0,	0.0940093994140625,	0.13254547119140625
5839463750.0,	0.09537506103515625,	0.13338470458984375
5839509375.0,	0.09348297119140625,	0.13031005859375
5839555000.0,	0.09420013427734375,	0.130859375
5839600625.0,	0.092864990234375,	0.1314697265625
5839646250.0,	0.09534454345703125,	0.1309356689453125
5839691875.0,	0.09606170654296875,	0.13253021240234375
5839737500.0,	0.09510040283203125,	0.13104248046875
5839783125.0,	0.09525299072265625,	0.1334075927734375
5839828750.0,	0.09337615966796875,	0.1314239501953125
5839874375.0,	0.09593963623046875,	0.130126953125
5839920000.0,	0.09413909912109375,	0.12984466552734375
5839965625.0,	0.09456634521484375,	0.12989044189453125
5840011250.0,	0.0946807861328125,	0.1297760009765625
5840056875.0,	0.0953521728515625,	0.12902069091796875
5840102500.0,	0.094024658203125,	0.13181304931640625
5840148125.0,	0.0939178466796875,	0.1316986083984375
5840193750.0,	0.0946197509765625,	0.128631591796875
5840239375.0,	0.09429931640625,	0.12932586669921875
5840285000.0,	0.09459686279296875,	0.1290130615234375
5840330625.0,	0.09534454345703125,	0.12966156005859375
5840376250.0,	0.0938568115234375,	0.1315155029296875
5840421875.0,	0.09493255615234375,	0.13043975830078125
5840467500.0,	0.0947418212890625,	0.1302337646484375
5840513125.0,	0.0948944091796875,	0.12978363037109375
5840558750.0,	0.09649658203125,	0.1306304931640625
5840604375.0,	0.095306396484375,	0.12847137451171875
5840650000.0,	0.0944061279296875,	0.130096435546875
5840695625.0,	0.09551239013671875,	0.1313934326171875
5840741250.0,	0.0961151123046875,	0.13040924072265625
5840786875.0,	0.0970306396484375,	0.128326416015625
5840832500.0,	0.09484100341796875,	0.13101959228515625
5840878125.0,	0.0962066650390625,	0.1313323974609375
5840923750.0,	0.09466552734375,	0.1289215087890625
5840969375.0,	0.094573974609375,	0.1298370361328125
5841015000.0,	0.0973358154296875,	0.1307525634765625
5841060625.0,	0.096405029296875,	0.1292266845703125
5841106250.0,	0.09734344482421875,	0.1318817138671875
5841151875.0,	0.09688568115234375,	0.12773895263671875
5841197500.0,	0.0974578857421875,	0.13055419921875
5841243125.0,	0.09527587890625,	0.12882232666015625
5841288750.0,	0.09653472900390625,	0.13014984130859375
5841334375.0,	0.0978851318359375,	0.127044677734375
5841380000.0,	0.09882354736328125,	0.129669189453125
5841425625.0,	0.097259521484375,	0.128509521484375
5841471250.0,	0.09941864013671875,	0.1294403076171875
5841516875.0,	0.0962371826171875,	0.12908172607421875
5841562500.0,	0.0990753173828125,	0.128387451171875
5841608125.0,	0.09676361083984375,	0.128875732421875
5841653750.0,	0.0964508056640625,	0.12837982177734375
5841699375.0,	0.09835052490234375,	0.1298370361328125
5841745000.0,	0.0966644287109375,	0.12895965576171875
5841790625.0,	0.09568023681640625,	0.12781524658203125
5841836250.0,	0.0977630615234375,	0.1279449462890625
5841881875.0,	0.0980987548828125,	0.12932586669921875
5841927500.0,	0.096527099609375,	0.128814697265625
5841973125.0,	0.098236083984375,	0.127899169921875
5842018750.0,	0.09827423095703125,	0.12700653076171875
5842064375.0,	0.09832763671875,	0.12647247314453125
5842110000.0,	0.09796905517578125,	0.1270904541015625
5842155625.0,	0.09862518310546875,	0.1270294189453125
5842201250.0,	0.09832000732421875,	0.1256256103515625
5842246875.0,	0.097076416015625,	0.1288604736328125
5842292500.0,	0.0989532470703125,	0.12635040283203125
5842338125.0,	0.0986480712890625,	0.12847137451171875
5842383750.0,	0.0969696044921875,	0.1295166015625
5842429375.0,	0.09691619873046875,	0.12725067138671875
5842475000.0,	0.096649169921875,	0.12766265869140625
5842520625.0,	0.0974578857421875,	0.1273651123046875
5842566250.0,	0.097442626953125,	0.1275634765625
5842611875.0,	0.09821319580078125,	0.12664794921875
5842657500.0,	0.09970855712890625,	0.1269989013671875
5842703125.0,	0.097808837890625,	0.12743377685546875
5842748750.0,	0.099273681640625,	0.12824249267578125
5842794375.0,	0.09761810302734375,	0.1277313232421875
5842840000.0,	0.1000518798828125,	0.126007080078125
5842885625.0,	0.1004791259765625,	0.12827301025390625
5842931250.0,	0.099822998046875,	0.12646484375
5842976875.0,	0.09970855712890625,	0.12677001953125
5843022500.0,	0.09705352783203125,	0.1283721923828125
5843068125.0,	0.09999847412109375,	0.1267547607421875
5843113750.0,	0.09980010986328125,	0.127593994140625
5843159375.0,	0.10071563720703125,	0.12554168701171875
5843205000.0,	0.0992279052734375,	0.12609100341796875
5843250625.0,	0.099517822265625,	0.126068115234375
5843296250.0,	0.0986175537109375,	0.126129150390625
5843341875.0,	0.09891510009765625,	0.12630462646484375
5843387500.0,	0.09918212890625,	0.12804412841796875
5843433125.0,	0.10190582275390625,	0.12680816650390625
5843478750.0,	0.09902191162109375,	0.12740325927734375
5843524375.0,	0.10105133056640625,	0.12717437744140625
5843570000.0,	0.09860992431640625,	0.12467575073242188
5843615625.0,	0.10120773315429688,	0.12459945678710938
5843661250.0,	0.1000518798828125,	0.12554168701171875
5843706875.0,	0.1006622314453125,	0.12372589111328125
5843752500.0,	0.10059356689453125,	0.12683868408203125
5843798125.0,	0.09876251220703125,	0.12531280517578125
5843843750.0,	0.10015869140625,	0.12706756591796875
5843889375.0,	0.10204315185546875,	0.12479019165039062
5843935000.0,	0.10057449340820312,	0.12493896484375
5843980625.0,	0.1020355224609375,	0.12288665771484375
5844026250.0,	0.101287841796875,	0.125
5844071875.0,	0.10065078735351562,	0.12331771850585938
5844117500.0,	0.10102081298828125,	0.12648773193359375
5844163125.0,	0.1030426025390625,	0.12414932250976562
5844208750.0,	0.10074615478515625,	0.12569427490234375
5844254375.0,	0.10099029541015625,	0.12288665771484375
5844300000.0,	0.1034698486328125,	0.12429428100585938
5844345625.0,	0.100799560546875,	0.12528228759765625
5844391250.0,	0.10211944580078125,	0.1235504150390625
5844436875.0,	0.10149002075195312,	0.122955322265625
5844482500.0,	0.10135269165039062,	0.12331008911132812
5844528125.0,	0.101348876953125,	0.12577056884765625
5844573750.0,	0.10321426391601562,	0.124664306640625
5844619375.0,	0.10189056396484375,	0.12239456176757812
5844665000.0,	0.10080337524414062,	0.12361907958984375
5844710625.0,	0.100830078125,	0.12549591064453125
5844756250.0,	0.10191726684570312,	0.12295150756835938
5844801875.0,	0.10102081298828125,	0.123199462890625
5844847500.0,	0.101959228515625,	0.12421417236328125
5844893125.0,	0.10171890258789062,	0.1244354248046875
5844938750.0,	0.10176849365234375,	0.12502288818359375
5844984375.0,	0.10299301147460938,	0.12268829345703125
5845030000.0,	0.1014404296875,	0.12342453002929688
5845075625.0,	0.1014404296875,	0.12467575073242188
5845121250.0,	0.10126495361328125,	0.12175750732421875
5845166875.0,	0.10195159912109375,	0.1232757568359375
5845212500.0,	0.10267257690429688,	0.12462615966796875
5845258125.0,	0.10012435913085938,	0.12213897705078125
5845303750.0,	0.10234451293945312,	0.12085342407226562
5845349375.0,	0.10165786743164062,	0.12308120727539062
5845395000.0,	0.10219955444335938,	0.12200164794921875
5845440625.0,	0.10350799560546875,	0.12378692626953125
5845486250.0,	0.10451126098632812,	0.1222686767578125
5845531875.0,	0.10232925415039062,	0.12238311767578125
5845577500.0,	0.101287841796875,	0.1214599609375
5845623125.0,	0.10515594482421875,	0.1235198974609375
5845668750.0,	0.10233688354492188,	0.12274169921875
5845714375.0,	0.10284042358398438,	0.12276077270507812
5845760000.0,	0.10211563110351562,	0.12111663818359375
5845805625.0,	0.10391616821289062,	0.12297821044921875
5845851250.0,	0.10284423828125,	0.12177658081054688
5845896875.0,	0.10276031494140625,	0.12056732177734375
5845942500.0,	0.1014404296875,	0.11972808837890625
5845988125.0,	0.10464096069335938,	0.12302780151367188
5846033750.0,	0.10192489624023438,	0.12080001831054688
5846079375.0,	0.10260772705078125,	0.12288665771484375
5846125000.0,	0.10315704345703125,	0.12145614624023438
5846170625.0,	0.10213851928710938,	0.11996078491210938
5846216250.0,	0.10144805908203125,	0.1213226318359375
5846261875.0,	0.10237884521484375,	0.12176895141601562
5846307500.0,	0.10358047485351562,	0.12118148803710938
5846353125.0,	0.103790283203125,	0.119720458984375
5846398750.0,	0.10267257690429688,	0.11954498291015625
5846444375.0,	0.10238265991210938,	0.12000274658203125
5846490000.0,	0.10352325439453125,	0.12104034423828125
5846535625.0,	0.102569580078125,	0.121917724609375
5846581250.0,	0.10476303100585938,	0.12014389038085938
5846626875.0,	0.10410690307617188,	0.12056732177734375
5846672500.0,	0.103363037109375,	0.11911392211914062
5846718125.0,	0.1044921875,	0.11856842041015625
5846763750.0,	0.1054229736328125,	0.11945724487304688
5846809375.0,	0.10508346557617188,	0.1204071044921875
5846855000.0,	0.10610198974609375,	0.117462158203125
5846900625.0,	0.10456466674804688,	0.11983108520507812
5846946250.0,	0.10376739501953125,	0.1199951171875
5846991875.0,	0.10565948486328125,	0.11919403076171875
5847037500.0,	0.1049652099609375,	0.11949539184570312
5847083125.0,	0.10363006591796875,	0.11822509765625
5847128750.0,	0.10275650024414062,	0.11965560913085938
5847174375.0,	0.10448074340820312,	0.12065887451171875
5847220000.0,	0.10670852661132812,	0.11922454833984375
5847265625.0,	0.10535812377929688,	0.11895751953125
5847311250.0,	0.10387039184570312,	0.11819839477539062
5847356875.0,	0.10217666625976562,	0.11881637573242188
5847402500.0,	0.1054229736328125,	0.11854171752929688
5847448125.0,	0.10717010498046875,	0.11873245239257812
5847493750.0,	0.10125732421875,	0.11811447143554688
5847539375.0,	0.10446929931640625,	0.11969375610351562
5847585000.0,	0.10509490966796875,	0.11777114868164062
5847630625.0,	0.10538101196289062,	0.1177215576171875
5847676250.0,	0.10432815551757812,	0.1196136474609375
5847721875.0,	0.1049041748046875,	0.11768722534179688
5847767500.0,	0.10520553588867188,	0.11872482299804688
5847813125.0,	0.10631942749023438,	0.11872100830078125
5847858750.0,	0.10675048828125,	0.11757278442382812
5847904375.0,	0.10689544677734375,	0.1178741455078125
5847950000.0,	0.10372543334960938,	0.11418533325195312
5847995625.0,	0.10630035400390625,	0.11783218383789062
5848041250.0,	0.10349273681640625,	0.11737442016601562
5848086875.0,	0.10739517211914062,	0.11763763427734375
5848132500.0,	0.1062774658203125,	0.1163787841796875
5848178125.0,	0.10483169555664062,	0.11750030517578125
5848223750.0,	0.10380172729492188,	0.11703109741210938
5848269375.0,	0.10649871826171875,	0.11726760864257812
5848315000.0,	0.10647964477539062,	0.11583328247070312
5848360625.0,	0.10399246215820312,	0.11683273315429688
5848406250.0,	0.10608291625976562,	0.11762619018554688
5848451875.0,	0.10560226440429688,	0.11801910400390625
5848497500.0,	0.104766845703125,	0.1166229248046875
5848543125.0,	0.10455322265625,	0.1165618896484375
5848588750.0,	0.10684967041015625,	0.11528778076171875
5848634375.0,	0.10696029663085938,	0.1169586181640625
5848680000.0,	0.10345840454101562,	0.11641693115234375
5848725625.0,	0.10530853271484375,	0.11676788330078125
5848771250.0,	0.10468292236328125,	0.11539840698242188
5848816875.0,	0.1067047119140625,	0.11687850952148438
5848862500.0,	0.10514450073242188,	0.11741256713867188
5848908125.0,	0.1045684814453125,	0.11597824096679688
5848953750.0,	0.10615158081054688,	0.11569976806640625
5848999375.0,	0.10571670532226562,	0.11823272705078125
5849045000.0,	0.10491943359375,	0.11667633056640625
5849090625.0,	0.10562515258789062,	0.1146697998046875
5849136250.0,	0.1072998046875,	0.11631011962890625
5849181875.0,	0.10574722290039062,	0.1145782470703125
5849227500.0,	0.10597610473632812,	0.11681747436523438
5849273125.0,	0.10519027709960938,	0.11510086059570312
5849318750.0,	0.10768890380859375,	0.11581039428710938
5849364375.0,	0.10538864135742188,	0.1153106689453125
5849410000.0,	0.10533523559570312,	0.11748504638671875
5849455625.0,	0.10754776000976562,	0.1157684326171875
5849501250.0,	0.10678863525390625,	0.11600112915039062
5849546875.0,	0.106475830078125,	0.1155548095703125
5849592500.0,	0.10504531860351562,	0.116546630859375
5849638125.0,	0.10599136352539062,	0.113677978515625
5849683750.0,	0.105560302734375,	0.1160125732421875
5849729375.0,	0.10617828369140625,	0.11489486694335938
5849775000.0,	0.10649871826171875,	0.11618804931640625
5849820625.0,	0.10422897338867188,	0.116058349609375
5849866250.0,	0.10584259033203125,	0.11653900146484375
5849911875.0,	0.10727691650390625,	0.11446380615234375
5849957500.0,	0.1079864501953125,	0.114166259765625
5850003125.0,	0.10668563842773438,	0.1129150390625
5850048750.0,	0.105621337890625,	0.1131439208984375
5850094375.0,	0.10371780395507812,	0.11504364013671875
5850140000.0,	0.10630035400390625,	0.11578369140625
5850185625.0,	0.10619354248046875,	0.11177825927734375
5850231250.0,	0.10757064819335938,	0.11279296875
5850276875.0,	0.10408401489257812,	0.11353302001953125
5850322500.0,	0.10583114624023438,	0.113525390625
5850368125.0,	0.1082611083984375,	0.11445999145507812
5850413750.0,	0.10633468627929688,	0.11284637451171875
5850459375.0,	0.10956954956054688,	0.1121368408203125
5850505000.0,	0.10698318481445312,	0.11437225341796875
5850550625.0,	0.10625839233398438,	0.112548828125
5850596250.0,	0.10479736328125,	0.11235809326171875
5850641875.0,	0.107818603515625,	0.11446380615234375
5850687500.0,	0.10370254516601562,	0.11568450927734375
5850733125.0,	0.10821914672851562,	0.114593505859375
5850778750.0,	0.10735702514648438,	0.11245346069335938
5850824375.0,	0.10783767700195312,	0.114105224609375
5850870000.0,	0.1081085205078125,	0.11319732666015625
5850915625.0,	0.1066741943359375,	0.11285018920898438
5850961250.0,	0.10707473754882812,	0.11318588256835938
5851006875.0,	0.10821151733398438,	0.10991287231445312
5851052500.0,	0.10678482055664062,	0.11217498779296875
5851098125.0,	0.10626983642578125,	0.11344146728515625
5851143750.0,	0.10517120361328125,	0.11195755004882812
5851189375.0,	0.10863113403320312,	0.1112518310546875
5851235000.0,	0.1067657470703125,	0.11272430419921875
5851280625.0,	0.10883712768554688,	0.11153793334960938
5851326250.0,	0.10858154296875,	0.1102142333984375
5851371875.0,	0.10689163208007812,	0.11210250854492188
5851417500.0,	0.106353759765625,	0.112548828125
5851463125.0,	0.10791778564453125,	0.1110382080078125
5851508750.0,	0.10633468627929688,	0.11194992065429688
5851554375.0,	0.10768890380859375,	0.1109771728515625
5851600000.0,	0.1083831787109375,	0.11085128784179688
5851645625.0,	0.10968399047851562,	0.11207962036132812
5851691250.0,	0.1060333251953125,	0.11199188232421875
5851736875.0,	0.10688018798828125,	0.1096038818359375
5851782500.0,	0.10736846923828125,	0.11083221435546875
5851828125.0,	0.10644912719726562,	0.11331558227539062
5851873750.0,	0.10620880126953125,	0.11095428466796875
5851919375.0,	0.10611724853515625,	0.11209487915039062
5851965000.0,	0.1082611083984375,	0.1104278564453125
5852010625.0,	0.10629653930664062,	0.10882186889648438
5852056250.0,	0.1068572998046875,	0.1108856201171875
5852101875.0,	0.10468292236328125,	0.11106109619140625
5852147500.0,	0.10545730590820312,	0.11207962036132812
5852193125.0,	0.1053924560546875,	0.10852432250976562
5852238750.0,	0.106903076171875,	0.10874557495117188
5852284375.0,	0.10886383056640625,	0.109100341796875
5852330000.0,	0.10633087158203125,	0.11012649536132812
5852375625.0,	0.10570144653320312,	0.11047744750976562
5852421250.0,	0.10837173461914062,	0.10839462280273438
5852466875.0,	0.10704421997070312,	0.11098480224609375
5852512500.0,	0.10634994506835938,	0.10759353637695312
5852558125.0,	0.1075592041015625,	0.11026763916015625
5852603750.0,	0.10831069946289062,	0.1103057861328125
5852649375.0,	0.106597900390625,	0.10847854614257812
5852695000.0,	0.10875701904296875,	0.110107421875
5852740625.0,	0.10831451416015625,	0.10944366455078125
5852786250.0,	0.11006927490234375,	0.10947036743164062
5852831875.0,	0.10626983642578125,	0.1097869873046875
5852877500.0,	0.10893630981445312,	0.11029815673828125
5852923125.0,	0.10887908935546875,	0.10725784301757812
5852968750.0,	0.10800933837890625,	0.110015869140625
5853014375.0,	0.11048507690429688,	0.1102447509765625
5853060000.0,	0.10760116577148438,	0.11020278930664062
5853105625.0,	0.10680770874023438,	0.10799789428710938
5853151250.0,	0.10771942138671875,	0.11003494262695312
5853196875.0,	0.10637664794921875,	0.1087188720703125
5853242500.0,	0.10717391967773438,	0.11182403564453125
5853288125.0,	0.107696533203125,	0.11007308959960938
5853333750.0,	0.10730361938476562,	0.10701751708984375
5853379375.0,	0.10918426513671875,	0.10860443115234375
5853425000.0,	0.10831069946289062,	0.10652923583984375
5853470625.0,	0.1063690185546875,	0.1060333251953125
5853516250.0,	0.10892105102539062,	0.10811233520507812
5853561875.0,	0.1087799072265625,	0.105194091796875
5853607500.0,	0.10889053344726562,	0.10705947875976562
5853653125.0,	0.10774993896484375,	0.10906219482421875
5853698750.0,	0.10869598388671875,	0.10870361328125
5853744375.0,	0.10753631591796875,	0.10494613647460938
5853790000.0,	0.10881805419921875,	0.10689163208007812
5853835625.0,	0.10778045654296875,	0.10757064819335938
5853881250.0,	0.10779571533203125,	0.1094970703125
5853926875.0,	0.10736083984375,	0.10696029663085938
5853972500.0,	0.10880279541015625,	0.10823822021484375
5854018125.0,	0.10880279541015625,	0.10695266723632812
5854063750.0,	0.11067581176757812,	0.10654067993164062
5854109375.0,	0.11017990112304688,	0.10664749145507812
5854155000.0,	0.1077423095703125,	0.10729598999023438
5854200625.0,	0.10952377319335938,	0.10826492309570312
5854246250.0,	0.10934066772460938,	0.10549163818359375
5854291875.0,	0.108306884765625,	0.10506057739257812
5854337500.0,	0.10894775390625,	0.10793685913085938
5854383125.0,	0.107696533203125,	0.10596466064453125
5854428750.0,	0.10910415649414062,	0.10749435424804688
5854474375.0,	0.10875320434570312,	0.10695266723632812
5854520000.0,	0.10837554931640625,	0.10631561279296875
5854565625.0,	0.1095733642578125,	0.10535812377929688
5854611250.0,	0.10958480834960938,	0.10644912719726562
5854656875.0,	0.11001968383789062,	0.107269287109375
5854702500.0,	0.10950469970703125,	0.10523223876953125
5854748125.0,	0.10706710815429688,	0.107086181640625
5854793750.0,	0.11001968383789062,	0.10490036010742188
5854839375.0,	0.11041641235351562,	0.10601806640625
5854885000.0,	0.108856201171875,	0.1052093505859375
5854930625.0,	0.1101226806640625,	0.1046905517578125
5854976250.0,	0.1088714599609375,	0.1046905517578125
5855021875.0,	0.1100616455078125,	0.10390090942382812
5855067500.0,	0.109771728515625,	0.10776519775390625
5855113125.0,	0.10981369018554688,	0.10484695434570312
5855158750.0,	0.10760116577148438,	0.10594940185546875
5855204375.0,	0.11119842529296875,	0.1058502197265625
5855250000.0,	0.10959625244140625,	0.10396957397460938
5855295625.0,	0.10700225830078125,	0.10364913940429688
5855341250.0,	0.1108245849609375,	0.10472869873046875
5855386875.0,	0.11008453369140625,	0.104095458984375
5855432500.0,	0.1086273193359375,	0.10287094116210938
5855478125.0,	0.1105499267578125,	0.10434341430664062
5855523750.0,	0.10956954956054688,	0.10485458374023438
5855569375.0,	0.11003875732421875,	0.10365676879882812
5855615000.0,	0.10937118530273438,	0.10485458374023438
5855660625.0,	0.10931777954101562,	0.10439682006835938
5855706250.0,	0.1102447509765625,	0.10374832153320312
5855751875.0,	0.11028671264648438,	0.10509872436523438
5855797500.0,	0.1101531982421875,	0.10512161254882812
5855843125.0,	0.1097869873046875,	0.10213088989257812
5855888750.0,	0.110870361328125,	0.10135650634765625
5855934375.0,	0.10818862915039062,	0.10260009765625
5855980000.0,	0.11180496215820312,	0.10203170776367188
5856025625.0,	0.11107635498046875,	0.10371780395507812
5856071250.0,	0.1113433837890625,	0.10314559936523438
5856116875.0,	0.10930633544921875,	0.1054840087890625
5856162500.0,	0.11014556884765625,	0.1009063720703125
5856208125.0,	0.11031723022460938,	0.10308456420898438
5856253750.0,	0.10933303833007812,	0.10323715209960938
5856299375.0,	0.10875320434570312,	0.10198211669921875
5856345000.0,	0.11257171630859375,	0.10340118408203125
5856390625.0,	0.110260009765625,	0.1025848388671875
5856436250.0,	0.1094207763671875,	0.10227203369140625
5856481875.0,	0.111572265625,	0.10340118408203125
5856527500.0,	0.11144256591796875,	0.10005569458007812
5856573125.0,	0.11017608642578125,	0.10015487670898438
5856618750.0,	0.10932159423828125,	0.10169601440429688
5856664375.0,	0.10755538940429688,	0.09997940063476562
5856710000.0,	0.110076904296875,	0.102142333984375
5856755625.0,	0.1110992431640625,	0.10018539428710938
5856801250.0,	0.11015701293945312,	0.10170364379882812
5856846875.0,	0.11009979248046875,	0.10219573974609375
5856892500.0,	0.1125946044921875,	0.10204696655273438
5856938125.0,	0.1104736328125,	0.10007858276367188
5856983750.0,	0.11120223999023438,	0.10000228881835938
5857029375.0,	0.1110076904296875,	0.09818649291992188
5857075000.0,	0.10853958129882812,	0.10025787353515625
5857120625.0,	0.11120986938476562,	0.10047149658203125
5857166250.0,	0.11081314086914062,	0.09976959228515625
5857211875.0,	0.1107177734375,	0.09919357299804688
5857257500.0,	0.1100616455078125,	0.09979629516601562
5857303125.0,	0.1105804443359375,	0.10144424438476562
5857348750.0,	0.111724853515625,	0.09952163696289062
5857394375.0,	0.11206817626953125,	0.09853363037109375
5857440000.0,	0.11065673828125,	0.0989227294921875
5857485625.0,	0.11170196533203125,	0.099517822265625
5857531250.0,	0.11230850219726562,	0.09868240356445312
5857576875.0,	0.1115570068359375,	0.0994110107421875
5857622500.0,	0.11385726928710938,	0.09966278076171875
5857668125.0,	0.11203384399414062,	0.09911346435546875
5857713750.0,	0.11162567138671875,	0.10041427612304688
5857759375.0,	0.11391448974609375,	0.09767913818359375
5857805000.0,	0.11150741577148438,	0.09827423095703125
5857850625.0,	0.10970687866210938,	0.09888839721679688
5857896250.0,	0.11214065551757812,	0.09633636474609375
5857941875.0,	0.11259078979492188,	0.09783172607421875
5857987500.0,	0.113525390625,	0.0988311767578125
5858033125.0,	0.11243438720703125,	0.09590530395507812
5858078750.0,	0.11107635498046875,	0.09556961059570312
5858124375.0,	0.11516952514648438,	0.09646987915039062
5858170000.0,	0.11005020141601562,	0.09557342529296875
5858215625.0,	0.11190032958984375,	0.09686279296875
5858261250.0,	0.11260986328125,	0.09648895263671875
5858306875.0,	0.11216354370117188,	0.09798049926757812
5858352500.0,	0.11297225952148438,	0.09394073486328125
5858398125.0,	0.11320114135742188,	0.0963592529296875
5858443750.0,	0.11532974243164062,	0.0979156494140625
5858489375.0,	0.11124420166015625,	0.09687423706054688
5858535000.0,	0.11156463623046875,	0.09717178344726562
5858580625.0,	0.11486434936523438,	0.09688949584960938
5858626250.0,	0.11348724365234375,	0.0957183837890625
5858671875.0,	0.11524200439453125,	0.0953521728515625
5858717500.0,	0.11278915405273438,	0.09467697143554688
5858763125.0,	0.11382293701171875,	0.0966949462890625
5858808750.0,	0.11303329467773438,	0.09545135498046875
5858854375.0,	0.11328125,	0.09534454345703125
5858900000.0,	0.11337661743164062,	0.09366226196289062
5858945625.0,	0.11320114135742188,	0.09442520141601562
5858991250.0,	0.11454391479492188,	0.0923919677734375
5859036875.0,	0.11485671997070312,	0.09395980834960938
5859082500.0,	0.11420440673828125,	0.09363555908203125
5859128125.0,	0.1139984130859375,	0.09475326538085938
5859173750.0,	0.11246871948242188,	0.0939483642578125
5859219375.0,	0.114776611328125,	0.09271621704101562
5859265000.0,	0.11434173583984375,	0.0937347412109375
5859310625.0,	0.11394119262695312,	0.09019088745117188
5859356250.0,	0.11700820922851562,	0.09185028076171875
5859401875.0,	0.11494827270507812,	0.09208297729492188
5859447500.0,	0.11468124389648438,	0.09160232543945312
5859493125.0,	0.11380386352539062,	0.09336471557617188
5859538750.0,	0.11394882202148438,	0.09070968627929688
5859584375.0,	0.11441421508789062,	0.09122467041015625
5859630000.0,	0.1166839599609375,	0.09221267700195312
5859675625.0,	0.11739730834960938,	0.09220123291015625
5859721250.0,	0.11603546142578125,	0.09075164794921875
5859766875.0,	0.11669540405273438,	0.09076690673828125
5859812500.0,	0.11597442626953125,	0.0911865234375
5859858125.0,	0.11615753173828125,	0.09065628051757812
5859903750.0,	0.11580276489257812,	0.09037399291992188
5859949375.0,	0.11622238159179688,	0.0901031494140625
5859995000.0,	0.11627197265625,	0.08951950073242188
5860040625.0,	0.11499786376953125,	0.08972549438476562
5860086250.0,	0.11686325073242188,	0.08863067626953125
5860131875.0,	0.118072509765625,	0.08821868896484375
5860177500.0,	0.11756515502929688,	0.08958053588867188
5860223125.0,	0.11676406860351562,	0.08741378784179688
5860268750.0,	0.117095947265625,	0.08636093139648438
5860314375.0,	0.11472702026367188,	0.08682632446289062
5860360000.0,	0.1175994873046875,	0.08935546875
5860405625.0,	0.11574554443359375,	0.08591842651367188
5860451250.0,	0.11603546142578125,	0.08455276489257812
5860496875.0,	0.11993408203125,	0.08811187744140625
5860542500.0,	0.1180572509765625,	0.08656692504882812
5860588125.0,	0.11688232421875,	0.08550643920898438
5860633750.0,	0.11744308471679688,	0.08591461181640625
5860679375.0,	0.11714553833007812,	0.0846710205078125
5860725000.0,	0.117462158203125,	0.08349990844726562
5860770625.0,	0.11771774291992188,	0.08456039428710938
5860816250.0,	0.11872100830078125,	0.08522415161132812
5860861875.0,	0.11683273315429688,	0.08522796630859375
5860907500.0,	0.11842727661132812,	0.08436965942382812
5860953125.0,	0.118408203125,	0.08314895629882812
5860998750.0,	0.11800003051757812,	0.08167648315429688
5861044375.0,	0.11912918090820312,	0.08133697509765625
5861090000.0,	0.1200103759765625,	0.0816650390625
5861135625.0,	0.11687088012695312,	0.08052825927734375
5861181250.0,	0.12008285522460938,	0.08083724975585938
5861226875.0,	0.119140625,	0.08173751831054688
5861272500.0,	0.12053298950195312,	0.0803375244140625
5861318125.0,	0.11987686157226562,	0.08087921142578125
5861363750.0,	0.11983871459960938,	0.07996749877929688
5861409375.0,	0.117462158203125,	0.07965850830078125
5861455000.0,	0.11972808837890625,	0.07689666748046875
5861500625.0,	0.1185760498046875,	0.077911376953125
5861546250.0,	0.11684036254882812,	0.07764053344726562
5861591875.0,	0.11998367309570312,	0.07828140258789062
5861637500.0,	0.1194000244140625,	0.07644271850585938
5861683125.0,	0.11996078491210938,	0.0757293701171875
5861728750.0,	0.12048721313476562,	0.07609939575195312
5861774375.0,	0.11987686157226562,	0.0762481689453125
5861820000.0,	0.11974716186523438,	0.07347869873046875
5861865625.0,	0.12099838256835938,	0.07411575317382812
5861911250.0,	0.12031936645507812,	0.07327651977539062
5861956875.0,	0.12133407592773438,	0.07314682006835938
5862002500.0,	0.12110519409179688,	0.07213973999023438
5862048125.0,	0.12078475952148438,	0.07089996337890625
5862093750.0,	0.1201171875,	0.07284927368164062
5862139375.0,	0.11967849731445312,	0.06920623779296875
5862185000.0,	0.12170028686523438,	0.07251358032226562
5862230625.0,	0.1212921142578125,	0.07000732421875
5862276250.0,	0.11862945556640625,	0.06860733032226562
5862321875.0,	0.11948394775390625,	0.06831741333007812
5862367500.0,	0.12045669555664062,	0.06717300415039062
5862413125.0,	0.11928176879882812,	0.06734848022460938
5862458750.0,	0.12093734741210938,	0.06603622436523438
5862504375.0,	0.1207275390625,	0.06549072265625
5862550000.0,	0.11945343017578125,	0.06529617309570312
5862595625.0,	0.1197967529296875,	0.0619049072265625
5862641250.0,	0.12099456787109375,	0.06280899047851562
5862686875.0,	0.12035369873046875,	0.06224822998046875
5862732500.0,	0.12163543701171875,	0.06087493896484375
5862778125.0,	0.1182403564453125,	0.06150054931640625
5862823750.0,	0.11829757690429688,	0.061275482177734375
5862869375.0,	0.12046051025390625,	0.05768585205078125
5862915000.0,	0.1186981201171875,	0.060298919677734375
5862960625.0,	0.11680221557617188,	0.059970855712890625
5863006250.0,	0.1183013916015625,	0.05716705322265625
5863051875.0,	0.11791610717773438,	0.05645751953125
5863097500.0,	0.116241455078125,	0.05651092529296875
5863143125.0,	0.11786270141601562,	0.054866790771484375
5863188750.0,	0.11776351928710938,	0.05214691162109375
5863234375.0,	0.1164093017578125,	0.050384521484375
5863280000.0,	0.116912841796875,	0.049861907958984375
5863325625.0,	0.11693572998046875,	0.049312591552734375
5863371250.0,	0.11494064331054688,	0.047565460205078125
5863416875.0,	0.11462020874023438,	0.046489715576171875
5863462500.0,	0.11407470703125,	0.0486907958984375
5863508125.0,	0.114501953125,	0.0461273193359375
5863553750.0,	0.11313629150390625,	0.048099517822265625
5863599375.0,	0.11237335205078125,	0.045665740966796875
5863645000.0,	0.11225509643554688,	0.043506622314453125
5863690625.0,	0.11061859130859375,	0.042964935302734375
5863736250.0,	0.11101913452148438,	0.04083251953125
5863781875.0,	0.11022186279296875,	0.039875030517578125
5863827500.0,	0.108795166015625,	0.039886474609375
5863873125.0,	0.10755538940429688,	0.0400238037109375
5863918750.0,	0.1054534912109375,	0.038661956787109375
5863964375.0,	0.10793685913085938,	0.036876678466796875
5864010000.0,	0.10458755493164062,	0.036640167236328125
5864055625.0,	0.10418319702148438,	0.03472137451171875
5864101250.0,	0.10233688354492188,	0.035247802734375
5864146875.0,	0.1004486083984375,	0.035015106201171875
5864192500.0,	0.09954833984375,	0.031951904296875
5864238125.0,	0.10082244873046875,	0.03215789794921875
5864283750.0,	0.09688949584960938,	0.029651641845703125
5864329375.0,	0.094207763671875,	0.031429290771484375
5864375000.0,	0.0960845947265625,	0.03043365478515625
5864420625.0,	0.09432220458984375,	0.027919769287109375
5864466250.0,	0.09254074096679688,	0.030796051025390625
5864511875.0,	0.09333038330078125,	0.027431488037109375
5864557500.0,	0.08932876586914062,	0.0267333984375
5864603125.0,	0.08779525756835938,	0.028156280517578125
5864648750.0,	0.08924102783203125,	0.0270538330078125
5864694375.0,	0.08638763427734375,	0.02652740478515625
5864740000.0,	0.08353805541992188,	0.02701568603515625
5864785625.0,	0.08395767211914062,	0.025936126708984375
5864831250.0,	0.08171463012695312,	0.025569915771484375
5864876875.0,	0.07899856567382812,	0.02593231201171875
5864922500.0,	0.0784912109375,	0.02451324462890625
5864968125.0,	0.07639312744140625,	0.026561737060546875
5865013750.0,	0.07468795776367188,	0.023517608642578125
5865059375.0,	0.07331466674804688,	0.024585723876953125
5865105000.0,	0.07059860229492188,	0.02570343017578125
5865150625.0,	0.07096099853515625,	0.023563385009765625
5865196250.0,	0.06777572631835938,	0.02448272705078125
5865241875.0,	0.06496429443359375,	0.027980804443359375
5865287500.0,	0.06545639038085938,	0.026210784912109375
5865333125.0,	0.0636138916015625,	0.02603912353515625
5865378750.0,	0.0646209716796875,	0.02802276611328125
5865424375.0,	0.0607757568359375,	0.028532028198242188
5865470000.0,	0.06171989440917969,	0.028055191040039062
5865515625.0,	0.05816841125488281,	0.028636932373046875
5865561250.0,	0.05913352966308594,	0.030099868774414062
5865606875.0,	0.05585289001464844,	0.029415130615234375
5865652500.0,	0.05431938171386719,	0.030994415283203125
5865698125.0,	0.054332733154296875,	0.029764175415039062
5865743750.0,	0.051555633544921875,	0.03188133239746094
5865789375.0,	0.05256843566894531,	0.03342628479003906
5865835000.0,	0.05031776428222656,	0.03216361999511719
5865880625.0,	0.049224853515625,	0.03266143798828125
5865926250.0,	0.04892730712890625,	0.03453636169433594
5865971875.0,	0.04875373840332031,	0.03555488586425781
5866017500.0,	0.04649162292480469,	0.03540992736816406
5866063125.0,	0.04614448547363281,	0.03538703918457031
5866108750.0,	0.04603385925292969,	0.03927803039550781
5866154375.0,	0.04326820373535156,	0.03903388977050781
5866200000.0,	0.04271507263183594,	0.04183769226074219
5866245625.0,	0.04342460632324219,	0.04061126708984375
5866291250.0,	0.04014015197753906,	0.04105186462402344
5866336875.0,	0.04145240783691406,	0.04411506652832031
5866382500.0,	0.040393829345703125,	0.04354667663574219
5866428125.0,	0.04100608825683594,	0.0429840087890625
5866473750.0,	0.039600372314453125,	0.0470428466796875
5866519375.0,	0.03902244567871094,	0.04752540588378906
5866565000.0,	0.040462493896484375,	0.04822731018066406
5866610625.0,	0.03568840026855469,	0.049739837646484375
5866656250.0,	0.035556793212890625,	0.05146980285644531
5866701875.0,	0.034297943115234375,	0.052494049072265625
5866747500.0,	0.03508186340332031,	0.05423164367675781
5866793125.0,	0.036449432373046875,	0.053752899169921875
5866838750.0,	0.03644371032714844,	0.054813385009765625
5866884375.0,	0.03529930114746094,	0.05349922180175781
5866930000.0,	0.03478813171386719,	0.055973052978515625
5866975625.0,	0.0325927734375,	0.05575752258300781
5867021250.0,	0.033782958984375,	0.058506011962890625
5867066875.0,	0.03376960754394531,	0.05905914306640625
5867112500.0,	0.03269386291503906,	0.058773040771484375
5867158125.0,	0.03397369384765625,	0.060291290283203125
5867203750.0,	0.03188514709472656,	0.06192588806152344
5867249375.0,	0.033390045166015625,	0.06269073486328125
5867295000.0,	0.033123016357421875,	0.0645904541015625
5867340625.0,	0.030609130859375,	0.0646514892578125
5867386250.0,	0.0335845947265625,	0.0665435791015625
5867431875.0,	0.031005859375,	0.0664215087890625
5867477500.0,	0.03061676025390625,	0.0674285888671875
5867523125.0,	0.03302001953125,	0.06708908081054688
5867568750.0,	0.032436370849609375,	0.06869125366210938
5867614375.0,	0.0319976806640625,	0.06926727294921875
5867660000.0,	0.03185272216796875,	0.07033538818359375
5867705625.0,	0.034458160400390625,	0.07155609130859375
5867751250.0,	0.033893585205078125,	0.07210540771484375
5867796875.0,	0.0318756103515625,	0.07113265991210938
5867842500.0,	0.0326080322265625,	0.07259750366210938
5867888125.0,	0.03022003173828125,	0.07257843017578125
5867933750.0,	0.035091400146484375,	0.07472610473632812
5867979375.0,	0.033168792724609375,	0.07454299926757812
5868025000.0,	0.033233642578125,	0.07558822631835938
5868070625.0,	0.032962799072265625,	0.07544326782226562
5868116250.0,	0.03191375732421875,	0.07479476928710938
5868161875.0,	0.033206939697265625,	0.07759857177734375
5868207500.0,	0.03406524658203125,	0.0798797607421875
5868253125.0,	0.03310394287109375,	0.07773208618164062
5868298750.0,	0.031673431396484375,	0.07843017578125
5868344375.0,	0.032184600830078125,	0.07979965209960938
5868390000.0,	0.03366851806640625,	0.08028030395507812
5868435625.0,	0.03440093994140625,	0.08101272583007812
5868481250.0,	0.032909393310546875,	0.0803375244140625
5868526875.0,	0.034198760986328125,	0.08175277709960938
5868572500.0,	0.034519195556640625,	0.08225631713867188
5868618125.0,	0.03629302978515625,	0.08317184448242188
5868663750.0,	0.0330963134765625,	0.08449554443359375
5868709375.0,	0.035976409912109375,	0.08431625366210938
5868755000.0,	0.03592681884765625,	0.08292770385742188
5868800625.0,	0.03551483154296875,	0.08366775512695312
5868846250.0,	0.036773681640625,	0.08449554443359375
5868891875.0,	0.0399169921875,	0.08693695068359375
5868937500.0,	0.03606414794921875,	0.08485031127929688
5868983125.0,	0.03665924072265625,	0.086181640625
5869028750.0,	0.037067413330078125,	0.086944580078125
5869074375.0,	0.037403106689453125,	0.08904266357421875
5869120000.0,	0.0379791259765625,	0.0877532958984375
5869165625.0,	0.03690338134765625,	0.08922958374023438
5869211250.0,	0.03734588623046875,	0.088592529296875
5869256875.0,	0.036556243896484375,	0.0900726318359375
5869302500.0,	0.0392608642578125,	0.0890045166015625
5869348125.0,	0.03942108154296875,	0.08905792236328125
5869393750.0,	0.03670501708984375,	0.09113693237304688
5869439375.0,	0.038959503173828125,	0.0936431884765625
5869485000.0,	0.037906646728515625,	0.0897674560546875
5869530625.0,	0.039493560791015625,	0.09014129638671875
5869576250.0,	0.037860870361328125,	0.08979415893554688
5869621875.0,	0.040340423583984375,	0.091400146484375
5869667500.0,	0.03855133056640625,	0.09278488159179688
5869713125.0,	0.03897857666015625,	0.093353271484375
5869758750.0,	0.0391693115234375,	0.09314727783203125
5869804375.0,	0.038242340087890625,	0.09342575073242188
5869850000.0,	0.040924072265625,	0.09542083740234375
5869895625.0,	0.040302276611328125,	0.09245681762695312
5869941250.0,	0.042697906494140625,	0.094573974609375
5869986875.0,	0.040836334228515625,	0.09197235107421875
5870032500.0,	0.040538787841796875,	0.09363937377929688
5870078125.0,	0.041622161865234375,	0.09497451782226562
5870123750.0,	0.040683746337890625,	0.09366226196289062
5870169375.0,	0.042087554931640625,	0.09644699096679688
5870215000.0,	0.043064117431640625,	0.09604644775390625
5870260625.0,	0.042087554931640625,	0.09305191040039062
5870306250.0,	0.041049957275390625,	0.09822845458984375
5870351875.0,	0.042144775390625,	0.0954742431640625
5870397500.0,	0.044223785400390625,	0.09765243530273438
5870443125.0,	0.041316986083984375,	0.0970611572265625
5870488750.0,	0.040981292724609375,	0.09728622436523438
5870534375.0,	0.0409393310546875,	0.09674835205078125
5870580000.0,	0.044971466064453125,	0.09723663330078125
5870625625.0,	0.04150390625,	0.09605789184570312
5870671250.0,	0.0433502197265625,	0.0965423583984375
5870716875.0,	0.043514251708984375,	0.09910202026367188
5870762500.0,	0.04317474365234375,	0.09780502319335938
5870808125.0,	0.045032501220703125,	0.09952545166015625
5870853750.0,	0.044834136962890625,	0.09904098510742188
5870899375.0,	0.0450897216796875,	0.0994873046875
5870945000.0,	0.044002532958984375,	0.10140228271484375
5870990625.0,	0.044677734375,	0.09955215454101562
5871036250.0,	0.044979095458984375,	0.0980224609375
5871081875.0,	0.045703887939453125,	0.09679031372070312
5871127500.0,	0.04701995849609375,	0.09865570068359375
5871173125.0,	0.046291351318359375,	0.10139846801757812
5871218750.0,	0.045124053955078125,	0.10204696655273438
5871264375.0,	0.04682159423828125,	0.09852218627929688
5871310000.0,	0.047153472900390625,	0.09973526000976562
5871355625.0,	0.043697357177734375,	0.10100555419921875
5871401250.0,	0.04608154296875,	0.09903335571289062
5871446875.0,	0.048656463623046875,	0.10097503662109375
5871492500.0,	0.046031951904296875,	0.10005569458007812
5871538125.0,	0.046802520751953125,	0.10179901123046875
5871583750.0,	0.045932769775390625,	0.10138320922851562
5871629375.0,	0.04737091064453125,	0.10103607177734375
5871675000.0,	0.0478668212890625,	0.0988006591796875
5871720625.0,	0.04640960693359375,	0.09953689575195312
5871766250.0,	0.0468292236328125,	0.10045623779296875
5871811875.0,	0.04779052734375,	0.10107421875
5871857500.0,	0.047039031982421875,	0.10106277465820312
5871903125.0,	0.04803466796875,	0.10279083251953125
5871948750.0,	0.048969268798828125,	0.10209274291992188
5871994375.0,	0.046657562255859375,	0.10309219360351562
5872040000.0,	0.046123504638671875,	0.10232925415039062
5872085625.0,	0.0470733642578125,	0.10163116455078125
5872131250.0,	0.0462188720703125,	0.1023712158203125
5872176875.0,	0.048442840576171875,	0.10350418090820312
5872222500.0,	0.047657012939453125,	0.103057861328125
5872268125.0,	0.049037933349609375,	0.10155868530273438
5872313750.0,	0.048694610595703125,	0.10385513305664062
5872359375.0,	0.05072784423828125,	0.10288619995117188
5872405000.0,	0.04761505126953125,	0.10273361206054688
5872450625.0,	0.048282623291015625,	0.10216903686523438
5872496250.0,	0.048675537109375,	0.10498809814453125
5872541875.0,	0.0486602783203125,	0.10411834716796875
5872587500.0,	0.04956817626953125,	0.10371017456054688
5872633125.0,	0.051723480224609375,	0.10458755493164062
5872678750.0,	0.04914093017578125,	0.10390853881835938
5872724375.0,	0.051361083984375,	0.10482025146484375
5872770000.0,	0.0496978759765625,	0.10473251342773438
5872815625.0,	0.050662994384765625,	0.10408401489257812
5872861250.0,	0.050998687744140625,	0.10507965087890625
5872906875.0,	0.050487518310546875,	0.10422134399414062
5872952500.0,	0.052196502685546875,	0.10537338256835938
5872998125.0,	0.05091094970703125,	0.1045074462890625
5873043750.0,	0.050708770751953125,	0.10498809814453125
5873089375.0,	0.04936981201171875,	0.10532760620117188
5873135000.0,	0.049793243408203125,	0.1065673828125
5873180625.0,	0.0511627197265625,	0.10359573364257812
5873226250.0,	0.05069732666015625,	0.10640716552734375
5873271875.0,	0.050716400146484375,	0.10556793212890625
5873317500.0,	0.050739288330078125,	0.10454940795898438
5873363125.0,	0.05268096923828125,	0.1048736572265625
5873408750.0,	0.053058624267578125,	0.10750198364257812
5873454375.0,	0.0510101318359375,	0.10443496704101562
5873500000.0,	0.053195953369140625,	0.1075286865234375
5873545625.0,	0.05127716064453125,	0.10636520385742188
5873591250.0,	0.050846099853515625,	0.10538482666015625
5873636875.0,	0.0514373779296875,	0.10467147827148438
5873682500.0,	0.052051544189453125,	0.10538864135742188
5873728125.0,	0.05157470703125,	0.1069183349609375
5873773750.0,	0.051891326904296875,	0.104248046875
5873819375.0,	0.05255126953125,	0.10709762573242188
5873865000.0,	0.0538482666015625,	0.106689453125
5873910625.0,	0.051441192626953125,	0.1053619384765625
5873956250.0,	0.053348541259765625,	0.10704803466796875
5874001875.0,	0.05434417724609375,	0.106048583984375
5874047500.0,	0.055599212646484375,	0.1088104248046875
5874093125.0,	0.053089141845703125,	0.1066131591796875
5874138750.0,	0.053890228271484375,	0.10740280151367188
5874184375.0,	0.05200958251953125,	0.10871505737304688
5874230000.0,	0.051464080810546875,	0.10619354248046875
5874275625.0,	0.053417205810546875,	0.10924911499023438
5874321250.0,	0.05149078369140625,	0.10634231567382812
5874366875.0,	0.053600311279296875,	0.10660171508789062
5874412500.0,	0.052875518798828125,	0.10890579223632812
5874458125.0,	0.05224609375,	0.10534286499023438
5874503750.0,	0.0540771484375,	0.10567855834960938
5874549375.0,	0.0548858642578125,	0.106903076171875
5874595000.0,	0.055694580078125,	0.10905838012695312
5874640625.0,	0.053760528564453125,	0.10726547241210938
5874686250.0,	0.053485870361328125,	0.10895156860351562
5874731875.0,	0.055072784423828125,	0.10816574096679688
5874777500.0,	0.052463531494140625,	0.1059417724609375
5874823125.0,	0.054656982421875,	0.11064529418945312
5874868750.0,	0.054271697998046875,	0.10754013061523438
5874914375.0,	0.054149627685546875,	0.10747146606445312
5874960000.0,	0.054843902587890625,	0.108184814453125
5875005625.0,	0.0559234619140625,	0.10955429077148438
5875051250.0,	0.054119110107421875,	0.10904693603515625
5875096875.0,	0.05638885498046875,	0.10729598999023438
5875142500.0,	0.054279327392578125,	0.10781478881835938
5875188125.0,	0.05579376220703125,	0.108428955078125
5875233750.0,	0.055683135986328125,	0.10669326782226562
5875279375.0,	0.054229736328125,	0.10935592651367188
5875325000.0,	0.05483245849609375,	0.10764694213867188
5875370625.0,	0.056118011474609375,	0.10709762573242188
5875416250.0,	0.055004119873046875,	0.10968399047851562
5875461875.0,	0.05743408203125,	0.10821533203125
5875507500.0,	0.0546722412109375,	0.10967254638671875
5875553125.0,	0.055202484130859375,	0.10821533203125
5875598750.0,	0.05332183837890625,	0.10924911499023438
5875644375.0,	0.054241180419921875,	0.10805130004882812
5875690000.0,	0.0552215576171875,	0.1092376708984375
5875735625.0,	0.054981231689453125,	0.109130859375
5875781250.0,	0.055438995361328125,	0.10803604125976562
5875826875.0,	0.056491851806640625,	0.10884475708007812
5875872500.0,	0.055912017822265625,	0.11023330688476562
5875918125.0,	0.054660797119140625,	0.10768890380859375
5875963750.0,	0.057147979736328125,	0.10956573486328125
5876009375.0,	0.05816650390625,	0.1115875244140625
5876055000.0,	0.0555877685546875,	0.108428955078125
5876100625.0,	0.055438995361328125,	0.1085968017578125
5876146250.0,	0.055545806884765625,	0.11040878295898438
5876191875.0,	0.05648040771484375,	0.10960769653320312
5876237500.0,	0.057979583740234375,	0.10886764526367188
5876283125.0,	0.056735992431640625,	0.10919189453125
5876328750.0,	0.0558013916015625,	0.11220550537109375
5876374375.0,	0.056446075439453125,	0.11101913452148438
5876420000.0,	0.057216644287109375,	0.10937881469726562
5876465625.0,	0.0590362548828125,	0.11006927490234375
5876511250.0,	0.0572052001953125,	0.11238861083984375
5876556875.0,	0.05713653564453125,	0.110015869140625
5876602500.0,	0.058956146240234375,	0.10912704467773438
5876648125.0,	0.056819915771484375,	0.10914230346679688
5876693750.0,	0.0570220947265625,	0.110687255859375
5876739375.0,	0.057010650634765625,	0.10887527465820312
5876785000.0,	0.057415008544921875,	0.110992431640625
5876830625.0,	0.057407379150390625,	0.1100311279296875
5876876250.0,	0.05817413330078125,	0.11175537109375
5876921875.0,	0.057521820068359375,	0.11066818237304688
5876967500.0,	0.059352874755859375,	0.11117172241210938
5877013125.0,	0.05780792236328125,	0.1117401123046875
5877058750.0,	0.05739593505859375,	0.11038589477539062
5877104375.0,	0.057464599609375,	0.10883331298828125
5877150000.0,	0.058246612548828125,	0.11106109619140625
5877195625.0,	0.05902099609375,	0.10973739624023438
5877241250.0,	0.058055877685546875,	0.11113739013671875
5877286875.0,	0.057689666748046875,	0.11083221435546875
5877332500.0,	0.057430267333984375,	0.110382080078125
5877378125.0,	0.05699920654296875,	0.1090850830078125
5877423750.0,	0.05844879150390625,	0.1109771728515625
5877469375.0,	0.060588836669921875,	0.11052322387695312
5877515000.0,	0.05905914306640625,	0.11005020141601562
5877560625.0,	0.0581512451171875,	0.11025619506835938
5877606250.0,	0.059234619140625,	0.1101226806640625
5877651875.0,	0.058650970458984375,	0.1096649169921875
5877697500.0,	0.058124542236328125,	0.1123199462890625
5877743125.0,	0.059116363525390625,	0.1136474609375
5877788750.0,	0.060237884521484375,	0.1105499267578125
5877834375.0,	0.0587158203125,	0.11228561401367188
5877880000.0,	0.057220458984375,	0.110076904296875
5877925625.0,	0.059726715087890625,	0.11197280883789062
5877971250.0,	0.05879974365234375,	0.111175537109375
5878016875.0,	0.05898284912109375,	0.10972976684570312
5878062500.0,	0.058391571044921875,	0.10947418212890625
5878108125.0,	0.060428619384765625,	0.10973739624023438
5878153750.0,	0.059940338134765625,	0.11045074462890625
5878199375.0,	0.059032440185546875,	0.11153411865234375
5878245000.0,	0.059696197509765625,	0.1109161376953125
5878290625.0,	0.058971405029296875,	0.11120223999023438
5878336250.0,	0.058197021484375,	0.11114120483398438
5878381875.0,	0.0614776611328125,	0.11080169677734375
5878427500.0,	0.05934906005859375,	0.11215972900390625
5878473125.0,	0.058773040771484375,	0.11206817626953125
5878518750.0,	0.05956268310546875,	0.11248016357421875
5878564375.0,	0.058773040771484375,	0.11195755004882812
5878610000.0,	0.06110382080078125,	0.11320877075195312
5878655625.0,	0.05887603759765625,	0.11162948608398438
5878701250.0,	0.06024932861328125,	0.11037826538085938
5878746875.0,	0.05902099609375,	0.11312103271484375
5878792500.0,	0.05925750732421875,	0.1124420166015625
5878838125.0,	0.061000823974609375,	0.11090850830078125
5878883750.0,	0.0601043701171875,	0.11253738403320312
5878929375.0,	0.060482025146484375,	0.1107635498046875
5878975000.0,	0.058162689208984375,	0.11001205444335938
5879020625.0,	0.059597015380859375,	0.11401748657226562
5879066250.0,	0.06085205078125,	0.11158370971679688
5879111875.0,	0.0605926513671875,	0.11156845092773438
5879157500.0,	0.059513092041015625,	0.11359024047851562
5879203125.0,	0.0602569580078125,	0.11110687255859375
5879248750.0,	0.058307647705078125,	0.11085891723632812
5879294375.0,	0.06052398681640625,	0.11181259155273438
5879340000.0,	0.06064605712890625,	0.11128616333007812
5879385625.0,	0.060771942138671875,	0.11275100708007812
5879431250.0,	0.06072235107421875,	0.11333084106445312
5879476875.0,	0.060359954833984375,	0.1112060546875
5879522500.0,	0.0600738525390625,	0.11249923706054688
5879568125.0,	0.0605621337890625,	0.11257553100585938
5879613750.0,	0.059459686279296875,	0.11116790771484375
5879659375.0,	0.061008453369140625,	0.11222457885742188
5879705000.0,	0.060405731201171875,	0.11326217651367188
5879750625.0,	0.06044769287109375,	0.11212539672851562
5879796250.0,	0.060638427734375,	0.11188507080078125
5879841875.0,	0.060115814208984375,	0.11133193969726562
5879887500.0,	0.059986114501953125,	0.11086654663085938
5879933125.0,	0.061756134033203125,	0.113372802734375
5879978750.0,	0.06134033203125,	0.1140899658203125
5880024375.0,	0.059112548828125,	0.1124420166015625
5880070000.0,	0.058261871337890625,	0.11254119873046875
5880115625.0,	0.061473846435546875,	0.11258316040039062
5880161250.0,	0.062259674072265625,	0.11331939697265625
5880206875.0,	0.061382293701171875,	0.1131744384765625
5880252500.0,	0.061695098876953125,	0.11260604858398438
5880298125.0,	0.061641693115234375,	0.11555099487304688
5880343750.0,	0.062152862548828125,	0.11280059814453125
5880389375.0,	0.061061859130859375,	0.1125335693359375
5880435000.0,	0.060455322265625,	0.11329269409179688
5880480625.0,	0.06346893310546875,	0.11308670043945312
5880526250.0,	0.059955596923828125,	0.11279678344726562
5880571875.0,	0.060947418212890625,	0.11345291137695312
5880617500.0,	0.060028076171875,	0.11231231689453125
5880663125.0,	0.062084197998046875,	0.1127166748046875
5880708750.0,	0.06308746337890625,	0.113861083984375
5880754375.0,	0.06291580200195312,	0.11283111572265625
5880800000.0,	0.0628204345703125,	0.11245346069335938
5880845625.0,	0.06256866455078125,	0.1147613525390625
5880891250.0,	0.06261825561523438,	0.1139373779296875
5880936875.0,	0.0609283447265625,	0.1125640869140625
5880982500.0,	0.0602264404296875,	0.11479949951171875
5881028125.0,	0.058498382568359375,	0.1146240234375
5881073750.0,	0.06430435180664062,	0.114044189453125
5881119375.0,	0.061161041259765625,	0.11205673217773438
5881165000.0,	0.06223297119140625,	0.11214447021484375
5881210625.0,	0.061878204345703125,	0.1133575439453125
5881256250.0,	0.061946868896484375,	0.1139984130859375
5881301875.0,	0.06233978271484375,	0.11258316040039062
5881347500.0,	0.0640869140625,	0.1136932373046875
5881393125.0,	0.0630035400390625,	0.11397933959960938
5881438750.0,	0.0621185302734375,	0.11341476440429688
5881484375.0,	0.06211090087890625,	0.11281204223632812
5881530000.0,	0.060970306396484375,	0.113922119140625
5881575625.0,	0.0611419677734375,	0.11313629150390625
5881621250.0,	0.059619903564453125,	0.1144561767578125
5881666875.0,	0.06290435791015625,	0.11431884765625
5881712500.0,	0.0634613037109375,	0.11547088623046875
5881758125.0,	0.0625,	0.112396240234375
5881803750.0,	0.06301498413085938,	0.11371994018554688
5881849375.0,	0.06217193603515625,	0.11403656005859375
5881895000.0,	0.06429672241210938,	0.1158447265625
5881940625.0,	0.06512069702148438,	0.11344528198242188
5881986250.0,	0.0629119873046875,	0.1141204833984375
5882031875.0,	0.0627288818359375,	0.11294174194335938
5882077500.0,	0.063201904296875,	0.11279296875
5882123125.0,	0.06272506713867188,	0.11485671997070312
5882168750.0,	0.06182098388671875,	0.11449432373046875
5882214375.0,	0.0628509521484375,	0.11487579345703125
5882260000.0,	0.06345748901367188,	0.11508560180664062
5882305625.0,	0.062366485595703125,	0.11415481567382812
5882351250.0,	0.062076568603515625,	0.1158905029296875
5882396875.0,	0.06420135498046875,	0.11402130126953125
5882442500.0,	0.0615997314453125,	0.11311721801757812
5882488125.0,	0.061466217041015625,	0.11594390869140625
5882533750.0,	0.06307220458984375,	0.11602783203125
5882579375.0,	0.06354522705078125,	0.11388015747070312
5882625000.0,	0.06299972534179688,	0.11430740356445312
5882670625.0,	0.06675338745117188,	0.11521148681640625
5882716250.0,	0.06499862670898438,	0.11519622802734375
5882761875.0,	0.0643310546875,	0.11370086669921875
5882807500.0,	0.06114959716796875,	0.11522674560546875
5882853125.0,	0.06230926513671875,	0.1143951416015625
5882898750.0,	0.06256484985351562,	0.11330795288085938
5882944375.0,	0.0639190673828125,	0.11376571655273438
5882990000.0,	0.0641021728515625,	0.11672592163085938
5883035625.0,	0.06457138061523438,	0.11471176147460938
5883081250.0,	0.06302261352539062,	0.11706924438476562
5883126875.0,	0.0619049072265625,	0.11775588989257812
5883172500.0,	0.06563949584960938,	0.11505508422851562
5883218125.0,	0.06339263916015625,	0.11407852172851562
5883263750.0,	0.06342315673828125,	0.115020751953125
5883309375.0,	0.06535720825195312,	0.11574554443359375
5883355000.0,	0.064910888671875,	0.11515426635742188
5883400625.0,	0.0643768310546875,	0.1157684326171875
5883446250.0,	0.06362152099609375,	0.11297988891601562
5883491875.0,	0.06332778930664062,	0.1149444580078125
5883537500.0,	0.0640716552734375,	0.11484527587890625
5883583125.0,	0.06507492065429688,	0.11438369750976562
5883628750.0,	0.06520843505859375,	0.11554336547851562
5883674375.0,	0.06353378295898438,	0.1142425537109375
5883720000.0,	0.06355667114257812,	0.11707687377929688
5883765625.0,	0.0642547607421875,	0.11457443237304688
5883811250.0,	0.0648040771484375,	0.11520767211914062
5883856875.0,	0.06339645385742188,	0.1158294677734375
5883902500.0,	0.0632476806640625,	0.114715576171875
5883948125.0,	0.06336212158203125,	0.11543655395507812
5883993750.0,	0.065032958984375,	0.11317825317382812
5884039375.0,	0.06338119506835938,	0.11538314819335938
5884085000.0,	0.06627655029296875,	0.11619949340820312
5884130625.0,	0.062145233154296875,	0.11474609375
5884176250.0,	0.06538009643554688,	0.11620712280273438
5884221875.0,	0.063568115234375,	0.11414337158203125
5884267500.0,	0.0656280517578125,	0.11562728881835938
5884313125.0,	0.06404876708984375,	0.1177215576171875
5884358750.0,	0.06509017944335938,	0.11489486694335938
5884404375.0,	0.062530517578125,	0.11534881591796875
5884450000.0,	0.06602096557617188,	0.1130218505859375
5884495625.0,	0.06468963623046875,	0.11562728881835938
5884541250.0,	0.06456756591796875,	0.11581802368164062
5884586875.0,	0.06244659423828125,	0.115509033203125
5884632500.0,	0.06557083129882812,	0.11577606201171875
5884678125.0,	0.06473159790039062,	0.11454391479492188
5884723750.0,	0.06683349609375,	0.1173095703125
5884769375.0,	0.06539154052734375,	0.11666107177734375
5884815000.0,	0.06460189819335938,	0.11618804931640625
5884860625.0,	0.06436920166015625,	0.1160736083984375
5884906250.0,	0.06417083740234375,	0.11565780639648438
5884951875.0,	0.06424331665039062,	0.11629867553710938
5884997500.0,	0.0645294189453125,	0.115020751953125
5885043125.0,	0.06342697143554688,	0.117767333984375
5885088750.0,	0.06468582153320312,	0.11641693115234375
5885134375.0,	0.06539154052734375,	0.11723709106445312
5885180000.0,	0.06346893310546875,	0.11662673950195312
5885225625.0,	0.06546401977539062,	0.11651229858398438
5885271250.0,	0.06539535522460938,	0.11785507202148438
5885316875.0,	0.06433486938476562,	0.11735153198242188
5885362500.0,	0.06653594970703125,	0.11612319946289062
5885408125.0,	0.06343841552734375,	0.11439895629882812
5885453750.0,	0.06496047973632812,	0.11678314208984375
5885499375.0,	0.06518936157226562,	0.11764907836914062
5885545000.0,	0.06568145751953125,	0.11412811279296875
5885590625.0,	0.06610107421875,	0.11720657348632812
5885636250.0,	0.06548690795898438,	0.1170501708984375
5885681875.0,	0.06421279907226562,	0.11593246459960938
5885727500.0,	0.06481170654296875,	0.11627197265625
5885773125.0,	0.06554794311523438,	0.11605453491210938
5885818750.0,	0.06490325927734375,	0.11606597900390625
5885864375.0,	0.06541061401367188,	0.11668777465820312
5885910000.0,	0.06521987915039062,	0.11565399169921875
5885955625.0,	0.06610488891601562,	0.1155853271484375
5886001250.0,	0.06553268432617188,	0.11673355102539062
5886046875.0,	0.06644821166992188,	0.1182403564453125
5886092500.0,	0.0637359619140625,	0.1162261962890625
5886138125.0,	0.06587982177734375,	0.11588668823242188
5886183750.0,	0.0667266845703125,	0.11966705322265625
5886229375.0,	0.06656265258789062,	0.1160888671875
5886275000.0,	0.06601333618164062,	0.116912841796875
5886320625.0,	0.06587982177734375,	0.1180419921875
5886366250.0,	0.06624221801757812,	0.11632156372070312
5886411875.0,	0.06737899780273438,	0.1153717041015625
5886457500.0,	0.06600570678710938,	0.1183013916015625
5886503125.0,	0.06726837158203125,	0.11746978759765625
5886548750.0,	0.0660400390625,	0.11689376831054688
5886594375.0,	0.06633758544921875,	0.11589813232421875
5886640000.0,	0.06550216674804688,	0.11614990234375
5886685625.0,	0.06598663330078125,	0.1171722412109375
5886731250.0,	0.06544876098632812,	0.11680984497070312
5886776875.0,	0.06557464599609375,	0.1166534423828125
5886822500.0,	0.06357192993164062,	0.1152801513671875
5886868125.0,	0.06754302978515625,	0.1201934814453125
5886913750.0,	0.06528091430664062,	0.117156982421875
5886959375.0,	0.06676864624023438,	0.116241455078125
5887005000.0,	0.06700515747070312,	0.11840057373046875
5887050625.0,	0.06714630126953125,	0.117919921875
5887096250.0,	0.06823348999023438,	0.118194580078125
5887141875.0,	0.06646347045898438,	0.11737060546875
5887187500.0,	0.06565093994140625,	0.11688995361328125
5887233125.0,	0.06672286987304688,	0.11959457397460938
5887278750.0,	0.06568145751953125,	0.11814498901367188
5887324375.0,	0.06659317016601562,	0.11606979370117188
5887370000.0,	0.06508255004882812,	0.11814498901367188
5887415625.0,	0.06781005859375,	0.11896514892578125
5887461250.0,	0.0667266845703125,	0.1175537109375
5887506875.0,	0.0676422119140625,	0.1160888671875
5887552500.0,	0.0647735595703125,	0.11576080322265625
5887598125.0,	0.06744384765625,	0.11696243286132812
5887643750.0,	0.06633758544921875,	0.11668014526367188
5887689375.0,	0.06673431396484375,	0.11700439453125
5887735000.0,	0.06739425659179688,	0.11733245849609375
5887780625.0,	0.06493377685546875,	0.117645263671875
5887826250.0,	0.06915283203125,	0.11758804321289062
5887871875.0,	0.06673431396484375,	0.1163482666015625
5887917500.0,	0.067352294921875,	0.11517715454101562
5887963125.0,	0.06653213500976562,	0.1166229248046875
5888008750.0,	0.06891250610351562,	0.11848068237304688
5888054375.0,	0.06731033325195312,	0.11779403686523438
5888100000.0,	0.06568145751953125,	0.11598968505859375
5888145625.0,	0.067230224609375,	0.1176300048828125
5888191250.0,	0.06569671630859375,	0.11669158935546875
5888236875.0,	0.06715774536132812,	0.11749267578125
5888282500.0,	0.06718063354492188,	0.116668701171875
5888328125.0,	0.067413330078125,	0.11654281616210938
5888373750.0,	0.06599807739257812,	0.1168365478515625
5888419375.0,	0.06612014770507812,	0.11996841430664062
5888465000.0,	0.06904220581054688,	0.11649322509765625
5888510625.0,	0.0675506591796875,	0.11639404296875
5888556250.0,	0.06645584106445312,	0.11753082275390625
5888601875.0,	0.06616592407226562,	0.1155853271484375
5888647500.0,	0.0681304931640625,	0.11690902709960938
5888693125.0,	0.0666656494140625,	0.11632537841796875
5888738750.0,	0.06761932373046875,	0.11573028564453125
5888784375.0,	0.06853485107421875,	0.11964035034179688
5888830000.0,	0.06941986083984375,	0.11667633056640625
5888875625.0,	0.06622314453125,	0.11615753173828125
5888921250.0,	0.06843948364257812,	0.1191558837890625
5888966875.0,	0.0675506591796875,	0.11700820922851562
5889012500.0,	0.06815719604492188,	0.11707687377929688
5889058125.0,	0.06780624389648438,	0.11642837524414062
5889103750.0,	0.06774139404296875,	0.11917877197265625
5889149375.0,	0.0665283203125,	0.11832809448242188
5889195000.0,	0.06693649291992188,	0.11689376831054688
5889240625.0,	0.06622314453125,	0.11764144897460938
5889286250.0,	0.06779098510742188,	0.11754608154296875
5889331875.0,	0.06721878051757812,	0.11867523193359375
5889377500.0,	0.067840576171875,	0.11931228637695312
5889423125.0,	0.06911849975585938,	0.11980056762695312
5889468750.0,	0.0662078857421875,	0.11639022827148438
5889514375.0,	0.06793212890625,	0.11769485473632812
5889560000.0,	0.06696319580078125,	0.1176910400390625
5889605625.0,	0.06751632690429688,	0.11627578735351562
5889651250.0,	0.06678390502929688,	0.1180267333984375
5889696875.0,	0.069488525390625,	0.11864089965820312
5889742500.0,	0.06817245483398438,	0.11772537231445312
5889788125.0,	0.06762313842773438,	0.11573028564453125
5889833750.0,	0.06715774536132812,	0.1181793212890625
5889879375.0,	0.06798934936523438,	0.11884307861328125
5889925000.0,	0.0693359375,	0.11836624145507812
5889970625.0,	0.06948089599609375,	0.1178131103515625
5890016250.0,	0.06872940063476562,	0.11626434326171875
5890061875.0,	0.06779861450195312,	0.11808395385742188
5890107500.0,	0.06711959838867188,	0.11965560913085938
5890153125.0,	0.06801605224609375,	0.11799240112304688
5890198750.0,	0.068115234375,	0.11829757690429688
5890244375.0,	0.06930160522460938,	0.1186676025390625
5890290000.0,	0.06978225708007812,	0.12023162841796875
5890335625.0,	0.06882858276367188,	0.11832427978515625
5890381250.0,	0.06871795654296875,	0.12001419067382812
5890426875.0,	0.06797027587890625,	0.1208038330078125
5890472500.0,	0.07030487060546875,	0.11873245239257812
5890518125.0,	0.06745147705078125,	0.11827850341796875
5890563750.0,	0.06955337524414062,	0.11649322509765625
5890609375.0,	0.0694427490234375,	0.1195220947265625
5890655000.0,	0.06915664672851562,	0.11736679077148438
5890700625.0,	0.06892776489257812,	0.118560791015625
5890746250.0,	0.06957244873046875,	0.11891555786132812
5890791875.0,	0.069000244140625,	0.11823654174804688
5890837500.0,	0.06652069091796875,	0.11987686157226562
5890883125.0,	0.07173538208007812,	0.12016677856445312
5890928750.0,	0.06919097900390625,	0.11941146850585938
5890974375.0,	0.06848526000976562,	0.1181640625
5891020000.0,	0.0720672607421875,	0.11825942993164062
5891065625.0,	0.06969451904296875,	0.11630630493164062
5891111250.0,	0.07024383544921875,	0.1191864013671875
5891156875.0,	0.06924819946289062,	0.1170654296875
5891202500.0,	0.0688323974609375,	0.11931228637695312
5891248125.0,	0.069915771484375,	0.11835098266601562
5891293750.0,	0.07014083862304688,	0.12156295776367188
5891339375.0,	0.07085037231445312,	0.1175537109375
5891385000.0,	0.06951141357421875,	0.11684799194335938
5891430625.0,	0.07024002075195312,	0.11805343627929688
5891476250.0,	0.068328857421875,	0.11780929565429688
5891521875.0,	0.06893157958984375,	0.11964035034179688
5891567500.0,	0.07090377807617188,	0.11772918701171875
5891613125.0,	0.06943130493164062,	0.11700057983398438
5891658750.0,	0.07177352905273438,	0.11850357055664062
5891704375.0,	0.07006072998046875,	0.11716842651367188
5891750000.0,	0.06894302368164062,	0.11972808837890625
5891795625.0,	0.06856155395507812,	0.1189117431640625
5891841250.0,	0.07120132446289062,	0.11742782592773438
5891886875.0,	0.06991958618164062,	0.11905670166015625
5891932500.0,	0.07187271118164062,	0.11915206909179688
5891978125.0,	0.07117462158203125,	0.11774826049804688
5892023750.0,	0.0719451904296875,	0.11672592163085938
5892069375.0,	0.06872940063476562,	0.11891937255859375
5892115000.0,	0.0685577392578125,	0.1181793212890625
5892160625.0,	0.06954574584960938,	0.1172637939453125
5892206250.0,	0.07073211669921875,	0.11999130249023438
5892251875.0,	0.06894302368164062,	0.11840438842773438
5892297500.0,	0.06866836547851562,	0.11920928955078125
5892343125.0,	0.0689544677734375,	0.1194610595703125
5892388750.0,	0.06957244873046875,	0.11808395385742188
5892434375.0,	0.07044601440429688,	0.11872482299804688
5892480000.0,	0.06950759887695312,	0.11987686157226562
5892525625.0,	0.07126617431640625,	0.11843490600585938
5892571250.0,	0.06878280639648438,	0.12045669555664062
5892616875.0,	0.06957244873046875,	0.1174774169921875
5892662500.0,	0.07018280029296875,	0.11816024780273438
5892708125.0,	0.07024383544921875,	0.11780166625976562
5892753750.0,	0.0704498291015625,	0.11800003051757812
5892799375.0,	0.07131576538085938,	0.1181182861328125
5892845000.0,	0.06943130493164062,	0.11959457397460938
5892890625.0,	0.07038497924804688,	0.119964599609375
5892936250.0,	0.0718841552734375,	0.11813735961914062
5892981875.0,	0.07004547119140625,	0.11943435668945312
5893027500.0,	0.06885528564453125,	0.117034912109375
5893073125.0,	0.0685882568359375,	0.12076568603515625
5893118750.0,	0.06870269775390625,	0.12029266357421875
5893164375.0,	0.0715484619140625,	0.11800765991210938
5893210000.0,	0.07049179077148438,	0.12000656127929688
5893255625.0,	0.06882858276367188,	0.11847686767578125
5893301250.0,	0.070953369140625,	0.1182708740234375
5893346875.0,	0.069061279296875,	0.12076568603515625
5893392500.0,	0.0694122314453125,	0.11896133422851562
5893438125.0,	0.07307052612304688,	0.1189422607421875
5893483750.0,	0.07002639770507812,	0.11994171142578125
5893529375.0,	0.06879425048828125,	0.121368408203125
5893575000.0,	0.07034683227539062,	0.11894607543945312
5893620625.0,	0.07149124145507812,	0.11985015869140625
5893666250.0,	0.07107162475585938,	0.1208648681640625
5893711875.0,	0.06814956665039062,	0.11958694458007812
5893757500.0,	0.06993484497070312,	0.119384765625
5893803125.0,	0.0694122314453125,	0.11841964721679688
5893848750.0,	0.07090377807617188,	0.11665725708007812
5893894375.0,	0.07041549682617188,	0.12042617797851562
5893940000.0,	0.07152175903320312,	0.11761856079101562
5893985625.0,	0.07085418701171875,	0.11859893798828125
5894031250.0,	0.0697174072265625,	0.11912155151367188
5894076875.0,	0.0719757080078125,	0.12038803100585938
5894122500.0,	0.07082366943359375,	0.11959075927734375
5894168125.0,	0.07317352294921875,	0.11684417724609375
5894213750.0,	0.07082366943359375,	0.12159347534179688
5894259375.0,	0.06960678100585938,	0.11938095092773438
5894305000.0,	0.070343017578125,	0.1197509765625
5894350625.0,	0.07085800170898438,	0.12066650390625
5894396250.0,	0.07121658325195312,	0.12070465087890625
5894441875.0,	0.07279205322265625,	0.11960983276367188
5894487500.0,	0.06883621215820312,	0.11812973022460938
5894533125.0,	0.073272705078125,	0.12044525146484375
5894578750.0,	0.07072830200195312,	0.11688232421875
5894624375.0,	0.07114028930664062,	0.1181640625
5894670000.0,	0.07217788696289062,	0.11961746215820312
5894715625.0,	0.07085418701171875,	0.1192779541015625
5894761250.0,	0.0700531005859375,	0.11935806274414062
5894806875.0,	0.07000350952148438,	0.1195220947265625
5894852500.0,	0.0714569091796875,	0.11983489990234375
5894898125.0,	0.07059478759765625,	0.11985015869140625
5894943750.0,	0.07195663452148438,	0.12044525146484375
5894989375.0,	0.07039260864257812,	0.11790847778320312
5895035000.0,	0.07457733154296875,	0.11729049682617188
5895080625.0,	0.07220840454101562,	0.12176132202148438
5895126250.0,	0.07140350341796875,	0.118927001953125
5895171875.0,	0.07150650024414062,	0.11952972412109375
5895217500.0,	0.07291412353515625,	0.11998367309570312
5895263125.0,	0.07265853881835938,	0.11884689331054688
5895308750.0,	0.07114410400390625,	0.11865615844726562
5895354375.0,	0.07085418701171875,	0.12080764770507812
5895400000.0,	0.07285690307617188,	0.11816024780273438
5895445625.0,	0.0716552734375,	0.12037277221679688
5895491250.0,	0.07154464721679688,	0.12008285522460938
5895536875.0,	0.07242965698242188,	0.1192474365234375
5895582500.0,	0.07125473022460938,	0.11859512329101562
5895628125.0,	0.07098388671875,	0.11864089965820312
5895673750.0,	0.06982421875,	0.12060546875
5895719375.0,	0.0715179443359375,	0.12024688720703125
5895765000.0,	0.07107925415039062,	0.119842529296875
5895810625.0,	0.07181549072265625,	0.1208038330078125
5895856250.0,	0.07361602783203125,	0.1201629638671875
5895901875.0,	0.07162857055664062,	0.12004852294921875
5895947500.0,	0.07321929931640625,	0.1217193603515625
5895993125.0,	0.07238388061523438,	0.12067413330078125
5896038750.0,	0.07239151000976562,	0.12029647827148438
5896084375.0,	0.07331466674804688,	0.11945343017578125
5896130000.0,	0.07208251953125,	0.11885452270507812
5896175625.0,	0.07236862182617188,	0.11816787719726562
5896221250.0,	0.0718994140625,	0.1193695068359375
5896266875.0,	0.07318115234375,	0.11887359619140625
5896312500.0,	0.07233047485351562,	0.11929702758789062
5896358125.0,	0.0745697021484375,	0.12058258056640625
5896403750.0,	0.0721588134765625,	0.12085342407226562
5896449375.0,	0.07186126708984375,	0.11999893188476562
5896495000.0,	0.07311248779296875,	0.11986160278320312
5896540625.0,	0.07191848754882812,	0.12044525146484375
5896586250.0,	0.07195281982421875,	0.11951828002929688
5896631875.0,	0.0734710693359375,	0.11979293823242188
5896677500.0,	0.07357406616210938,	0.11978530883789062
5896723125.0,	0.07400131225585938,	0.12127304077148438
5896768750.0,	0.07169723510742188,	0.11956024169921875
5896814375.0,	0.07112503051757812,	0.12073516845703125
5896860000.0,	0.07166671752929688,	0.12120437622070312
5896905625.0,	0.07173538208007812,	0.12198638916015625
5896951250.0,	0.07324981689453125,	0.11959075927734375
5896996875.0,	0.07202529907226562,	0.12139511108398438
5897042500.0,	0.0727081298828125,	0.12235260009765625
5897088125.0,	0.07422256469726562,	0.12120437622070312
5897133750.0,	0.0720367431640625,	0.12119674682617188
5897179375.0,	0.07507705688476562,	0.11987686157226562
5897225000.0,	0.07590103149414062,	0.12026214599609375
5897270625.0,	0.07243728637695312,	0.12081527709960938
5897316250.0,	0.0728759765625,	0.11995697021484375
5897361875.0,	0.07073593139648438,	0.11908340454101562
5897407500.0,	0.07479095458984375,	0.12012100219726562
5897453125.0,	0.07132720947265625,	0.11994171142578125
5897498750.0,	0.07354736328125,	0.1188812255859375
5897544375.0,	0.07371902465820312,	0.12162399291992188
5897590000.0,	0.07503128051757812,	0.12077713012695312
5897635625.0,	0.073333740234375,	0.12194442749023438
5897681250.0,	0.07258224487304688,	0.11893844604492188
5897726875.0,	0.07406234741210938,	0.1194915771484375
5897772500.0,	0.07368087768554688,	0.12042617797851562
5897818125.0,	0.07347869873046875,	0.12001800537109375
5897863750.0,	0.07354354858398438,	0.12223052978515625
5897909375.0,	0.07171630859375,	0.12022018432617188
5897955000.0,	0.07514572143554688,	0.12108993530273438
5898000625.0,	0.071990966796875,	0.12015533447265625
5898046250.0,	0.07379150390625,	0.11996841430664062
5898091875.0,	0.07623672485351562,	0.121337890625
5898137500.0,	0.07270050048828125,	0.12096405029296875
5898183125.0,	0.07266998291015625,	0.1217193603515625
5898228750.0,	0.072784423828125,	0.12060546875
5898274375.0,	0.07242965698242188,	0.120513916015625
5898320000.0,	0.074493408203125,	0.12081146240234375
5898365625.0,	0.07515716552734375,	0.12015151977539062
5898411250.0,	0.07292938232421875,	0.1189117431640625
5898456875.0,	0.0740203857421875,	0.1202545166015625
5898502500.0,	0.07320404052734375,	0.11954498291015625
5898548125.0,	0.07466506958007812,	0.12081146240234375
5898593750.0,	0.07421112060546875,	0.12101364135742188
5898639375.0,	0.07345962524414062,	0.11952972412109375
5898685000.0,	0.07344818115234375,	0.12112045288085938
5898730625.0,	0.07452392578125,	0.11910247802734375
5898776250.0,	0.07407760620117188,	0.119232177734375
5898821875.0,	0.07570648193359375,	0.11938858032226562
5898867500.0,	0.07477188110351562,	0.11976242065429688
5898913125.0,	0.07304763793945312,	0.12178802490234375
5898958750.0,	0.07523727416992188,	0.12103652954101562
5899004375.0,	0.073760986328125,	0.12102127075195312
5899050000.0,	0.075592041015625,	0.11930465698242188
5899095625.0,	0.0748443603515625,	0.12053298950195312
5899141250.0,	0.07385635375976562,	0.1204986572265625
5899186875.0,	0.07447052001953125,	0.1225433349609375
5899232500.0,	0.07627105712890625,	0.12092971801757812
5899278125.0,	0.072235107421875,	0.12069320678710938
5899323750.0,	0.07381439208984375,	0.1208038330078125
5899369375.0,	0.07342147827148438,	0.1227264404296875
5899415000.0,	0.0735015869140625,	0.1224212646484375
5899460625.0,	0.07337570190429688,	0.12284088134765625
5899506250.0,	0.07544708251953125,	0.1215057373046875
5899551875.0,	0.07363510131835938,	0.12182998657226562
5899597500.0,	0.07563018798828125,	0.1208648681640625
5899643125.0,	0.07358932495117188,	0.12131500244140625
5899688750.0,	0.075592041015625,	0.12086105346679688
5899734375.0,	0.07614898681640625,	0.12186813354492188
5899780000.0,	0.07456588745117188,	0.12243270874023438
5899825625.0,	0.07254409790039062,	0.12212371826171875
5899871250.0,	0.074859619140625,	0.1208953857421875
5899916875.0,	0.07636642456054688,	0.12174224853515625
5899962500.0,	0.07375717163085938,	0.120208740234375
5900008125.0,	0.07395172119140625,	0.12140274047851562
5900053750.0,	0.0756378173828125,	0.1204071044921875
5900099375.0,	0.07598876953125,	0.1221466064453125
5900145000.0,	0.07359695434570312,	0.12080001831054688
5900190625.0,	0.0744781494140625,	0.12042617797851562
5900236250.0,	0.07461929321289062,	0.12137985229492188
5900281875.0,	0.07509994506835938,	0.12105941772460938
5900327500.0,	0.07575607299804688,	0.11771774291992188
5900373125.0,	0.075042724609375,	0.1219940185546875
5900418750.0,	0.07429885864257812,	0.12271499633789062
5900464375.0,	0.07516860961914062,	0.12207794189453125
5900510000.0,	0.0761260986328125,	0.12120819091796875
5900555625.0,	0.07482147216796875,	0.12081146240234375
5900601250.0,	0.07851409912109375,	0.12191390991210938
5900646875.0,	0.07444000244140625,	0.12060928344726562
5900692500.0,	0.0742950439453125,	0.12216567993164062
5900738125.0,	0.0751495361328125,	0.12079238891601562
5900783750.0,	0.07354354858398438,	0.11994171142578125
5900829375.0,	0.0754241943359375,	0.1208038330078125
5900875000.0,	0.07808685302734375,	0.12255859375
5900920625.0,	0.07412338256835938,	0.1204833984375
5900966250.0,	0.07674407958984375,	0.11930465698242188
5901011875.0,	0.07529830932617188,	0.120941162109375
5901057500.0,	0.07673263549804688,	0.12210464477539062
5901103125.0,	0.07501220703125,	0.12071990966796875
5901148750.0,	0.07595062255859375,	0.12085723876953125
5901194375.0,	0.07382583618164062,	0.12191390991210938
5901240000.0,	0.07381820678710938,	0.12300491333007812
5901285625.0,	0.0750274658203125,	0.12091064453125
5901331250.0,	0.07324981689453125,	0.12143707275390625
5901376875.0,	0.07317733764648438,	0.12152099609375
5901422500.0,	0.07591629028320312,	0.12195587158203125
5901468125.0,	0.0741424560546875,	0.12030410766601562
5901513750.0,	0.07826995849609375,	0.12107467651367188
5901559375.0,	0.07515716552734375,	0.12239837646484375
5901605000.0,	0.07812118530273438,	0.12276077270507812
5901650625.0,	0.07551956176757812,	0.1220550537109375
5901696250.0,	0.07443618774414062,	0.12042999267578125
5901741875.0,	0.07617568969726562,	0.12066268920898438
5901787500.0,	0.07554244995117188,	0.1228485107421875
5901833125.0,	0.07441329956054688,	0.1208343505859375
5901878750.0,	0.07735061645507812,	0.1235198974609375
5901924375.0,	0.07729339599609375,	0.12191390991210938
5901970000.0,	0.07471466064453125,	0.12261962890625
5902015625.0,	0.07647323608398438,	0.12274169921875
5902061250.0,	0.07376480102539062,	0.12054443359375
5902106875.0,	0.07752227783203125,	0.12314987182617188
5902152500.0,	0.07505416870117188,	0.12115097045898438
5902198125.0,	0.07661819458007812,	0.12179183959960938
5902243750.0,	0.07694244384765625,	0.12163162231445312
5902289375.0,	0.07616806030273438,	0.12342453002929688
5902335000.0,	0.07605743408203125,	0.12170791625976562
5902380625.0,	0.0760498046875,	0.12144088745117188
5902426250.0,	0.07565689086914062,	0.12372970581054688
5902471875.0,	0.07703399658203125,	0.1230010986328125
5902517500.0,	0.07603073120117188,	0.12315750122070312
5902563125.0,	0.07546615600585938,	0.12274169921875
5902608750.0,	0.07793426513671875,	0.12202835083007812
5902654375.0,	0.07691192626953125,	0.12138748168945312
5902700000.0,	0.07521438598632812,	0.1215057373046875
5902745625.0,	0.07598114013671875,	0.12076568603515625
5902791250.0,	0.07648849487304688,	0.12112808227539062
5902836875.0,	0.074188232421875,	0.12389755249023438
5902882500.0,	0.07786941528320312,	0.12307357788085938
5902928125.0,	0.0762481689453125,	0.12177276611328125
5902973750.0,	0.07569122314453125,	0.12133407592773438
5903019375.0,	0.07516860961914062,	0.1196441650390625
5903065000.0,	0.076507568359375,	0.12169647216796875
5903110625.0,	0.0774383544921875,	0.12131118774414062
5903156250.0,	0.0771331787109375,	0.12376022338867188
5903201875.0,	0.07507705688476562,	0.12125396728515625
5903247500.0,	0.07812118530273438,	0.12282943725585938
5903293125.0,	0.07659149169921875,	0.122100830078125
5903338750.0,	0.07710647583007812,	0.12062835693359375
5903384375.0,	0.07587814331054688,	0.12176513671875
5903430000.0,	0.07749557495117188,	0.12261199951171875
5903475625.0,	0.0754852294921875,	0.12318038940429688
5903521250.0,	0.07529830932617188,	0.12091445922851562
5903566875.0,	0.07764434814453125,	0.12104034423828125
5903612500.0,	0.077362060546875,	0.12274169921875
5903658125.0,	0.0772705078125,	0.1230010986328125
5903703750.0,	0.07861709594726562,	0.12205886840820312
5903749375.0,	0.07770919799804688,	0.12265777587890625
5903795000.0,	0.07840347290039062,	0.12138748168945312
5903840625.0,	0.07678604125976562,	0.1239166259765625
5903886250.0,	0.07849884033203125,	0.12194442749023438
5903931875.0,	0.07627487182617188,	0.1226806640625
5903977500.0,	0.077911376953125,	0.12155532836914062
5904023125.0,	0.07613372802734375,	0.12195968627929688
5904068750.0,	0.0783538818359375,	0.12224578857421875
5904114375.0,	0.07673263549804688,	0.12292861938476562
5904160000.0,	0.0790252685546875,	0.12212371826171875
5904205625.0,	0.07660675048828125,	0.1210784912109375
5904251250.0,	0.07819366455078125,	0.12236785888671875
5904296875.0,	0.0785675048828125,	0.12071609497070312
5904342500.0,	0.07770538330078125,	0.12259292602539062
5904388125.0,	0.0770416259765625,	0.12247848510742188
5904433750.0,	0.07842254638671875,	0.1196136474609375
5904479375.0,	0.07896804809570312,	0.12145614624023438
5904525000.0,	0.07714080810546875,	0.12469863891601562
5904570625.0,	0.07508087158203125,	0.12170791625976562
5904616250.0,	0.07634735107421875,	0.12203598022460938
5904661875.0,	0.07859039306640625,	0.12070465087890625
5904707500.0,	0.07796478271484375,	0.12475204467773438
5904753125.0,	0.07868576049804688,	0.12208938598632812
5904798750.0,	0.07648086547851562,	0.12326431274414062
5904844375.0,	0.07816314697265625,	0.12067794799804688
5904890000.0,	0.07748031616210938,	0.12102508544921875
5904935625.0,	0.07796478271484375,	0.12255477905273438
5904981250.0,	0.08070755004882812,	0.12353134155273438
5905026875.0,	0.07912445068359375,	0.12371063232421875
5905072500.0,	0.07882308959960938,	0.12308502197265625
5905118125.0,	0.07808303833007812,	0.12404251098632812
5905163750.0,	0.078338623046875,	0.12199020385742188
5905209375.0,	0.07782745361328125,	0.12093734741210938
5905255000.0,	0.08084487915039062,	0.12186431884765625
5905300625.0,	0.07883453369140625,	0.12145233154296875
5905346250.0,	0.07751083374023438,	0.12099075317382812
5905391875.0,	0.07888412475585938,	0.12154388427734375
5905437500.0,	0.07809829711914062,	0.12317657470703125
5905483125.0,	0.0786285400390625,	0.12168121337890625
5905528750.0,	0.07934951782226562,	0.12252426147460938
5905574375.0,	0.07809829711914062,	0.12137985229492188
5905620000.0,	0.07897567749023438,	0.12291336059570312
5905665625.0,	0.0777435302734375,	0.12036895751953125
5905711250.0,	0.07807540893554688,	0.12169647216796875
5905756875.0,	0.07848739624023438,	0.12079620361328125
5905802500.0,	0.0780029296875,	0.1223297119140625
5905848125.0,	0.07816696166992188,	0.12259292602539062
5905893750.0,	0.0802764892578125,	0.12404632568359375
5905939375.0,	0.078399658203125,	0.12191009521484375
5905985000.0,	0.07722091674804688,	0.12292861938476562
5906030625.0,	0.07790374755859375,	0.12294387817382812
5906076250.0,	0.07718658447265625,	0.12206649780273438
5906121875.0,	0.0775146484375,	0.12340164184570312
5906167500.0,	0.07906723022460938,	0.12044525146484375
5906213125.0,	0.07904434204101562,	0.12118148803710938
5906258750.0,	0.081451416015625,	0.12164688110351562
5906304375.0,	0.08062362670898438,	0.1225433349609375
5906350000.0,	0.07927322387695312,	0.12124252319335938
5906395625.0,	0.07873153686523438,	0.120758056640625
5906441250.0,	0.07686233520507812,	0.12317276000976562
5906486875.0,	0.0793609619140625,	0.12255096435546875
5906532500.0,	0.07919692993164062,	0.12206649780273438
5906578125.0,	0.07793045043945312,	0.1226806640625
5906623750.0,	0.07593154907226562,	0.12104034423828125
5906669375.0,	0.077911376953125,	0.12176895141601562
5906715000.0,	0.078704833984375,	0.12343215942382812
5906760625.0,	0.07845306396484375,	0.121490478515625
5906806250.0,	0.07781600952148438,	0.12206268310546875
5906851875.0,	0.07869720458984375,	0.1221160888671875
5906897500.0,	0.07940292358398438,	0.1208343505859375
5906943125.0,	0.08104324340820312,	0.12150192260742188
5906988750.0,	0.07802581787109375,	0.12237548828125
5907034375.0,	0.07738494873046875,	0.121429443359375
5907080000.0,	0.07927703857421875,	0.12464523315429688
5907125625.0,	0.08028030395507812,	0.1226959228515625
5907171250.0,	0.07764434814453125,	0.12258529663085938
5907216875.0,	0.07862472534179688,	0.12318801879882812
5907262500.0,	0.07810211181640625,	0.120574951171875
5907308125.0,	0.07981491088867188,	0.12050247192382812
5907353750.0,	0.08002471923828125,	0.1220703125
5907399375.0,	0.07803726196289062,	0.120025634765625
5907445000.0,	0.07996368408203125,	0.12159347534179688
5907490625.0,	0.07924270629882812,	0.12305450439453125
5907536250.0,	0.07765579223632812,	0.12104034423828125
5907581875.0,	0.0800323486328125,	0.12104034423828125
5907627500.0,	0.08090591430664062,	0.1221466064453125
5907673125.0,	0.07992935180664062,	0.12220001220703125
5907718750.0,	0.07888412475585938,	0.12174224853515625
5907764375.0,	0.0792083740234375,	0.12121963500976562
5907810000.0,	0.07840347290039062,	0.12227630615234375
5907855625.0,	0.08052444458007812,	0.12105941772460938
5907901250.0,	0.08007049560546875,	0.1250762939453125
5907946875.0,	0.07925796508789062,	0.12290191650390625
5907992500.0,	0.0808563232421875,	0.1195220947265625
5908038125.0,	0.07911300659179688,	0.12236404418945312
5908083750.0,	0.0809783935546875,	0.12056350708007812
5908129375.0,	0.08037948608398438,	0.12261962890625
5908175000.0,	0.0807647705078125,	0.121795654296875
5908220625.0,	0.08095932006835938,	0.1211395263671875
5908266250.0,	0.080596923828125,	0.12276077270507812
5908311875.0,	0.08188629150390625,	0.12280654907226562
5908357500.0,	0.08238601684570312,	0.12081527709960938
5908403125.0,	0.07848739624023438,	0.1208953857421875
5908448750.0,	0.0789947509765625,	0.12351226806640625
5908494375.0,	0.0789642333984375,	0.12092971801757812
5908540000.0,	0.080078125,	0.1222076416015625
5908585625.0,	0.07794570922851562,	0.1229248046875
5908631250.0,	0.08202362060546875,	0.12105941772460938
5908676875.0,	0.0793304443359375,	0.12276840209960938
5908722500.0,	0.07951736450195312,	0.1206207275390625
5908768125.0,	0.081451416015625,	0.12175750732421875
5908813750.0,	0.08268356323242188,	0.12166976928710938
5908859375.0,	0.0809783935546875,	0.1219482421875
5908905000.0,	0.08270263671875,	0.12388992309570312
5908950625.0,	0.07916641235351562,	0.12215805053710938
5908996250.0,	0.07927322387695312,	0.12132644653320312
5909041875.0,	0.08087158203125,	0.12123870849609375
5909087500.0,	0.08174514770507812,	0.12278366088867188
5909133125.0,	0.08123397827148438,	0.1220703125
5909178750.0,	0.0821075439453125,	0.1208038330078125
5909224375.0,	0.08136367797851562,	0.12400054931640625
5909270000.0,	0.07902908325195312,	0.122528076171875
5909315625.0,	0.07991790771484375,	0.12176513671875
5909361250.0,	0.08118438720703125,	0.12069320678710938
5909406875.0,	0.08162307739257812,	0.1215057373046875
5909452500.0,	0.08163833618164062,	0.12227249145507812
5909498125.0,	0.08165740966796875,	0.12372589111328125
5909543750.0,	0.08236312866210938,	0.12415313720703125
5909589375.0,	0.08251571655273438,	0.12128067016601562
5909635000.0,	0.08029556274414062,	0.12258148193359375
5909680625.0,	0.08389663696289062,	0.12158203125
5909726250.0,	0.08245086669921875,	0.1225433349609375
5909771875.0,	0.0811614990234375,	0.1211395263671875
5909817500.0,	0.08168792724609375,	0.12286376953125
5909863125.0,	0.08135604858398438,	0.12207412719726562
5909908750.0,	0.08306884765625,	0.1233673095703125
5909954375.0,	0.081878662109375,	0.12174224853515625
5910000000.0,	0.0828094482421875,	0.12183380126953125
