5360018750.0,	0.07481765747070312,	0.053440093994140625
5360037500.0,	0.07473373413085938,	0.05574798583984375
5360056250.0,	0.07331466674804688,	0.056026458740234375
5360075000.0,	0.07052993774414062,	0.053401947021484375
5360093750.0,	0.07475662231445312,	0.05466461181640625
5360112500.0,	0.07310867309570312,	0.053691864013671875
5360131250.0,	0.07330322265625,	0.0553436279296875
5360150000.0,	0.07495880126953125,	0.055389404296875
5360168750.0,	0.0718536376953125,	0.052715301513671875
5360187500.0,	0.07354354858398438,	0.053432464599609375
5360206250.0,	0.07464218139648438,	0.055660247802734375
5360225000.0,	0.07172393798828125,	0.054706573486328125
5360243750.0,	0.07030487060546875,	0.05490875244140625
5360262500.0,	0.074554443359375,	0.05362701416015625
5360281250.0,	0.07219696044921875,	0.0522003173828125
5360300000.0,	0.07393646240234375,	0.05493927001953125
5360318750.0,	0.07232284545898438,	0.055206298828125
5360337500.0,	0.07468414306640625,	0.053768157958984375
5360356250.0,	0.07513427734375,	0.056118011474609375
5360375000.0,	0.07244873046875,	0.05389404296875
5360393750.0,	0.07205963134765625,	0.055530548095703125
5360412500.0,	0.07091522216796875,	0.0540924072265625
5360431250.0,	0.0713958740234375,	0.05161285400390625
5360450000.0,	0.07205963134765625,	0.0525665283203125
5360468750.0,	0.07181167602539062,	0.05332183837890625
5360487500.0,	0.07399749755859375,	0.053012847900390625
5360506250.0,	0.07417678833007812,	0.05493927001953125
5360525000.0,	0.07264328002929688,	0.053279876708984375
5360543750.0,	0.0723876953125,	0.05411529541015625
5360562500.0,	0.07152557373046875,	0.05361175537109375
5360581250.0,	0.07307815551757812,	0.05429840087890625
5360600000.0,	0.07419586181640625,	0.054073333740234375
5360618750.0,	0.07258987426757812,	0.052829742431640625
5360637500.0,	0.07236480712890625,	0.0556182861328125
5360656250.0,	0.0723876953125,	0.0517578125
5360675000.0,	0.07441329956054688,	0.053073883056640625
5360693750.0,	0.0733184814453125,	0.054515838623046875
5360712500.0,	0.07465744018554688,	0.051815032958984375
5360731250.0,	0.07286453247070312,	0.0543212890625
5360750000.0,	0.07212448120117188,	0.054813385009765625
5360768750.0,	0.07403945922851562,	0.054683685302734375
5360787500.0,	0.07179641723632812,	0.054012298583984375
5360806250.0,	0.07210922241210938,	0.055145263671875
5360825000.0,	0.07193374633789062,	0.0544281005859375
5360843750.0,	0.07251739501953125,	0.0531005859375
5360862500.0,	0.0756683349609375,	0.055759429931640625
5360881250.0,	0.07616043090820312,	0.053802490234375
5360900000.0,	0.07263565063476562,	0.055271148681640625
5360918750.0,	0.07419586181640625,	0.053562164306640625
5360937500.0,	0.07149505615234375,	0.05294036865234375
5360956250.0,	0.07423782348632812,	0.051731109619140625
5360975000.0,	0.07163619995117188,	0.054645538330078125
5360993750.0,	0.07203292846679688,	0.05266571044921875
5361012500.0,	0.07364273071289062,	0.054027557373046875
5361031250.0,	0.07126998901367188,	0.05246734619140625
5361050000.0,	0.07402420043945312,	0.05489349365234375
5361068750.0,	0.07365798950195312,	0.0521392822265625
5361087500.0,	0.07267379760742188,	0.054229736328125
5361106250.0,	0.07452774047851562,	0.054523468017578125
5361125000.0,	0.0713348388671875,	0.05419921875
5361143750.0,	0.07239151000976562,	0.055633544921875
5361162500.0,	0.07461929321289062,	0.054141998291015625
5361181250.0,	0.0731658935546875,	0.05234527587890625
5361200000.0,	0.07382965087890625,	0.052883148193359375
5361218750.0,	0.07357406616210938,	0.053493499755859375
5361237500.0,	0.07306671142578125,	0.05245208740234375
5361256250.0,	0.07109451293945312,	0.05223846435546875
5361275000.0,	0.07367706298828125,	0.053562164306640625
5361293750.0,	0.07199859619140625,	0.056262969970703125
5361312500.0,	0.07119369506835938,	0.05281829833984375
5361331250.0,	0.07201004028320312,	0.050048828125
5361350000.0,	0.0731048583984375,	0.054126739501953125
5361368750.0,	0.072509765625,	0.053005218505859375
5361387500.0,	0.07408523559570312,	0.053714752197265625
5361406250.0,	0.07323074340820312,	0.0506744384765625
5361425000.0,	0.07362747192382812,	0.05512237548828125
5361443750.0,	0.07251739501953125,	0.056041717529296875
5361462500.0,	0.0703125,	0.054180145263671875
5361481250.0,	0.07422637939453125,	0.053340911865234375
5361500000.0,	0.0726470947265625,	0.052074432373046875
5361518750.0,	0.07180404663085938,	0.0542755126953125
5361537500.0,	0.07114028930664062,	0.053592681884765625
5361556250.0,	0.07218551635742188,	0.051822662353515625
5361575000.0,	0.0737457275390625,	0.0522918701171875
5361593750.0,	0.07171249389648438,	0.0547637939453125
5361612500.0,	0.07197952270507812,	0.054416656494140625
5361631250.0,	0.07230377197265625,	0.053516387939453125
5361650000.0,	0.07338714599609375,	0.053890228271484375
5361668750.0,	0.07224655151367188,	0.051700592041015625
5361687500.0,	0.0708770751953125,	0.052440643310546875
5361706250.0,	0.07181930541992188,	0.05248260498046875
5361725000.0,	0.07298660278320312,	0.053867340087890625
5361743750.0,	0.07276153564453125,	0.053218841552734375
5361762500.0,	0.07029342651367188,	0.0531768798828125
5361781250.0,	0.07166290283203125,	0.05373382568359375
5361800000.0,	0.07383346557617188,	0.05267333984375
5361818750.0,	0.07277297973632812,	0.052036285400390625
5361837500.0,	0.07213592529296875,	0.0522003173828125
5361856250.0,	0.07302474975585938,	0.052661895751953125
5361875000.0,	0.07305145263671875,	0.053478240966796875
5361893750.0,	0.07316207885742188,	0.05275726318359375
5361912500.0,	0.07090377807617188,	0.055145263671875
5361931250.0,	0.07389068603515625,	0.052288055419921875
5361950000.0,	0.07059860229492188,	0.050708770751953125
5361968750.0,	0.07242965698242188,	0.0532684326171875
5361987500.0,	0.07073974609375,	0.052165985107421875
5362006250.0,	0.07340621948242188,	0.055377960205078125
5362025000.0,	0.0680389404296875,	0.052349090576171875
5362043750.0,	0.07320022583007812,	0.05217742919921875
5362062500.0,	0.0726470947265625,	0.052684783935546875
5362081250.0,	0.07163238525390625,	0.055484771728515625
5362100000.0,	0.07215118408203125,	0.053684234619140625
5362118750.0,	0.0719146728515625,	0.052471160888671875
5362137500.0,	0.07431411743164062,	0.05055999755859375
5362156250.0,	0.07149124145507812,	0.051971435546875
5362175000.0,	0.07395553588867188,	0.05274200439453125
5362193750.0,	0.072967529296875,	0.0509796142578125
5362212500.0,	0.07264328002929688,	0.052520751953125
5362231250.0,	0.07271575927734375,	0.052120208740234375
5362250000.0,	0.07215499877929688,	0.05431365966796875
5362268750.0,	0.07274246215820312,	0.05356597900390625
5362287500.0,	0.07261276245117188,	0.054271697998046875
5362306250.0,	0.07061386108398438,	0.0547943115234375
5362325000.0,	0.07075119018554688,	0.052913665771484375
5362343750.0,	0.07409286499023438,	0.055553436279296875
5362362500.0,	0.07146835327148438,	0.05298614501953125
5362381250.0,	0.06990814208984375,	0.05236053466796875
5362400000.0,	0.0706634521484375,	0.053066253662109375
5362418750.0,	0.0741119384765625,	0.051792144775390625
5362437500.0,	0.07136154174804688,	0.051357269287109375
5362456250.0,	0.07260894775390625,	0.05304718017578125
5362475000.0,	0.07164764404296875,	0.054897308349609375
5362493750.0,	0.071563720703125,	0.052646636962890625
5362512500.0,	0.07154083251953125,	0.050823211669921875
5362531250.0,	0.07178878784179688,	0.052398681640625
5362550000.0,	0.07260513305664062,	0.055179595947265625
5362568750.0,	0.07071685791015625,	0.0534210205078125
5362587500.0,	0.068817138671875,	0.050891876220703125
5362606250.0,	0.06987762451171875,	0.05171966552734375
5362625000.0,	0.07208251953125,	0.0510711669921875
5362643750.0,	0.07195663452148438,	0.05377197265625
5362662500.0,	0.0715789794921875,	0.051822662353515625
5362681250.0,	0.07121658325195312,	0.051418304443359375
5362700000.0,	0.07172393798828125,	0.054317474365234375
5362718750.0,	0.0705718994140625,	0.0519256591796875
5362737500.0,	0.07122802734375,	0.050689697265625
5362756250.0,	0.06967544555664062,	0.0534820556640625
5362775000.0,	0.06941986083984375,	0.05224609375
5362793750.0,	0.071441650390625,	0.05263519287109375
5362812500.0,	0.07245254516601562,	0.0542755126953125
5362831250.0,	0.07152175903320312,	0.053730010986328125
5362850000.0,	0.07200241088867188,	0.050811767578125
5362868750.0,	0.07213211059570312,	0.05289459228515625
5362887500.0,	0.07249069213867188,	0.05091094970703125
5362906250.0,	0.07106399536132812,	0.05411529541015625
5362925000.0,	0.07026290893554688,	0.052303314208984375
5362943750.0,	0.069580078125,	0.0530853271484375
5362962500.0,	0.07121658325195312,	0.052417755126953125
5362981250.0,	0.07080459594726562,	0.0511016845703125
5363000000.0,	0.07047653198242188,	0.0517425537109375
5363018750.0,	0.07303237915039062,	0.051544189453125
5363037500.0,	0.07169342041015625,	0.0530853271484375
5363056250.0,	0.07169723510742188,	0.051586151123046875
5363075000.0,	0.069366455078125,	0.050952911376953125
5363093750.0,	0.07169723510742188,	0.053119659423828125
5363112500.0,	0.07315826416015625,	0.052318572998046875
5363131250.0,	0.07003021240234375,	0.052516937255859375
5363150000.0,	0.07039642333984375,	0.052761077880859375
5363168750.0,	0.0714111328125,	0.053691864013671875
5363187500.0,	0.0710906982421875,	0.055286407470703125
5363206250.0,	0.07147598266601562,	0.05234527587890625
5363225000.0,	0.07284164428710938,	0.053180694580078125
5363243750.0,	0.07112884521484375,	0.0519256591796875
5363262500.0,	0.07059097290039062,	0.053924560546875
5363281250.0,	0.06956863403320312,	0.05164337158203125
5363300000.0,	0.07302093505859375,	0.049655914306640625
5363318750.0,	0.0707244873046875,	0.052814483642578125
5363337500.0,	0.07257080078125,	0.052715301513671875
5363356250.0,	0.07103347778320312,	0.05149078369140625
5363375000.0,	0.07201766967773438,	0.051052093505859375
5363393750.0,	0.07198715209960938,	0.052875518798828125
5363412500.0,	0.06990432739257812,	0.0541839599609375
5363431250.0,	0.06869888305664062,	0.053981781005859375
5363450000.0,	0.072052001953125,	0.05126953125
5363468750.0,	0.07169723510742188,	0.052051544189453125
5363487500.0,	0.07210540771484375,	0.052387237548828125
5363506250.0,	0.06938552856445312,	0.053287506103515625
5363525000.0,	0.07341766357421875,	0.051670074462890625
5363543750.0,	0.06947708129882812,	0.051483154296875
5363562500.0,	0.070831298828125,	0.049480438232421875
5363581250.0,	0.07085418701171875,	0.051898956298828125
5363600000.0,	0.06931304931640625,	0.0516815185546875
5363618750.0,	0.0709228515625,	0.049724578857421875
5363637500.0,	0.06982421875,	0.05261993408203125
5363656250.0,	0.07326507568359375,	0.052448272705078125
5363675000.0,	0.06958770751953125,	0.05283355712890625
5363693750.0,	0.07117462158203125,	0.05035400390625
5363712500.0,	0.07081222534179688,	0.054351806640625
5363731250.0,	0.07151031494140625,	0.052021026611328125
5363750000.0,	0.0703582763671875,	0.052074432373046875
5363768750.0,	0.07032012939453125,	0.053592681884765625
5363787500.0,	0.07171249389648438,	0.051883697509765625
5363806250.0,	0.07108306884765625,	0.051883697509765625
5363825000.0,	0.07046127319335938,	0.0517578125
5363843750.0,	0.0713653564453125,	0.05267333984375
5363862500.0,	0.070098876953125,	0.05464935302734375
5363881250.0,	0.07090377807617188,	0.05104827880859375
5363900000.0,	0.07110977172851562,	0.054126739501953125
5363918750.0,	0.0706787109375,	0.051105499267578125
5363937500.0,	0.070892333984375,	0.05118560791015625
5363956250.0,	0.07088851928710938,	0.05139923095703125
5363975000.0,	0.06948089599609375,	0.053813934326171875
5363993750.0,	0.07117843627929688,	0.05429840087890625
5364012500.0,	0.07089996337890625,	0.0512542724609375
5364031250.0,	0.06885528564453125,	0.0518341064453125
5364050000.0,	0.06894683837890625,	0.0524444580078125
5364068750.0,	0.0699920654296875,	0.05486297607421875
5364087500.0,	0.07120895385742188,	0.053333282470703125
5364106250.0,	0.07039642333984375,	0.052898406982421875
5364125000.0,	0.06971359252929688,	0.052173614501953125
5364143750.0,	0.07059478759765625,	0.05176544189453125
5364162500.0,	0.06926727294921875,	0.05002593994140625
5364181250.0,	0.06960296630859375,	0.05117034912109375
5364200000.0,	0.0682220458984375,	0.049957275390625
5364218750.0,	0.06876754760742188,	0.053203582763671875
5364237500.0,	0.0718536376953125,	0.0523834228515625
5364256250.0,	0.06840896606445312,	0.052825927734375
5364275000.0,	0.070587158203125,	0.0525360107421875
5364293750.0,	0.0717926025390625,	0.052936553955078125
5364312500.0,	0.07068634033203125,	0.05217742919921875
5364331250.0,	0.07100677490234375,	0.0524444580078125
5364350000.0,	0.06849288940429688,	0.05237579345703125
5364368750.0,	0.07025146484375,	0.051151275634765625
5364387500.0,	0.070892333984375,	0.0526275634765625
5364406250.0,	0.07088851928710938,	0.050022125244140625
5364425000.0,	0.07062911987304688,	0.05034637451171875
5364443750.0,	0.06777572631835938,	0.054386138916015625
5364462500.0,	0.06951141357421875,	0.0532073974609375
5364481250.0,	0.07044601440429688,	0.050624847412109375
5364500000.0,	0.07213211059570312,	0.05265045166015625
5364518750.0,	0.06836700439453125,	0.052242279052734375
5364537500.0,	0.06949615478515625,	0.051525115966796875
5364556250.0,	0.07032394409179688,	0.05275726318359375
5364575000.0,	0.06999969482421875,	0.05194091796875
5364593750.0,	0.07136917114257812,	0.051433563232421875
5364612500.0,	0.06940460205078125,	0.0529327392578125
5364631250.0,	0.06819534301757812,	0.052154541015625
5364650000.0,	0.07062149047851562,	0.0542449951171875
5364668750.0,	0.07166290283203125,	0.0523834228515625
5364687500.0,	0.07174301147460938,	0.053104400634765625
5364706250.0,	0.06760787963867188,	0.05205535888671875
5364725000.0,	0.07157135009765625,	0.051570892333984375
5364743750.0,	0.0690460205078125,	0.052356719970703125
5364762500.0,	0.06833648681640625,	0.052494049072265625
5364781250.0,	0.07130050659179688,	0.0521240234375
5364800000.0,	0.07126235961914062,	0.05223846435546875
5364818750.0,	0.07120895385742188,	0.049530029296875
5364837500.0,	0.06968307495117188,	0.05141448974609375
5364856250.0,	0.070281982421875,	0.051059722900390625
5364875000.0,	0.06839752197265625,	0.050609588623046875
5364893750.0,	0.06976699829101562,	0.05352783203125
5364912500.0,	0.0699005126953125,	0.0530548095703125
5364931250.0,	0.06964874267578125,	0.05233001708984375
5364950000.0,	0.07077407836914062,	0.05028533935546875
5364968750.0,	0.0697021484375,	0.05455780029296875
5364987500.0,	0.07007598876953125,	0.052196502685546875
5365006250.0,	0.07011032104492188,	0.0507659912109375
5365025000.0,	0.06961441040039062,	0.05077362060546875
5365043750.0,	0.0693359375,	0.052154541015625
5365062500.0,	0.06945419311523438,	0.05084991455078125
5365081250.0,	0.07119369506835938,	0.052577972412109375
5365100000.0,	0.06791305541992188,	0.05242919921875
5365118750.0,	0.07030868530273438,	0.05127716064453125
5365137500.0,	0.07174301147460938,	0.05350494384765625
5365156250.0,	0.06693649291992188,	0.050853729248046875
5365175000.0,	0.06953048706054688,	0.051113128662109375
5365193750.0,	0.070465087890625,	0.051601409912109375
5365212500.0,	0.07068634033203125,	0.05023956298828125
5365231250.0,	0.06977462768554688,	0.04993438720703125
5365250000.0,	0.07012557983398438,	0.050518035888671875
5365268750.0,	0.0704193115234375,	0.050556182861328125
5365287500.0,	0.06924819946289062,	0.053874969482421875
5365306250.0,	0.06818008422851562,	0.05109405517578125
5365325000.0,	0.07195663452148438,	0.0507049560546875
5365343750.0,	0.0695037841796875,	0.050258636474609375
5365362500.0,	0.07099151611328125,	0.0518646240234375
5365381250.0,	0.07010269165039062,	0.052951812744140625
5365400000.0,	0.06847000122070312,	0.053287506103515625
5365418750.0,	0.06940460205078125,	0.05205535888671875
5365437500.0,	0.0696868896484375,	0.051532745361328125
5365456250.0,	0.06963729858398438,	0.05345916748046875
5365475000.0,	0.07055282592773438,	0.0520782470703125
5365493750.0,	0.06863021850585938,	0.052013397216796875
5365512500.0,	0.06742477416992188,	0.05222320556640625
5365531250.0,	0.07064056396484375,	0.05091094970703125
5365550000.0,	0.06789779663085938,	0.051982879638671875
5365568750.0,	0.068359375,	0.0541229248046875
5365587500.0,	0.06875228881835938,	0.051280975341796875
5365606250.0,	0.06817245483398438,	0.05152130126953125
5365625000.0,	0.07012176513671875,	0.052700042724609375
5365643750.0,	0.06744766235351562,	0.052333831787109375
5365662500.0,	0.06897354125976562,	0.049510955810546875
5365681250.0,	0.07027435302734375,	0.051792144775390625
5365700000.0,	0.069122314453125,	0.052242279052734375
5365718750.0,	0.06838607788085938,	0.0520782470703125
5365737500.0,	0.06926345825195312,	0.051540374755859375
5365756250.0,	0.070068359375,	0.052165985107421875
5365775000.0,	0.06930160522460938,	0.0515594482421875
5365793750.0,	0.06927108764648438,	0.051906585693359375
5365812500.0,	0.06940078735351562,	0.052173614501953125
5365831250.0,	0.07032012939453125,	0.052768707275390625
5365850000.0,	0.06988906860351562,	0.051876068115234375
5365868750.0,	0.06911468505859375,	0.049774169921875
5365887500.0,	0.0713043212890625,	0.05348968505859375
5365906250.0,	0.07094955444335938,	0.051769256591796875
5365925000.0,	0.06874847412109375,	0.0518035888671875
5365943750.0,	0.06784820556640625,	0.052059173583984375
5365962500.0,	0.06932830810546875,	0.04915618896484375
5365981250.0,	0.0713653564453125,	0.052219390869140625
5366000000.0,	0.07007980346679688,	0.050464630126953125
5366018750.0,	0.07028961181640625,	0.052616119384765625
5366037500.0,	0.07154464721679688,	0.04933929443359375
5366056250.0,	0.06952667236328125,	0.05059814453125
5366075000.0,	0.069976806640625,	0.051593780517578125
5366093750.0,	0.07050704956054688,	0.052028656005859375
5366112500.0,	0.0695343017578125,	0.053462982177734375
5366131250.0,	0.0691680908203125,	0.0508880615234375
5366150000.0,	0.0690765380859375,	0.049854278564453125
5366168750.0,	0.06763076782226562,	0.05075836181640625
5366187500.0,	0.0695343017578125,	0.051937103271484375
5366206250.0,	0.0709686279296875,	0.04993438720703125
5366225000.0,	0.06834030151367188,	0.051479339599609375
5366243750.0,	0.068023681640625,	0.049530029296875
5366262500.0,	0.070037841796875,	0.05033111572265625
5366281250.0,	0.06945419311523438,	0.05023193359375
5366300000.0,	0.06872940063476562,	0.051239013671875
5366318750.0,	0.06943130493164062,	0.052524566650390625
5366337500.0,	0.06972122192382812,	0.050182342529296875
5366356250.0,	0.07016372680664062,	0.053264617919921875
5366375000.0,	0.06964874267578125,	0.051326751708984375
5366393750.0,	0.07234954833984375,	0.051799774169921875
5366412500.0,	0.06943130493164062,	0.051204681396484375
5366431250.0,	0.06985092163085938,	0.050640106201171875
5366450000.0,	0.069305419921875,	0.05286407470703125
5366468750.0,	0.06848526000976562,	0.050983428955078125
5366487500.0,	0.06917953491210938,	0.05277252197265625
5366506250.0,	0.06819534301757812,	0.052028656005859375
5366525000.0,	0.0699920654296875,	0.0521240234375
5366543750.0,	0.06972885131835938,	0.052257537841796875
5366562500.0,	0.06889724731445312,	0.05230712890625
5366581250.0,	0.07107162475585938,	0.0521392822265625
5366600000.0,	0.067474365234375,	0.051151275634765625
5366618750.0,	0.07001113891601562,	0.0517120361328125
5366637500.0,	0.06758880615234375,	0.050449371337890625
5366656250.0,	0.07087326049804688,	0.050151824951171875
5366675000.0,	0.06853866577148438,	0.050701141357421875
5366693750.0,	0.06848907470703125,	0.050060272216796875
5366712500.0,	0.06991958618164062,	0.049793243408203125
5366731250.0,	0.06900405883789062,	0.0499114990234375
5366750000.0,	0.0679931640625,	0.0491790771484375
5366768750.0,	0.06872940063476562,	0.051601409912109375
5366787500.0,	0.06810760498046875,	0.05187225341796875
5366806250.0,	0.06890106201171875,	0.051929473876953125
5366825000.0,	0.06917572021484375,	0.050876617431640625
5366843750.0,	0.06711196899414062,	0.051219940185546875
5366862500.0,	0.06851577758789062,	0.051494598388671875
5366881250.0,	0.070831298828125,	0.051044464111328125
5366900000.0,	0.0694732666015625,	0.051013946533203125
5366918750.0,	0.067596435546875,	0.0516357421875
5366937500.0,	0.07136917114257812,	0.052093505859375
5366956250.0,	0.06948471069335938,	0.051326751708984375
5366975000.0,	0.06843948364257812,	0.051708221435546875
5366993750.0,	0.06761550903320312,	0.05267333984375
5367012500.0,	0.06586074829101562,	0.0495452880859375
5367031250.0,	0.07050704956054688,	0.051120758056640625
5367050000.0,	0.06787490844726562,	0.05136871337890625
5367068750.0,	0.06813430786132812,	0.053318023681640625
5367087500.0,	0.06758880615234375,	0.05030059814453125
5367106250.0,	0.06798934936523438,	0.052989959716796875
5367125000.0,	0.0700225830078125,	0.049655914306640625
5367143750.0,	0.07011795043945312,	0.04969024658203125
5367162500.0,	0.0676116943359375,	0.049686431884765625
5367181250.0,	0.06901931762695312,	0.049167633056640625
5367200000.0,	0.068206787109375,	0.05034637451171875
5367218750.0,	0.06705474853515625,	0.05057525634765625
5367237500.0,	0.06739044189453125,	0.052501678466796875
5367256250.0,	0.06893539428710938,	0.051532745361328125
5367275000.0,	0.06834030151367188,	0.052661895751953125
5367293750.0,	0.06923294067382812,	0.0524139404296875
5367312500.0,	0.06967926025390625,	0.051792144775390625
5367331250.0,	0.06922531127929688,	0.051601409912109375
5367350000.0,	0.06789398193359375,	0.050144195556640625
5367368750.0,	0.06770706176757812,	0.05218505859375
5367387500.0,	0.06874465942382812,	0.052341461181640625
5367406250.0,	0.06892013549804688,	0.05023956298828125
5367425000.0,	0.06981277465820312,	0.050441741943359375
5367443750.0,	0.06976318359375,	0.052562713623046875
5367462500.0,	0.06984329223632812,	0.05132293701171875
5367481250.0,	0.06603240966796875,	0.052764892578125
5367500000.0,	0.06932449340820312,	0.05205535888671875
5367518750.0,	0.06873703002929688,	0.0512237548828125
5367537500.0,	0.0683135986328125,	0.05104827880859375
5367556250.0,	0.06897354125976562,	0.049327850341796875
5367575000.0,	0.06981658935546875,	0.04901885986328125
5367593750.0,	0.06853866577148438,	0.05165863037109375
5367612500.0,	0.06816482543945312,	0.051998138427734375
5367631250.0,	0.07080841064453125,	0.051239013671875
5367650000.0,	0.0694122314453125,	0.051181793212890625
5367668750.0,	0.06667709350585938,	0.05027008056640625
5367687500.0,	0.06903457641601562,	0.0509796142578125
5367706250.0,	0.06932830810546875,	0.05025482177734375
5367725000.0,	0.06859970092773438,	0.050693511962890625
5367743750.0,	0.06930923461914062,	0.05152130126953125
5367762500.0,	0.06856918334960938,	0.052738189697265625
5367781250.0,	0.06834030151367188,	0.04833221435546875
5367800000.0,	0.06710052490234375,	0.04981231689453125
5367818750.0,	0.070098876953125,	0.05052947998046875
5367837500.0,	0.068084716796875,	0.05023193359375
5367856250.0,	0.06865692138671875,	0.052028656005859375
5367875000.0,	0.06941986083984375,	0.05071258544921875
5367893750.0,	0.06577682495117188,	0.0520477294921875
5367912500.0,	0.0682220458984375,	0.0502777099609375
5367931250.0,	0.06787490844726562,	0.050983428955078125
5367950000.0,	0.06950759887695312,	0.049774169921875
5367968750.0,	0.06789779663085938,	0.052001953125
5367987500.0,	0.06858062744140625,	0.051891326904296875
5368006250.0,	0.06896591186523438,	0.050872802734375
5368025000.0,	0.07163238525390625,	0.050617218017578125
5368043750.0,	0.06896591186523438,	0.0508880615234375
5368062500.0,	0.06955718994140625,	0.0513763427734375
5368081250.0,	0.06836318969726562,	0.0502471923828125
5368100000.0,	0.06920242309570312,	0.052257537841796875
5368118750.0,	0.0703277587890625,	0.0506439208984375
5368137500.0,	0.06846237182617188,	0.050994873046875
5368156250.0,	0.06879043579101562,	0.051361083984375
5368175000.0,	0.0683135986328125,	0.05181121826171875
5368193750.0,	0.06892776489257812,	0.0522308349609375
5368212500.0,	0.0699005126953125,	0.05098724365234375
5368231250.0,	0.06901168823242188,	0.049030303955078125
5368250000.0,	0.06880569458007812,	0.0517578125
5368268750.0,	0.06744384765625,	0.05234527587890625
5368287500.0,	0.06797027587890625,	0.053340911865234375
5368306250.0,	0.06808853149414062,	0.048839569091796875
5368325000.0,	0.06924057006835938,	0.050922393798828125
5368343750.0,	0.06800079345703125,	0.050510406494140625
5368362500.0,	0.070526123046875,	0.05115509033203125
5368381250.0,	0.0713348388671875,	0.053073883056640625
5368400000.0,	0.0693511962890625,	0.0512542724609375
5368418750.0,	0.07053756713867188,	0.052196502685546875
5368437500.0,	0.06833267211914062,	0.049655914306640625
5368456250.0,	0.06903457641601562,	0.052791595458984375
5368475000.0,	0.06882095336914062,	0.049915313720703125
5368493750.0,	0.0702056884765625,	0.051311492919921875
5368512500.0,	0.06867599487304688,	0.05218505859375
5368531250.0,	0.06690216064453125,	0.04999542236328125
5368550000.0,	0.0701751708984375,	0.0540313720703125
5368568750.0,	0.06767654418945312,	0.051425933837890625
5368587500.0,	0.06843185424804688,	0.05072021484375
5368606250.0,	0.06951522827148438,	0.053333282470703125
5368625000.0,	0.06807327270507812,	0.049530029296875
5368643750.0,	0.06843185424804688,	0.050449371337890625
5368662500.0,	0.06860733032226562,	0.052227020263671875
5368681250.0,	0.070831298828125,	0.051776885986328125
5368700000.0,	0.06882476806640625,	0.049228668212890625
5368718750.0,	0.06854248046875,	0.053813934326171875
5368737500.0,	0.06970596313476562,	0.050296783447265625
5368756250.0,	0.0695037841796875,	0.051975250244140625
5368775000.0,	0.06903839111328125,	0.0506439208984375
5368793750.0,	0.06852340698242188,	0.0510406494140625
5368812500.0,	0.06866836547851562,	0.05020904541015625
5368831250.0,	0.06948471069335938,	0.050048828125
5368850000.0,	0.07192230224609375,	0.04943084716796875
5368868750.0,	0.06917953491210938,	0.052600860595703125
5368887500.0,	0.06920623779296875,	0.049724578857421875
5368906250.0,	0.06923675537109375,	0.050243377685546875
5368925000.0,	0.06997299194335938,	0.052398681640625
5368943750.0,	0.0690155029296875,	0.05106353759765625
5368962500.0,	0.069671630859375,	0.052402496337890625
5368981250.0,	0.0704498291015625,	0.050365447998046875
5369000000.0,	0.07025527954101562,	0.05208587646484375
5369018750.0,	0.06691360473632812,	0.0522003173828125
5369037500.0,	0.06742477416992188,	0.05057525634765625
5369056250.0,	0.06978607177734375,	0.051792144775390625
5369075000.0,	0.06958770751953125,	0.050662994384765625
5369093750.0,	0.0688323974609375,	0.050689697265625
5369112500.0,	0.06763839721679688,	0.04888916015625
5369131250.0,	0.069854736328125,	0.05063629150390625
5369150000.0,	0.06996917724609375,	0.052165985107421875
5369168750.0,	0.06827545166015625,	0.049999237060546875
5369187500.0,	0.0689239501953125,	0.0522918701171875
5369206250.0,	0.06806564331054688,	0.050811767578125
5369225000.0,	0.06904983520507812,	0.049285888671875
5369243750.0,	0.06806182861328125,	0.0524749755859375
5369262500.0,	0.06879425048828125,	0.051055908203125
5369281250.0,	0.06736373901367188,	0.05103302001953125
5369300000.0,	0.06808853149414062,	0.051334381103515625
5369318750.0,	0.06830215454101562,	0.049800872802734375
5369337500.0,	0.06676101684570312,	0.049777984619140625
5369356250.0,	0.06747817993164062,	0.052234649658203125
5369375000.0,	0.06793212890625,	0.051258087158203125
5369393750.0,	0.06769180297851562,	0.050289154052734375
5369412500.0,	0.06903839111328125,	0.04819488525390625
5369431250.0,	0.0681915283203125,	0.05059814453125
5369450000.0,	0.06827926635742188,	0.05178070068359375
5369468750.0,	0.06700897216796875,	0.051624298095703125
5369487500.0,	0.06810379028320312,	0.052295684814453125
5369506250.0,	0.06856155395507812,	0.0493927001953125
5369525000.0,	0.06757736206054688,	0.05011749267578125
5369543750.0,	0.06877899169921875,	0.05062103271484375
5369562500.0,	0.068115234375,	0.053760528564453125
5369581250.0,	0.0702362060546875,	0.0497894287109375
5369600000.0,	0.06871414184570312,	0.050655364990234375
5369618750.0,	0.0692901611328125,	0.05181884765625
5369637500.0,	0.067657470703125,	0.0540924072265625
5369656250.0,	0.0677032470703125,	0.0509185791015625
5369675000.0,	0.06929779052734375,	0.050144195556640625
5369693750.0,	0.0662078857421875,	0.049701690673828125
5369712500.0,	0.06939315795898438,	0.04999542236328125
5369731250.0,	0.06800460815429688,	0.050136566162109375
5369750000.0,	0.06918716430664062,	0.05243682861328125
5369768750.0,	0.068878173828125,	0.050689697265625
5369787500.0,	0.06912994384765625,	0.050922393798828125
5369806250.0,	0.07028961181640625,	0.0506439208984375
5369825000.0,	0.06930160522460938,	0.050502777099609375
5369843750.0,	0.0696258544921875,	0.049861907958984375
5369862500.0,	0.06851577758789062,	0.051944732666015625
5369881250.0,	0.06903457641601562,	0.052639007568359375
5369900000.0,	0.06801223754882812,	0.05226898193359375
5369918750.0,	0.06781387329101562,	0.05158233642578125
5369937500.0,	0.06806182861328125,	0.049114227294921875
5369956250.0,	0.07352447509765625,	0.051494598388671875
5369975000.0,	0.06940078735351562,	0.05054473876953125
5369993750.0,	0.06954574584960938,	0.05013275146484375
5370012500.0,	0.06893539428710938,	0.051357269287109375
5370031250.0,	0.06845474243164062,	0.049488067626953125
5370050000.0,	0.07068634033203125,	0.052257537841796875
5370068750.0,	0.06785964965820312,	0.051105499267578125
5370087500.0,	0.07227706909179688,	0.050567626953125
5370106250.0,	0.06797409057617188,	0.049854278564453125
5370125000.0,	0.06893539428710938,	0.05152130126953125
5370143750.0,	0.0677642822265625,	0.05051422119140625
5370162500.0,	0.06911468505859375,	0.052196502685546875
5370181250.0,	0.06825637817382812,	0.050197601318359375
5370200000.0,	0.0691375732421875,	0.05149078369140625
5370218750.0,	0.0697479248046875,	0.050266265869140625
5370237500.0,	0.06877899169921875,	0.05046844482421875
5370256250.0,	0.069580078125,	0.051265716552734375
5370275000.0,	0.06875991821289062,	0.050830841064453125
5370293750.0,	0.06950759887695312,	0.049694061279296875
5370312500.0,	0.07028579711914062,	0.05159759521484375
5370331250.0,	0.06712722778320312,	0.050289154052734375
5370350000.0,	0.07259750366210938,	0.0509490966796875
5370368750.0,	0.06862640380859375,	0.051982879638671875
5370387500.0,	0.06800460815429688,	0.050334930419921875
5370406250.0,	0.06790542602539062,	0.049526214599609375
5370425000.0,	0.07018661499023438,	0.052951812744140625
5370443750.0,	0.07068252563476562,	0.04681396484375
5370462500.0,	0.06825637817382812,	0.05083465576171875
5370481250.0,	0.06832122802734375,	0.04970550537109375
5370500000.0,	0.07063674926757812,	0.05152130126953125
5370518750.0,	0.0689544677734375,	0.051372528076171875
5370537500.0,	0.0665283203125,	0.0505828857421875
5370556250.0,	0.0688018798828125,	0.049774169921875
5370575000.0,	0.06812286376953125,	0.049869537353515625
5370593750.0,	0.06845474243164062,	0.050754547119140625
5370612500.0,	0.06932449340820312,	0.04935455322265625
5370631250.0,	0.0685577392578125,	0.049041748046875
5370650000.0,	0.06715011596679688,	0.050384521484375
5370668750.0,	0.06957626342773438,	0.05088043212890625
5370687500.0,	0.06958389282226562,	0.050678253173828125
5370706250.0,	0.06975173950195312,	0.049823760986328125
5370725000.0,	0.06836318969726562,	0.049533843994140625
5370743750.0,	0.06908798217773438,	0.0490570068359375
5370762500.0,	0.07157135009765625,	0.0507659912109375
5370781250.0,	0.06948471069335938,	0.050113677978515625
5370800000.0,	0.06962203979492188,	0.05121612548828125
5370818750.0,	0.069061279296875,	0.0498199462890625
5370837500.0,	0.06861114501953125,	0.049434661865234375
5370856250.0,	0.07074737548828125,	0.050037384033203125
5370875000.0,	0.0716400146484375,	0.048671722412109375
5370893750.0,	0.07006454467773438,	0.048465728759765625
5370912500.0,	0.070892333984375,	0.051860809326171875
5370931250.0,	0.06791305541992188,	0.05081939697265625
5370950000.0,	0.069091796875,	0.050350189208984375
5370968750.0,	0.06851959228515625,	0.05020904541015625
5370987500.0,	0.06783294677734375,	0.050861358642578125
5371006250.0,	0.07030487060546875,	0.0509490966796875
5371025000.0,	0.06760025024414062,	0.049312591552734375
5371043750.0,	0.06920623779296875,	0.05013275146484375
5371062500.0,	0.06914138793945312,	0.04991912841796875
5371081250.0,	0.0687103271484375,	0.0499420166015625
5371100000.0,	0.06809616088867188,	0.049713134765625
5371118750.0,	0.068328857421875,	0.050487518310546875
5371137500.0,	0.069976806640625,	0.0488128662109375
5371156250.0,	0.07003402709960938,	0.051029205322265625
5371175000.0,	0.06930923461914062,	0.05078887939453125
5371193750.0,	0.06926727294921875,	0.050090789794921875
5371212500.0,	0.07054901123046875,	0.051227569580078125
5371231250.0,	0.0671844482421875,	0.049945831298828125
5371250000.0,	0.06878280639648438,	0.050018310546875
5371268750.0,	0.07060623168945312,	0.0502471923828125
5371287500.0,	0.06830978393554688,	0.047924041748046875
5371306250.0,	0.07102584838867188,	0.04938507080078125
5371325000.0,	0.07148361206054688,	0.050815582275390625
5371343750.0,	0.069549560546875,	0.048755645751953125
5371362500.0,	0.06999969482421875,	0.0509185791015625
5371381250.0,	0.07004928588867188,	0.048290252685546875
5371400000.0,	0.07268142700195312,	0.048984527587890625
5371418750.0,	0.07025909423828125,	0.0483856201171875
5371437500.0,	0.06878662109375,	0.049175262451171875
5371456250.0,	0.06989669799804688,	0.052459716796875
5371475000.0,	0.07117080688476562,	0.05191802978515625
5371493750.0,	0.07128524780273438,	0.049835205078125
5371512500.0,	0.07108306884765625,	0.049648284912109375
5371531250.0,	0.06947708129882812,	0.052364349365234375
5371550000.0,	0.06873321533203125,	0.05248260498046875
5371568750.0,	0.06743621826171875,	0.04999542236328125
5371587500.0,	0.06879043579101562,	0.048980712890625
5371606250.0,	0.06975173950195312,	0.04850006103515625
5371625000.0,	0.07015609741210938,	0.0485076904296875
5371643750.0,	0.06922149658203125,	0.04876708984375
5371662500.0,	0.06969070434570312,	0.049373626708984375
5371681250.0,	0.06785202026367188,	0.04885101318359375
5371700000.0,	0.06953048706054688,	0.0516357421875
5371718750.0,	0.06999969482421875,	0.0521392822265625
5371737500.0,	0.07051849365234375,	0.049594879150390625
5371756250.0,	0.07004928588867188,	0.049098968505859375
5371775000.0,	0.06962203979492188,	0.051189422607421875
5371793750.0,	0.07117080688476562,	0.05113983154296875
5371812500.0,	0.0714874267578125,	0.049762725830078125
5371831250.0,	0.07038497924804688,	0.047420501708984375
5371850000.0,	0.06950759887695312,	0.0506591796875
5371868750.0,	0.06959152221679688,	0.048725128173828125
5371887500.0,	0.0704498291015625,	0.048675537109375
5371906250.0,	0.07041549682617188,	0.048801422119140625
5371925000.0,	0.06848907470703125,	0.050189971923828125
5371943750.0,	0.06864166259765625,	0.049701690673828125
5371962500.0,	0.0717010498046875,	0.051235198974609375
5371981250.0,	0.07330703735351562,	0.04999542236328125
5372000000.0,	0.0709228515625,	0.0493316650390625
5372018750.0,	0.07188034057617188,	0.04833221435546875
5372037500.0,	0.06987762451171875,	0.050067901611328125
5372056250.0,	0.07048797607421875,	0.049072265625
5372075000.0,	0.06981277465820312,	0.05068206787109375
5372093750.0,	0.06979751586914062,	0.051059722900390625
5372112500.0,	0.07275772094726562,	0.050388336181640625
5372131250.0,	0.06934738159179688,	0.050197601318359375
5372150000.0,	0.07182693481445312,	0.048091888427734375
5372168750.0,	0.0689697265625,	0.0489501953125
5372187500.0,	0.0720062255859375,	0.048892974853515625
5372206250.0,	0.07135391235351562,	0.04712677001953125
5372225000.0,	0.0707550048828125,	0.0488433837890625
5372243750.0,	0.068267822265625,	0.049030303955078125
5372262500.0,	0.06984710693359375,	0.047367095947265625
5372281250.0,	0.0716094970703125,	0.050067901611328125
5372300000.0,	0.06999969482421875,	0.0472564697265625
5372318750.0,	0.07037734985351562,	0.04703521728515625
5372337500.0,	0.07158279418945312,	0.05007171630859375
5372356250.0,	0.07344436645507812,	0.04911041259765625
5372375000.0,	0.07132720947265625,	0.048954010009765625
5372393750.0,	0.070404052734375,	0.0485382080078125
5372412500.0,	0.070037841796875,	0.049282073974609375
5372431250.0,	0.0713653564453125,	0.049396514892578125
5372450000.0,	0.07356643676757812,	0.048740386962890625
5372468750.0,	0.07228851318359375,	0.050197601318359375
5372487500.0,	0.06893539428710938,	0.049182891845703125
5372506250.0,	0.07172775268554688,	0.048633575439453125
5372525000.0,	0.07172012329101562,	0.048980712890625
5372543750.0,	0.0696258544921875,	0.046398162841796875
5372562500.0,	0.0699615478515625,	0.04801177978515625
5372581250.0,	0.07128524780273438,	0.0499267578125
5372600000.0,	0.07091522216796875,	0.0491790771484375
5372618750.0,	0.07289886474609375,	0.046848297119140625
5372637500.0,	0.07241058349609375,	0.046764373779296875
5372656250.0,	0.06983566284179688,	0.047512054443359375
5372675000.0,	0.07328414916992188,	0.049190521240234375
5372693750.0,	0.07375335693359375,	0.047939300537109375
5372712500.0,	0.07126617431640625,	0.048969268798828125
5372731250.0,	0.07379913330078125,	0.048709869384765625
5372750000.0,	0.0694122314453125,	0.050151824951171875
5372768750.0,	0.07239532470703125,	0.047702789306640625
5372787500.0,	0.07152175903320312,	0.04770660400390625
5372806250.0,	0.07089996337890625,	0.048397064208984375
5372825000.0,	0.07226943969726562,	0.046112060546875
5372843750.0,	0.0728302001953125,	0.048877716064453125
5372862500.0,	0.07152175903320312,	0.04744720458984375
5372881250.0,	0.07133865356445312,	0.04888916015625
5372900000.0,	0.06897735595703125,	0.049671173095703125
5372918750.0,	0.07223129272460938,	0.047924041748046875
5372937500.0,	0.070220947265625,	0.048572540283203125
5372956250.0,	0.0745849609375,	0.04865264892578125
5372975000.0,	0.0699462890625,	0.048748016357421875
5372993750.0,	0.07244873046875,	0.048770904541015625
5373012500.0,	0.07392120361328125,	0.048885345458984375
5373031250.0,	0.0736541748046875,	0.04730224609375
5373050000.0,	0.07183456420898438,	0.0467987060546875
5373068750.0,	0.0722808837890625,	0.048336029052734375
5373087500.0,	0.07237625122070312,	0.0478363037109375
5373106250.0,	0.07387542724609375,	0.04804229736328125
5373125000.0,	0.07217788696289062,	0.048717498779296875
5373143750.0,	0.07062911987304688,	0.047412872314453125
5373162500.0,	0.07230758666992188,	0.048175811767578125
5373181250.0,	0.07431411743164062,	0.048229217529296875
5373200000.0,	0.06855392456054688,	0.047275543212890625
5373218750.0,	0.0753326416015625,	0.046966552734375
5373237500.0,	0.07409286499023438,	0.047519683837890625
5373256250.0,	0.07204055786132812,	0.04742431640625
5373275000.0,	0.07475662231445312,	0.048736572265625
5373293750.0,	0.07310104370117188,	0.04856109619140625
5373312500.0,	0.07302093505859375,	0.046451568603515625
5373331250.0,	0.071319580078125,	0.048095703125
5373350000.0,	0.07213211059570312,	0.047321319580078125
5373368750.0,	0.07367324829101562,	0.0465545654296875
5373387500.0,	0.07464599609375,	0.0459136962890625
5373406250.0,	0.0725555419921875,	0.048145294189453125
5373425000.0,	0.07426834106445312,	0.045627593994140625
5373443750.0,	0.07437515258789062,	0.046356201171875
5373462500.0,	0.07352066040039062,	0.04734039306640625
5373481250.0,	0.07479476928710938,	0.047149658203125
5373500000.0,	0.07204437255859375,	0.048030853271484375
5373518750.0,	0.07536697387695312,	0.04821014404296875
5373537500.0,	0.0731658935546875,	0.045257568359375
5373556250.0,	0.07386016845703125,	0.044261932373046875
5373575000.0,	0.07390975952148438,	0.045810699462890625
5373593750.0,	0.0732421875,	0.047344207763671875
5373612500.0,	0.07237625122070312,	0.0448455810546875
5373631250.0,	0.07381057739257812,	0.04730987548828125
5373650000.0,	0.07256317138671875,	0.044673919677734375
5373668750.0,	0.07345962524414062,	0.04779052734375
5373687500.0,	0.0734710693359375,	0.04526519775390625
5373706250.0,	0.07306289672851562,	0.0432586669921875
5373725000.0,	0.073883056640625,	0.04538726806640625
5373743750.0,	0.0738983154296875,	0.04576873779296875
5373762500.0,	0.07428359985351562,	0.044292449951171875
5373781250.0,	0.07384109497070312,	0.04288482666015625
5373800000.0,	0.07442092895507812,	0.043605804443359375
5373818750.0,	0.07550811767578125,	0.046306610107421875
5373837500.0,	0.07535552978515625,	0.044757843017578125
5373856250.0,	0.07242584228515625,	0.0421600341796875
5373875000.0,	0.07488250732421875,	0.04444122314453125
5373893750.0,	0.07563018798828125,	0.043212890625
5373912500.0,	0.07340240478515625,	0.04436492919921875
5373931250.0,	0.07343292236328125,	0.04170989990234375
5373950000.0,	0.073150634765625,	0.04276275634765625
5373968750.0,	0.07257080078125,	0.0414886474609375
5373987500.0,	0.0758209228515625,	0.042388916015625
5374006250.0,	0.07254409790039062,	0.04317474365234375
5374025000.0,	0.0729217529296875,	0.04343414306640625
5374043750.0,	0.07425308227539062,	0.043064117431640625
5374062500.0,	0.07421875,	0.040771484375
5374081250.0,	0.07559585571289062,	0.042346954345703125
5374100000.0,	0.07578277587890625,	0.04046630859375
5374118750.0,	0.07538223266601562,	0.042964935302734375
5374137500.0,	0.07555007934570312,	0.0430450439453125
5374156250.0,	0.07376861572265625,	0.041286468505859375
5374175000.0,	0.07483673095703125,	0.039943695068359375
5374193750.0,	0.07607650756835938,	0.040660858154296875
5374212500.0,	0.07611083984375,	0.04180145263671875
5374231250.0,	0.07690811157226562,	0.0425872802734375
5374250000.0,	0.07386398315429688,	0.04148101806640625
5374268750.0,	0.0777130126953125,	0.04132843017578125
5374287500.0,	0.07544708251953125,	0.041011810302734375
5374306250.0,	0.07411575317382812,	0.041919708251953125
5374325000.0,	0.0744171142578125,	0.039340972900390625
5374343750.0,	0.07520294189453125,	0.040271759033203125
5374362500.0,	0.07590866088867188,	0.04003143310546875
5374381250.0,	0.0742950439453125,	0.038585662841796875
5374400000.0,	0.07603073120117188,	0.04128265380859375
5374418750.0,	0.07544326782226562,	0.03949737548828125
5374437500.0,	0.074432373046875,	0.038692474365234375
5374456250.0,	0.07515335083007812,	0.035511016845703125
5374475000.0,	0.07619476318359375,	0.037433624267578125
5374493750.0,	0.07375717163085938,	0.038234710693359375
5374512500.0,	0.07570266723632812,	0.037876129150390625
5374531250.0,	0.07500457763671875,	0.037319183349609375
5374550000.0,	0.07311248779296875,	0.03905487060546875
5374568750.0,	0.07567214965820312,	0.037662506103515625
5374587500.0,	0.07658004760742188,	0.035266876220703125
5374606250.0,	0.07389450073242188,	0.038105010986328125
5374625000.0,	0.07590866088867188,	0.036769866943359375
5374643750.0,	0.07528305053710938,	0.034778594970703125
5374662500.0,	0.0750885009765625,	0.0374755859375
5374681250.0,	0.07428741455078125,	0.03466796875
5374700000.0,	0.07354354858398438,	0.034694671630859375
5374718750.0,	0.07427597045898438,	0.034259796142578125
5374737500.0,	0.07357406616210938,	0.032649993896484375
5374756250.0,	0.07556915283203125,	0.03256988525390625
5374775000.0,	0.07437515258789062,	0.035503387451171875
5374793750.0,	0.07394027709960938,	0.034271240234375
5374812500.0,	0.07574844360351562,	0.036373138427734375
5374831250.0,	0.073028564453125,	0.035495758056640625
5374850000.0,	0.07315826416015625,	0.03208160400390625
5374868750.0,	0.07342147827148438,	0.0336761474609375
5374887500.0,	0.07188034057617188,	0.03272247314453125
5374906250.0,	0.07511520385742188,	0.03302001953125
5374925000.0,	0.07477569580078125,	0.033229827880859375
5374943750.0,	0.0735321044921875,	0.033710479736328125
5374962500.0,	0.0734405517578125,	0.032398223876953125
5374981250.0,	0.07331466674804688,	0.03238677978515625
5375000000.0,	0.07334518432617188,	0.03119659423828125
5375018750.0,	0.0719146728515625,	0.029827117919921875
5375037500.0,	0.07275009155273438,	0.03014373779296875
5375056250.0,	0.07186508178710938,	0.030124664306640625
5375075000.0,	0.07297134399414062,	0.030426025390625
5375093750.0,	0.07173919677734375,	0.031005859375
5375112500.0,	0.07138442993164062,	0.030849456787109375
5375131250.0,	0.07287979125976562,	0.02695465087890625
5375150000.0,	0.07183074951171875,	0.028865814208984375
5375168750.0,	0.07167816162109375,	0.029666900634765625
5375187500.0,	0.07020950317382812,	0.027873992919921875
5375206250.0,	0.06988143920898438,	0.02693939208984375
5375225000.0,	0.07058334350585938,	0.02953338623046875
5375243750.0,	0.07084274291992188,	0.0293426513671875
5375262500.0,	0.06932449340820312,	0.02718353271484375
5375281250.0,	0.06885528564453125,	0.026599884033203125
5375300000.0,	0.0691070556640625,	0.0267181396484375
5375318750.0,	0.0695953369140625,	0.028186798095703125
5375337500.0,	0.06661224365234375,	0.026458740234375
5375356250.0,	0.07067108154296875,	0.026477813720703125
5375375000.0,	0.06940078735351562,	0.025028228759765625
5375393750.0,	0.06656646728515625,	0.025920867919921875
5375412500.0,	0.06545639038085938,	0.0277862548828125
5375431250.0,	0.065155029296875,	0.026943206787109375
5375450000.0,	0.06756973266601562,	0.026218414306640625
5375468750.0,	0.066864013671875,	0.025264739990234375
5375487500.0,	0.065948486328125,	0.024417877197265625
5375506250.0,	0.06444168090820312,	0.02619171142578125
5375525000.0,	0.06524658203125,	0.024768829345703125
5375543750.0,	0.06379318237304688,	0.025318145751953125
5375562500.0,	0.06326675415039062,	0.02416229248046875
5375581250.0,	0.06482696533203125,	0.025325775146484375
5375600000.0,	0.06457901000976562,	0.024517059326171875
5375618750.0,	0.06238555908203125,	0.024572372436523438
5375637500.0,	0.06416702270507812,	0.02335357666015625
5375656250.0,	0.06308364868164062,	0.023174285888671875
5375675000.0,	0.0613861083984375,	0.025781631469726562
5375693750.0,	0.060955047607421875,	0.022508621215820312
5375712500.0,	0.061740875244140625,	0.02352142333984375
5375731250.0,	0.06182289123535156,	0.025438308715820312
5375750000.0,	0.06055641174316406,	0.023830413818359375
5375768750.0,	0.0601348876953125,	0.023723602294921875
5375787500.0,	0.060504913330078125,	0.02667236328125
5375806250.0,	0.05937767028808594,	0.023321151733398438
5375825000.0,	0.05917549133300781,	0.022998809814453125
5375843750.0,	0.05817985534667969,	0.023771286010742188
5375862500.0,	0.05824470520019531,	0.025396347045898438
5375881250.0,	0.05748558044433594,	0.025308609008789062
5375900000.0,	0.0582427978515625,	0.026239395141601562
5375918750.0,	0.057277679443359375,	0.02402496337890625
5375937500.0,	0.0566558837890625,	0.0238800048828125
5375956250.0,	0.056812286376953125,	0.025285720825195312
5375975000.0,	0.05697059631347656,	0.024885177612304688
5375993750.0,	0.056026458740234375,	0.02469635009765625
5376012500.0,	0.05658912658691406,	0.025178909301757812
5376031250.0,	0.055309295654296875,	0.023374557495117188
5376050000.0,	0.055805206298828125,	0.024570465087890625
5376068750.0,	0.05466461181640625,	0.023508071899414062
5376087500.0,	0.05544471740722656,	0.025281906127929688
5376106250.0,	0.05514717102050781,	0.02576446533203125
5376125000.0,	0.05598258972167969,	0.024572372436523438
5376143750.0,	0.05354881286621094,	0.0272064208984375
5376162500.0,	0.053409576416015625,	0.0267333984375
5376181250.0,	0.05398368835449219,	0.022592544555664062
5376200000.0,	0.053798675537109375,	0.026371002197265625
5376218750.0,	0.05031013488769531,	0.026020050048828125
5376237500.0,	0.052093505859375,	0.026515960693359375
5376256250.0,	0.05299186706542969,	0.027347564697265625
5376275000.0,	0.05117225646972656,	0.027469635009765625
5376293750.0,	0.0506591796875,	0.02512359619140625
5376312500.0,	0.051067352294921875,	0.027975082397460938
5376331250.0,	0.04991340637207031,	0.02581787109375
5376350000.0,	0.05031013488769531,	0.0262908935546875
5376368750.0,	0.05092048645019531,	0.0267486572265625
5376387500.0,	0.04947853088378906,	0.028478622436523438
5376406250.0,	0.05033111572265625,	0.027635574340820312
5376425000.0,	0.04903984069824219,	0.026702880859375
5376443750.0,	0.048854827880859375,	0.02696990966796875
5376462500.0,	0.05077552795410156,	0.029275894165039062
5376481250.0,	0.05187416076660156,	0.026712417602539062
5376500000.0,	0.04895782470703125,	0.03148841857910156
5376518750.0,	0.04876518249511719,	0.027805328369140625
5376537500.0,	0.04673194885253906,	0.029575347900390625
5376556250.0,	0.04695892333984375,	0.030149459838867188
5376575000.0,	0.048664093017578125,	0.029888153076171875
5376593750.0,	0.047306060791015625,	0.028020858764648438
5376612500.0,	0.048686981201171875,	0.027273178100585938
5376631250.0,	0.04744911193847656,	0.030452728271484375
5376650000.0,	0.04677009582519531,	0.03149986267089844
5376668750.0,	0.046260833740234375,	0.029478073120117188
5376687500.0,	0.04674339294433594,	0.0291290283203125
5376706250.0,	0.046142578125,	0.027873992919921875
5376725000.0,	0.04552459716796875,	0.0304107666015625
5376743750.0,	0.04707527160644531,	0.030828475952148438
5376762500.0,	0.04801177978515625,	0.03134346008300781
5376781250.0,	0.04659461975097656,	0.032989501953125
5376800000.0,	0.04686164855957031,	0.03194999694824219
5376818750.0,	0.04720497131347656,	0.028875350952148438
5376837500.0,	0.04530143737792969,	0.03045654296875
5376856250.0,	0.04562568664550781,	0.031742095947265625
5376875000.0,	0.046543121337890625,	0.032032012939453125
5376893750.0,	0.04475212097167969,	0.030477523803710938
5376912500.0,	0.04563331604003906,	0.032192230224609375
5376931250.0,	0.04475593566894531,	0.03206634521484375
5376950000.0,	0.044399261474609375,	0.03270530700683594
5376968750.0,	0.0460357666015625,	0.0343017578125
5376987500.0,	0.045745849609375,	0.03383064270019531
5377006250.0,	0.043048858642578125,	0.032039642333984375
5377025000.0,	0.04552650451660156,	0.033275604248046875
5377043750.0,	0.04503440856933594,	0.03421592712402344
5377062500.0,	0.045894622802734375,	0.03560638427734375
5377081250.0,	0.042194366455078125,	0.033603668212890625
5377100000.0,	0.0446624755859375,	0.035861968994140625
5377118750.0,	0.044689178466796875,	0.03587532043457031
5377137500.0,	0.0439453125,	0.03330802917480469
5377156250.0,	0.04463005065917969,	0.03247261047363281
5377175000.0,	0.043506622314453125,	0.03514862060546875
5377193750.0,	0.04258155822753906,	0.03438377380371094
5377212500.0,	0.04483222961425781,	0.03580665588378906
5377231250.0,	0.04464530944824219,	0.035961151123046875
5377250000.0,	0.04282569885253906,	0.034824371337890625
5377268750.0,	0.044345855712890625,	0.035064697265625
5377287500.0,	0.0420989990234375,	0.035724639892578125
5377306250.0,	0.04218864440917969,	0.036834716796875
5377325000.0,	0.04315948486328125,	0.03507423400878906
5377343750.0,	0.04480743408203125,	0.034976959228515625
5377362500.0,	0.0445404052734375,	0.03717994689941406
5377381250.0,	0.043735504150390625,	0.034515380859375
5377400000.0,	0.04168701171875,	0.03560638427734375
5377418750.0,	0.04183769226074219,	0.03864479064941406
5377437500.0,	0.04312896728515625,	0.038829803466796875
5377456250.0,	0.04190254211425781,	0.03609657287597656
5377475000.0,	0.04139137268066406,	0.03726387023925781
5377493750.0,	0.04445838928222656,	0.0379486083984375
5377512500.0,	0.04416847229003906,	0.03722190856933594
5377531250.0,	0.04368019104003906,	0.039154052734375
5377550000.0,	0.04222869873046875,	0.03889656066894531
5377568750.0,	0.04217529296875,	0.03854560852050781
5377587500.0,	0.04408836364746094,	0.0371551513671875
5377606250.0,	0.04462242126464844,	0.03701591491699219
5377625000.0,	0.04328727722167969,	0.038784027099609375
5377643750.0,	0.043315887451171875,	0.039241790771484375
5377662500.0,	0.04194831848144531,	0.03881072998046875
5377681250.0,	0.043605804443359375,	0.039714813232421875
5377700000.0,	0.041576385498046875,	0.042171478271484375
5377718750.0,	0.04253578186035156,	0.039333343505859375
5377737500.0,	0.04424858093261719,	0.039684295654296875
5377756250.0,	0.04296875,	0.039798736572265625
5377775000.0,	0.04279136657714844,	0.041790008544921875
5377793750.0,	0.04236793518066406,	0.04172515869140625
5377812500.0,	0.04319190979003906,	0.04018402099609375
5377831250.0,	0.04242706298828125,	0.03818511962890625
5377850000.0,	0.044406890869140625,	0.04001426696777344
5377868750.0,	0.04137229919433594,	0.04067420959472656
5377887500.0,	0.04134559631347656,	0.03948211669921875
5377906250.0,	0.041107177734375,	0.040950775146484375
5377925000.0,	0.04093170166015625,	0.04080390930175781
5377943750.0,	0.040721893310546875,	0.041194915771484375
5377962500.0,	0.04369354248046875,	0.04304695129394531
5377981250.0,	0.0421295166015625,	0.04245948791503906
5378000000.0,	0.04282951354980469,	0.04363250732421875
5378018750.0,	0.04284858703613281,	0.043163299560546875
5378037500.0,	0.04385185241699219,	0.0403900146484375
5378056250.0,	0.04417610168457031,	0.04155731201171875
5378075000.0,	0.04320716857910156,	0.04205322265625
5378093750.0,	0.04028129577636719,	0.0411834716796875
5378112500.0,	0.04407310485839844,	0.04322242736816406
5378131250.0,	0.040843963623046875,	0.04398345947265625
5378150000.0,	0.0426177978515625,	0.04189300537109375
5378168750.0,	0.04403877258300781,	0.04409217834472656
5378187500.0,	0.042530059814453125,	0.0421905517578125
5378206250.0,	0.04420661926269531,	0.04305076599121094
5378225000.0,	0.0432281494140625,	0.04197883605957031
5378243750.0,	0.04288291931152344,	0.04289054870605469
5378262500.0,	0.041934967041015625,	0.04315376281738281
5378281250.0,	0.04415130615234375,	0.042797088623046875
5378300000.0,	0.042514801025390625,	0.04395103454589844
5378318750.0,	0.04426002502441406,	0.04358482360839844
5378337500.0,	0.044475555419921875,	0.04357337951660156
5378356250.0,	0.04323768615722656,	0.045536041259765625
5378375000.0,	0.04401969909667969,	0.04467201232910156
5378393750.0,	0.04311561584472656,	0.04207611083984375
5378412500.0,	0.04350852966308594,	0.04308319091796875
5378431250.0,	0.040798187255859375,	0.04469490051269531
5378450000.0,	0.042201995849609375,	0.04545021057128906
5378468750.0,	0.0439605712890625,	0.04493141174316406
5378487500.0,	0.04399871826171875,	0.04480552673339844
5378506250.0,	0.04519462585449219,	0.04502105712890625
5378525000.0,	0.04339599609375,	0.045726776123046875
5378543750.0,	0.04434967041015625,	0.046436309814453125
5378562500.0,	0.04334831237792969,	0.04581451416015625
5378581250.0,	0.044780731201171875,	0.04670906066894531
5378600000.0,	0.043487548828125,	0.045989990234375
5378618750.0,	0.04478263854980469,	0.04561614990234375
5378637500.0,	0.045467376708984375,	0.04416084289550781
5378656250.0,	0.04392051696777344,	0.045413970947265625
5378675000.0,	0.04489898681640625,	0.045864105224609375
5378693750.0,	0.042102813720703125,	0.047405242919921875
5378712500.0,	0.04261970520019531,	0.04707145690917969
5378731250.0,	0.043209075927734375,	0.04709625244140625
5378750000.0,	0.04359626770019531,	0.04719352722167969
5378768750.0,	0.04564666748046875,	0.04677391052246094
5378787500.0,	0.04382133483886719,	0.045200347900390625
5378806250.0,	0.04382133483886719,	0.04566764831542969
5378825000.0,	0.04158210754394531,	0.044277191162109375
5378843750.0,	0.04509925842285156,	0.04757118225097656
5378862500.0,	0.04364776611328125,	0.046360015869140625
5378881250.0,	0.04297447204589844,	0.04549407958984375
5378900000.0,	0.04351806640625,	0.04755401611328125
5378918750.0,	0.043182373046875,	0.047710418701171875
5378937500.0,	0.04460716247558594,	0.04729652404785156
5378956250.0,	0.04389381408691406,	0.04604339599609375
5378975000.0,	0.04272651672363281,	0.046802520751953125
5378993750.0,	0.042781829833984375,	0.04615974426269531
5379012500.0,	0.04393196105957031,	0.046360015869140625
5379031250.0,	0.0439910888671875,	0.04595375061035156
5379050000.0,	0.04419136047363281,	0.047359466552734375
5379068750.0,	0.04322624206542969,	0.04713630676269531
5379087500.0,	0.041858673095703125,	0.04746246337890625
5379106250.0,	0.04494476318359375,	0.04608726501464844
5379125000.0,	0.044811248779296875,	0.04675865173339844
5379143750.0,	0.045192718505859375,	0.046993255615234375
5379162500.0,	0.04259300231933594,	0.04712867736816406
5379181250.0,	0.04317665100097656,	0.04872703552246094
5379200000.0,	0.04475212097167969,	0.047740936279296875
5379218750.0,	0.04393196105957031,	0.048000335693359375
5379237500.0,	0.04424858093261719,	0.047054290771484375
5379256250.0,	0.04397392272949219,	0.04891204833984375
5379275000.0,	0.044429779052734375,	0.04801177978515625
5379293750.0,	0.04312705993652344,	0.04618072509765625
5379312500.0,	0.04444694519042969,	0.0475616455078125
5379331250.0,	0.04381561279296875,	0.04717254638671875
5379350000.0,	0.044055938720703125,	0.046436309814453125
5379368750.0,	0.04371452331542969,	0.046665191650390625
5379387500.0,	0.044368743896484375,	0.048099517822265625
5379406250.0,	0.04428291320800781,	0.048053741455078125
5379425000.0,	0.04445838928222656,	0.04844856262207031
5379443750.0,	0.04237174987792969,	0.04623603820800781
5379462500.0,	0.04524421691894531,	0.04740142822265625
5379481250.0,	0.045196533203125,	0.04824638366699219
5379500000.0,	0.045238494873046875,	0.047702789306640625
5379518750.0,	0.04467964172363281,	0.048503875732421875
5379537500.0,	0.04502105712890625,	0.048099517822265625
5379556250.0,	0.04303932189941406,	0.04858207702636719
5379575000.0,	0.04718208312988281,	0.04819297790527344
5379593750.0,	0.043682098388671875,	0.048625946044921875
5379612500.0,	0.04386329650878906,	0.04797172546386719
5379631250.0,	0.04410552978515625,	0.05048370361328125
5379650000.0,	0.044708251953125,	0.048931121826171875
5379668750.0,	0.044414520263671875,	0.04901885986328125
5379687500.0,	0.04445838928222656,	0.050384521484375
5379706250.0,	0.04290008544921875,	0.04803276062011719
5379725000.0,	0.04695320129394531,	0.04835319519042969
5379743750.0,	0.04397392272949219,	0.04904937744140625
5379762500.0,	0.04364204406738281,	0.049777984619140625
5379781250.0,	0.04571723937988281,	0.04918861389160156
5379800000.0,	0.04669380187988281,	0.049594879150390625
5379818750.0,	0.043788909912109375,	0.049175262451171875
5379837500.0,	0.04525566101074219,	0.04944801330566406
5379856250.0,	0.04225921630859375,	0.04932212829589844
5379875000.0,	0.04405021667480469,	0.049297332763671875
5379893750.0,	0.046543121337890625,	0.04853248596191406
5379912500.0,	0.04471588134765625,	0.04849815368652344
5379931250.0,	0.0434112548828125,	0.04994010925292969
5379950000.0,	0.04593849182128906,	0.04982185363769531
5379968750.0,	0.045261383056640625,	0.04969978332519531
5379987500.0,	0.04470062255859375,	0.04914093017578125
5380006250.0,	0.04446983337402344,	0.04958915710449219
5380025000.0,	0.04472923278808594,	0.04897499084472656
5380043750.0,	0.04362678527832031,	0.05196380615234375
5380062500.0,	0.04225730895996094,	0.0481719970703125
5380081250.0,	0.04473304748535156,	0.0481719970703125
5380100000.0,	0.04498291015625,	0.04986572265625
5380118750.0,	0.043903350830078125,	0.049930572509765625
5380137500.0,	0.04242134094238281,	0.05043601989746094
5380156250.0,	0.04468727111816406,	0.05154609680175781
5380175000.0,	0.04673576354980469,	0.05066871643066406
5380193750.0,	0.04242515563964844,	0.049724578857421875
5380212500.0,	0.0453338623046875,	0.051319122314453125
5380231250.0,	0.045139312744140625,	0.05218505859375
5380250000.0,	0.04448699951171875,	0.050769805908203125
5380268750.0,	0.04384040832519531,	0.04923820495605469
5380287500.0,	0.045482635498046875,	0.05112648010253906
5380306250.0,	0.044830322265625,	0.04964256286621094
5380325000.0,	0.044864654541015625,	0.0507354736328125
5380343750.0,	0.04668617248535156,	0.049877166748046875
5380362500.0,	0.04388427734375,	0.04747772216796875
5380381250.0,	0.044231414794921875,	0.049770355224609375
5380400000.0,	0.04553413391113281,	0.05099678039550781
5380418750.0,	0.04630279541015625,	0.0508270263671875
5380437500.0,	0.04669761657714844,	0.051639556884765625
5380456250.0,	0.04589080810546875,	0.05179786682128906
5380475000.0,	0.045925140380859375,	0.0505828857421875
5380493750.0,	0.04547119140625,	0.05157661437988281
5380512500.0,	0.0446014404296875,	0.05060768127441406
5380531250.0,	0.04560089111328125,	0.049102783203125
5380550000.0,	0.04603767395019531,	0.04918670654296875
5380568750.0,	0.045726776123046875,	0.051708221435546875
5380587500.0,	0.04654884338378906,	0.052417755126953125
5380606250.0,	0.045207977294921875,	0.05332756042480469
5380625000.0,	0.047367095947265625,	0.05064582824707031
5380643750.0,	0.04567146301269531,	0.0509185791015625
5380662500.0,	0.04536247253417969,	0.049709320068359375
5380681250.0,	0.04551124572753906,	0.05178642272949219
5380700000.0,	0.04636955261230469,	0.051845550537109375
5380718750.0,	0.04690361022949219,	0.05239677429199219
5380737500.0,	0.04531097412109375,	0.05051231384277344
5380756250.0,	0.04405021667480469,	0.053165435791015625
5380775000.0,	0.04533958435058594,	0.050899505615234375
5380793750.0,	0.04590797424316406,	0.04965782165527344
5380812500.0,	0.04462623596191406,	0.05210304260253906
5380831250.0,	0.04545402526855469,	0.05248260498046875
5380850000.0,	0.04373931884765625,	0.050140380859375
5380868750.0,	0.04834747314453125,	0.04843902587890625
5380887500.0,	0.04504585266113281,	0.05048370361328125
5380906250.0,	0.04513359069824219,	0.05147743225097656
5380925000.0,	0.04451560974121094,	0.05099678039550781
5380943750.0,	0.04635810852050781,	0.052677154541015625
5380962500.0,	0.04686927795410156,	0.05233192443847656
5380981250.0,	0.0465850830078125,	0.05290031433105469
5381000000.0,	0.046436309814453125,	0.0529327392578125
5381018750.0,	0.04607582092285156,	0.04998207092285156
5381037500.0,	0.045440673828125,	0.05029296875
5381056250.0,	0.04582023620605469,	0.05160713195800781
5381075000.0,	0.043701171875,	0.05321502685546875
5381093750.0,	0.04543876647949219,	0.0512237548828125
5381112500.0,	0.04602241516113281,	0.0500335693359375
5381131250.0,	0.04540061950683594,	0.051029205322265625
5381150000.0,	0.046234130859375,	0.05166435241699219
5381168750.0,	0.04513740539550781,	0.05277442932128906
5381187500.0,	0.04637908935546875,	0.05153846740722656
5381206250.0,	0.04618072509765625,	0.05129432678222656
5381225000.0,	0.04578590393066406,	0.052707672119140625
5381243750.0,	0.044490814208984375,	0.051280975341796875
5381262500.0,	0.043369293212890625,	0.0522003173828125
5381281250.0,	0.045856475830078125,	0.05129241943359375
5381300000.0,	0.045772552490234375,	0.05098724365234375
5381318750.0,	0.046291351318359375,	0.05225944519042969
5381337500.0,	0.04709053039550781,	0.05278587341308594
5381356250.0,	0.04419136047363281,	0.05260276794433594
5381375000.0,	0.04636192321777344,	0.052600860595703125
5381393750.0,	0.04469490051269531,	0.05245208740234375
5381412500.0,	0.04578590393066406,	0.051029205322265625
5381431250.0,	0.04607963562011719,	0.05224609375
5381450000.0,	0.04620933532714844,	0.05111122131347656
5381468750.0,	0.04681205749511719,	0.05321311950683594
5381487500.0,	0.04598045349121094,	0.05177879333496094
5381506250.0,	0.04529762268066406,	0.05302619934082031
5381525000.0,	0.04692840576171875,	0.05341148376464844
5381543750.0,	0.04544258117675781,	0.05278778076171875
5381562500.0,	0.04732513427734375,	0.05127525329589844
5381581250.0,	0.04586219787597656,	0.04918670654296875
5381600000.0,	0.045032501220703125,	0.05142974853515625
5381618750.0,	0.04467582702636719,	0.05370521545410156
5381637500.0,	0.04709434509277344,	0.053928375244140625
5381656250.0,	0.04797172546386719,	0.05311012268066406
5381675000.0,	0.04570960998535156,	0.051586151123046875
5381693750.0,	0.04534149169921875,	0.05213165283203125
5381712500.0,	0.04659843444824219,	0.04972076416015625
5381731250.0,	0.04738807678222656,	0.05223655700683594
5381750000.0,	0.04498481750488281,	0.052555084228515625
5381768750.0,	0.045719146728515625,	0.05382347106933594
5381787500.0,	0.047107696533203125,	0.05162620544433594
5381806250.0,	0.0451202392578125,	0.05232429504394531
5381825000.0,	0.046398162841796875,	0.05255317687988281
5381843750.0,	0.04615020751953125,	0.0521087646484375
5381862500.0,	0.04712104797363281,	0.05203819274902344
5381881250.0,	0.04554176330566406,	0.05160331726074219
5381900000.0,	0.04635047912597656,	0.052806854248046875
5381918750.0,	0.04810905456542969,	0.05306053161621094
5381937500.0,	0.04801750183105469,	0.05416679382324219
5381956250.0,	0.04592323303222656,	0.05307960510253906
5381975000.0,	0.04538726806640625,	0.05244255065917969
5381993750.0,	0.045269012451171875,	0.05378150939941406
5382012500.0,	0.04466438293457031,	0.05094337463378906
5382031250.0,	0.04609107971191406,	0.0518341064453125
5382050000.0,	0.0440826416015625,	0.052093505859375
5382068750.0,	0.04537200927734375,	0.05404090881347656
5382087500.0,	0.045810699462890625,	0.051998138427734375
5382106250.0,	0.0445404052734375,	0.053813934326171875
5382125000.0,	0.04604148864746094,	0.05396080017089844
5382143750.0,	0.046535491943359375,	0.053684234619140625
5382162500.0,	0.04648780822753906,	0.05313873291015625
5382181250.0,	0.04689979553222656,	0.05447196960449219
5382200000.0,	0.0454559326171875,	0.053802490234375
5382218750.0,	0.04466438293457031,	0.05348777770996094
5382237500.0,	0.048675537109375,	0.054103851318359375
5382256250.0,	0.04729461669921875,	0.05352592468261719
5382275000.0,	0.04859733581542969,	0.054698944091796875
5382293750.0,	0.04602622985839844,	0.05303382873535156
5382312500.0,	0.0451202392578125,	0.054523468017578125
5382331250.0,	0.0448455810546875,	0.0520782470703125
5382350000.0,	0.04563331604003906,	0.052883148193359375
5382368750.0,	0.0469207763671875,	0.05406761169433594
5382387500.0,	0.04220771789550781,	0.05341339111328125
5382406250.0,	0.04660987854003906,	0.05382347106933594
5382425000.0,	0.045654296875,	0.054523468017578125
5382443750.0,	0.04337882995605469,	0.05375480651855469
5382462500.0,	0.04466819763183594,	0.05266380310058594
5382481250.0,	0.04385948181152344,	0.05302238464355469
5382500000.0,	0.04475593566894531,	0.05389595031738281
5382518750.0,	0.046276092529296875,	0.05312538146972656
5382537500.0,	0.04440116882324219,	0.052288055419921875
5382556250.0,	0.046306610107421875,	0.05234527587890625
5382575000.0,	0.047092437744140625,	0.053386688232421875
5382593750.0,	0.04431724548339844,	0.05349540710449219
5382612500.0,	0.04771232604980469,	0.05364799499511719
5382631250.0,	0.04847908020019531,	0.05377006530761719
5382650000.0,	0.04788780212402344,	0.05610466003417969
5382668750.0,	0.044971466064453125,	0.05251121520996094
5382687500.0,	0.04649543762207031,	0.05443763732910156
5382706250.0,	0.04664039611816406,	0.05263710021972656
5382725000.0,	0.04571342468261719,	0.05474662780761719
5382743750.0,	0.048442840576171875,	0.05406951904296875
5382762500.0,	0.04549980163574219,	0.05445289611816406
5382781250.0,	0.04561805725097656,	0.05259132385253906
5382800000.0,	0.04460716247558594,	0.05485725402832031
5382818750.0,	0.0480499267578125,	0.05342864990234375
5382837500.0,	0.04533195495605469,	0.05337333679199219
5382856250.0,	0.04626655578613281,	0.05489349365234375
5382875000.0,	0.04561614990234375,	0.05563545227050781
5382893750.0,	0.046138763427734375,	0.053997039794921875
5382912500.0,	0.046489715576171875,	0.05223655700683594
5382931250.0,	0.04744529724121094,	0.05231666564941406
5382950000.0,	0.04784202575683594,	0.05452728271484375
5382968750.0,	0.047634124755859375,	0.05276298522949219
5382987500.0,	0.04549980163574219,	0.05328369140625
5383006250.0,	0.04503059387207031,	0.05493927001953125
5383025000.0,	0.04800987243652344,	0.05562782287597656
5383043750.0,	0.04616737365722656,	0.05380821228027344
5383062500.0,	0.04512596130371094,	0.054325103759765625
5383081250.0,	0.04658699035644531,	0.05299949645996094
5383100000.0,	0.045703887939453125,	0.0533599853515625
5383118750.0,	0.0467529296875,	0.054229736328125
5383137500.0,	0.04810905456542969,	0.05295372009277344
5383156250.0,	0.0464630126953125,	0.0543670654296875
5383175000.0,	0.04599761962890625,	0.051982879638671875
5383193750.0,	0.04639625549316406,	0.052188873291015625
5383212500.0,	0.048610687255859375,	0.054351806640625
5383231250.0,	0.046092987060546875,	0.05445098876953125
5383250000.0,	0.04708099365234375,	0.056156158447265625
5383268750.0,	0.04522895812988281,	0.051799774169921875
5383287500.0,	0.046051025390625,	0.05413055419921875
5383306250.0,	0.0467681884765625,	0.05221366882324219
5383325000.0,	0.04362297058105469,	0.053775787353515625
5383343750.0,	0.04672813415527344,	0.05201530456542969
5383362500.0,	0.047733306884765625,	0.05358123779296875
5383381250.0,	0.04643821716308594,	0.05394744873046875
5383400000.0,	0.04603767395019531,	0.05537986755371094
5383418750.0,	0.048168182373046875,	0.05550384521484375
5383437500.0,	0.046901702880859375,	0.054187774658203125
5383456250.0,	0.04557609558105469,	0.05327796936035156
5383475000.0,	0.047962188720703125,	0.054378509521484375
5383493750.0,	0.046527862548828125,	0.05398368835449219
5383512500.0,	0.04600715637207031,	0.05283355712890625
5383531250.0,	0.04593086242675781,	0.05517768859863281
5383550000.0,	0.047588348388671875,	0.05451774597167969
5383568750.0,	0.046794891357421875,	0.0533447265625
5383587500.0,	0.04718017578125,	0.05524635314941406
5383606250.0,	0.04689979553222656,	0.05415534973144531
5383625000.0,	0.04442596435546875,	0.055629730224609375
5383643750.0,	0.04662513732910156,	0.053730010986328125
5383662500.0,	0.04720306396484375,	0.05489158630371094
5383681250.0,	0.046665191650390625,	0.05544471740722656
5383700000.0,	0.045063018798828125,	0.05554389953613281
5383718750.0,	0.04717254638671875,	0.053180694580078125
5383737500.0,	0.04534149169921875,	0.0532989501953125
5383756250.0,	0.04748344421386719,	0.05602264404296875
5383775000.0,	0.04538536071777344,	0.0543365478515625
5383793750.0,	0.04474449157714844,	0.05434989929199219
5383812500.0,	0.04690742492675781,	0.05420112609863281
5383831250.0,	0.047779083251953125,	0.05385017395019531
5383850000.0,	0.046024322509765625,	0.05285453796386719
5383868750.0,	0.045253753662109375,	0.054950714111328125
5383887500.0,	0.0437774658203125,	0.05480194091796875
5383906250.0,	0.04809379577636719,	0.0542755126953125
5383925000.0,	0.04620552062988281,	0.05686378479003906
5383943750.0,	0.04577445983886719,	0.05441474914550781
5383962500.0,	0.046192169189453125,	0.05448341369628906
5383981250.0,	0.04369926452636719,	0.05436515808105469
5384000000.0,	0.046482086181640625,	0.05360984802246094
5384018750.0,	0.04772758483886719,	0.05612754821777344
5384037500.0,	0.04665946960449219,	0.05459022521972656
5384056250.0,	0.046142578125,	0.053741455078125
5384075000.0,	0.04646873474121094,	0.05588340759277344
5384093750.0,	0.0474700927734375,	0.054119110107421875
5384112500.0,	0.045360565185546875,	0.05690193176269531
5384131250.0,	0.0467071533203125,	0.054584503173828125
5384150000.0,	0.0475616455078125,	0.05605888366699219
5384168750.0,	0.044189453125,	0.05419349670410156
5384187500.0,	0.04915428161621094,	0.05541801452636719
5384206250.0,	0.04513740539550781,	0.054836273193359375
5384225000.0,	0.044742584228515625,	0.05639457702636719
5384243750.0,	0.04603004455566406,	0.053966522216796875
5384262500.0,	0.04519081115722656,	0.053760528564453125
5384281250.0,	0.04650115966796875,	0.056121826171875
5384300000.0,	0.044994354248046875,	0.05618095397949219
5384318750.0,	0.04556083679199219,	0.05455207824707031
5384337500.0,	0.04492759704589844,	0.05727195739746094
5384356250.0,	0.04654121398925781,	0.0588531494140625
5384375000.0,	0.047183990478515625,	0.05269050598144531
5384393750.0,	0.04723930358886719,	0.05632591247558594
5384412500.0,	0.04743003845214844,	0.05475425720214844
5384431250.0,	0.045864105224609375,	0.054943084716796875
5384450000.0,	0.0486297607421875,	0.05361366271972656
5384468750.0,	0.047760009765625,	0.05558586120605469
5384487500.0,	0.04584312438964844,	0.055118560791015625
5384506250.0,	0.046955108642578125,	0.05434226989746094
5384525000.0,	0.04758644104003906,	0.055507659912109375
5384543750.0,	0.046558380126953125,	0.05644989013671875
5384562500.0,	0.04658317565917969,	0.05611419677734375
5384581250.0,	0.04698371887207031,	0.056735992431640625
5384600000.0,	0.047916412353515625,	0.05431365966796875
5384618750.0,	0.045124053955078125,	0.05571174621582031
5384637500.0,	0.046642303466796875,	0.05494880676269531
5384656250.0,	0.04706001281738281,	0.0544586181640625
5384675000.0,	0.044216156005859375,	0.056827545166015625
5384693750.0,	0.04482841491699219,	0.05391883850097656
5384712500.0,	0.04564094543457031,	0.056003570556640625
5384731250.0,	0.04666900634765625,	0.0563201904296875
5384750000.0,	0.04653358459472656,	0.055877685546875
5384768750.0,	0.0474395751953125,	0.05420112609863281
5384787500.0,	0.04717826843261719,	0.05548858642578125
5384806250.0,	0.04802703857421875,	0.05555915832519531
5384825000.0,	0.0453033447265625,	0.05609893798828125
5384843750.0,	0.04639244079589844,	0.055522918701171875
5384862500.0,	0.04796791076660156,	0.05385398864746094
5384881250.0,	0.046543121337890625,	0.05447959899902344
5384900000.0,	0.04711341857910156,	0.055278778076171875
5384918750.0,	0.04551506042480469,	0.05547904968261719
5384937500.0,	0.045085906982421875,	0.05451011657714844
5384956250.0,	0.04504966735839844,	0.056957244873046875
5384975000.0,	0.0458831787109375,	0.05646514892578125
5384993750.0,	0.04543495178222656,	0.05711174011230469
5385012500.0,	0.04691123962402344,	0.05534553527832031
5385031250.0,	0.044910430908203125,	0.056331634521484375
5385050000.0,	0.04707527160644531,	0.05389213562011719
5385068750.0,	0.04549980163574219,	0.05602073669433594
5385087500.0,	0.04554939270019531,	0.05753517150878906
5385106250.0,	0.04741096496582031,	0.05605888366699219
5385125000.0,	0.04494285583496094,	0.05697441101074219
5385143750.0,	0.04742622375488281,	0.05512809753417969
5385162500.0,	0.04784965515136719,	0.05446434020996094
5385181250.0,	0.04466819763183594,	0.055812835693359375
5385200000.0,	0.04368782043457031,	0.055034637451171875
5385218750.0,	0.046497344970703125,	0.054248809814453125
5385237500.0,	0.04715728759765625,	0.0538787841796875
5385256250.0,	0.04723548889160156,	0.05442047119140625
5385275000.0,	0.04616737365722656,	0.056121826171875
5385293750.0,	0.04769325256347656,	0.0554351806640625
5385312500.0,	0.04616355895996094,	0.05695343017578125
5385331250.0,	0.0439453125,	0.05746650695800781
5385350000.0,	0.04581642150878906,	0.05821418762207031
5385368750.0,	0.048435211181640625,	0.05578804016113281
5385387500.0,	0.0467376708984375,	0.05638694763183594
5385406250.0,	0.04516029357910156,	0.056705474853515625
5385425000.0,	0.0452117919921875,	0.05663108825683594
5385443750.0,	0.045932769775390625,	0.05449676513671875
5385462500.0,	0.04651832580566406,	0.056125640869140625
5385481250.0,	0.047039031982421875,	0.054515838623046875
5385500000.0,	0.046142578125,	0.056339263916015625
5385518750.0,	0.048061370849609375,	0.05614662170410156
5385537500.0,	0.04657745361328125,	0.05782890319824219
5385556250.0,	0.044406890869140625,	0.05620765686035156
5385575000.0,	0.04474449157714844,	0.05570411682128906
5385593750.0,	0.04521942138671875,	0.05554008483886719
5385612500.0,	0.04572868347167969,	0.056735992431640625
5385631250.0,	0.04563331604003906,	0.0573883056640625
5385650000.0,	0.0464935302734375,	0.0559539794921875
5385668750.0,	0.0479278564453125,	0.05793571472167969
5385687500.0,	0.04404258728027344,	0.05621910095214844
5385706250.0,	0.04728507995605469,	0.05463218688964844
5385725000.0,	0.04779052734375,	0.055286407470703125
5385743750.0,	0.04690742492675781,	0.057758331298828125
5385762500.0,	0.04498863220214844,	0.05471038818359375
5385781250.0,	0.04546928405761719,	0.05496978759765625
5385800000.0,	0.047122955322265625,	0.05559730529785156
5385818750.0,	0.047054290771484375,	0.05584526062011719
5385837500.0,	0.046703338623046875,	0.05499267578125
5385856250.0,	0.04646110534667969,	0.055614471435546875
5385875000.0,	0.046184539794921875,	0.058322906494140625
5385893750.0,	0.04611396789550781,	0.055751800537109375
5385912500.0,	0.04662132263183594,	0.0584716796875
5385931250.0,	0.04647254943847656,	0.05798912048339844
5385950000.0,	0.04546356201171875,	0.056087493896484375
5385968750.0,	0.04590606689453125,	0.056941986083984375
5385987500.0,	0.0472869873046875,	0.057941436767578125
5386006250.0,	0.04498481750488281,	0.056980133056640625
5386025000.0,	0.04905891418457031,	0.056217193603515625
5386043750.0,	0.04640769958496094,	0.05718994140625
5386062500.0,	0.04744720458984375,	0.05730438232421875
5386081250.0,	0.04688072204589844,	0.05533599853515625
5386100000.0,	0.04673957824707031,	0.055171966552734375
5386118750.0,	0.04677581787109375,	0.05771827697753906
5386137500.0,	0.0450439453125,	0.056995391845703125
5386156250.0,	0.047412872314453125,	0.05595207214355469
5386175000.0,	0.04534339904785156,	0.059719085693359375
5386193750.0,	0.04729652404785156,	0.05759620666503906
5386212500.0,	0.046779632568359375,	0.05605125427246094
5386231250.0,	0.047756195068359375,	0.05570220947265625
5386250000.0,	0.04579925537109375,	0.05700492858886719
5386268750.0,	0.0472564697265625,	0.05658912658691406
5386287500.0,	0.045562744140625,	0.05709266662597656
5386306250.0,	0.04909515380859375,	0.05552864074707031
5386325000.0,	0.04732704162597656,	0.054164886474609375
5386343750.0,	0.04695701599121094,	0.05530357360839844
5386362500.0,	0.04740333557128906,	0.056018829345703125
5386381250.0,	0.0452728271484375,	0.0557098388671875
5386400000.0,	0.04689216613769531,	0.05640602111816406
5386418750.0,	0.049015045166015625,	0.05673027038574219
5386437500.0,	0.04663658142089844,	0.05554008483886719
5386456250.0,	0.04551506042480469,	0.056682586669921875
5386475000.0,	0.04790687561035156,	0.05834007263183594
5386493750.0,	0.049671173095703125,	0.0580291748046875
5386512500.0,	0.046031951904296875,	0.05754280090332031
5386531250.0,	0.048633575439453125,	0.05688667297363281
5386550000.0,	0.04395294189453125,	0.05674171447753906
5386568750.0,	0.04557228088378906,	0.05652427673339844
5386587500.0,	0.04622459411621094,	0.05759239196777344
5386606250.0,	0.04738616943359375,	0.056964874267578125
5386625000.0,	0.04630470275878906,	0.05808448791503906
5386643750.0,	0.0473785400390625,	0.055355072021484375
5386662500.0,	0.04644012451171875,	0.05828285217285156
5386681250.0,	0.04514312744140625,	0.05713462829589844
5386700000.0,	0.050022125244140625,	0.05666923522949219
5386718750.0,	0.04538917541503906,	0.05566596984863281
5386737500.0,	0.048557281494140625,	0.055927276611328125
5386756250.0,	0.04762077331542969,	0.05830955505371094
5386775000.0,	0.047840118408203125,	0.05762672424316406
5386793750.0,	0.04768943786621094,	0.05801200866699219
5386812500.0,	0.04711723327636719,	0.058929443359375
5386831250.0,	0.04672813415527344,	0.05684661865234375
5386850000.0,	0.0437774658203125,	0.057262420654296875
5386868750.0,	0.04664421081542969,	0.05742835998535156
5386887500.0,	0.047367095947265625,	0.05580902099609375
5386906250.0,	0.04652595520019531,	0.05517578125
5386925000.0,	0.048603057861328125,	0.05641937255859375
5386943750.0,	0.0468292236328125,	0.05611419677734375
5386962500.0,	0.04707908630371094,	0.057132720947265625
5386981250.0,	0.04702568054199219,	0.05711555480957031
5387000000.0,	0.04555511474609375,	0.05512809753417969
5387018750.0,	0.04695320129394531,	0.057941436767578125
5387037500.0,	0.04616355895996094,	0.054279327392578125
5387056250.0,	0.046710968017578125,	0.05721092224121094
5387075000.0,	0.04549980163574219,	0.05548858642578125
5387093750.0,	0.04834747314453125,	0.05767631530761719
5387112500.0,	0.04816627502441406,	0.05743598937988281
5387131250.0,	0.046947479248046875,	0.058963775634765625
5387150000.0,	0.04552268981933594,	0.056488037109375
5387168750.0,	0.04410743713378906,	0.056804656982421875
5387187500.0,	0.04535865783691406,	0.054656982421875
5387206250.0,	0.04669380187988281,	0.057037353515625
5387225000.0,	0.04623603820800781,	0.05591011047363281
5387243750.0,	0.04688453674316406,	0.05442619323730469
5387262500.0,	0.04743766784667969,	0.05712890625
5387281250.0,	0.045429229736328125,	0.05740547180175781
5387300000.0,	0.04499244689941406,	0.05788612365722656
5387318750.0,	0.04740715026855469,	0.054454803466796875
5387337500.0,	0.04593467712402344,	0.05756568908691406
5387356250.0,	0.044124603271484375,	0.05557060241699219
5387375000.0,	0.049037933349609375,	0.058597564697265625
5387393750.0,	0.045589447021484375,	0.058349609375
5387412500.0,	0.04754066467285156,	0.056690216064453125
5387431250.0,	0.04683876037597656,	0.05784416198730469
5387450000.0,	0.049221038818359375,	0.055877685546875
5387468750.0,	0.04700469970703125,	0.058193206787109375
5387487500.0,	0.047855377197265625,	0.05823326110839844
5387506250.0,	0.04701995849609375,	0.05721092224121094
5387525000.0,	0.04788780212402344,	0.05635261535644531
5387543750.0,	0.045421600341796875,	0.0557403564453125
5387562500.0,	0.04529571533203125,	0.05612754821777344
5387581250.0,	0.04687690734863281,	0.055877685546875
5387600000.0,	0.04555702209472656,	0.057529449462890625
5387618750.0,	0.04609489440917969,	0.056682586669921875
5387637500.0,	0.04762458801269531,	0.06130218505859375
5387656250.0,	0.04774665832519531,	0.05627250671386719
5387675000.0,	0.04659080505371094,	0.05750465393066406
5387693750.0,	0.04603004455566406,	0.058929443359375
5387712500.0,	0.04404449462890625,	0.05661964416503906
5387731250.0,	0.045665740966796875,	0.05724906921386719
5387750000.0,	0.04370689392089844,	0.05745124816894531
5387768750.0,	0.04659843444824219,	0.057392120361328125
5387787500.0,	0.04788017272949219,	0.05704689025878906
5387806250.0,	0.04750633239746094,	0.05775260925292969
5387825000.0,	0.04701423645019531,	0.05861854553222656
5387843750.0,	0.04579353332519531,	0.06054115295410156
5387862500.0,	0.046436309814453125,	0.05708503723144531
5387881250.0,	0.04686164855957031,	0.05817413330078125
5387900000.0,	0.04815483093261719,	0.0557403564453125
5387918750.0,	0.04508399963378906,	0.05874824523925781
5387937500.0,	0.048126220703125,	0.05954170227050781
5387956250.0,	0.04485893249511719,	0.05721282958984375
5387975000.0,	0.04619789123535156,	0.05753517150878906
5387993750.0,	0.046642303466796875,	0.056919097900390625
5388012500.0,	0.045909881591796875,	0.06000328063964844
5388031250.0,	0.04689216613769531,	0.06001091003417969
5388050000.0,	0.047214508056640625,	0.058025360107421875
5388068750.0,	0.047344207763671875,	0.056598663330078125
5388087500.0,	0.04589653015136719,	0.05734062194824219
5388106250.0,	0.04649162292480469,	0.05667877197265625
5388125000.0,	0.047969818115234375,	0.05733489990234375
5388143750.0,	0.04771995544433594,	0.0578765869140625
5388162500.0,	0.04491996765136719,	0.0579681396484375
5388181250.0,	0.04820823669433594,	0.05920600891113281
5388200000.0,	0.04701423645019531,	0.05712890625
5388218750.0,	0.04597663879394531,	0.058345794677734375
5388237500.0,	0.04526329040527344,	0.059268951416015625
5388256250.0,	0.04628181457519531,	0.05681419372558594
5388275000.0,	0.04809761047363281,	0.057857513427734375
5388293750.0,	0.04578590393066406,	0.05853462219238281
5388312500.0,	0.047336578369140625,	0.05619239807128906
5388331250.0,	0.045345306396484375,	0.05817413330078125
5388350000.0,	0.046237945556640625,	0.05816459655761719
5388368750.0,	0.04700279235839844,	0.05701255798339844
5388387500.0,	0.04694557189941406,	0.05663490295410156
5388406250.0,	0.04527091979980469,	0.05847358703613281
5388425000.0,	0.04808807373046875,	0.05670166015625
5388443750.0,	0.046810150146484375,	0.05833625793457031
5388462500.0,	0.04784584045410156,	0.05696296691894531
5388481250.0,	0.04581642150878906,	0.058635711669921875
5388500000.0,	0.04470062255859375,	0.059833526611328125
5388518750.0,	0.04346275329589844,	0.058872222900390625
5388537500.0,	0.045993804931640625,	0.05826377868652344
5388556250.0,	0.04529762268066406,	0.058498382568359375
5388575000.0,	0.047283172607421875,	0.059551239013671875
5388593750.0,	0.04768562316894531,	0.0570831298828125
5388612500.0,	0.04693412780761719,	0.056926727294921875
5388631250.0,	0.04496574401855469,	0.05696296691894531
5388650000.0,	0.04599571228027344,	0.05762481689453125
5388668750.0,	0.04651451110839844,	0.05823516845703125
5388687500.0,	0.04535865783691406,	0.0576324462890625
5388706250.0,	0.04828834533691406,	0.05687713623046875
5388725000.0,	0.04824256896972656,	0.05938720703125
5388743750.0,	0.04508781433105469,	0.05961418151855469
5388762500.0,	0.04650115966796875,	0.05902671813964844
5388781250.0,	0.04610633850097656,	0.059173583984375
5388800000.0,	0.0455780029296875,	0.05914878845214844
5388818750.0,	0.04437065124511719,	0.059589385986328125
5388837500.0,	0.04450225830078125,	0.05967521667480469
5388856250.0,	0.04326629638671875,	0.05762290954589844
5388875000.0,	0.04724311828613281,	0.05924797058105469
5388893750.0,	0.04819679260253906,	0.057857513427734375
5388912500.0,	0.04586029052734375,	0.058704376220703125
5388931250.0,	0.04437828063964844,	0.056949615478515625
5388950000.0,	0.04842948913574219,	0.058803558349609375
5388968750.0,	0.0468292236328125,	0.060108184814453125
5388987500.0,	0.046356201171875,	0.05780792236328125
5389006250.0,	0.04752159118652344,	0.05646324157714844
5389025000.0,	0.04937744140625,	0.058849334716796875
5389043750.0,	0.04599571228027344,	0.060192108154296875
5389062500.0,	0.04586219787597656,	0.06058311462402344
5389081250.0,	0.04663658142089844,	0.05848503112792969
5389100000.0,	0.04676628112792969,	0.05694007873535156
5389118750.0,	0.04660224914550781,	0.06041526794433594
5389137500.0,	0.047870635986328125,	0.05872154235839844
5389156250.0,	0.046222686767578125,	0.05811882019042969
5389175000.0,	0.045894622802734375,	0.05782318115234375
5389193750.0,	0.0448150634765625,	0.058849334716796875
5389212500.0,	0.04733848571777344,	0.05883026123046875
5389231250.0,	0.04522514343261719,	0.057910919189453125
5389250000.0,	0.04716300964355469,	0.05840110778808594
5389268750.0,	0.04788398742675781,	0.05994415283203125
5389287500.0,	0.04607963562011719,	0.05687713623046875
5389306250.0,	0.04838371276855469,	0.0571746826171875
5389325000.0,	0.04555511474609375,	0.05793190002441406
5389343750.0,	0.04498481750488281,	0.05873298645019531
5389362500.0,	0.047473907470703125,	0.0592803955078125
5389381250.0,	0.047801971435546875,	0.059268951416015625
5389400000.0,	0.046085357666015625,	0.05819892883300781
5389418750.0,	0.04550743103027344,	0.05721092224121094
5389437500.0,	0.04673194885253906,	0.06043052673339844
5389456250.0,	0.044498443603515625,	0.05781364440917969
5389475000.0,	0.042606353759765625,	0.058124542236328125
5389493750.0,	0.0448760986328125,	0.06009864807128906
5389512500.0,	0.04678535461425781,	0.057765960693359375
5389531250.0,	0.04583740234375,	0.056980133056640625
5389550000.0,	0.04739189147949219,	0.05929756164550781
5389568750.0,	0.04620933532714844,	0.05978584289550781
5389587500.0,	0.046161651611328125,	0.05675315856933594
5389606250.0,	0.04518890380859375,	0.057476043701171875
5389625000.0,	0.045551300048828125,	0.05810546875
5389643750.0,	0.04738616943359375,	0.05978584289550781
5389662500.0,	0.046367645263671875,	0.05818748474121094
5389681250.0,	0.04535102844238281,	0.05942344665527344
5389700000.0,	0.04634666442871094,	0.06015968322753906
5389718750.0,	0.044940948486328125,	0.05889701843261719
5389737500.0,	0.048126220703125,	0.05914115905761719
5389756250.0,	0.044124603271484375,	0.05919456481933594
5389775000.0,	0.04607200622558594,	0.05919456481933594
5389793750.0,	0.04604148864746094,	0.058559417724609375
5389812500.0,	0.045131683349609375,	0.058467864990234375
5389831250.0,	0.0452423095703125,	0.05694389343261719
5389850000.0,	0.04524421691894531,	0.05757331848144531
5389868750.0,	0.04613685607910156,	0.05970954895019531
5389887500.0,	0.047145843505859375,	0.057971954345703125
5389906250.0,	0.04737091064453125,	0.058933258056640625
5389925000.0,	0.047821044921875,	0.059322357177734375
5389943750.0,	0.04650306701660156,	0.05845451354980469
5389962500.0,	0.042972564697265625,	0.05679512023925781
5389981250.0,	0.04683685302734375,	0.058391571044921875
5390000000.0,	0.04402351379394531,	0.0599822998046875
