5310037500.0,	0.04780006408691406,	0.05414390563964844
5310075000.0,	0.04708290100097656,	0.05438423156738281
5310112500.0,	0.04726219177246094,	0.05459022521972656
5310150000.0,	0.04701423645019531,	0.056182861328125
5310187500.0,	0.048267364501953125,	0.05396080017089844
5310225000.0,	0.04605293273925781,	0.057361602783203125
5310262500.0,	0.04675483703613281,	0.05422210693359375
5310300000.0,	0.04766082763671875,	0.054347991943359375
5310337500.0,	0.04594230651855469,	0.05480194091796875
5310375000.0,	0.04787445068359375,	0.054645538330078125
5310412500.0,	0.04747581481933594,	0.05431556701660156
5310450000.0,	0.046848297119140625,	0.05642890930175781
5310487500.0,	0.04677581787109375,	0.056148529052734375
5310525000.0,	0.0461273193359375,	0.05558013916015625
5310562500.0,	0.04759788513183594,	0.05455780029296875
5310600000.0,	0.04574012756347656,	0.054897308349609375
5310637500.0,	0.047183990478515625,	0.053638458251953125
5310675000.0,	0.045757293701171875,	0.05490303039550781
5310712500.0,	0.04822540283203125,	0.05419158935546875
5310750000.0,	0.04537391662597656,	0.05421257019042969
5310787500.0,	0.047679901123046875,	0.052356719970703125
5310825000.0,	0.04708099365234375,	0.05711174011230469
5310862500.0,	0.0480499267578125,	0.0551605224609375
5310900000.0,	0.04813957214355469,	0.05432701110839844
5310937500.0,	0.0467681884765625,	0.05432319641113281
5310975000.0,	0.04624366760253906,	0.05391883850097656
5311012500.0,	0.04715919494628906,	0.05660057067871094
5311050000.0,	0.045574188232421875,	0.056667327880859375
5311087500.0,	0.046817779541015625,	0.05525016784667969
5311125000.0,	0.046916961669921875,	0.056125640869140625
5311162500.0,	0.04937171936035156,	0.05460357666015625
5311200000.0,	0.0475311279296875,	0.05381202697753906
5311237500.0,	0.045719146728515625,	0.05392265319824219
5311275000.0,	0.04591941833496094,	0.05503082275390625
5311312500.0,	0.045337677001953125,	0.054576873779296875
5311350000.0,	0.047222137451171875,	0.05682945251464844
5311387500.0,	0.04709434509277344,	0.05658149719238281
5311425000.0,	0.0473785400390625,	0.0550079345703125
5311462500.0,	0.04715538024902344,	0.05445671081542969
5311500000.0,	0.046291351318359375,	0.05655670166015625
5311537500.0,	0.04738426208496094,	0.053131103515625
5311575000.0,	0.0459747314453125,	0.05711936950683594
5311612500.0,	0.0475921630859375,	0.05455589294433594
5311650000.0,	0.04905128479003906,	0.054386138916015625
5311687500.0,	0.046783447265625,	0.05600929260253906
5311725000.0,	0.04831123352050781,	0.05436515808105469
5311762500.0,	0.04589080810546875,	0.054790496826171875
5311800000.0,	0.04727935791015625,	0.05644989013671875
5311837500.0,	0.04745292663574219,	0.055233001708984375
5311875000.0,	0.04791831970214844,	0.056285858154296875
5311912500.0,	0.046154022216796875,	0.0556793212890625
5311950000.0,	0.04444313049316406,	0.05534553527832031
5311987500.0,	0.04651451110839844,	0.05422210693359375
5312025000.0,	0.04771995544433594,	0.055698394775390625
5312062500.0,	0.04630851745605469,	0.05544853210449219
5312100000.0,	0.0467681884765625,	0.057628631591796875
5312137500.0,	0.04824256896972656,	0.053966522216796875
5312175000.0,	0.047183990478515625,	0.05326652526855469
5312212500.0,	0.046245574951171875,	0.05555152893066406
5312250000.0,	0.04874992370605469,	0.05606269836425781
5312287500.0,	0.048336029052734375,	0.05548667907714844
5312325000.0,	0.048236846923828125,	0.05598640441894531
5312362500.0,	0.04725456237792969,	0.055706024169921875
5312400000.0,	0.04865837097167969,	0.054119110107421875
5312437500.0,	0.045650482177734375,	0.05584907531738281
5312475000.0,	0.047489166259765625,	0.05712699890136719
5312512500.0,	0.04659080505371094,	0.05522918701171875
5312550000.0,	0.049991607666015625,	0.056522369384765625
5312587500.0,	0.04894828796386719,	0.054889678955078125
5312625000.0,	0.04946136474609375,	0.0571746826171875
5312662500.0,	0.04910087585449219,	0.05464744567871094
5312700000.0,	0.047882080078125,	0.056575775146484375
5312737500.0,	0.04836273193359375,	0.054988861083984375
5312775000.0,	0.04929542541503906,	0.054050445556640625
5312812500.0,	0.04763031005859375,	0.055751800537109375
5312850000.0,	0.04820823669433594,	0.05628204345703125
5312887500.0,	0.04786491394042969,	0.05508995056152344
5312925000.0,	0.048065185546875,	0.05857086181640625
5312962500.0,	0.048000335693359375,	0.05655479431152344
5313000000.0,	0.04828834533691406,	0.05553627014160156
5313037500.0,	0.04833984375,	0.056095123291015625
5313075000.0,	0.048694610595703125,	0.054534912109375
5313112500.0,	0.04910850524902344,	0.0586395263671875
5313150000.0,	0.04527854919433594,	0.05792808532714844
5313187500.0,	0.04567718505859375,	0.054393768310546875
5313225000.0,	0.048004150390625,	0.05539512634277344
5313262500.0,	0.048549652099609375,	0.055309295654296875
5313300000.0,	0.04730796813964844,	0.05669593811035156
5313337500.0,	0.048595428466796875,	0.05606651306152344
5313375000.0,	0.04833412170410156,	0.055965423583984375
5313412500.0,	0.04810905456542969,	0.056896209716796875
5313450000.0,	0.049396514892578125,	0.05617332458496094
5313487500.0,	0.04821205139160156,	0.05477714538574219
5313525000.0,	0.048656463623046875,	0.05576515197753906
5313562500.0,	0.04722023010253906,	0.05510520935058594
5313600000.0,	0.04746437072753906,	0.054752349853515625
5313637500.0,	0.048030853271484375,	0.05592155456542969
5313675000.0,	0.046405792236328125,	0.05716705322265625
5313712500.0,	0.05097770690917969,	0.05679512023925781
5313750000.0,	0.049793243408203125,	0.05840110778808594
5313787500.0,	0.048511505126953125,	0.05796623229980469
5313825000.0,	0.049327850341796875,	0.056575775146484375
5313862500.0,	0.047908782958984375,	0.056774139404296875
5313900000.0,	0.04898262023925781,	0.05637359619140625
5313937500.0,	0.04831123352050781,	0.05615234375
5313975000.0,	0.048431396484375,	0.058025360107421875
5314012500.0,	0.04743766784667969,	0.05729866027832031
5314050000.0,	0.0476226806640625,	0.056934356689453125
5314087500.0,	0.05001640319824219,	0.05771636962890625
5314125000.0,	0.048122406005859375,	0.05854988098144531
5314162500.0,	0.04990196228027344,	0.05676460266113281
5314200000.0,	0.047939300537109375,	0.05934333801269531
5314237500.0,	0.0474853515625,	0.05617332458496094
5314275000.0,	0.051700592041015625,	0.0581817626953125
5314312500.0,	0.046844482421875,	0.05665016174316406
5314350000.0,	0.04929924011230469,	0.05682563781738281
5314387500.0,	0.04711341857910156,	0.05680656433105469
5314425000.0,	0.04985618591308594,	0.056461334228515625
5314462500.0,	0.04923820495605469,	0.05742645263671875
5314500000.0,	0.04692649841308594,	0.05627632141113281
5314537500.0,	0.04931068420410156,	0.05647468566894531
5314575000.0,	0.04924964904785156,	0.05818939208984375
5314612500.0,	0.04955482482910156,	0.05808830261230469
5314650000.0,	0.048801422119140625,	0.05674171447753906
5314687500.0,	0.048370361328125,	0.05640983581542969
5314725000.0,	0.048099517822265625,	0.05911827087402344
5314762500.0,	0.04896354675292969,	0.05583953857421875
5314800000.0,	0.04905509948730469,	0.058383941650390625
5314837500.0,	0.0509033203125,	0.05681419372558594
5314875000.0,	0.05050849914550781,	0.057743072509765625
5314912500.0,	0.04732704162597656,	0.05675506591796875
5314950000.0,	0.04910087585449219,	0.05597877502441406
5314987500.0,	0.049686431884765625,	0.05704498291015625
5315025000.0,	0.04872894287109375,	0.05848503112792969
5315062500.0,	0.04952239990234375,	0.05689048767089844
5315100000.0,	0.04894447326660156,	0.057559967041015625
5315137500.0,	0.050052642822265625,	0.05689048767089844
5315175000.0,	0.0485076904296875,	0.05797767639160156
5315212500.0,	0.0503997802734375,	0.05772972106933594
5315250000.0,	0.04782676696777344,	0.058498382568359375
5315287500.0,	0.05003166198730469,	0.058162689208984375
5315325000.0,	0.04662513732910156,	0.056270599365234375
5315362500.0,	0.04978752136230469,	0.0545806884765625
5315400000.0,	0.04923057556152344,	0.05665016174316406
5315437500.0,	0.04881858825683594,	0.059322357177734375
5315475000.0,	0.050189971923828125,	0.058185577392578125
5315512500.0,	0.0479278564453125,	0.05638313293457031
5315550000.0,	0.04790687561035156,	0.05854034423828125
5315587500.0,	0.05043601989746094,	0.059528350830078125
5315625000.0,	0.0484466552734375,	0.058330535888671875
5315662500.0,	0.05142784118652344,	0.05711174011230469
5315700000.0,	0.048664093017578125,	0.05720329284667969
5315737500.0,	0.048946380615234375,	0.057918548583984375
5315775000.0,	0.05030632019042969,	0.05878448486328125
5315812500.0,	0.048389434814453125,	0.05806922912597656
5315850000.0,	0.049327850341796875,	0.056667327880859375
5315887500.0,	0.04793739318847656,	0.054813385009765625
5315925000.0,	0.0494842529296875,	0.05753135681152344
5315962500.0,	0.048976898193359375,	0.05859375
5316000000.0,	0.04956245422363281,	0.05832099914550781
5316037500.0,	0.05098533630371094,	0.05833244323730469
5316075000.0,	0.05056190490722656,	0.057170867919921875
5316112500.0,	0.04842185974121094,	0.059459686279296875
5316150000.0,	0.05227088928222656,	0.058864593505859375
5316187500.0,	0.04932212829589844,	0.05786895751953125
5316225000.0,	0.04982757568359375,	0.0583343505859375
5316262500.0,	0.04885101318359375,	0.059383392333984375
5316300000.0,	0.0485992431640625,	0.05684089660644531
5316337500.0,	0.04982757568359375,	0.05802154541015625
5316375000.0,	0.04840850830078125,	0.05672264099121094
5316412500.0,	0.04974365234375,	0.05829811096191406
5316450000.0,	0.052272796630859375,	0.05703926086425781
5316487500.0,	0.049533843994140625,	0.05736541748046875
5316525000.0,	0.04668426513671875,	0.05708885192871094
5316562500.0,	0.04813194274902344,	0.057445526123046875
5316600000.0,	0.04846382141113281,	0.05849456787109375
5316637500.0,	0.04965019226074219,	0.05856895446777344
5316675000.0,	0.04880523681640625,	0.05874824523925781
5316712500.0,	0.05006980895996094,	0.056041717529296875
5316750000.0,	0.051509857177734375,	0.05816650390625
5316787500.0,	0.05059814453125,	0.05888557434082031
5316825000.0,	0.052913665771484375,	0.06020545959472656
5316862500.0,	0.050418853759765625,	0.057575225830078125
5316900000.0,	0.051311492919921875,	0.060314178466796875
5316937500.0,	0.04981803894042969,	0.05843353271484375
5316975000.0,	0.05064964294433594,	0.05672264099121094
5317012500.0,	0.049579620361328125,	0.05745887756347656
5317050000.0,	0.04874420166015625,	0.05884361267089844
5317087500.0,	0.048572540283203125,	0.06118202209472656
5317125000.0,	0.05003166198730469,	0.05763053894042969
5317162500.0,	0.05208587646484375,	0.059478759765625
5317200000.0,	0.05114555358886719,	0.05819511413574219
5317237500.0,	0.04979896545410156,	0.05898857116699219
5317275000.0,	0.04959678649902344,	0.057346343994140625
5317312500.0,	0.05054473876953125,	0.05706596374511719
5317350000.0,	0.050724029541015625,	0.05748558044433594
5317387500.0,	0.0501708984375,	0.0588531494140625
5317425000.0,	0.04895210266113281,	0.05962181091308594
5317462500.0,	0.05194854736328125,	0.058887481689453125
5317500000.0,	0.04880523681640625,	0.057094573974609375
5317537500.0,	0.04962730407714844,	0.058444976806640625
5317575000.0,	0.0498046875,	0.05838775634765625
5317612500.0,	0.04977989196777344,	0.0554046630859375
5317650000.0,	0.05169105529785156,	0.05684089660644531
5317687500.0,	0.04983711242675781,	0.05764007568359375
5317725000.0,	0.04903411865234375,	0.05982208251953125
5317762500.0,	0.04963874816894531,	0.05706977844238281
5317800000.0,	0.050167083740234375,	0.05895423889160156
5317837500.0,	0.051158905029296875,	0.059421539306640625
5317875000.0,	0.04961585998535156,	0.057628631591796875
5317912500.0,	0.05059051513671875,	0.05858039855957031
5317950000.0,	0.048221588134765625,	0.05776405334472656
5317987500.0,	0.04950141906738281,	0.05933189392089844
5318025000.0,	0.051013946533203125,	0.05713844299316406
5318062500.0,	0.05154609680175781,	0.05864906311035156
5318100000.0,	0.05085945129394531,	0.05830192565917969
5318137500.0,	0.04940223693847656,	0.05918121337890625
5318175000.0,	0.05082893371582031,	0.061061859130859375
5318212500.0,	0.050457000732421875,	0.05828857421875
5318250000.0,	0.05249786376953125,	0.06000518798828125
5318287500.0,	0.05198860168457031,	0.05891990661621094
5318325000.0,	0.05200386047363281,	0.05845069885253906
5318362500.0,	0.05257987976074219,	0.060703277587890625
5318400000.0,	0.050262451171875,	0.05862998962402344
5318437500.0,	0.04939460754394531,	0.058444976806640625
5318475000.0,	0.05167388916015625,	0.057949066162109375
5318512500.0,	0.052093505859375,	0.05905723571777344
5318550000.0,	0.05256843566894531,	0.05953216552734375
5318587500.0,	0.04902076721191406,	0.05963706970214844
5318625000.0,	0.05270576477050781,	0.05890083312988281
5318662500.0,	0.05077171325683594,	0.05927276611328125
5318700000.0,	0.050457000732421875,	0.05829429626464844
5318737500.0,	0.04945945739746094,	0.06028556823730469
5318775000.0,	0.05233192443847656,	0.05868721008300781
5318812500.0,	0.05056190490722656,	0.059352874755859375
5318850000.0,	0.05061149597167969,	0.05898857116699219
5318887500.0,	0.05245018005371094,	0.06080818176269531
5318925000.0,	0.0526580810546875,	0.05954742431640625
5318962500.0,	0.04999542236328125,	0.057941436767578125
5319000000.0,	0.05060386657714844,	0.05937004089355469
5319037500.0,	0.05103492736816406,	0.05916786193847656
5319075000.0,	0.0492401123046875,	0.05858802795410156
5319112500.0,	0.053417205810546875,	0.06028175354003906
5319150000.0,	0.05454444885253906,	0.05862236022949219
5319187500.0,	0.05364990234375,	0.058803558349609375
5319225000.0,	0.05066680908203125,	0.05901527404785156
5319262500.0,	0.04967689514160156,	0.059535980224609375
5319300000.0,	0.051189422607421875,	0.06058692932128906
5319337500.0,	0.05223655700683594,	0.05980491638183594
5319375000.0,	0.04995918273925781,	0.05952262878417969
5319412500.0,	0.04988861083984375,	0.0579986572265625
5319450000.0,	0.05253410339355469,	0.05908966064453125
5319487500.0,	0.05124855041503906,	0.05870819091796875
5319525000.0,	0.050739288330078125,	0.05862998962402344
5319562500.0,	0.05208778381347656,	0.059772491455078125
5319600000.0,	0.048736572265625,	0.058032989501953125
5319637500.0,	0.05275917053222656,	0.05951881408691406
5319675000.0,	0.05231285095214844,	0.059764862060546875
5319712500.0,	0.05226898193359375,	0.05872535705566406
5319750000.0,	0.052036285400390625,	0.05931663513183594
5319787500.0,	0.0513916015625,	0.058979034423828125
5319825000.0,	0.05013847351074219,	0.06196022033691406
5319862500.0,	0.0519866943359375,	0.06006622314453125
5319900000.0,	0.052387237548828125,	0.0611419677734375
5319937500.0,	0.054363250732421875,	0.0599822998046875
5319975000.0,	0.05279731750488281,	0.05757904052734375
5320012500.0,	0.053081512451171875,	0.06228828430175781
5320050000.0,	0.050510406494140625,	0.05938911437988281
5320087500.0,	0.050838470458984375,	0.05659675598144531
5320125000.0,	0.05134010314941406,	0.06054115295410156
5320162500.0,	0.051486968994140625,	0.059352874755859375
5320200000.0,	0.052181243896484375,	0.058238983154296875
5320237500.0,	0.05035972595214844,	0.06107902526855469
5320275000.0,	0.05080413818359375,	0.06186485290527344
5320312500.0,	0.05267333984375,	0.0586395263671875
5320350000.0,	0.052288055419921875,	0.06069183349609375
5320387500.0,	0.05240821838378906,	0.059650421142578125
5320425000.0,	0.050655364990234375,	0.06085777282714844
5320462500.0,	0.05188941955566406,	0.06104850769042969
5320500000.0,	0.053455352783203125,	0.06005668640136719
5320537500.0,	0.053211212158203125,	0.057842254638671875
5320575000.0,	0.05244255065917969,	0.059383392333984375
5320612500.0,	0.05326652526855469,	0.059600830078125
5320650000.0,	0.05236053466796875,	0.06161689758300781
5320687500.0,	0.052883148193359375,	0.06366348266601562
5320725000.0,	0.05280303955078125,	0.05931854248046875
5320762500.0,	0.052093505859375,	0.06189727783203125
5320800000.0,	0.05159568786621094,	0.0608062744140625
5320837500.0,	0.0546875,	0.06039619445800781
5320875000.0,	0.05186653137207031,	0.06032371520996094
5320912500.0,	0.05359649658203125,	0.059345245361328125
5320950000.0,	0.05452728271484375,	0.060394287109375
5320987500.0,	0.05308723449707031,	0.058391571044921875
5321025000.0,	0.05176353454589844,	0.06235694885253906
5321062500.0,	0.05445289611816406,	0.05937957763671875
5321100000.0,	0.052814483642578125,	0.0572967529296875
5321137500.0,	0.05192756652832031,	0.059078216552734375
5321175000.0,	0.053905487060546875,	0.05974769592285156
5321212500.0,	0.05320549011230469,	0.06064033508300781
5321250000.0,	0.05407905578613281,	0.05687713623046875
5321287500.0,	0.052730560302734375,	0.05996894836425781
5321325000.0,	0.0529327392578125,	0.05967140197753906
5321362500.0,	0.053253173828125,	0.059177398681640625
5321400000.0,	0.05296134948730469,	0.059947967529296875
5321437500.0,	0.05389976501464844,	0.062103271484375
5321475000.0,	0.052516937255859375,	0.060577392578125
5321512500.0,	0.05428314208984375,	0.05945587158203125
5321550000.0,	0.05034446716308594,	0.06110191345214844
5321587500.0,	0.05420875549316406,	0.058223724365234375
5321625000.0,	0.05398368835449219,	0.06033134460449219
5321662500.0,	0.052555084228515625,	0.058376312255859375
5321700000.0,	0.053195953369140625,	0.06048393249511719
5321737500.0,	0.05296134948730469,	0.06083106994628906
5321775000.0,	0.05346107482910156,	0.060878753662109375
5321812500.0,	0.05294036865234375,	0.06283187866210938
5321850000.0,	0.053607940673828125,	0.061176300048828125
5321887500.0,	0.053638458251953125,	0.06128501892089844
5321925000.0,	0.05436515808105469,	0.06181907653808594
5321962500.0,	0.05401039123535156,	0.06214714050292969
5322000000.0,	0.052982330322265625,	0.06009674072265625
5322037500.0,	0.052165985107421875,	0.05899238586425781
5322075000.0,	0.05299568176269531,	0.060367584228515625
5322112500.0,	0.053966522216796875,	0.060756683349609375
5322150000.0,	0.056041717529296875,	0.06040000915527344
5322187500.0,	0.05322074890136719,	0.06060028076171875
5322225000.0,	0.055675506591796875,	0.05882453918457031
5322262500.0,	0.054718017578125,	0.05953407287597656
5322300000.0,	0.054607391357421875,	0.06070518493652344
5322337500.0,	0.053905487060546875,	0.06143951416015625
5322375000.0,	0.054378509521484375,	0.05912017822265625
5322412500.0,	0.053882598876953125,	0.05935478210449219
5322450000.0,	0.05313682556152344,	0.06045341491699219
5322487500.0,	0.05509185791015625,	0.06180000305175781
5322525000.0,	0.05394935607910156,	0.059688568115234375
5322562500.0,	0.05437660217285156,	0.059711456298828125
5322600000.0,	0.05315208435058594,	0.05869102478027344
5322637500.0,	0.05566978454589844,	0.058383941650390625
5322675000.0,	0.05391883850097656,	0.0593719482421875
5322712500.0,	0.052478790283203125,	0.06279373168945312
5322750000.0,	0.05210113525390625,	0.06107139587402344
5322787500.0,	0.05362701416015625,	0.058193206787109375
5322825000.0,	0.052459716796875,	0.06038856506347656
5322862500.0,	0.05585670471191406,	0.05970573425292969
5322900000.0,	0.0547637939453125,	0.059474945068359375
5322937500.0,	0.051914215087890625,	0.06035423278808594
5322975000.0,	0.05150794982910156,	0.06092071533203125
5323012500.0,	0.0535888671875,	0.060726165771484375
5323050000.0,	0.05477714538574219,	0.061084747314453125
5323087500.0,	0.052928924560546875,	0.06038475036621094
5323125000.0,	0.05457305908203125,	0.059947967529296875
5323162500.0,	0.056125640869140625,	0.05876922607421875
5323200000.0,	0.05290985107421875,	0.05927276611328125
5323237500.0,	0.054195404052734375,	0.06318283081054688
5323275000.0,	0.05532073974609375,	0.06306838989257812
5323312500.0,	0.053730010986328125,	0.06120872497558594
5323350000.0,	0.054759979248046875,	0.06212425231933594
5323387500.0,	0.053058624267578125,	0.0630340576171875
5323425000.0,	0.05200958251953125,	0.06024169921875
5323462500.0,	0.055103302001953125,	0.060604095458984375
5323500000.0,	0.05466270446777344,	0.06049156188964844
5323537500.0,	0.05399322509765625,	0.059356689453125
5323575000.0,	0.054386138916015625,	0.064361572265625
5323612500.0,	0.05369758605957031,	0.06027793884277344
5323650000.0,	0.05405426025390625,	0.06247520446777344
5323687500.0,	0.0543365478515625,	0.060699462890625
5323725000.0,	0.05455589294433594,	0.06109428405761719
5323762500.0,	0.0550384521484375,	0.05942344665527344
5323800000.0,	0.05419158935546875,	0.06090736389160156
5323837500.0,	0.0558319091796875,	0.05968666076660156
5323875000.0,	0.05281257629394531,	0.06018257141113281
5323912500.0,	0.053955078125,	0.06049537658691406
5323950000.0,	0.05388641357421875,	0.06125640869140625
5323987500.0,	0.05386543273925781,	0.06143760681152344
5324025000.0,	0.05788612365722656,	0.06096458435058594
5324062500.0,	0.05512428283691406,	0.060375213623046875
5324100000.0,	0.054248809814453125,	0.06078338623046875
5324137500.0,	0.05474662780761719,	0.060749053955078125
5324175000.0,	0.054683685302734375,	0.06035041809082031
5324212500.0,	0.054470062255859375,	0.05867576599121094
5324250000.0,	0.055206298828125,	0.06055259704589844
5324287500.0,	0.053955078125,	0.059051513671875
5324325000.0,	0.05590057373046875,	0.060993194580078125
5324362500.0,	0.05451393127441406,	0.06094551086425781
5324400000.0,	0.0558319091796875,	0.061855316162109375
5324437500.0,	0.05583000183105469,	0.06233406066894531
5324475000.0,	0.054943084716796875,	0.06047821044921875
5324512500.0,	0.057270050048828125,	0.06183624267578125
5324550000.0,	0.054622650146484375,	0.06191253662109375
5324587500.0,	0.054531097412109375,	0.06044769287109375
5324625000.0,	0.054119110107421875,	0.05927276611328125
5324662500.0,	0.056232452392578125,	0.05984306335449219
5324700000.0,	0.05476188659667969,	0.05986595153808594
5324737500.0,	0.054233551025390625,	0.06151771545410156
5324775000.0,	0.05838775634765625,	0.06104850769042969
5324812500.0,	0.05291175842285156,	0.0606689453125
5324850000.0,	0.056915283203125,	0.059635162353515625
5324887500.0,	0.05544281005859375,	0.06168174743652344
5324925000.0,	0.05714225769042969,	0.06045722961425781
5324962500.0,	0.05405235290527344,	0.060638427734375
5325000000.0,	0.05737113952636719,	0.06191825866699219
5325037500.0,	0.055286407470703125,	0.06034660339355469
5325075000.0,	0.05421638488769531,	0.060626983642578125
5325112500.0,	0.05702972412109375,	0.06052589416503906
5325150000.0,	0.05791473388671875,	0.060985565185546875
5325187500.0,	0.05463218688964844,	0.06092262268066406
5325225000.0,	0.055728912353515625,	0.06102752685546875
5325262500.0,	0.05795478820800781,	0.0605010986328125
5325300000.0,	0.0562286376953125,	0.05808067321777344
5325337500.0,	0.0560455322265625,	0.060878753662109375
5325375000.0,	0.05559539794921875,	0.06134033203125
5325412500.0,	0.056118011474609375,	0.06152153015136719
5325450000.0,	0.05647087097167969,	0.06127357482910156
5325487500.0,	0.05480766296386719,	0.06040000915527344
5325525000.0,	0.05523681640625,	0.0590667724609375
5325562500.0,	0.05562782287597656,	0.0594329833984375
5325600000.0,	0.05404853820800781,	0.05980682373046875
5325637500.0,	0.05564308166503906,	0.0600433349609375
5325675000.0,	0.05426788330078125,	0.061389923095703125
5325712500.0,	0.05499076843261719,	0.05919075012207031
5325750000.0,	0.056026458740234375,	0.06064033508300781
5325787500.0,	0.05721855163574219,	0.05924224853515625
5325825000.0,	0.05610084533691406,	0.05976104736328125
5325862500.0,	0.05745887756347656,	0.05906867980957031
5325900000.0,	0.05771636962890625,	0.061008453369140625
5325937500.0,	0.057193756103515625,	0.060821533203125
5325975000.0,	0.058879852294921875,	0.061981201171875
5326012500.0,	0.05677986145019531,	0.06007575988769531
5326050000.0,	0.05565071105957031,	0.058559417724609375
5326087500.0,	0.05716896057128906,	0.06062889099121094
5326125000.0,	0.055728912353515625,	0.06086158752441406
5326162500.0,	0.05819892883300781,	0.05888938903808594
5326200000.0,	0.053874969482421875,	0.05948066711425781
5326237500.0,	0.05594635009765625,	0.062652587890625
5326275000.0,	0.057819366455078125,	0.06205177307128906
5326312500.0,	0.05714225769042969,	0.05900382995605469
5326350000.0,	0.05568504333496094,	0.058170318603515625
5326387500.0,	0.0554351806640625,	0.05982780456542969
5326425000.0,	0.05764961242675781,	0.06054496765136719
5326462500.0,	0.05555534362792969,	0.06106376647949219
5326500000.0,	0.05786895751953125,	0.062252044677734375
5326537500.0,	0.05865478515625,	0.06240653991699219
5326575000.0,	0.05646705627441406,	0.06001472473144531
5326612500.0,	0.05619049072265625,	0.06175804138183594
5326650000.0,	0.056232452392578125,	0.06026649475097656
5326687500.0,	0.053333282470703125,	0.06217384338378906
5326725000.0,	0.0570220947265625,	0.061901092529296875
5326762500.0,	0.056732177734375,	0.06159210205078125
5326800000.0,	0.057861328125,	0.06103706359863281
5326837500.0,	0.056179046630859375,	0.06111335754394531
5326875000.0,	0.054485321044921875,	0.05999183654785156
5326912500.0,	0.05750274658203125,	0.06063079833984375
5326950000.0,	0.057262420654296875,	0.05995750427246094
5326987500.0,	0.057605743408203125,	0.060455322265625
5327025000.0,	0.057094573974609375,	0.06386184692382812
5327062500.0,	0.05756378173828125,	0.05944633483886719
5327100000.0,	0.059078216552734375,	0.061077117919921875
5327137500.0,	0.05912208557128906,	0.05982398986816406
5327175000.0,	0.05508232116699219,	0.05957221984863281
5327212500.0,	0.05708885192871094,	0.0617218017578125
5327250000.0,	0.05858612060546875,	0.058734893798828125
5327287500.0,	0.05464744567871094,	0.06039237976074219
5327325000.0,	0.05785942077636719,	0.058406829833984375
5327362500.0,	0.05802154541015625,	0.05964469909667969
5327400000.0,	0.058872222900390625,	0.061580657958984375
5327437500.0,	0.05606269836425781,	0.060901641845703125
5327475000.0,	0.056941986083984375,	0.0595550537109375
5327512500.0,	0.0558319091796875,	0.06012153625488281
5327550000.0,	0.058197021484375,	0.05972099304199219
5327587500.0,	0.057460784912109375,	0.06168937683105469
5327625000.0,	0.05882835388183594,	0.05817222595214844
5327662500.0,	0.05626869201660156,	0.06044578552246094
5327700000.0,	0.05537223815917969,	0.06151771545410156
5327737500.0,	0.058139801025390625,	0.06045341491699219
5327775000.0,	0.058223724365234375,	0.06027984619140625
5327812500.0,	0.0570831298828125,	0.058788299560546875
5327850000.0,	0.057659149169921875,	0.06102561950683594
5327887500.0,	0.05511665344238281,	0.05877113342285156
5327925000.0,	0.056941986083984375,	0.05841064453125
5327962500.0,	0.06045722961425781,	0.06035614013671875
5328000000.0,	0.05828666687011719,	0.0599517822265625
5328037500.0,	0.059844970703125,	0.06341552734375
5328075000.0,	0.05894660949707031,	0.060321807861328125
5328112500.0,	0.056240081787109375,	0.060031890869140625
5328150000.0,	0.05774116516113281,	0.058383941650390625
5328187500.0,	0.05879020690917969,	0.05918693542480469
5328225000.0,	0.05905914306640625,	0.0619659423828125
5328262500.0,	0.05743217468261719,	0.05983924865722656
5328300000.0,	0.05766868591308594,	0.061702728271484375
5328337500.0,	0.05977630615234375,	0.060108184814453125
5328375000.0,	0.05760955810546875,	0.059597015380859375
5328412500.0,	0.05791473388671875,	0.06122589111328125
5328450000.0,	0.05781364440917969,	0.061153411865234375
5328487500.0,	0.058624267578125,	0.06029510498046875
5328525000.0,	0.057994842529296875,	0.0587615966796875
5328562500.0,	0.05681610107421875,	0.05992317199707031
5328600000.0,	0.05818939208984375,	0.05866432189941406
5328637500.0,	0.05934715270996094,	0.06124305725097656
5328675000.0,	0.05755424499511719,	0.06147193908691406
5328712500.0,	0.05741310119628906,	0.0611724853515625
5328750000.0,	0.05926704406738281,	0.06036567687988281
5328787500.0,	0.05910491943359375,	0.05985450744628906
5328825000.0,	0.05732536315917969,	0.0593109130859375
5328862500.0,	0.059886932373046875,	0.06034088134765625
5328900000.0,	0.05905723571777344,	0.06053924560546875
5328937500.0,	0.05811309814453125,	0.05742835998535156
5328975000.0,	0.0601959228515625,	0.05843353271484375
5329012500.0,	0.05919456481933594,	0.0605010986328125
5329050000.0,	0.05864143371582031,	0.059009552001953125
5329087500.0,	0.058910369873046875,	0.06022453308105469
5329125000.0,	0.058742523193359375,	0.058582305908203125
5329162500.0,	0.05783271789550781,	0.05714988708496094
5329200000.0,	0.057353973388671875,	0.059886932373046875
5329237500.0,	0.05884361267089844,	0.05874443054199219
5329275000.0,	0.06025505065917969,	0.059291839599609375
5329312500.0,	0.05855560302734375,	0.05780792236328125
5329350000.0,	0.05910682678222656,	0.059421539306640625
5329387500.0,	0.057743072509765625,	0.05893135070800781
5329425000.0,	0.05792236328125,	0.0609893798828125
5329462500.0,	0.05965423583984375,	0.06023597717285156
5329500000.0,	0.060009002685546875,	0.06048583984375
5329537500.0,	0.05777168273925781,	0.058673858642578125
5329575000.0,	0.0614013671875,	0.059444427490234375
5329612500.0,	0.05990791320800781,	0.05914497375488281
5329650000.0,	0.05936622619628906,	0.06022453308105469
5329687500.0,	0.06060028076171875,	0.059795379638671875
5329725000.0,	0.0595245361328125,	0.057918548583984375
5329762500.0,	0.058498382568359375,	0.05792427062988281
5329800000.0,	0.05951881408691406,	0.05837059020996094
5329837500.0,	0.057422637939453125,	0.05912017822265625
5329875000.0,	0.05952262878417969,	0.06029319763183594
5329912500.0,	0.05948448181152344,	0.061305999755859375
5329950000.0,	0.05803489685058594,	0.06157875061035156
5329987500.0,	0.05973052978515625,	0.060333251953125
5330025000.0,	0.058925628662109375,	0.05916595458984375
5330062500.0,	0.05925559997558594,	0.05744361877441406
5330100000.0,	0.059322357177734375,	0.05966758728027344
5330137500.0,	0.05856513977050781,	0.06002998352050781
5330175000.0,	0.05762672424316406,	0.05891609191894531
5330212500.0,	0.05767631530761719,	0.05838966369628906
5330250000.0,	0.06020927429199219,	0.05689048767089844
5330287500.0,	0.05954933166503906,	0.05832481384277344
5330325000.0,	0.05947303771972656,	0.06059455871582031
5330362500.0,	0.05911064147949219,	0.057964324951171875
5330400000.0,	0.06090354919433594,	0.058948516845703125
5330437500.0,	0.05959892272949219,	0.05724334716796875
5330475000.0,	0.058223724365234375,	0.059543609619140625
5330512500.0,	0.05766105651855469,	0.05933380126953125
5330550000.0,	0.05931663513183594,	0.058807373046875
5330587500.0,	0.059139251708984375,	0.059581756591796875
5330625000.0,	0.0604248046875,	0.05849456787109375
5330662500.0,	0.06076240539550781,	0.05683708190917969
5330700000.0,	0.05838775634765625,	0.05945587158203125
5330737500.0,	0.060695648193359375,	0.058490753173828125
5330775000.0,	0.06085014343261719,	0.057643890380859375
5330812500.0,	0.05995750427246094,	0.058574676513671875
5330850000.0,	0.05926513671875,	0.05898475646972656
5330887500.0,	0.061656951904296875,	0.054836273193359375
5330925000.0,	0.06008338928222656,	0.057788848876953125
5330962500.0,	0.05895423889160156,	0.05854988098144531
5331000000.0,	0.05987358093261719,	0.05732154846191406
5331037500.0,	0.0581207275390625,	0.058544158935546875
5331075000.0,	0.060760498046875,	0.058837890625
5331112500.0,	0.05855751037597656,	0.0576934814453125
5331150000.0,	0.05999565124511719,	0.05954170227050781
5331187500.0,	0.05834388732910156,	0.0587158203125
5331225000.0,	0.06163978576660156,	0.057464599609375
5331262500.0,	0.05740928649902344,	0.05865669250488281
5331300000.0,	0.05972480773925781,	0.05802726745605469
5331337500.0,	0.057521820068359375,	0.0561370849609375
5331375000.0,	0.06150627136230469,	0.05801963806152344
5331412500.0,	0.05938911437988281,	0.05828285217285156
5331450000.0,	0.06082725524902344,	0.057926177978515625
5331487500.0,	0.05921745300292969,	0.05714988708496094
5331525000.0,	0.057529449462890625,	0.057491302490234375
5331562500.0,	0.06131935119628906,	0.05685997009277344
5331600000.0,	0.06006813049316406,	0.05766487121582031
5331637500.0,	0.059417724609375,	0.05466461181640625
5331675000.0,	0.06048393249511719,	0.058441162109375
5331712500.0,	0.05880928039550781,	0.05668449401855469
5331750000.0,	0.060138702392578125,	0.05846977233886719
5331787500.0,	0.059356689453125,	0.05654144287109375
5331825000.0,	0.0606689453125,	0.05706214904785156
5331862500.0,	0.06070709228515625,	0.05597686767578125
5331900000.0,	0.060520172119140625,	0.056262969970703125
5331937500.0,	0.06068611145019531,	0.05626869201660156
5331975000.0,	0.06091499328613281,	0.055271148681640625
5332012500.0,	0.061244964599609375,	0.056980133056640625
5332050000.0,	0.06134605407714844,	0.05617332458496094
5332087500.0,	0.05958747863769531,	0.055133819580078125
5332125000.0,	0.05929756164550781,	0.05666542053222656
5332162500.0,	0.05959320068359375,	0.05642890930175781
5332200000.0,	0.059551239013671875,	0.05407142639160156
5332237500.0,	0.0610198974609375,	0.05465888977050781
5332275000.0,	0.06027984619140625,	0.055908203125
5332312500.0,	0.06043243408203125,	0.0575103759765625
5332350000.0,	0.060398101806640625,	0.05524253845214844
5332387500.0,	0.05885124206542969,	0.05689239501953125
5332425000.0,	0.06252288818359375,	0.053516387939453125
5332462500.0,	0.06057548522949219,	0.054309844970703125
5332500000.0,	0.05989265441894531,	0.05577659606933594
5332537500.0,	0.06088447570800781,	0.05725860595703125
5332575000.0,	0.06174468994140625,	0.057247161865234375
5332612500.0,	0.05893898010253906,	0.05640411376953125
5332650000.0,	0.06145668029785156,	0.05596733093261719
5332687500.0,	0.061603546142578125,	0.055660247802734375
5332725000.0,	0.061008453369140625,	0.05722999572753906
5332762500.0,	0.05914878845214844,	0.05521202087402344
5332800000.0,	0.060760498046875,	0.055255889892578125
5332837500.0,	0.05742454528808594,	0.05564689636230469
5332875000.0,	0.05964469909667969,	0.0558013916015625
5332912500.0,	0.0601348876953125,	0.05376434326171875
5332950000.0,	0.05998992919921875,	0.05608558654785156
5332987500.0,	0.05936241149902344,	0.05551910400390625
5333025000.0,	0.061321258544921875,	0.05426216125488281
5333062500.0,	0.05913734436035156,	0.05479621887207031
5333100000.0,	0.06122589111328125,	0.05532264709472656
5333137500.0,	0.06249237060546875,	0.05493736267089844
5333175000.0,	0.060001373291015625,	0.05523681640625
5333212500.0,	0.06048774719238281,	0.05286216735839844
5333250000.0,	0.06136322021484375,	0.05452919006347656
5333287500.0,	0.058650970458984375,	0.05420494079589844
5333325000.0,	0.0589141845703125,	0.0545806884765625
5333362500.0,	0.06020545959472656,	0.054103851318359375
5333400000.0,	0.06084632873535156,	0.05367851257324219
5333437500.0,	0.05923652648925781,	0.05472755432128906
5333475000.0,	0.061649322509765625,	0.05470848083496094
5333512500.0,	0.06068992614746094,	0.05440711975097656
5333550000.0,	0.058498382568359375,	0.05509757995605469
5333587500.0,	0.05997276306152344,	0.05348968505859375
5333625000.0,	0.06246757507324219,	0.052852630615234375
5333662500.0,	0.0585479736328125,	0.05468177795410156
5333700000.0,	0.05899620056152344,	0.05364036560058594
5333737500.0,	0.06010246276855469,	0.0544891357421875
5333775000.0,	0.06085014343261719,	0.05530738830566406
5333812500.0,	0.058879852294921875,	0.05333900451660156
5333850000.0,	0.060333251953125,	0.05258941650390625
5333887500.0,	0.060092926025390625,	0.05138587951660156
5333925000.0,	0.05827903747558594,	0.052532196044921875
5333962500.0,	0.05946922302246094,	0.05177497863769531
5334000000.0,	0.061344146728515625,	0.05471038818359375
5334037500.0,	0.05780982971191406,	0.05266380310058594
5334075000.0,	0.0609893798828125,	0.05109405517578125
5334112500.0,	0.058696746826171875,	0.05452919006347656
5334150000.0,	0.06043243408203125,	0.05398368835449219
5334187500.0,	0.05863189697265625,	0.052928924560546875
5334225000.0,	0.05884742736816406,	0.05124664306640625
5334262500.0,	0.060291290283203125,	0.049327850341796875
5334300000.0,	0.05964469909667969,	0.05215644836425781
5334337500.0,	0.05925941467285156,	0.051883697509765625
5334375000.0,	0.05907440185546875,	0.0528717041015625
5334412500.0,	0.06367111206054688,	0.052188873291015625
5334450000.0,	0.06074333190917969,	0.05090522766113281
5334487500.0,	0.05873298645019531,	0.05045509338378906
5334525000.0,	0.061283111572265625,	0.050510406494140625
5334562500.0,	0.06049919128417969,	0.05312347412109375
5334600000.0,	0.059154510498046875,	0.051055908203125
5334637500.0,	0.05890846252441406,	0.05187797546386719
5334675000.0,	0.05960273742675781,	0.04974555969238281
5334712500.0,	0.057353973388671875,	0.050342559814453125
5334750000.0,	0.05902671813964844,	0.05255126953125
5334787500.0,	0.05944633483886719,	0.04995155334472656
5334825000.0,	0.058685302734375,	0.050830841064453125
5334862500.0,	0.05802154541015625,	0.04854583740234375
5334900000.0,	0.05829620361328125,	0.05228996276855469
5334937500.0,	0.06033515930175781,	0.050983428955078125
5334975000.0,	0.05850791931152344,	0.04960441589355469
5335012500.0,	0.05871772766113281,	0.051464080810546875
5335050000.0,	0.05815887451171875,	0.05155181884765625
5335087500.0,	0.05810737609863281,	0.05068206787109375
5335125000.0,	0.05883598327636719,	0.04969024658203125
5335162500.0,	0.0581207275390625,	0.051177978515625
5335200000.0,	0.05866813659667969,	0.04963493347167969
5335237500.0,	0.05685997009277344,	0.04766082763671875
5335275000.0,	0.06025123596191406,	0.048656463623046875
5335312500.0,	0.058197021484375,	0.04951286315917969
5335350000.0,	0.05699348449707031,	0.0495452880859375
5335387500.0,	0.05773162841796875,	0.049243927001953125
5335425000.0,	0.058582305908203125,	0.050395965576171875
5335462500.0,	0.057872772216796875,	0.04906272888183594
5335500000.0,	0.05593681335449219,	0.04939460754394531
5335537500.0,	0.05835533142089844,	0.050251007080078125
5335575000.0,	0.05850982666015625,	0.04858970642089844
5335612500.0,	0.05829048156738281,	0.05051994323730469
5335650000.0,	0.05526542663574219,	0.04772186279296875
5335687500.0,	0.05861663818359375,	0.04739189147949219
5335725000.0,	0.058506011962890625,	0.04889106750488281
5335762500.0,	0.05567741394042969,	0.04670906066894531
5335800000.0,	0.05452156066894531,	0.05054283142089844
5335837500.0,	0.057292938232421875,	0.047191619873046875
5335875000.0,	0.05842781066894531,	0.04730033874511719
5335912500.0,	0.05682945251464844,	0.04836273193359375
5335950000.0,	0.0570220947265625,	0.04377555847167969
5335987500.0,	0.05619621276855469,	0.04761695861816406
5336025000.0,	0.057445526123046875,	0.046825408935546875
5336062500.0,	0.05528450012207031,	0.04673576354980469
5336100000.0,	0.05729484558105469,	0.04942131042480469
5336137500.0,	0.05698585510253906,	0.04845619201660156
5336175000.0,	0.05487251281738281,	0.047519683837890625
5336212500.0,	0.05698394775390625,	0.04761505126953125
5336250000.0,	0.05555915832519531,	0.04616546630859375
5336287500.0,	0.055995941162109375,	0.04628562927246094
5336325000.0,	0.05538749694824219,	0.04660224914550781
5336362500.0,	0.055477142333984375,	0.04917716979980469
5336400000.0,	0.05441856384277344,	0.0475006103515625
5336437500.0,	0.05597114562988281,	0.048374176025390625
5336475000.0,	0.05390167236328125,	0.04646492004394531
5336512500.0,	0.053775787353515625,	0.0458526611328125
5336550000.0,	0.05279731750488281,	0.04465293884277344
5336587500.0,	0.054962158203125,	0.045742034912109375
5336625000.0,	0.05542564392089844,	0.0471343994140625
5336662500.0,	0.054107666015625,	0.04462432861328125
5336700000.0,	0.054279327392578125,	0.04475212097167969
5336737500.0,	0.05333518981933594,	0.04582023620605469
5336775000.0,	0.05277252197265625,	0.04710960388183594
5336812500.0,	0.05266571044921875,	0.04323387145996094
5336850000.0,	0.05417442321777344,	0.04490852355957031
5336887500.0,	0.05265998840332031,	0.04498100280761719
5336925000.0,	0.05369377136230469,	0.04669380187988281
5336962500.0,	0.05138587951660156,	0.04513359069824219
5337000000.0,	0.05504608154296875,	0.043201446533203125
5337037500.0,	0.05393409729003906,	0.04380989074707031
5337075000.0,	0.05346107482910156,	0.043590545654296875
5337112500.0,	0.05298423767089844,	0.04339790344238281
5337150000.0,	0.05153465270996094,	0.043125152587890625
5337187500.0,	0.05023384094238281,	0.0428009033203125
5337225000.0,	0.05064201354980469,	0.04367256164550781
5337262500.0,	0.05100822448730469,	0.04235076904296875
5337300000.0,	0.052394866943359375,	0.0439910888671875
5337337500.0,	0.04858970642089844,	0.04475212097167969
5337375000.0,	0.05154991149902344,	0.043926239013671875
5337412500.0,	0.05005073547363281,	0.043426513671875
5337450000.0,	0.05110740661621094,	0.04191780090332031
5337487500.0,	0.049915313720703125,	0.044830322265625
5337525000.0,	0.05038642883300781,	0.04386138916015625
5337562500.0,	0.0509796142578125,	0.041019439697265625
5337600000.0,	0.048885345458984375,	0.04078483581542969
5337637500.0,	0.049518585205078125,	0.04126548767089844
5337675000.0,	0.04845428466796875,	0.04327201843261719
5337712500.0,	0.04857635498046875,	0.04195594787597656
5337750000.0,	0.047779083251953125,	0.04146575927734375
5337787500.0,	0.04720306396484375,	0.04277992248535156
5337825000.0,	0.04691314697265625,	0.04101753234863281
5337862500.0,	0.046741485595703125,	0.040729522705078125
5337900000.0,	0.048511505126953125,	0.04131126403808594
5337937500.0,	0.04519844055175781,	0.04149436950683594
5337975000.0,	0.048343658447265625,	0.04258155822753906
5338012500.0,	0.04485130310058594,	0.04144859313964844
5338050000.0,	0.04472541809082031,	0.04203605651855469
5338087500.0,	0.04418754577636719,	0.04076576232910156
5338125000.0,	0.04567909240722656,	0.04229164123535156
5338162500.0,	0.04446983337402344,	0.03969573974609375
5338200000.0,	0.04351615905761719,	0.043323516845703125
5338237500.0,	0.04376411437988281,	0.04039192199707031
5338275000.0,	0.043827056884765625,	0.040683746337890625
5338312500.0,	0.04248809814453125,	0.04090690612792969
5338350000.0,	0.04209327697753906,	0.04023551940917969
5338387500.0,	0.04227638244628906,	0.04173088073730469
5338425000.0,	0.04413414001464844,	0.042873382568359375
5338462500.0,	0.0398712158203125,	0.041385650634765625
5338500000.0,	0.04116058349609375,	0.040317535400390625
5338537500.0,	0.040241241455078125,	0.03936195373535156
5338575000.0,	0.039249420166015625,	0.040966033935546875
5338612500.0,	0.03774452209472656,	0.0398101806640625
5338650000.0,	0.03701972961425781,	0.040355682373046875
5338687500.0,	0.03761482238769531,	0.04082298278808594
5338725000.0,	0.037281036376953125,	0.04055976867675781
5338762500.0,	0.03937721252441406,	0.041675567626953125
5338800000.0,	0.035694122314453125,	0.04235649108886719
5338837500.0,	0.037952423095703125,	0.04291343688964844
5338875000.0,	0.03593254089355469,	0.039005279541015625
5338912500.0,	0.03477287292480469,	0.042201995849609375
5338950000.0,	0.035030364990234375,	0.041370391845703125
5338987500.0,	0.03226280212402344,	0.041545867919921875
5339025000.0,	0.03330802917480469,	0.04073143005371094
5339062500.0,	0.03262901306152344,	0.04297637939453125
5339100000.0,	0.03254508972167969,	0.04144287109375
5339137500.0,	0.032184600830078125,	0.043201446533203125
5339175000.0,	0.029188156127929688,	0.042469024658203125
5339212500.0,	0.032253265380859375,	0.04174041748046875
5339250000.0,	0.028987884521484375,	0.04090309143066406
5339287500.0,	0.028734207153320312,	0.04255104064941406
5339325000.0,	0.025775909423828125,	0.04286766052246094
5339362500.0,	0.026950836181640625,	0.04216766357421875
5339400000.0,	0.0252227783203125,	0.04483795166015625
5339437500.0,	0.026792526245117188,	0.04443359375
5339475000.0,	0.023685455322265625,	0.0438690185546875
5339512500.0,	0.023130416870117188,	0.045063018798828125
5339550000.0,	0.023777008056640625,	0.04559135437011719
5339587500.0,	0.023540496826171875,	0.04652595520019531
5339625000.0,	0.022336959838867188,	0.046360015869140625
5339662500.0,	0.023197174072265625,	0.04736518859863281
5339700000.0,	0.021417617797851562,	0.04791450500488281
5339737500.0,	0.021413803100585938,	0.050838470458984375
5339775000.0,	0.021589279174804688,	0.04859733581542969
5339812500.0,	0.0187530517578125,	0.05097198486328125
5339850000.0,	0.01949310302734375,	0.04835319519042969
5339887500.0,	0.018896102905273438,	0.0497894287109375
5339925000.0,	0.014986038208007812,	0.05086326599121094
5339962500.0,	0.015705108642578125,	0.051418304443359375
5340000000.0,	0.01718902587890625,	0.0540924072265625
5340037500.0,	0.015350341796875,	0.05524635314941406
5340075000.0,	0.016078948974609375,	0.0528717041015625
5340112500.0,	0.01673126220703125,	0.0544891357421875
5340150000.0,	0.016061782836914062,	0.05606269836425781
5340187500.0,	0.0150146484375,	0.058368682861328125
5340225000.0,	0.012826919555664062,	0.05845451354980469
5340262500.0,	0.012289047241210938,	0.05966949462890625
5340300000.0,	0.014019012451171875,	0.06292724609375
5340337500.0,	0.012422561645507812,	0.060756683349609375
5340375000.0,	0.011516571044921875,	0.062068939208984375
5340412500.0,	0.013214111328125,	0.06270980834960938
5340450000.0,	0.011226654052734375,	0.063873291015625
5340487500.0,	0.0117340087890625,	0.066680908203125
5340525000.0,	0.01253509521484375,	0.0644989013671875
5340562500.0,	0.009998321533203125,	0.0676727294921875
5340600000.0,	0.012248992919921875,	0.07088470458984375
5340637500.0,	0.010395050048828125,	0.06951904296875
5340675000.0,	0.0116119384765625,	0.07098770141601562
5340712500.0,	0.01010894775390625,	0.07148361206054688
5340750000.0,	0.011997222900390625,	0.0719757080078125
5340787500.0,	0.01061248779296875,	0.0725555419921875
5340825000.0,	0.01114654541015625,	0.07582473754882812
5340862500.0,	0.011547088623046875,	0.07816314697265625
5340900000.0,	0.0115814208984375,	0.07784652709960938
5340937500.0,	0.013553619384765625,	0.07895660400390625
5340975000.0,	0.014286041259765625,	0.07989120483398438
5341012500.0,	0.0137939453125,	0.080535888671875
5341050000.0,	0.01311492919921875,	0.082244873046875
5341087500.0,	0.014827728271484375,	0.08377456665039062
5341125000.0,	0.01467132568359375,	0.08294296264648438
5341162500.0,	0.015430450439453125,	0.08599853515625
5341200000.0,	0.011264801025390625,	0.0839996337890625
5341237500.0,	0.014812469482421875,	0.08582687377929688
5341275000.0,	0.01406097412109375,	0.0868682861328125
5341312500.0,	0.015506744384765625,	0.09021759033203125
5341350000.0,	0.0163726806640625,	0.08965301513671875
5341387500.0,	0.019016265869140625,	0.089996337890625
5341425000.0,	0.01726531982421875,	0.09119796752929688
5341462500.0,	0.01912689208984375,	0.09177780151367188
5341500000.0,	0.01851654052734375,	0.09251785278320312
5341537500.0,	0.023479461669921875,	0.09355926513671875
5341575000.0,	0.022418975830078125,	0.09502029418945312
5341612500.0,	0.022125244140625,	0.09542465209960938
5341650000.0,	0.0217742919921875,	0.09646987915039062
5341687500.0,	0.024356842041015625,	0.09751129150390625
5341725000.0,	0.025836944580078125,	0.09862136840820312
5341762500.0,	0.02556610107421875,	0.09875869750976562
5341800000.0,	0.0282440185546875,	0.09920883178710938
5341837500.0,	0.025791168212890625,	0.09778594970703125
5341875000.0,	0.028842926025390625,	0.099334716796875
5341912500.0,	0.028209686279296875,	0.09945297241210938
5341950000.0,	0.02724456787109375,	0.09981918334960938
5341987500.0,	0.029376983642578125,	0.101531982421875
5342025000.0,	0.030422210693359375,	0.09783935546875
5342062500.0,	0.031147003173828125,	0.09930038452148438
5342100000.0,	0.034267425537109375,	0.100433349609375
5342137500.0,	0.0326690673828125,	0.10235595703125
5342175000.0,	0.033123016357421875,	0.10316848754882812
5342212500.0,	0.0335845947265625,	0.10350418090820312
5342250000.0,	0.03427886962890625,	0.10254669189453125
5342287500.0,	0.034862518310546875,	0.10214614868164062
5342325000.0,	0.038482666015625,	0.10056686401367188
5342362500.0,	0.039966583251953125,	0.10312652587890625
5342400000.0,	0.03794097900390625,	0.103851318359375
5342437500.0,	0.039005279541015625,	0.10424041748046875
5342475000.0,	0.04012298583984375,	0.10260009765625
5342512500.0,	0.041645050048828125,	0.1013641357421875
5342550000.0,	0.040950775146484375,	0.10303115844726562
5342587500.0,	0.04344940185546875,	0.1017608642578125
5342625000.0,	0.0432586669921875,	0.10408782958984375
5342662500.0,	0.04425811767578125,	0.10222244262695312
5342700000.0,	0.04456329345703125,	0.10324478149414062
5342737500.0,	0.0461578369140625,	0.10410690307617188
5342775000.0,	0.045085906982421875,	0.10202789306640625
5342812500.0,	0.046833038330078125,	0.10329818725585938
5342850000.0,	0.04950714111328125,	0.102508544921875
5342887500.0,	0.049373626708984375,	0.10364151000976562
5342925000.0,	0.0496368408203125,	0.10448837280273438
5342962500.0,	0.04906463623046875,	0.10442733764648438
5343000000.0,	0.050266265869140625,	0.1021575927734375
5343037500.0,	0.0498809814453125,	0.10318374633789062
5343075000.0,	0.05246734619140625,	0.10401535034179688
5343112500.0,	0.049983978271484375,	0.1044769287109375
5343150000.0,	0.05318450927734375,	0.10350799560546875
5343187500.0,	0.054447174072265625,	0.10216522216796875
5343225000.0,	0.051822662353515625,	0.10427474975585938
5343262500.0,	0.053436279296875,	0.1030731201171875
5343300000.0,	0.055591583251953125,	0.10231399536132812
5343337500.0,	0.05355072021484375,	0.10129928588867188
5343375000.0,	0.055210113525390625,	0.101318359375
5343412500.0,	0.0567779541015625,	0.09772491455078125
5343450000.0,	0.057102203369140625,	0.10145950317382812
5343487500.0,	0.056884765625,	0.09955596923828125
5343525000.0,	0.05863189697265625,	0.10162353515625
5343562500.0,	0.058055877685546875,	0.09917449951171875
5343600000.0,	0.05713653564453125,	0.09775161743164062
5343637500.0,	0.059597015380859375,	0.09879684448242188
5343675000.0,	0.060932159423828125,	0.10055160522460938
5343712500.0,	0.060146331787109375,	0.09918212890625
5343750000.0,	0.061420440673828125,	0.0977630615234375
5343787500.0,	0.06148529052734375,	0.09686279296875
5343825000.0,	0.059963226318359375,	0.099700927734375
5343862500.0,	0.062530517578125,	0.09701156616210938
5343900000.0,	0.0632781982421875,	0.09872055053710938
5343937500.0,	0.06413650512695312,	0.09993362426757812
5343975000.0,	0.06137847900390625,	0.09733200073242188
5344012500.0,	0.05947113037109375,	0.09801864624023438
5344050000.0,	0.06372451782226562,	0.0977783203125
5344087500.0,	0.06276321411132812,	0.09512710571289062
5344125000.0,	0.064544677734375,	0.09395599365234375
5344162500.0,	0.06380081176757812,	0.09682083129882812
5344200000.0,	0.06295013427734375,	0.0967559814453125
5344237500.0,	0.06558990478515625,	0.09546661376953125
5344275000.0,	0.062084197998046875,	0.095703125
5344312500.0,	0.0649566650390625,	0.09377288818359375
5344350000.0,	0.06560134887695312,	0.095611572265625
5344387500.0,	0.06428909301757812,	0.09470748901367188
5344425000.0,	0.0662384033203125,	0.09371185302734375
5344462500.0,	0.06844711303710938,	0.09537506103515625
5344500000.0,	0.06873703002929688,	0.09386825561523438
5344537500.0,	0.0658721923828125,	0.09458541870117188
5344575000.0,	0.06593704223632812,	0.09326171875
5344612500.0,	0.06824493408203125,	0.09398269653320312
5344650000.0,	0.06864547729492188,	0.0928955078125
5344687500.0,	0.06778717041015625,	0.09444046020507812
5344725000.0,	0.06809616088867188,	0.09150314331054688
5344762500.0,	0.06882858276367188,	0.09423828125
5344800000.0,	0.07046890258789062,	0.09246826171875
5344837500.0,	0.07150650024414062,	0.09363937377929688
5344875000.0,	0.06850433349609375,	0.09289169311523438
5344912500.0,	0.071563720703125,	0.09248733520507812
5344950000.0,	0.06832504272460938,	0.0909271240234375
5344987500.0,	0.071502685546875,	0.09379959106445312
5345025000.0,	0.07004547119140625,	0.09047317504882812
5345062500.0,	0.06874847412109375,	0.09054183959960938
5345100000.0,	0.07292938232421875,	0.09196853637695312
5345137500.0,	0.07085800170898438,	0.09104537963867188
5345175000.0,	0.0703277587890625,	0.09011077880859375
5345212500.0,	0.07091140747070312,	0.090850830078125
5345250000.0,	0.06983566284179688,	0.08885574340820312
5345287500.0,	0.07122421264648438,	0.08777999877929688
5345325000.0,	0.0707855224609375,	0.08910369873046875
5345362500.0,	0.07136154174804688,	0.0889129638671875
5345400000.0,	0.07104873657226562,	0.08802413940429688
5345437500.0,	0.06939315795898438,	0.0904693603515625
5345475000.0,	0.07291412353515625,	0.08961868286132812
5345512500.0,	0.07435226440429688,	0.08744049072265625
5345550000.0,	0.07165145874023438,	0.08929824829101562
5345587500.0,	0.07143402099609375,	0.08738327026367188
5345625000.0,	0.07135391235351562,	0.089111328125
5345662500.0,	0.073089599609375,	0.0885162353515625
5345700000.0,	0.07346343994140625,	0.08873367309570312
5345737500.0,	0.07305908203125,	0.08553314208984375
5345775000.0,	0.072418212890625,	0.08844375610351562
5345812500.0,	0.0746612548828125,	0.08764266967773438
5345850000.0,	0.0738067626953125,	0.08576583862304688
5345887500.0,	0.07296371459960938,	0.08636856079101562
5345925000.0,	0.07584762573242188,	0.08758163452148438
5345962500.0,	0.07332992553710938,	0.08759689331054688
5346000000.0,	0.07384109497070312,	0.08683013916015625
5346037500.0,	0.07381439208984375,	0.08607101440429688
5346075000.0,	0.0731353759765625,	0.08441925048828125
5346112500.0,	0.07814788818359375,	0.08570098876953125
5346150000.0,	0.07427597045898438,	0.0855255126953125
5346187500.0,	0.07704925537109375,	0.083770751953125
5346225000.0,	0.07611083984375,	0.08376312255859375
5346262500.0,	0.07437896728515625,	0.0856781005859375
5346300000.0,	0.07440567016601562,	0.08447647094726562
5346337500.0,	0.07527542114257812,	0.08485031127929688
5346375000.0,	0.0756988525390625,	0.08255767822265625
5346412500.0,	0.07757568359375,	0.08349990844726562
5346450000.0,	0.07678604125976562,	0.08309173583984375
5346487500.0,	0.07488250732421875,	0.08455276489257812
5346525000.0,	0.07522964477539062,	0.08176422119140625
5346562500.0,	0.07434844970703125,	0.08256912231445312
5346600000.0,	0.07537078857421875,	0.0818023681640625
5346637500.0,	0.07659912109375,	0.0836029052734375
5346675000.0,	0.07574462890625,	0.0793609619140625
5346712500.0,	0.07462692260742188,	0.08387374877929688
5346750000.0,	0.07566070556640625,	0.08296585083007812
5346787500.0,	0.07485198974609375,	0.08169937133789062
5346825000.0,	0.07702255249023438,	0.08109664916992188
5346862500.0,	0.07521820068359375,	0.08166122436523438
5346900000.0,	0.07576370239257812,	0.07941818237304688
5346937500.0,	0.0776214599609375,	0.08281707763671875
5346975000.0,	0.07642364501953125,	0.08083343505859375
5347012500.0,	0.07799530029296875,	0.08103561401367188
5347050000.0,	0.07777786254882812,	0.08278274536132812
5347087500.0,	0.07654571533203125,	0.07905197143554688
5347125000.0,	0.076934814453125,	0.08019638061523438
5347162500.0,	0.07553863525390625,	0.08016204833984375
5347200000.0,	0.07749176025390625,	0.07850265502929688
5347237500.0,	0.07846450805664062,	0.078857421875
5347275000.0,	0.07672500610351562,	0.08121109008789062
5347312500.0,	0.0761871337890625,	0.07982635498046875
5347350000.0,	0.07503509521484375,	0.07794570922851562
5347387500.0,	0.0744781494140625,	0.0789031982421875
5347425000.0,	0.07473373413085938,	0.07816314697265625
5347462500.0,	0.07667160034179688,	0.0795440673828125
5347500000.0,	0.07801055908203125,	0.07765960693359375
5347537500.0,	0.07786941528320312,	0.07863998413085938
5347575000.0,	0.07712554931640625,	0.078582763671875
5347612500.0,	0.07857131958007812,	0.07860946655273438
5347650000.0,	0.07762527465820312,	0.07607269287109375
5347687500.0,	0.07787704467773438,	0.07967376708984375
5347725000.0,	0.07808303833007812,	0.0795135498046875
5347762500.0,	0.0778656005859375,	0.07758331298828125
5347800000.0,	0.07633209228515625,	0.0777130126953125
5347837500.0,	0.0769805908203125,	0.07574081420898438
5347875000.0,	0.0797576904296875,	0.07559967041015625
5347912500.0,	0.077178955078125,	0.0759735107421875
5347950000.0,	0.07755661010742188,	0.07761001586914062
5347987500.0,	0.07867813110351562,	0.07539749145507812
5348025000.0,	0.07879638671875,	0.07926559448242188
5348062500.0,	0.07899856567382812,	0.07757568359375
5348100000.0,	0.07975006103515625,	0.07715988159179688
5348137500.0,	0.07929611206054688,	0.07553863525390625
5348175000.0,	0.07788467407226562,	0.07639312744140625
5348212500.0,	0.0799102783203125,	0.07517623901367188
5348250000.0,	0.07798385620117188,	0.07419586181640625
5348287500.0,	0.078765869140625,	0.07617950439453125
5348325000.0,	0.07666778564453125,	0.07683181762695312
5348362500.0,	0.07703781127929688,	0.07563400268554688
5348400000.0,	0.07730865478515625,	0.0770263671875
5348437500.0,	0.08007431030273438,	0.07641220092773438
5348475000.0,	0.07946395874023438,	0.07542037963867188
5348512500.0,	0.07828903198242188,	0.07482528686523438
5348550000.0,	0.07666015625,	0.0731658935546875
5348587500.0,	0.07828903198242188,	0.0746002197265625
5348625000.0,	0.07769393920898438,	0.074005126953125
5348662500.0,	0.07708740234375,	0.07361221313476562
5348700000.0,	0.08082962036132812,	0.07271957397460938
5348737500.0,	0.07988739013671875,	0.07363510131835938
5348775000.0,	0.07777786254882812,	0.074951171875
5348812500.0,	0.07841110229492188,	0.07540130615234375
5348850000.0,	0.07729721069335938,	0.07341766357421875
5348887500.0,	0.079132080078125,	0.07320785522460938
5348925000.0,	0.07663345336914062,	0.0733642578125
5348962500.0,	0.07843780517578125,	0.07273483276367188
5349000000.0,	0.07880020141601562,	0.07425689697265625
5349037500.0,	0.07965469360351562,	0.07415390014648438
5349075000.0,	0.07891845703125,	0.07374954223632812
5349112500.0,	0.07627105712890625,	0.07558441162109375
5349150000.0,	0.07835769653320312,	0.0742034912109375
5349187500.0,	0.0756683349609375,	0.07199859619140625
5349225000.0,	0.07881927490234375,	0.07265090942382812
5349262500.0,	0.07822418212890625,	0.07200241088867188
5349300000.0,	0.07631301879882812,	0.07289505004882812
5349337500.0,	0.07958984375,	0.07126998901367188
5349375000.0,	0.08002471923828125,	0.07271575927734375
5349412500.0,	0.07801437377929688,	0.07037353515625
5349450000.0,	0.08083343505859375,	0.07276153564453125
5349487500.0,	0.07981491088867188,	0.07159805297851562
5349525000.0,	0.07733154296875,	0.07210922241210938
5349562500.0,	0.07904434204101562,	0.07108688354492188
5349600000.0,	0.07983779907226562,	0.0726776123046875
5349637500.0,	0.08074188232421875,	0.07032012939453125
5349675000.0,	0.07853317260742188,	0.07097625732421875
5349712500.0,	0.0811004638671875,	0.07135391235351562
5349750000.0,	0.07946395874023438,	0.07250595092773438
5349787500.0,	0.0768280029296875,	0.07108306884765625
5349825000.0,	0.07915878295898438,	0.07105636596679688
5349862500.0,	0.07892990112304688,	0.07163619995117188
5349900000.0,	0.07979202270507812,	0.06864547729492188
5349937500.0,	0.07897567749023438,	0.07080459594726562
5349975000.0,	0.08026504516601562,	0.06896591186523438
5350012500.0,	0.0781402587890625,	0.06906890869140625
5350050000.0,	0.07849884033203125,	0.07184219360351562
5350087500.0,	0.0787353515625,	0.0705108642578125
5350125000.0,	0.07889938354492188,	0.07090377807617188
5350162500.0,	0.07949447631835938,	0.069366455078125
5350200000.0,	0.07917022705078125,	0.06972885131835938
5350237500.0,	0.07908248901367188,	0.07057952880859375
5350275000.0,	0.07928085327148438,	0.06933975219726562
5350312500.0,	0.08018112182617188,	0.068115234375
5350350000.0,	0.07976150512695312,	0.06923675537109375
5350387500.0,	0.07905960083007812,	0.06946563720703125
5350425000.0,	0.07930755615234375,	0.06862640380859375
5350462500.0,	0.07875823974609375,	0.0689544677734375
5350500000.0,	0.07831573486328125,	0.0709381103515625
5350537500.0,	0.07941436767578125,	0.06919097900390625
5350575000.0,	0.07817840576171875,	0.0684051513671875
5350612500.0,	0.07916259765625,	0.06775283813476562
5350650000.0,	0.08115386962890625,	0.06779861450195312
5350687500.0,	0.07748031616210938,	0.06810760498046875
5350725000.0,	0.07968521118164062,	0.06729888916015625
5350762500.0,	0.07900619506835938,	0.07089996337890625
5350800000.0,	0.0784759521484375,	0.06711196899414062
5350837500.0,	0.07895278930664062,	0.06732940673828125
5350875000.0,	0.07804107666015625,	0.06771469116210938
5350912500.0,	0.07835006713867188,	0.0673675537109375
5350950000.0,	0.08010101318359375,	0.06817626953125
5350987500.0,	0.08036041259765625,	0.06771469116210938
5351025000.0,	0.07909393310546875,	0.066192626953125
5351062500.0,	0.07881546020507812,	0.067962646484375
5351100000.0,	0.07851409912109375,	0.06860733032226562
5351137500.0,	0.079864501953125,	0.06737899780273438
5351175000.0,	0.07979202270507812,	0.06685638427734375
5351212500.0,	0.07999420166015625,	0.06920623779296875
5351250000.0,	0.07903289794921875,	0.06978225708007812
5351287500.0,	0.07882308959960938,	0.06865692138671875
5351325000.0,	0.08061981201171875,	0.06677627563476562
5351362500.0,	0.07807540893554688,	0.06689834594726562
5351400000.0,	0.0779571533203125,	0.06751251220703125
5351437500.0,	0.0776824951171875,	0.066986083984375
5351475000.0,	0.07897186279296875,	0.06454086303710938
5351512500.0,	0.07896041870117188,	0.06737518310546875
5351550000.0,	0.07940673828125,	0.06756210327148438
5351587500.0,	0.07948684692382812,	0.06530380249023438
5351625000.0,	0.07976913452148438,	0.06760406494140625
5351662500.0,	0.07828903198242188,	0.068572998046875
5351700000.0,	0.07839584350585938,	0.064605712890625
5351737500.0,	0.07819747924804688,	0.06448745727539062
5351775000.0,	0.07840347290039062,	0.06460952758789062
5351812500.0,	0.08061599731445312,	0.06703948974609375
5351850000.0,	0.07949066162109375,	0.0645904541015625
5351887500.0,	0.07764053344726562,	0.06708145141601562
5351925000.0,	0.08086395263671875,	0.06457901000976562
5351962500.0,	0.0794219970703125,	0.06748199462890625
5352000000.0,	0.07960891723632812,	0.06601715087890625
5352037500.0,	0.0824737548828125,	0.06407546997070312
5352075000.0,	0.07632827758789062,	0.0648345947265625
5352112500.0,	0.08053970336914062,	0.06607437133789062
5352150000.0,	0.07609176635742188,	0.06475830078125
5352187500.0,	0.07866287231445312,	0.06696319580078125
5352225000.0,	0.0771942138671875,	0.062427520751953125
5352262500.0,	0.0766754150390625,	0.0675506591796875
5352300000.0,	0.07969284057617188,	0.0642242431640625
5352337500.0,	0.07712554931640625,	0.06596755981445312
5352375000.0,	0.07921600341796875,	0.06641006469726562
5352412500.0,	0.07883071899414062,	0.06443405151367188
5352450000.0,	0.07954788208007812,	0.06475067138671875
5352487500.0,	0.07895278930664062,	0.06440353393554688
5352525000.0,	0.08089828491210938,	0.0645599365234375
5352562500.0,	0.07702255249023438,	0.06489181518554688
5352600000.0,	0.07957839965820312,	0.06393814086914062
5352637500.0,	0.07799911499023438,	0.06370162963867188
5352675000.0,	0.07917022705078125,	0.06505584716796875
5352712500.0,	0.07793045043945312,	0.06293487548828125
5352750000.0,	0.07873153686523438,	0.066070556640625
5352787500.0,	0.07735443115234375,	0.06514358520507812
5352825000.0,	0.07722854614257812,	0.06555938720703125
5352862500.0,	0.07817840576171875,	0.06415939331054688
5352900000.0,	0.07871246337890625,	0.06310272216796875
5352937500.0,	0.0755615234375,	0.06268692016601562
5352975000.0,	0.0780792236328125,	0.06521224975585938
5353012500.0,	0.07703018188476562,	0.06526565551757812
5353050000.0,	0.077423095703125,	0.06388473510742188
5353087500.0,	0.0785369873046875,	0.06194305419921875
5353125000.0,	0.07795333862304688,	0.06470108032226562
5353162500.0,	0.07892990112304688,	0.062408447265625
5353200000.0,	0.07809066772460938,	0.06280136108398438
5353237500.0,	0.07654571533203125,	0.06268310546875
5353275000.0,	0.07752609252929688,	0.06277847290039062
5353312500.0,	0.07880783081054688,	0.06108856201171875
5353350000.0,	0.07783126831054688,	0.06383132934570312
5353387500.0,	0.08092117309570312,	0.06407928466796875
5353425000.0,	0.0789031982421875,	0.06438446044921875
5353462500.0,	0.07841110229492188,	0.063140869140625
5353500000.0,	0.07728958129882812,	0.062114715576171875
5353537500.0,	0.07940292358398438,	0.06334304809570312
5353575000.0,	0.07858657836914062,	0.06327438354492188
5353612500.0,	0.07549285888671875,	0.065460205078125
5353650000.0,	0.07988739013671875,	0.06271743774414062
5353687500.0,	0.07755279541015625,	0.062419891357421875
5353725000.0,	0.07736968994140625,	0.06280136108398438
5353762500.0,	0.07900619506835938,	0.06067657470703125
5353800000.0,	0.07749557495117188,	0.06353378295898438
5353837500.0,	0.078155517578125,	0.061527252197265625
5353875000.0,	0.07961654663085938,	0.06233978271484375
5353912500.0,	0.07708358764648438,	0.062160491943359375
5353950000.0,	0.076934814453125,	0.06259536743164062
5353987500.0,	0.07710647583007812,	0.06136322021484375
5354025000.0,	0.07717514038085938,	0.061611175537109375
5354062500.0,	0.07727813720703125,	0.061328887939453125
5354100000.0,	0.0778656005859375,	0.06351089477539062
5354137500.0,	0.07949447631835938,	0.062191009521484375
5354175000.0,	0.07864761352539062,	0.06397628784179688
5354212500.0,	0.07945632934570312,	0.062007904052734375
5354250000.0,	0.078521728515625,	0.06090545654296875
5354287500.0,	0.07670211791992188,	0.062435150146484375
5354325000.0,	0.07928085327148438,	0.05930328369140625
5354362500.0,	0.0775299072265625,	0.061008453369140625
5354400000.0,	0.07794189453125,	0.061328887939453125
5354437500.0,	0.07622909545898438,	0.061981201171875
5354475000.0,	0.078125,	0.06250381469726562
5354512500.0,	0.07941818237304688,	0.0620880126953125
5354550000.0,	0.07814407348632812,	0.0605621337890625
5354587500.0,	0.07760238647460938,	0.05968475341796875
5354625000.0,	0.07668304443359375,	0.061130523681640625
5354662500.0,	0.07833480834960938,	0.0604705810546875
5354700000.0,	0.0792388916015625,	0.06000518798828125
5354737500.0,	0.07606124877929688,	0.0597076416015625
5354775000.0,	0.07830810546875,	0.06036376953125
5354812500.0,	0.07510757446289062,	0.061183929443359375
5354850000.0,	0.07864761352539062,	0.059215545654296875
5354887500.0,	0.07778549194335938,	0.059665679931640625
5354925000.0,	0.07786941528320312,	0.06315231323242188
5354962500.0,	0.07813262939453125,	0.060512542724609375
5355000000.0,	0.07588958740234375,	0.060787200927734375
5355037500.0,	0.07659530639648438,	0.060680389404296875
5355075000.0,	0.0790863037109375,	0.061370849609375
5355112500.0,	0.07593536376953125,	0.06032562255859375
5355150000.0,	0.07843399047851562,	0.060192108154296875
5355187500.0,	0.07790756225585938,	0.061344146728515625
5355225000.0,	0.07847976684570312,	0.060047149658203125
5355262500.0,	0.07745361328125,	0.060756683349609375
5355300000.0,	0.07623291015625,	0.061527252197265625
5355337500.0,	0.07547760009765625,	0.057888031005859375
5355375000.0,	0.0774688720703125,	0.059856414794921875
5355412500.0,	0.0785064697265625,	0.060665130615234375
5355450000.0,	0.07718276977539062,	0.0599365234375
5355487500.0,	0.07938766479492188,	0.059932708740234375
5355525000.0,	0.07748794555664062,	0.061309814453125
5355562500.0,	0.07843780517578125,	0.061405181884765625
5355600000.0,	0.07687759399414062,	0.05823516845703125
5355637500.0,	0.07715988159179688,	0.059177398681640625
5355675000.0,	0.07780838012695312,	0.05989837646484375
5355712500.0,	0.07625961303710938,	0.058773040771484375
5355750000.0,	0.0778350830078125,	0.05995941162109375
5355787500.0,	0.07727813720703125,	0.057765960693359375
5355825000.0,	0.07632064819335938,	0.060497283935546875
5355862500.0,	0.07455062866210938,	0.060932159423828125
5355900000.0,	0.07891082763671875,	0.059474945068359375
5355937500.0,	0.07649993896484375,	0.060749053955078125
5355975000.0,	0.07648468017578125,	0.059600830078125
5356012500.0,	0.07613372802734375,	0.057941436767578125
5356050000.0,	0.07664871215820312,	0.0587921142578125
5356087500.0,	0.07564163208007812,	0.05735015869140625
5356125000.0,	0.07561492919921875,	0.057804107666015625
5356162500.0,	0.0774383544921875,	0.05864715576171875
5356200000.0,	0.07816314697265625,	0.057201385498046875
5356237500.0,	0.07764816284179688,	0.057216644287109375
5356275000.0,	0.07582473754882812,	0.058788299560546875
5356312500.0,	0.07655715942382812,	0.05976104736328125
5356350000.0,	0.07548141479492188,	0.0569305419921875
5356387500.0,	0.07627105712890625,	0.057159423828125
5356425000.0,	0.07590484619140625,	0.05834197998046875
5356462500.0,	0.07575225830078125,	0.057224273681640625
5356500000.0,	0.07498931884765625,	0.0571136474609375
5356537500.0,	0.07598876953125,	0.05716705322265625
5356575000.0,	0.076019287109375,	0.058258056640625
5356612500.0,	0.07498550415039062,	0.058872222900390625
5356650000.0,	0.07714080810546875,	0.0596160888671875
5356687500.0,	0.077056884765625,	0.058685302734375
5356725000.0,	0.07641983032226562,	0.056732177734375
5356762500.0,	0.07658004760742188,	0.057163238525390625
5356800000.0,	0.07697677612304688,	0.05664825439453125
5356837500.0,	0.07466506958007812,	0.05756378173828125
5356875000.0,	0.076568603515625,	0.0577850341796875
5356912500.0,	0.0783233642578125,	0.05718994140625
5356950000.0,	0.07429122924804688,	0.058746337890625
5356987500.0,	0.07461929321289062,	0.058544158935546875
5357025000.0,	0.07529449462890625,	0.0583038330078125
5357062500.0,	0.0761566162109375,	0.05615997314453125
5357100000.0,	0.077392578125,	0.0564422607421875
5357137500.0,	0.0760498046875,	0.058315277099609375
5357175000.0,	0.07648849487304688,	0.056858062744140625
5357212500.0,	0.07501602172851562,	0.05645751953125
5357250000.0,	0.07782363891601562,	0.056041717529296875
5357287500.0,	0.07700347900390625,	0.055728912353515625
5357325000.0,	0.07725906372070312,	0.057033538818359375
5357362500.0,	0.077362060546875,	0.058197021484375
5357400000.0,	0.0738983154296875,	0.055118560791015625
5357437500.0,	0.0751800537109375,	0.05820465087890625
5357475000.0,	0.07463836669921875,	0.05791473388671875
5357512500.0,	0.07421493530273438,	0.056926727294921875
5357550000.0,	0.07727432250976562,	0.0560302734375
5357587500.0,	0.07489395141601562,	0.057125091552734375
5357625000.0,	0.074432373046875,	0.055751800537109375
5357662500.0,	0.073944091796875,	0.0577850341796875
5357700000.0,	0.0757598876953125,	0.056713104248046875
5357737500.0,	0.07489395141601562,	0.0567779541015625
5357775000.0,	0.07550430297851562,	0.0552215576171875
5357812500.0,	0.07572174072265625,	0.056121826171875
5357850000.0,	0.075714111328125,	0.05626678466796875
5357887500.0,	0.07674026489257812,	0.05638885498046875
5357925000.0,	0.07609176635742188,	0.05750274658203125
5357962500.0,	0.07631301879882812,	0.056758880615234375
5358000000.0,	0.07561492919921875,	0.05609130859375
5358037500.0,	0.07545089721679688,	0.056060791015625
5358075000.0,	0.0758819580078125,	0.058185577392578125
5358112500.0,	0.07596588134765625,	0.057651519775390625
5358150000.0,	0.0752716064453125,	0.05741119384765625
5358187500.0,	0.07497024536132812,	0.054721832275390625
5358225000.0,	0.07802581787109375,	0.056644439697265625
5358262500.0,	0.0762481689453125,	0.055267333984375
5358300000.0,	0.07445526123046875,	0.05780029296875
5358337500.0,	0.07343292236328125,	0.0556793212890625
5358375000.0,	0.07429122924804688,	0.05631256103515625
5358412500.0,	0.07549667358398438,	0.056110382080078125
5358450000.0,	0.0748138427734375,	0.054462432861328125
5358487500.0,	0.07477569580078125,	0.055309295654296875
5358525000.0,	0.07611083984375,	0.054302215576171875
5358562500.0,	0.07514572143554688,	0.055477142333984375
5358600000.0,	0.07321548461914062,	0.055938720703125
5358637500.0,	0.07535934448242188,	0.05762481689453125
5358675000.0,	0.0742034912109375,	0.0574798583984375
5358712500.0,	0.07400131225585938,	0.05327606201171875
5358750000.0,	0.0764617919921875,	0.056949615478515625
5358787500.0,	0.07465744018554688,	0.05655670166015625
5358825000.0,	0.074615478515625,	0.055538177490234375
5358862500.0,	0.07484054565429688,	0.0542144775390625
5358900000.0,	0.07328033447265625,	0.05399322509765625
5358937500.0,	0.07446670532226562,	0.055240631103515625
5358975000.0,	0.07542037963867188,	0.056972503662109375
5359012500.0,	0.07561111450195312,	0.05562591552734375
5359050000.0,	0.07372283935546875,	0.054592132568359375
5359087500.0,	0.07481765747070312,	0.056179046630859375
5359125000.0,	0.07552337646484375,	0.05527496337890625
5359162500.0,	0.07364273071289062,	0.05510711669921875
5359200000.0,	0.07519149780273438,	0.055278778076171875
5359237500.0,	0.07381057739257812,	0.054958343505859375
5359275000.0,	0.0743560791015625,	0.054019927978515625
5359312500.0,	0.07448577880859375,	0.053466796875
5359350000.0,	0.07292556762695312,	0.054683685302734375
5359387500.0,	0.07518768310546875,	0.0548248291015625
5359425000.0,	0.07269668579101562,	0.0550537109375
5359462500.0,	0.07334136962890625,	0.054447174072265625
5359500000.0,	0.07538223266601562,	0.0556182861328125
5359537500.0,	0.07464599609375,	0.056972503662109375
5359575000.0,	0.07520294189453125,	0.0538482666015625
5359612500.0,	0.07257461547851562,	0.054401397705078125
5359650000.0,	0.07390213012695312,	0.057033538818359375
5359687500.0,	0.074920654296875,	0.0537567138671875
5359725000.0,	0.07357406616210938,	0.05493927001953125
5359762500.0,	0.07372665405273438,	0.05364227294921875
5359800000.0,	0.07242202758789062,	0.0562591552734375
5359837500.0,	0.07456588745117188,	0.054744720458984375
5359875000.0,	0.07468795776367188,	0.054782867431640625
5359912500.0,	0.07135772705078125,	0.055572509765625
5359950000.0,	0.07388687133789062,	0.054737091064453125
5359987500.0,	0.07557296752929688,	0.05379486083984375
5360025000.0,	0.07281494140625,	0.054889678955078125
5360062500.0,	0.0752105712890625,	0.05562591552734375
5360100000.0,	0.07275390625,	0.05399322509765625
5360137500.0,	0.07347869873046875,	0.0550384521484375
5360175000.0,	0.07327651977539062,	0.055133819580078125
5360212500.0,	0.07314682006835938,	0.053375244140625
5360250000.0,	0.07251739501953125,	0.056552886962890625
5360287500.0,	0.07430648803710938,	0.053955078125
5360325000.0,	0.07454681396484375,	0.05486297607421875
5360362500.0,	0.07279586791992188,	0.053253173828125
5360400000.0,	0.07470321655273438,	0.054901123046875
5360437500.0,	0.07204818725585938,	0.0538482666015625
5360475000.0,	0.07421112060546875,	0.053760528564453125
5360512500.0,	0.07415390014648438,	0.05393218994140625
5360550000.0,	0.07325363159179688,	0.053798675537109375
5360587500.0,	0.07346343994140625,	0.054027557373046875
5360625000.0,	0.07179641723632812,	0.053997039794921875
5360662500.0,	0.07314300537109375,	0.052837371826171875
5360700000.0,	0.07315444946289062,	0.05269622802734375
5360737500.0,	0.07284927368164062,	0.055049896240234375
5360775000.0,	0.072113037109375,	0.053249359130859375
5360812500.0,	0.07221221923828125,	0.052703857421875
5360850000.0,	0.07462310791015625,	0.051662445068359375
5360887500.0,	0.0731201171875,	0.05291748046875
5360925000.0,	0.07330322265625,	0.05451202392578125
5360962500.0,	0.074920654296875,	0.057125091552734375
5361000000.0,	0.072357177734375,	0.052059173583984375
5361037500.0,	0.07386016845703125,	0.053653717041015625
5361075000.0,	0.072418212890625,	0.053089141845703125
5361112500.0,	0.07248687744140625,	0.052066802978515625
5361150000.0,	0.07465362548828125,	0.054637908935546875
5361187500.0,	0.0725555419921875,	0.05374908447265625
5361225000.0,	0.07231903076171875,	0.051998138427734375
5361262500.0,	0.07044219970703125,	0.053218841552734375
5361300000.0,	0.07466506958007812,	0.052001953125
5361337500.0,	0.07294082641601562,	0.050724029541015625
5361375000.0,	0.07422256469726562,	0.052425384521484375
5361412500.0,	0.0707855224609375,	0.052951812744140625
5361450000.0,	0.07249069213867188,	0.05257415771484375
5361487500.0,	0.07413864135742188,	0.053745269775390625
5361525000.0,	0.07229995727539062,	0.053066253662109375
5361562500.0,	0.07241439819335938,	0.052349090576171875
5361600000.0,	0.0716552734375,	0.052440643310546875
5361637500.0,	0.07112884521484375,	0.0527801513671875
5361675000.0,	0.07156753540039062,	0.053466796875
5361712500.0,	0.07305145263671875,	0.053455352783203125
5361750000.0,	0.072265625,	0.054332733154296875
5361787500.0,	0.07330322265625,	0.05324554443359375
5361825000.0,	0.07286453247070312,	0.05517578125
5361862500.0,	0.07046127319335938,	0.051349639892578125
5361900000.0,	0.07326889038085938,	0.052539825439453125
5361937500.0,	0.07136917114257812,	0.053195953369140625
5361975000.0,	0.07184219360351562,	0.051971435546875
5362012500.0,	0.0723876953125,	0.05399322509765625
5362050000.0,	0.07158279418945312,	0.05284881591796875
5362087500.0,	0.07072067260742188,	0.052227020263671875
5362125000.0,	0.072265625,	0.054370880126953125
5362162500.0,	0.07199478149414062,	0.052448272705078125
5362200000.0,	0.07159042358398438,	0.052337646484375
5362237500.0,	0.07127761840820312,	0.050251007080078125
5362275000.0,	0.07253646850585938,	0.05274200439453125
5362312500.0,	0.0723419189453125,	0.052051544189453125
5362350000.0,	0.07233810424804688,	0.05342864990234375
5362387500.0,	0.07163619995117188,	0.053943634033203125
5362425000.0,	0.072174072265625,	0.05406951904296875
5362462500.0,	0.07228851318359375,	0.05103302001953125
5362500000.0,	0.07324600219726562,	0.05153656005859375
5362537500.0,	0.07235336303710938,	0.05389404296875
5362575000.0,	0.0726776123046875,	0.05292510986328125
5362612500.0,	0.0705413818359375,	0.050548553466796875
5362650000.0,	0.07189178466796875,	0.0509490966796875
5362687500.0,	0.07139205932617188,	0.0518951416015625
5362725000.0,	0.07126617431640625,	0.05358123779296875
5362762500.0,	0.071258544921875,	0.052455902099609375
5362800000.0,	0.0721893310546875,	0.05403900146484375
5362837500.0,	0.07297897338867188,	0.052288055419921875
5362875000.0,	0.07025527954101562,	0.053577423095703125
5362912500.0,	0.07069015502929688,	0.052032470703125
5362950000.0,	0.06952285766601562,	0.05126953125
5362987500.0,	0.07094192504882812,	0.05297088623046875
5363025000.0,	0.07178115844726562,	0.051273345947265625
5363062500.0,	0.07098007202148438,	0.053195953369140625
5363100000.0,	0.07135009765625,	0.0531158447265625
5363137500.0,	0.07252883911132812,	0.052791595458984375
5363175000.0,	0.07227325439453125,	0.050689697265625
5363212500.0,	0.07244491577148438,	0.05290985107421875
5363250000.0,	0.0697479248046875,	0.05306243896484375
5363287500.0,	0.06916427612304688,	0.05323028564453125
5363325000.0,	0.07114791870117188,	0.051509857177734375
5363362500.0,	0.07141494750976562,	0.051540374755859375
5363400000.0,	0.06989669799804688,	0.053264617919921875
5363437500.0,	0.0710296630859375,	0.052585601806640625
5363475000.0,	0.0691375732421875,	0.051120758056640625
5363512500.0,	0.07037734985351562,	0.054229736328125
5363550000.0,	0.072174072265625,	0.052677154541015625
5363587500.0,	0.07033538818359375,	0.051700592041015625
5363625000.0,	0.07109451293945312,	0.05340576171875
5363662500.0,	0.07158279418945312,	0.05178070068359375
5363700000.0,	0.06980133056640625,	0.051395416259765625
5363737500.0,	0.07151412963867188,	0.05178070068359375
5363775000.0,	0.0724029541015625,	0.05158233642578125
5363812500.0,	0.070404052734375,	0.050872802734375
5363850000.0,	0.070648193359375,	0.049701690673828125
5363887500.0,	0.07188796997070312,	0.05312347412109375
5363925000.0,	0.07115936279296875,	0.053119659423828125
5363962500.0,	0.07037734985351562,	0.051898956298828125
5364000000.0,	0.07159805297851562,	0.0531463623046875
5364037500.0,	0.07192230224609375,	0.051849365234375
5364075000.0,	0.07188796997070312,	0.0559844970703125
5364112500.0,	0.07069778442382812,	0.051006317138671875
5364150000.0,	0.07120895385742188,	0.053607940673828125
5364187500.0,	0.07033157348632812,	0.051143646240234375
5364225000.0,	0.07099533081054688,	0.05010986328125
5364262500.0,	0.0690155029296875,	0.0503692626953125
5364300000.0,	0.06893539428710938,	0.052448272705078125
5364337500.0,	0.07167434692382812,	0.052654266357421875
5364375000.0,	0.07201004028320312,	0.049182891845703125
5364412500.0,	0.06947708129882812,	0.0518646240234375
5364450000.0,	0.07084274291992188,	0.051731109619140625
5364487500.0,	0.06972885131835938,	0.0508270263671875
5364525000.0,	0.07021713256835938,	0.0511322021484375
5364562500.0,	0.06949615478515625,	0.052402496337890625
5364600000.0,	0.07112503051757812,	0.051059722900390625
5364637500.0,	0.06879043579101562,	0.05233001708984375
5364675000.0,	0.06878662109375,	0.0514068603515625
5364712500.0,	0.07107162475585938,	0.0511474609375
5364750000.0,	0.06919097900390625,	0.052837371826171875
5364787500.0,	0.07074737548828125,	0.05261993408203125
5364825000.0,	0.07201385498046875,	0.0511016845703125
5364862500.0,	0.06916427612304688,	0.051025390625
5364900000.0,	0.06837844848632812,	0.05017852783203125
5364937500.0,	0.06838226318359375,	0.050243377685546875
5364975000.0,	0.06989288330078125,	0.052272796630859375
5365012500.0,	0.06924057006835938,	0.052753448486328125
5365050000.0,	0.06956100463867188,	0.052967071533203125
5365087500.0,	0.07071685791015625,	0.052402496337890625
5365125000.0,	0.07314682006835938,	0.05213165283203125
5365162500.0,	0.06984329223632812,	0.052028656005859375
5365200000.0,	0.06882476806640625,	0.0525970458984375
5365237500.0,	0.0700225830078125,	0.051143646240234375
5365275000.0,	0.0699615478515625,	0.05171966552734375
5365312500.0,	0.06966018676757812,	0.052524566650390625
5365350000.0,	0.07131195068359375,	0.052265167236328125
5365387500.0,	0.06967544555664062,	0.05055999755859375
5365425000.0,	0.07015228271484375,	0.051105499267578125
5365462500.0,	0.0703125,	0.051631927490234375
5365500000.0,	0.06852340698242188,	0.04921722412109375
5365537500.0,	0.07234573364257812,	0.049774169921875
5365575000.0,	0.07176589965820312,	0.0515594482421875
5365612500.0,	0.07057571411132812,	0.05178070068359375
5365650000.0,	0.06943511962890625,	0.05388641357421875
5365687500.0,	0.06884002685546875,	0.053028106689453125
5365725000.0,	0.06906509399414062,	0.05095672607421875
5365762500.0,	0.07074737548828125,	0.050777435302734375
5365800000.0,	0.06885528564453125,	0.050029754638671875
5365837500.0,	0.06934356689453125,	0.05023193359375
5365875000.0,	0.06757354736328125,	0.04897308349609375
5365912500.0,	0.06963729858398438,	0.053829193115234375
5365950000.0,	0.070465087890625,	0.05034637451171875
5365987500.0,	0.070953369140625,	0.053802490234375
5366025000.0,	0.0716400146484375,	0.052471160888671875
5366062500.0,	0.06872177124023438,	0.049770355224609375
5366100000.0,	0.07050704956054688,	0.050563812255859375
5366137500.0,	0.07101058959960938,	0.052490234375
5366175000.0,	0.071044921875,	0.050785064697265625
5366212500.0,	0.06988525390625,	0.05066680908203125
5366250000.0,	0.06887435913085938,	0.049869537353515625
5366287500.0,	0.06956100463867188,	0.05092620849609375
5366325000.0,	0.07082366943359375,	0.053211212158203125
5366362500.0,	0.07009124755859375,	0.05029296875
5366400000.0,	0.07054901123046875,	0.051425933837890625
5366437500.0,	0.06699752807617188,	0.051898956298828125
5366475000.0,	0.06898880004882812,	0.052032470703125
5366512500.0,	0.07048797607421875,	0.049770355224609375
5366550000.0,	0.06873703002929688,	0.050899505615234375
5366587500.0,	0.06797409057617188,	0.050930023193359375
5366625000.0,	0.070281982421875,	0.050045013427734375
5366662500.0,	0.06743240356445312,	0.050914764404296875
5366700000.0,	0.07003402709960938,	0.051300048828125
5366737500.0,	0.06892776489257812,	0.050933837890625
5366775000.0,	0.06985855102539062,	0.050418853759765625
5366812500.0,	0.0694732666015625,	0.049068450927734375
5366850000.0,	0.07149124145507812,	0.05246734619140625
5366887500.0,	0.067535400390625,	0.05220794677734375
5366925000.0,	0.06951904296875,	0.0526580810546875
5366962500.0,	0.0706024169921875,	0.0531005859375
5367000000.0,	0.07040786743164062,	0.050357818603515625
5367037500.0,	0.07045745849609375,	0.05289459228515625
5367075000.0,	0.069427490234375,	0.050571441650390625
5367112500.0,	0.0702362060546875,	0.050952911376953125
5367150000.0,	0.06987380981445312,	0.0535736083984375
5367187500.0,	0.06984329223632812,	0.05049896240234375
5367225000.0,	0.06898117065429688,	0.050609588623046875
5367262500.0,	0.06909561157226562,	0.050628662109375
5367300000.0,	0.07085037231445312,	0.04955291748046875
5367337500.0,	0.06869888305664062,	0.051235198974609375
5367375000.0,	0.06978225708007812,	0.04982757568359375
5367412500.0,	0.07017898559570312,	0.053218841552734375
5367450000.0,	0.0703582763671875,	0.05272674560546875
5367487500.0,	0.06984710693359375,	0.050750732421875
5367525000.0,	0.06884384155273438,	0.05124664306640625
5367562500.0,	0.068359375,	0.049381256103515625
5367600000.0,	0.0708770751953125,	0.049472808837890625
5367637500.0,	0.07078933715820312,	0.051425933837890625
5367675000.0,	0.06919097900390625,	0.05033111572265625
5367712500.0,	0.07001876831054688,	0.04959869384765625
5367750000.0,	0.07024765014648438,	0.051692962646484375
5367787500.0,	0.06890106201171875,	0.053035736083984375
5367825000.0,	0.068359375,	0.048000335693359375
5367862500.0,	0.0684356689453125,	0.052845001220703125
5367900000.0,	0.0690155029296875,	0.05028533935546875
5367937500.0,	0.067413330078125,	0.04962921142578125
5367975000.0,	0.07041549682617188,	0.0519256591796875
5368012500.0,	0.070098876953125,	0.051586151123046875
5368050000.0,	0.0665130615234375,	0.04927825927734375
5368087500.0,	0.0687408447265625,	0.0499420166015625
5368125000.0,	0.06892013549804688,	0.04943084716796875
5368162500.0,	0.06817626953125,	0.0505218505859375
5368200000.0,	0.06920623779296875,	0.050334930419921875
5368237500.0,	0.0697021484375,	0.05266571044921875
5368275000.0,	0.06727218627929688,	0.0500640869140625
5368312500.0,	0.06861114501953125,	0.0529937744140625
5368350000.0,	0.06738662719726562,	0.051845550537109375
5368387500.0,	0.0681304931640625,	0.049877166748046875
5368425000.0,	0.06848526000976562,	0.051570892333984375
5368462500.0,	0.06978225708007812,	0.050907135009765625
5368500000.0,	0.07011032104492188,	0.049983978271484375
5368537500.0,	0.07035064697265625,	0.05083465576171875
5368575000.0,	0.06931686401367188,	0.050342559814453125
5368612500.0,	0.06916046142578125,	0.050685882568359375
5368650000.0,	0.06834793090820312,	0.051372528076171875
5368687500.0,	0.06985092163085938,	0.050220489501953125
5368725000.0,	0.06835556030273438,	0.049526214599609375
5368762500.0,	0.06723785400390625,	0.05023193359375
5368800000.0,	0.06890487670898438,	0.050182342529296875
5368837500.0,	0.06658172607421875,	0.0542144775390625
5368875000.0,	0.06992721557617188,	0.049701690673828125
5368912500.0,	0.065765380859375,	0.0504150390625
5368950000.0,	0.06657791137695312,	0.0510101318359375
5368987500.0,	0.06920242309570312,	0.051410675048828125
5369025000.0,	0.06818008422851562,	0.050769805908203125
5369062500.0,	0.06901168823242188,	0.053028106689453125
5369100000.0,	0.06880950927734375,	0.050189971923828125
5369137500.0,	0.06777191162109375,	0.051128387451171875
5369175000.0,	0.0694732666015625,	0.04813385009765625
5369212500.0,	0.06914520263671875,	0.049633026123046875
5369250000.0,	0.0708770751953125,	0.049488067626953125
5369287500.0,	0.07044219970703125,	0.050769805908203125
5369325000.0,	0.069915771484375,	0.047924041748046875
5369362500.0,	0.06891250610351562,	0.051300048828125
5369400000.0,	0.07001113891601562,	0.050395965576171875
5369437500.0,	0.0675811767578125,	0.050815582275390625
5369475000.0,	0.0686798095703125,	0.0492706298828125
5369512500.0,	0.06956863403320312,	0.050395965576171875
5369550000.0,	0.06779098510742188,	0.04929351806640625
5369587500.0,	0.07028579711914062,	0.049488067626953125
5369625000.0,	0.06855010986328125,	0.04836273193359375
5369662500.0,	0.067108154296875,	0.048458099365234375
5369700000.0,	0.06917190551757812,	0.048229217529296875
5369737500.0,	0.0692291259765625,	0.04947662353515625
5369775000.0,	0.06898117065429688,	0.050884246826171875
5369812500.0,	0.07014846801757812,	0.0505828857421875
5369850000.0,	0.0687713623046875,	0.052013397216796875
5369887500.0,	0.06862640380859375,	0.05113983154296875
5369925000.0,	0.06921005249023438,	0.047969818115234375
5369962500.0,	0.0666656494140625,	0.050395965576171875
5370000000.0,	0.07112884521484375,	0.048915863037109375
