5360018750.0,	0.0736846923828125,	0.054225921630859375
5360037500.0,	0.07515716552734375,	0.0581512451171875
5360056250.0,	0.07356643676757812,	0.0554962158203125
5360075000.0,	0.07486343383789062,	0.054996490478515625
5360093750.0,	0.07389450073242188,	0.054264068603515625
5360112500.0,	0.07376861572265625,	0.05532073974609375
5360131250.0,	0.07305908203125,	0.054576873779296875
5360150000.0,	0.074859619140625,	0.05591583251953125
5360168750.0,	0.07290267944335938,	0.05371856689453125
5360187500.0,	0.0737762451171875,	0.05455780029296875
5360206250.0,	0.07521820068359375,	0.05254364013671875
5360225000.0,	0.07559967041015625,	0.054927825927734375
5360243750.0,	0.07342147827148438,	0.0541229248046875
5360262500.0,	0.07339859008789062,	0.0548248291015625
5360281250.0,	0.07344436645507812,	0.055110931396484375
5360300000.0,	0.07458114624023438,	0.0556182861328125
5360318750.0,	0.0731964111328125,	0.05608367919921875
5360337500.0,	0.07381057739257812,	0.05591583251953125
5360356250.0,	0.0728607177734375,	0.054168701171875
5360375000.0,	0.07291030883789062,	0.052433013916015625
5360393750.0,	0.07232284545898438,	0.05411529541015625
5360412500.0,	0.07387542724609375,	0.054096221923828125
5360431250.0,	0.07342147827148438,	0.0540771484375
5360450000.0,	0.07279205322265625,	0.055606842041015625
5360468750.0,	0.074310302734375,	0.055866241455078125
5360487500.0,	0.0733642578125,	0.054767608642578125
5360506250.0,	0.07192230224609375,	0.05547332763671875
5360525000.0,	0.07143020629882812,	0.054065704345703125
5360543750.0,	0.0717620849609375,	0.0522613525390625
5360562500.0,	0.07293319702148438,	0.054454803466796875
5360581250.0,	0.07234954833984375,	0.054470062255859375
5360600000.0,	0.0742645263671875,	0.056331634521484375
5360618750.0,	0.07289886474609375,	0.05435943603515625
5360637500.0,	0.0708770751953125,	0.0551910400390625
5360656250.0,	0.07326507568359375,	0.052825927734375
5360675000.0,	0.07206344604492188,	0.052585601806640625
5360693750.0,	0.07349014282226562,	0.0527496337890625
5360712500.0,	0.07270050048828125,	0.051998138427734375
5360731250.0,	0.07271957397460938,	0.0528717041015625
5360750000.0,	0.07345962524414062,	0.05422210693359375
5360768750.0,	0.07319259643554688,	0.05239105224609375
5360787500.0,	0.07207870483398438,	0.053546905517578125
5360806250.0,	0.07403564453125,	0.0526123046875
5360825000.0,	0.07260894775390625,	0.051929473876953125
5360843750.0,	0.0722198486328125,	0.05426025390625
5360862500.0,	0.07320404052734375,	0.05356597900390625
5360881250.0,	0.07283401489257812,	0.0518951416015625
5360900000.0,	0.07118606567382812,	0.0552825927734375
5360918750.0,	0.07227325439453125,	0.053264617919921875
5360937500.0,	0.07137298583984375,	0.055538177490234375
5360956250.0,	0.07458877563476562,	0.05261993408203125
5360975000.0,	0.07263565063476562,	0.055088043212890625
5360993750.0,	0.07342910766601562,	0.051876068115234375
5361012500.0,	0.07114410400390625,	0.052501678466796875
5361031250.0,	0.07204818725585938,	0.05322265625
5361050000.0,	0.07279586791992188,	0.052494049072265625
5361068750.0,	0.07550048828125,	0.055721282958984375
5361087500.0,	0.07283401489257812,	0.052494049072265625
5361106250.0,	0.07277297973632812,	0.05246734619140625
5361125000.0,	0.07030105590820312,	0.05419921875
5361143750.0,	0.07357025146484375,	0.05279541015625
5361162500.0,	0.07329177856445312,	0.05523681640625
5361181250.0,	0.07319259643554688,	0.054561614990234375
5361200000.0,	0.07407379150390625,	0.0530242919921875
5361218750.0,	0.07419204711914062,	0.053192138671875
5361237500.0,	0.07249832153320312,	0.052734375
5361256250.0,	0.07177352905273438,	0.051883697509765625
5361275000.0,	0.07373428344726562,	0.0543060302734375
5361293750.0,	0.0730133056640625,	0.055004119873046875
5361312500.0,	0.072601318359375,	0.055477142333984375
5361331250.0,	0.07318496704101562,	0.054370880126953125
5361350000.0,	0.07300949096679688,	0.053607940673828125
5361368750.0,	0.07383346557617188,	0.055484771728515625
5361387500.0,	0.07491302490234375,	0.053249359130859375
5361406250.0,	0.07072830200195312,	0.053295135498046875
5361425000.0,	0.0740509033203125,	0.0533294677734375
5361443750.0,	0.07321929931640625,	0.05352783203125
5361462500.0,	0.07218551635742188,	0.052165985107421875
5361481250.0,	0.06986236572265625,	0.05243682861328125
5361500000.0,	0.07196807861328125,	0.05251312255859375
5361518750.0,	0.0711517333984375,	0.051807403564453125
5361537500.0,	0.07200241088867188,	0.05355072021484375
5361556250.0,	0.07258987426757812,	0.05310821533203125
5361575000.0,	0.0721282958984375,	0.051532745361328125
5361593750.0,	0.07357025146484375,	0.05304718017578125
5361612500.0,	0.07217788696289062,	0.053554534912109375
5361631250.0,	0.07367706298828125,	0.053958892822265625
5361650000.0,	0.07144927978515625,	0.053466796875
5361668750.0,	0.07436752319335938,	0.052608489990234375
5361687500.0,	0.07138442993164062,	0.054706573486328125
5361706250.0,	0.07221221923828125,	0.054752349853515625
5361725000.0,	0.07228469848632812,	0.0523529052734375
5361743750.0,	0.07311630249023438,	0.052806854248046875
5361762500.0,	0.07216644287109375,	0.053070068359375
5361781250.0,	0.07149505615234375,	0.05242156982421875
5361800000.0,	0.07355117797851562,	0.05425262451171875
5361818750.0,	0.0731353759765625,	0.05336761474609375
5361837500.0,	0.07205963134765625,	0.05370330810546875
5361856250.0,	0.07381057739257812,	0.052577972412109375
5361875000.0,	0.07027053833007812,	0.05475616455078125
5361893750.0,	0.0728302001953125,	0.054904937744140625
5361912500.0,	0.06990814208984375,	0.054210662841796875
5361931250.0,	0.07265853881835938,	0.052581787109375
5361950000.0,	0.07154464721679688,	0.053668975830078125
5361968750.0,	0.07201766967773438,	0.052463531494140625
5361987500.0,	0.07071304321289062,	0.0527801513671875
5362006250.0,	0.07123947143554688,	0.049648284912109375
5362025000.0,	0.0723724365234375,	0.053134918212890625
5362043750.0,	0.07339096069335938,	0.052898406982421875
5362062500.0,	0.07364273071289062,	0.052875518798828125
5362081250.0,	0.073486328125,	0.052799224853515625
5362100000.0,	0.07256317138671875,	0.053920745849609375
5362118750.0,	0.0716552734375,	0.054229736328125
5362137500.0,	0.07204055786132812,	0.053035736083984375
5362156250.0,	0.07230377197265625,	0.05269622802734375
5362175000.0,	0.07096481323242188,	0.05196380615234375
5362193750.0,	0.0732574462890625,	0.054225921630859375
5362212500.0,	0.07295989990234375,	0.05463409423828125
5362231250.0,	0.07117462158203125,	0.05287933349609375
5362250000.0,	0.07379531860351562,	0.0505523681640625
5362268750.0,	0.07147979736328125,	0.052570343017578125
5362287500.0,	0.0716552734375,	0.051876068115234375
5362306250.0,	0.07161712646484375,	0.053073883056640625
5362325000.0,	0.072479248046875,	0.052402496337890625
5362343750.0,	0.07245635986328125,	0.05165863037109375
5362362500.0,	0.07251358032226562,	0.053314208984375
5362381250.0,	0.07051467895507812,	0.051898956298828125
5362400000.0,	0.07158279418945312,	0.052478790283203125
5362418750.0,	0.07215499877929688,	0.05370330810546875
5362437500.0,	0.07085800170898438,	0.053546905517578125
5362456250.0,	0.07193374633789062,	0.054431915283203125
5362475000.0,	0.070465087890625,	0.05147552490234375
5362493750.0,	0.07123184204101562,	0.052608489990234375
5362512500.0,	0.07308578491210938,	0.0512542724609375
5362531250.0,	0.071563720703125,	0.050445556640625
5362550000.0,	0.072235107421875,	0.054656982421875
5362568750.0,	0.07227325439453125,	0.05191802978515625
5362587500.0,	0.07062911987304688,	0.05279541015625
5362606250.0,	0.0723114013671875,	0.051441192626953125
5362625000.0,	0.07173919677734375,	0.053253173828125
5362643750.0,	0.07122802734375,	0.053455352783203125
5362662500.0,	0.06989669799804688,	0.051883697509765625
5362681250.0,	0.07032012939453125,	0.053737640380859375
5362700000.0,	0.0738067626953125,	0.052150726318359375
5362718750.0,	0.071319580078125,	0.052845001220703125
5362737500.0,	0.07268524169921875,	0.051975250244140625
5362756250.0,	0.07081985473632812,	0.052219390869140625
5362775000.0,	0.07211685180664062,	0.051265716552734375
5362793750.0,	0.07242584228515625,	0.050792694091796875
5362812500.0,	0.07330703735351562,	0.053249359130859375
5362831250.0,	0.07300186157226562,	0.05089569091796875
5362850000.0,	0.07094192504882812,	0.05284881591796875
5362868750.0,	0.07050704956054688,	0.052333831787109375
5362887500.0,	0.06931686401367188,	0.053318023681640625
5362906250.0,	0.07177734375,	0.051563262939453125
5362925000.0,	0.069091796875,	0.0538482666015625
5362943750.0,	0.071258544921875,	0.051357269287109375
5362962500.0,	0.07197952270507812,	0.052181243896484375
5362981250.0,	0.07165145874023438,	0.052936553955078125
5363000000.0,	0.07094955444335938,	0.053768157958984375
5363018750.0,	0.07154464721679688,	0.053600311279296875
5363037500.0,	0.06953811645507812,	0.0524749755859375
5363056250.0,	0.0724029541015625,	0.0504150390625
5363075000.0,	0.07013702392578125,	0.05309295654296875
5363093750.0,	0.07318496704101562,	0.051601409912109375
5363112500.0,	0.07297897338867188,	0.053226470947265625
5363131250.0,	0.07400131225585938,	0.05224609375
5363150000.0,	0.06908416748046875,	0.0527191162109375
5363168750.0,	0.07090377807617188,	0.052951812744140625
5363187500.0,	0.07222747802734375,	0.05267333984375
5363206250.0,	0.07115554809570312,	0.051662445068359375
5363225000.0,	0.07280349731445312,	0.0520782470703125
5363243750.0,	0.07091522216796875,	0.05123138427734375
5363262500.0,	0.0728302001953125,	0.052158355712890625
5363281250.0,	0.06984710693359375,	0.05265045166015625
5363300000.0,	0.0711517333984375,	0.04926300048828125
5363318750.0,	0.06957244873046875,	0.0534210205078125
5363337500.0,	0.06972122192382812,	0.052524566650390625
5363356250.0,	0.0717010498046875,	0.0545196533203125
5363375000.0,	0.06930160522460938,	0.05355072021484375
5363393750.0,	0.07139205932617188,	0.051441192626953125
5363412500.0,	0.07125473022460938,	0.05284881591796875
5363431250.0,	0.07021331787109375,	0.05432891845703125
5363450000.0,	0.07053756713867188,	0.050601959228515625
5363468750.0,	0.07105255126953125,	0.051898956298828125
5363487500.0,	0.07262802124023438,	0.05178070068359375
5363506250.0,	0.07081222534179688,	0.0513458251953125
5363525000.0,	0.0718231201171875,	0.05279541015625
5363543750.0,	0.06977462768554688,	0.050750732421875
5363562500.0,	0.07125091552734375,	0.050815582275390625
5363581250.0,	0.07200241088867188,	0.051422119140625
5363600000.0,	0.07243728637695312,	0.05181121826171875
5363618750.0,	0.07032012939453125,	0.053249359130859375
5363637500.0,	0.07082748413085938,	0.053928375244140625
5363656250.0,	0.070709228515625,	0.05287933349609375
5363675000.0,	0.07042694091796875,	0.0525360107421875
5363693750.0,	0.071319580078125,	0.0501861572265625
5363712500.0,	0.0724029541015625,	0.053173065185546875
5363731250.0,	0.07003021240234375,	0.052036285400390625
5363750000.0,	0.0700225830078125,	0.0510711669921875
5363768750.0,	0.06930923461914062,	0.049884796142578125
5363787500.0,	0.07142257690429688,	0.052951812744140625
5363806250.0,	0.06956863403320312,	0.054561614990234375
5363825000.0,	0.07290267944335938,	0.054119110107421875
5363843750.0,	0.07137298583984375,	0.05205535888671875
5363862500.0,	0.06989288330078125,	0.0506134033203125
5363881250.0,	0.07090377807617188,	0.051647186279296875
5363900000.0,	0.07111740112304688,	0.0538330078125
5363918750.0,	0.0701446533203125,	0.049530029296875
5363937500.0,	0.07320404052734375,	0.051273345947265625
5363956250.0,	0.06955337524414062,	0.05004119873046875
5363975000.0,	0.0716094970703125,	0.052593231201171875
5363993750.0,	0.07037734985351562,	0.05107879638671875
5364012500.0,	0.07115936279296875,	0.0509185791015625
5364031250.0,	0.06999969482421875,	0.052761077880859375
5364050000.0,	0.07236099243164062,	0.051715850830078125
5364068750.0,	0.07034683227539062,	0.050502777099609375
5364087500.0,	0.07268524169921875,	0.051120758056640625
5364106250.0,	0.0709686279296875,	0.049835205078125
5364125000.0,	0.072998046875,	0.051738739013671875
5364143750.0,	0.06833648681640625,	0.052215576171875
5364162500.0,	0.07047653198242188,	0.052520751953125
5364181250.0,	0.071990966796875,	0.05182647705078125
5364200000.0,	0.07255172729492188,	0.052944183349609375
5364218750.0,	0.07180404663085938,	0.052677154541015625
5364237500.0,	0.0711517333984375,	0.049449920654296875
5364256250.0,	0.07075881958007812,	0.0521240234375
5364275000.0,	0.0709991455078125,	0.051727294921875
5364293750.0,	0.06948089599609375,	0.05269622802734375
5364312500.0,	0.06983184814453125,	0.053394317626953125
5364331250.0,	0.072357177734375,	0.05115509033203125
5364350000.0,	0.07118988037109375,	0.0536651611328125
5364368750.0,	0.07184219360351562,	0.051578521728515625
5364387500.0,	0.07177352905273438,	0.051776885986328125
5364406250.0,	0.06984710693359375,	0.049777984619140625
5364425000.0,	0.0702667236328125,	0.05173492431640625
5364443750.0,	0.07072067260742188,	0.052173614501953125
5364462500.0,	0.07059097290039062,	0.0498046875
5364481250.0,	0.07068252563476562,	0.05289459228515625
5364500000.0,	0.06941986083984375,	0.051334381103515625
5364518750.0,	0.06981277465820312,	0.0500946044921875
5364537500.0,	0.07242965698242188,	0.052043914794921875
5364556250.0,	0.07102584838867188,	0.050487518310546875
5364575000.0,	0.07067489624023438,	0.05504608154296875
5364593750.0,	0.07065200805664062,	0.0538177490234375
5364612500.0,	0.06991195678710938,	0.051548004150390625
5364631250.0,	0.06959152221679688,	0.051631927490234375
5364650000.0,	0.06866073608398438,	0.05216217041015625
5364668750.0,	0.0736236572265625,	0.053455352783203125
5364687500.0,	0.06988906860351562,	0.052379608154296875
5364706250.0,	0.071319580078125,	0.0528411865234375
5364725000.0,	0.0702056884765625,	0.051578521728515625
5364743750.0,	0.07051467895507812,	0.051136016845703125
5364762500.0,	0.06870269775390625,	0.05376434326171875
5364781250.0,	0.07094955444335938,	0.052791595458984375
5364800000.0,	0.06980514526367188,	0.05071258544921875
5364818750.0,	0.070587158203125,	0.050846099853515625
5364837500.0,	0.06935882568359375,	0.049724578857421875
5364856250.0,	0.06817626953125,	0.051586151123046875
5364875000.0,	0.06905364990234375,	0.051181793212890625
5364893750.0,	0.06912994384765625,	0.05065155029296875
5364912500.0,	0.06867218017578125,	0.052600860595703125
5364931250.0,	0.0682373046875,	0.05144500732421875
5364950000.0,	0.07259368896484375,	0.050655364990234375
5364968750.0,	0.07057571411132812,	0.050823211669921875
5364987500.0,	0.07208251953125,	0.052257537841796875
5365006250.0,	0.06805419921875,	0.05158233642578125
5365025000.0,	0.0707550048828125,	0.05124664306640625
5365043750.0,	0.06923675537109375,	0.0518798828125
5365062500.0,	0.06861495971679688,	0.05075836181640625
5365081250.0,	0.06964111328125,	0.050960540771484375
5365100000.0,	0.072509765625,	0.0514984130859375
5365118750.0,	0.07079696655273438,	0.0512542724609375
5365137500.0,	0.0708160400390625,	0.050975799560546875
5365156250.0,	0.06827926635742188,	0.052066802978515625
5365175000.0,	0.06932449340820312,	0.053195953369140625
5365193750.0,	0.06933975219726562,	0.05255889892578125
5365212500.0,	0.06997299194335938,	0.04970550537109375
5365231250.0,	0.07242965698242188,	0.05097198486328125
5365250000.0,	0.0697174072265625,	0.0496063232421875
5365268750.0,	0.06792831420898438,	0.05315399169921875
5365287500.0,	0.0721588134765625,	0.0518035888671875
5365306250.0,	0.06949996948242188,	0.050994873046875
5365325000.0,	0.07107925415039062,	0.052410125732421875
5365343750.0,	0.06967544555664062,	0.05124664306640625
5365362500.0,	0.06898117065429688,	0.05078887939453125
5365381250.0,	0.07137680053710938,	0.051136016845703125
5365400000.0,	0.06941604614257812,	0.0526123046875
5365418750.0,	0.06904220581054688,	0.05115509033203125
5365437500.0,	0.07197952270507812,	0.0515289306640625
5365456250.0,	0.0689544677734375,	0.0503997802734375
5365475000.0,	0.06870269775390625,	0.052326202392578125
5365493750.0,	0.070220947265625,	0.053497314453125
5365512500.0,	0.069091796875,	0.05339813232421875
5365531250.0,	0.0689849853515625,	0.050800323486328125
5365550000.0,	0.0716705322265625,	0.05081939697265625
5365568750.0,	0.06994247436523438,	0.05109405517578125
5365587500.0,	0.07063674926757812,	0.051746368408203125
5365606250.0,	0.07102203369140625,	0.05092620849609375
5365625000.0,	0.06921005249023438,	0.051380157470703125
5365643750.0,	0.072418212890625,	0.0494384765625
5365662500.0,	0.070343017578125,	0.05123138427734375
5365681250.0,	0.0690460205078125,	0.051158905029296875
5365700000.0,	0.07004928588867188,	0.050395965576171875
5365718750.0,	0.069091796875,	0.0516357421875
5365737500.0,	0.06998443603515625,	0.0517578125
5365756250.0,	0.07059860229492188,	0.048732757568359375
5365775000.0,	0.07078933715820312,	0.0513153076171875
5365793750.0,	0.06859588623046875,	0.05158233642578125
5365812500.0,	0.06954574584960938,	0.051136016845703125
5365831250.0,	0.07021331787109375,	0.05071258544921875
5365850000.0,	0.07030868530273438,	0.0511627197265625
5365868750.0,	0.06831741333007812,	0.0496368408203125
5365887500.0,	0.07072067260742188,	0.05096435546875
5365906250.0,	0.06912994384765625,	0.04882049560546875
5365925000.0,	0.0685577392578125,	0.049259185791015625
5365943750.0,	0.07039642333984375,	0.051372528076171875
5365962500.0,	0.06985855102539062,	0.050365447998046875
5365981250.0,	0.07065963745117188,	0.0504913330078125
5366000000.0,	0.07014083862304688,	0.052978515625
5366018750.0,	0.0699462890625,	0.052867889404296875
5366037500.0,	0.06956863403320312,	0.05217742919921875
5366056250.0,	0.06836318969726562,	0.049953460693359375
5366075000.0,	0.07178115844726562,	0.05223846435546875
5366093750.0,	0.07085800170898438,	0.04929351806640625
5366112500.0,	0.06994247436523438,	0.048839569091796875
5366131250.0,	0.0695343017578125,	0.050159454345703125
5366150000.0,	0.06937026977539062,	0.050563812255859375
5366168750.0,	0.06825637817382812,	0.051025390625
5366187500.0,	0.07279586791992188,	0.05097198486328125
5366206250.0,	0.06938934326171875,	0.05178070068359375
5366225000.0,	0.06835174560546875,	0.049167633056640625
5366243750.0,	0.07139205932617188,	0.051380157470703125
5366262500.0,	0.07071304321289062,	0.0521240234375
5366281250.0,	0.06695556640625,	0.049488067626953125
5366300000.0,	0.07057952880859375,	0.05101776123046875
5366318750.0,	0.06970596313476562,	0.05321502685546875
5366337500.0,	0.06677627563476562,	0.050670623779296875
5366356250.0,	0.06817626953125,	0.050952911376953125
5366375000.0,	0.06763076782226562,	0.050014495849609375
5366393750.0,	0.06780242919921875,	0.050273895263671875
5366412500.0,	0.06764602661132812,	0.051605224609375
5366431250.0,	0.07053375244140625,	0.052036285400390625
5366450000.0,	0.07014083862304688,	0.050792694091796875
5366468750.0,	0.07125091552734375,	0.0518951416015625
5366487500.0,	0.0701141357421875,	0.04962921142578125
5366506250.0,	0.07025909423828125,	0.050846099853515625
5366525000.0,	0.0715179443359375,	0.051055908203125
5366543750.0,	0.06811141967773438,	0.049716949462890625
5366562500.0,	0.07080459594726562,	0.05066680908203125
5366581250.0,	0.06869125366210938,	0.051357269287109375
5366600000.0,	0.07216644287109375,	0.05103302001953125
5366618750.0,	0.06801986694335938,	0.052455902099609375
5366637500.0,	0.0700836181640625,	0.0501556396484375
5366656250.0,	0.06884002685546875,	0.05133056640625
5366675000.0,	0.07042312622070312,	0.0494384765625
5366693750.0,	0.069122314453125,	0.0532989501953125
5366712500.0,	0.070953369140625,	0.0516815185546875
5366731250.0,	0.06954193115234375,	0.0503387451171875
5366750000.0,	0.06847763061523438,	0.05152130126953125
5366768750.0,	0.06689453125,	0.0513153076171875
5366787500.0,	0.067657470703125,	0.051483154296875
5366806250.0,	0.06829452514648438,	0.051982879638671875
5366825000.0,	0.07021713256835938,	0.051868438720703125
5366843750.0,	0.068359375,	0.0503387451171875
5366862500.0,	0.069671630859375,	0.05081939697265625
5366881250.0,	0.06805801391601562,	0.05098724365234375
5366900000.0,	0.06914520263671875,	0.05153656005859375
5366918750.0,	0.0696563720703125,	0.051422119140625
5366937500.0,	0.07037353515625,	0.05035400390625
5366956250.0,	0.06880569458007812,	0.05022430419921875
5366975000.0,	0.07078170776367188,	0.051258087158203125
5366993750.0,	0.06972885131835938,	0.0514068603515625
5367012500.0,	0.0693206787109375,	0.049472808837890625
5367031250.0,	0.07053756713867188,	0.050838470458984375
5367050000.0,	0.07068252563476562,	0.049999237060546875
5367068750.0,	0.06844329833984375,	0.050933837890625
5367087500.0,	0.0673675537109375,	0.052051544189453125
5367106250.0,	0.0695343017578125,	0.0510406494140625
5367125000.0,	0.06833648681640625,	0.049823760986328125
5367143750.0,	0.06915664672851562,	0.05129241943359375
5367162500.0,	0.06742477416992188,	0.050838470458984375
5367181250.0,	0.06869888305664062,	0.0523834228515625
5367200000.0,	0.06838226318359375,	0.049121856689453125
5367218750.0,	0.07044219970703125,	0.051342010498046875
5367237500.0,	0.06920623779296875,	0.052490234375
5367256250.0,	0.0689239501953125,	0.051303863525390625
5367275000.0,	0.07281494140625,	0.05040740966796875
5367293750.0,	0.06786727905273438,	0.0503692626953125
5367312500.0,	0.070220947265625,	0.051662445068359375
5367331250.0,	0.06826400756835938,	0.051181793212890625
5367350000.0,	0.07036209106445312,	0.052303314208984375
5367368750.0,	0.07106781005859375,	0.052288055419921875
5367387500.0,	0.069427490234375,	0.050434112548828125
5367406250.0,	0.06954193115234375,	0.0503692626953125
5367425000.0,	0.0709991455078125,	0.050418853759765625
5367443750.0,	0.0698089599609375,	0.051090240478515625
5367462500.0,	0.06909561157226562,	0.05145263671875
5367481250.0,	0.06966018676757812,	0.05139923095703125
5367500000.0,	0.06853485107421875,	0.05095672607421875
5367518750.0,	0.0696563720703125,	0.052524566650390625
5367537500.0,	0.0691070556640625,	0.0516510009765625
5367556250.0,	0.0679931640625,	0.0492095947265625
5367575000.0,	0.07016754150390625,	0.050540924072265625
5367593750.0,	0.0682830810546875,	0.04888916015625
5367612500.0,	0.0692901611328125,	0.05051422119140625
5367631250.0,	0.0678558349609375,	0.050022125244140625
5367650000.0,	0.06729888916015625,	0.0519256591796875
5367668750.0,	0.06937408447265625,	0.050872802734375
5367687500.0,	0.0700225830078125,	0.0495758056640625
5367706250.0,	0.07094192504882812,	0.04990386962890625
5367725000.0,	0.06833267211914062,	0.049938201904296875
5367743750.0,	0.07040023803710938,	0.04859161376953125
5367762500.0,	0.06719970703125,	0.0501556396484375
5367781250.0,	0.06892013549804688,	0.050380706787109375
5367800000.0,	0.06753921508789062,	0.05213165283203125
5367818750.0,	0.068023681640625,	0.04816436767578125
5367837500.0,	0.06669235229492188,	0.0500640869140625
5367856250.0,	0.06806564331054688,	0.05159759521484375
5367875000.0,	0.06908035278320312,	0.050457000732421875
5367893750.0,	0.06818389892578125,	0.05084991455078125
5367912500.0,	0.0698394775390625,	0.05019378662109375
5367931250.0,	0.0691986083984375,	0.04975128173828125
5367950000.0,	0.0694427490234375,	0.051616668701171875
5367968750.0,	0.0688323974609375,	0.0524749755859375
5367987500.0,	0.06969451904296875,	0.051677703857421875
5368006250.0,	0.06919479370117188,	0.0528564453125
5368025000.0,	0.0672607421875,	0.0504913330078125
5368043750.0,	0.06847381591796875,	0.0506744384765625
5368062500.0,	0.06872940063476562,	0.051197052001953125
5368081250.0,	0.07105255126953125,	0.050830841064453125
5368100000.0,	0.06917190551757812,	0.051349639892578125
5368118750.0,	0.06840133666992188,	0.05001068115234375
5368137500.0,	0.07019805908203125,	0.05225372314453125
5368156250.0,	0.06817245483398438,	0.05152130126953125
5368175000.0,	0.07089614868164062,	0.05147552490234375
5368193750.0,	0.06884384155273438,	0.052829742431640625
5368212500.0,	0.06830596923828125,	0.05084991455078125
5368231250.0,	0.07014083862304688,	0.05096435546875
5368250000.0,	0.0683135986328125,	0.053325653076171875
5368268750.0,	0.0672607421875,	0.049777984619140625
5368287500.0,	0.06894683837890625,	0.051483154296875
5368306250.0,	0.06816482543945312,	0.051799774169921875
5368325000.0,	0.07128524780273438,	0.048503875732421875
5368343750.0,	0.06937789916992188,	0.050930023193359375
5368362500.0,	0.07108688354492188,	0.050647735595703125
5368381250.0,	0.06920242309570312,	0.050189971923828125
5368400000.0,	0.06944656372070312,	0.0507659912109375
5368418750.0,	0.07044601440429688,	0.050838470458984375
5368437500.0,	0.06958389282226562,	0.0531768798828125
5368456250.0,	0.06844711303710938,	0.050846099853515625
5368475000.0,	0.06898880004882812,	0.048908233642578125
5368493750.0,	0.06927490234375,	0.05072021484375
5368512500.0,	0.06801605224609375,	0.0511627197265625
5368531250.0,	0.06789016723632812,	0.0519561767578125
5368550000.0,	0.0695343017578125,	0.0502471923828125
5368568750.0,	0.06707382202148438,	0.053180694580078125
5368587500.0,	0.06961441040039062,	0.052486419677734375
5368606250.0,	0.06915664672851562,	0.0524139404296875
5368625000.0,	0.0691375732421875,	0.0527496337890625
5368643750.0,	0.06827163696289062,	0.04953765869140625
5368662500.0,	0.07062149047851562,	0.05130767822265625
5368681250.0,	0.06864547729492188,	0.053104400634765625
5368700000.0,	0.07018661499023438,	0.049800872802734375
5368718750.0,	0.06746673583984375,	0.05193328857421875
5368737500.0,	0.06873321533203125,	0.05092620849609375
5368756250.0,	0.06961822509765625,	0.049907684326171875
5368775000.0,	0.06914520263671875,	0.050243377685546875
5368793750.0,	0.06967926025390625,	0.051692962646484375
5368812500.0,	0.06792831420898438,	0.052280426025390625
5368831250.0,	0.06763458251953125,	0.050029754638671875
5368850000.0,	0.07101821899414062,	0.049121856689453125
5368868750.0,	0.06895065307617188,	0.050327301025390625
5368887500.0,	0.06828689575195312,	0.0496063232421875
5368906250.0,	0.06833267211914062,	0.050075531005859375
5368925000.0,	0.06921768188476562,	0.05169677734375
5368943750.0,	0.06946182250976562,	0.049579620361328125
5368962500.0,	0.06990432739257812,	0.04981231689453125
5368981250.0,	0.06866073608398438,	0.05083465576171875
5369000000.0,	0.0688323974609375,	0.050251007080078125
5369018750.0,	0.06977462768554688,	0.052204132080078125
5369037500.0,	0.06842422485351562,	0.048923492431640625
5369056250.0,	0.0701446533203125,	0.04991912841796875
5369075000.0,	0.06761932373046875,	0.051242828369140625
5369093750.0,	0.06684112548828125,	0.051494598388671875
5369112500.0,	0.0682373046875,	0.0509033203125
5369131250.0,	0.07088851928710938,	0.050506591796875
5369150000.0,	0.06999588012695312,	0.050388336181640625
5369168750.0,	0.06966400146484375,	0.049625396728515625
5369187500.0,	0.0709381103515625,	0.05144500732421875
5369206250.0,	0.07087326049804688,	0.048847198486328125
5369225000.0,	0.069976806640625,	0.0489654541015625
5369243750.0,	0.06981658935546875,	0.050457000732421875
5369262500.0,	0.06943893432617188,	0.049625396728515625
5369281250.0,	0.0686798095703125,	0.0506439208984375
5369300000.0,	0.0670623779296875,	0.050014495849609375
5369318750.0,	0.06815338134765625,	0.0511627197265625
5369337500.0,	0.06970596313476562,	0.04885101318359375
5369356250.0,	0.0697479248046875,	0.0512237548828125
5369375000.0,	0.06998062133789062,	0.05013275146484375
5369393750.0,	0.072235107421875,	0.05145263671875
5369412500.0,	0.06674575805664062,	0.050182342529296875
5369431250.0,	0.07120132446289062,	0.051006317138671875
5369450000.0,	0.06916046142578125,	0.05043792724609375
5369468750.0,	0.06771087646484375,	0.049152374267578125
5369487500.0,	0.0678253173828125,	0.05089569091796875
5369506250.0,	0.06868362426757812,	0.05017852783203125
5369525000.0,	0.06843948364257812,	0.0505523681640625
5369543750.0,	0.07202529907226562,	0.050777435302734375
5369562500.0,	0.06914138793945312,	0.0501708984375
5369581250.0,	0.06632232666015625,	0.048191070556640625
5369600000.0,	0.07027816772460938,	0.050029754638671875
5369618750.0,	0.07128524780273438,	0.04723358154296875
5369637500.0,	0.06920242309570312,	0.048427581787109375
5369656250.0,	0.0684967041015625,	0.051929473876953125
5369675000.0,	0.06986236572265625,	0.049594879150390625
5369693750.0,	0.07168197631835938,	0.049285888671875
5369712500.0,	0.07027053833007812,	0.051296234130859375
5369731250.0,	0.07007217407226562,	0.049282073974609375
5369750000.0,	0.06616973876953125,	0.0513763427734375
5369768750.0,	0.0683441162109375,	0.05071258544921875
5369787500.0,	0.06707000732421875,	0.05211639404296875
5369806250.0,	0.06725692749023438,	0.05078887939453125
5369825000.0,	0.0691375732421875,	0.0513916015625
5369843750.0,	0.06945037841796875,	0.04877471923828125
5369862500.0,	0.06966018676757812,	0.0500030517578125
5369881250.0,	0.07050704956054688,	0.049053192138671875
5369900000.0,	0.0669403076171875,	0.049957275390625
5369918750.0,	0.07084274291992188,	0.049327850341796875
5369937500.0,	0.06985092163085938,	0.048557281494140625
5369956250.0,	0.07256698608398438,	0.0505523681640625
5369975000.0,	0.06854248046875,	0.049175262451171875
5369993750.0,	0.07042312622070312,	0.05023956298828125
5370012500.0,	0.07069778442382812,	0.0503387451171875
5370031250.0,	0.06904983520507812,	0.04965972900390625
5370050000.0,	0.0684967041015625,	0.052570343017578125
5370068750.0,	0.06783676147460938,	0.050754547119140625
5370087500.0,	0.07069015502929688,	0.050258636474609375
5370106250.0,	0.0697784423828125,	0.051753997802734375
5370125000.0,	0.07082366943359375,	0.049114227294921875
5370143750.0,	0.0688323974609375,	0.050838470458984375
5370162500.0,	0.0701904296875,	0.0507049560546875
5370181250.0,	0.06866073608398438,	0.048519134521484375
5370200000.0,	0.06962203979492188,	0.050586700439453125
5370218750.0,	0.071380615234375,	0.050243377685546875
5370237500.0,	0.06978225708007812,	0.05218505859375
5370256250.0,	0.07030487060546875,	0.0500030517578125
5370275000.0,	0.0706634521484375,	0.04973602294921875
5370293750.0,	0.07013702392578125,	0.0493621826171875
5370312500.0,	0.07045364379882812,	0.048213958740234375
5370331250.0,	0.06953811645507812,	0.051483154296875
5370350000.0,	0.06905364990234375,	0.05048370361328125
5370368750.0,	0.06847000122070312,	0.0500335693359375
5370387500.0,	0.06862258911132812,	0.051666259765625
5370406250.0,	0.07097625732421875,	0.047412872314453125
5370425000.0,	0.06945037841796875,	0.050579071044921875
5370443750.0,	0.0698699951171875,	0.05144500732421875
5370462500.0,	0.07052993774414062,	0.049468994140625
5370481250.0,	0.071563720703125,	0.049198150634765625
5370500000.0,	0.07043075561523438,	0.048526763916015625
5370518750.0,	0.07073593139648438,	0.05055999755859375
5370537500.0,	0.06964111328125,	0.049999237060546875
5370556250.0,	0.07176589965820312,	0.050838470458984375
5370575000.0,	0.06980514526367188,	0.049160003662109375
5370593750.0,	0.06842041015625,	0.05059051513671875
5370612500.0,	0.07043838500976562,	0.050815582275390625
5370631250.0,	0.069000244140625,	0.049739837646484375
5370650000.0,	0.07059860229492188,	0.0503692626953125
5370668750.0,	0.0695953369140625,	0.049468994140625
5370687500.0,	0.06920242309570312,	0.05025482177734375
5370706250.0,	0.0718994140625,	0.047313690185546875
5370725000.0,	0.07038497924804688,	0.047794342041015625
5370743750.0,	0.0681304931640625,	0.051639556884765625
5370762500.0,	0.06995773315429688,	0.052082061767578125
5370781250.0,	0.06991195678710938,	0.048679351806640625
5370800000.0,	0.06882858276367188,	0.047672271728515625
5370818750.0,	0.06959915161132812,	0.050029754638671875
5370837500.0,	0.07064437866210938,	0.04854583740234375
5370856250.0,	0.06986618041992188,	0.050479888916015625
5370875000.0,	0.0710296630859375,	0.048656463623046875
5370893750.0,	0.06972122192382812,	0.04734039306640625
5370912500.0,	0.07047653198242188,	0.049617767333984375
5370931250.0,	0.06882476806640625,	0.04926300048828125
5370950000.0,	0.0716094970703125,	0.049411773681640625
5370968750.0,	0.06742095947265625,	0.050083160400390625
5370987500.0,	0.07062530517578125,	0.048980712890625
5371006250.0,	0.07006454467773438,	0.0493316650390625
5371025000.0,	0.06974029541015625,	0.050994873046875
5371043750.0,	0.06919479370117188,	0.04964447021484375
5371062500.0,	0.06814193725585938,	0.048923492431640625
5371081250.0,	0.0702056884765625,	0.04772186279296875
5371100000.0,	0.07125091552734375,	0.049961090087890625
5371118750.0,	0.068023681640625,	0.05049896240234375
5371137500.0,	0.07166290283203125,	0.05055999755859375
5371156250.0,	0.06922149658203125,	0.050975799560546875
5371175000.0,	0.06976318359375,	0.049835205078125
5371193750.0,	0.0703125,	0.047760009765625
5371212500.0,	0.07095718383789062,	0.04941558837890625
5371231250.0,	0.0706634521484375,	0.051036834716796875
5371250000.0,	0.07048797607421875,	0.048145294189453125
5371268750.0,	0.06967926025390625,	0.048641204833984375
5371287500.0,	0.066131591796875,	0.04769134521484375
5371306250.0,	0.07143020629882812,	0.049652099609375
5371325000.0,	0.06969070434570312,	0.0500946044921875
5371343750.0,	0.0718994140625,	0.049953460693359375
5371362500.0,	0.06992340087890625,	0.0482330322265625
5371381250.0,	0.0700836181640625,	0.049957275390625
5371400000.0,	0.07188034057617188,	0.049266815185546875
5371418750.0,	0.0713348388671875,	0.04931640625
5371437500.0,	0.0679779052734375,	0.04998779296875
5371456250.0,	0.07044219970703125,	0.047821044921875
5371475000.0,	0.06831741333007812,	0.04852294921875
5371493750.0,	0.07176971435546875,	0.04993438720703125
5371512500.0,	0.06959915161132812,	0.05155181884765625
5371531250.0,	0.07134246826171875,	0.048191070556640625
5371550000.0,	0.07077407836914062,	0.049533843994140625
5371568750.0,	0.07111358642578125,	0.047603607177734375
5371587500.0,	0.07053756713867188,	0.05010223388671875
5371606250.0,	0.07016372680664062,	0.04938507080078125
5371625000.0,	0.07072067260742188,	0.050067901611328125
5371643750.0,	0.07062530517578125,	0.04828643798828125
5371662500.0,	0.07109832763671875,	0.051326751708984375
5371681250.0,	0.06911849975585938,	0.048694610595703125
5371700000.0,	0.0723876953125,	0.046665191650390625
5371718750.0,	0.07269287109375,	0.0485382080078125
5371737500.0,	0.07095718383789062,	0.049144744873046875
5371756250.0,	0.07059478759765625,	0.048091888427734375
5371775000.0,	0.0705413818359375,	0.049835205078125
5371793750.0,	0.07003021240234375,	0.0484619140625
5371812500.0,	0.0710296630859375,	0.049564361572265625
5371831250.0,	0.07119369506835938,	0.04790496826171875
5371850000.0,	0.07160186767578125,	0.048725128173828125
5371868750.0,	0.07056427001953125,	0.048122406005859375
5371887500.0,	0.07184600830078125,	0.04638671875
5371906250.0,	0.0709381103515625,	0.048686981201171875
5371925000.0,	0.07174301147460938,	0.048656463623046875
5371943750.0,	0.06978225708007812,	0.047153472900390625
5371962500.0,	0.07181167602539062,	0.0484466552734375
5371981250.0,	0.07253265380859375,	0.046871185302734375
5372000000.0,	0.071990966796875,	0.04932403564453125
5372018750.0,	0.074127197265625,	0.049968719482421875
5372037500.0,	0.0707244873046875,	0.04898834228515625
5372056250.0,	0.07166290283203125,	0.049175262451171875
5372075000.0,	0.07271957397460938,	0.048229217529296875
5372093750.0,	0.07249832153320312,	0.050083160400390625
5372112500.0,	0.07194900512695312,	0.0478668212890625
5372131250.0,	0.0728607177734375,	0.04695892333984375
5372150000.0,	0.072021484375,	0.048053741455078125
5372168750.0,	0.07131576538085938,	0.0492401123046875
5372187500.0,	0.0729827880859375,	0.047489166259765625
5372206250.0,	0.0725860595703125,	0.046749114990234375
5372225000.0,	0.07108688354492188,	0.046993255615234375
5372243750.0,	0.07356643676757812,	0.046417236328125
5372262500.0,	0.0725555419921875,	0.04785919189453125
5372281250.0,	0.0702362060546875,	0.048183441162109375
5372300000.0,	0.0711822509765625,	0.04691314697265625
5372318750.0,	0.07131195068359375,	0.046993255615234375
5372337500.0,	0.07427978515625,	0.04505157470703125
5372356250.0,	0.07019805908203125,	0.048252105712890625
5372375000.0,	0.07111358642578125,	0.047946929931640625
5372393750.0,	0.07219696044921875,	0.04557037353515625
5372412500.0,	0.07140350341796875,	0.047332763671875
5372431250.0,	0.07107162475585938,	0.047069549560546875
5372450000.0,	0.0727386474609375,	0.04788970947265625
5372468750.0,	0.07215499877929688,	0.04792022705078125
5372487500.0,	0.07185745239257812,	0.04740142822265625
5372506250.0,	0.07166290283203125,	0.04727935791015625
5372525000.0,	0.07147216796875,	0.04843902587890625
5372543750.0,	0.07369232177734375,	0.04709625244140625
5372562500.0,	0.07489013671875,	0.045940399169921875
5372581250.0,	0.07164764404296875,	0.047374725341796875
5372600000.0,	0.07349014282226562,	0.04598236083984375
5372618750.0,	0.07376480102539062,	0.04486846923828125
5372637500.0,	0.07293701171875,	0.049774169921875
5372656250.0,	0.0728759765625,	0.046108245849609375
5372675000.0,	0.07276153564453125,	0.04726409912109375
5372693750.0,	0.07381057739257812,	0.045894622802734375
5372712500.0,	0.07379913330078125,	0.047512054443359375
5372731250.0,	0.07456588745117188,	0.0464324951171875
5372750000.0,	0.07275772094726562,	0.0478363037109375
5372768750.0,	0.07216644287109375,	0.0449371337890625
5372787500.0,	0.07374191284179688,	0.048709869384765625
5372806250.0,	0.072998046875,	0.045318603515625
5372825000.0,	0.06992721557617188,	0.046169281005859375
5372843750.0,	0.0721893310546875,	0.046657562255859375
5372862500.0,	0.072723388671875,	0.0467681884765625
5372881250.0,	0.07521820068359375,	0.04650115966796875
5372900000.0,	0.0727386474609375,	0.0416412353515625
5372918750.0,	0.07086563110351562,	0.044811248779296875
5372937500.0,	0.07408523559570312,	0.0460968017578125
5372956250.0,	0.07327651977539062,	0.044872283935546875
5372975000.0,	0.07434463500976562,	0.0445556640625
5372993750.0,	0.07465744018554688,	0.0453338623046875
5373012500.0,	0.073883056640625,	0.046741485595703125
5373031250.0,	0.07231903076171875,	0.044834136962890625
5373050000.0,	0.07456207275390625,	0.045135498046875
5373068750.0,	0.07394790649414062,	0.045196533203125
5373087500.0,	0.07503509521484375,	0.04193115234375
5373106250.0,	0.07290267944335938,	0.04631805419921875
5373125000.0,	0.07376480102539062,	0.042667388916015625
5373143750.0,	0.071685791015625,	0.04581451416015625
5373162500.0,	0.074188232421875,	0.04425048828125
5373181250.0,	0.07383346557617188,	0.04247283935546875
5373200000.0,	0.07520294189453125,	0.0456390380859375
5373218750.0,	0.07267379760742188,	0.043491363525390625
5373237500.0,	0.072265625,	0.043064117431640625
5373256250.0,	0.07364654541015625,	0.0441436767578125
5373275000.0,	0.07385635375976562,	0.046237945556640625
5373293750.0,	0.0730438232421875,	0.0432891845703125
5373312500.0,	0.0742645263671875,	0.042285919189453125
5373331250.0,	0.07367706298828125,	0.04459381103515625
5373350000.0,	0.07437896728515625,	0.040924072265625
5373368750.0,	0.07500457763671875,	0.045413970947265625
5373387500.0,	0.074432373046875,	0.04412078857421875
5373406250.0,	0.07428359985351562,	0.044918060302734375
5373425000.0,	0.0748138427734375,	0.043338775634765625
5373443750.0,	0.074493408203125,	0.042774200439453125
5373462500.0,	0.07319259643554688,	0.042560577392578125
5373481250.0,	0.0749359130859375,	0.04276275634765625
5373500000.0,	0.07488250732421875,	0.044719696044921875
5373518750.0,	0.07394027709960938,	0.043239593505859375
5373537500.0,	0.07455825805664062,	0.0437164306640625
5373556250.0,	0.0755767822265625,	0.04302215576171875
5373575000.0,	0.0743408203125,	0.043056488037109375
5373593750.0,	0.07436752319335938,	0.041698455810546875
5373612500.0,	0.0733642578125,	0.04181671142578125
5373631250.0,	0.07515335083007812,	0.041492462158203125
5373650000.0,	0.07554244995117188,	0.040283203125
5373668750.0,	0.07198715209960938,	0.0392913818359375
5373687500.0,	0.07549667358398438,	0.040782928466796875
5373706250.0,	0.07316970825195312,	0.04094696044921875
5373725000.0,	0.07403182983398438,	0.03850555419921875
5373743750.0,	0.0719451904296875,	0.04132843017578125
5373762500.0,	0.07368087768554688,	0.0405731201171875
5373781250.0,	0.07305908203125,	0.03951263427734375
5373800000.0,	0.074615478515625,	0.038692474365234375
5373818750.0,	0.07432174682617188,	0.03893280029296875
5373837500.0,	0.07400894165039062,	0.037750244140625
5373856250.0,	0.07503128051757812,	0.040836334228515625
5373875000.0,	0.07405853271484375,	0.03897857666015625
5373893750.0,	0.072845458984375,	0.038299560546875
5373912500.0,	0.07396697998046875,	0.039794921875
5373931250.0,	0.07513809204101562,	0.0378570556640625
5373950000.0,	0.07464599609375,	0.038116455078125
5373968750.0,	0.07419967651367188,	0.037322998046875
5373987500.0,	0.07341766357421875,	0.0397491455078125
5374006250.0,	0.07535552978515625,	0.037319183349609375
5374025000.0,	0.07430267333984375,	0.035430908203125
5374043750.0,	0.07344818115234375,	0.039516448974609375
5374062500.0,	0.07233047485351562,	0.0368804931640625
5374081250.0,	0.07486343383789062,	0.03675079345703125
5374100000.0,	0.07291793823242188,	0.03661346435546875
5374118750.0,	0.07330703735351562,	0.0358428955078125
5374137500.0,	0.07318878173828125,	0.035686492919921875
5374156250.0,	0.074493408203125,	0.036373138427734375
5374175000.0,	0.07448959350585938,	0.035068511962890625
5374193750.0,	0.0745849609375,	0.033451080322265625
5374212500.0,	0.0739288330078125,	0.03304290771484375
5374231250.0,	0.07467269897460938,	0.03546905517578125
5374250000.0,	0.07494735717773438,	0.035186767578125
5374268750.0,	0.0730133056640625,	0.036746978759765625
5374287500.0,	0.07445526123046875,	0.032867431640625
5374306250.0,	0.07422256469726562,	0.033840179443359375
5374325000.0,	0.0732879638671875,	0.031673431396484375
5374343750.0,	0.07424545288085938,	0.034210205078125
5374362500.0,	0.07404708862304688,	0.033660888671875
5374381250.0,	0.07192230224609375,	0.033817291259765625
5374400000.0,	0.07168197631835938,	0.03203582763671875
5374418750.0,	0.07225799560546875,	0.0325469970703125
5374437500.0,	0.0737762451171875,	0.031978607177734375
5374456250.0,	0.07045364379882812,	0.032806396484375
5374475000.0,	0.07135391235351562,	0.03185272216796875
5374493750.0,	0.06982803344726562,	0.031642913818359375
5374512500.0,	0.0701904296875,	0.03188323974609375
5374531250.0,	0.07006454467773438,	0.031757354736328125
5374550000.0,	0.07102584838867188,	0.03182220458984375
5374568750.0,	0.06977462768554688,	0.0323638916015625
5374587500.0,	0.07089614868164062,	0.02911376953125
5374606250.0,	0.0695343017578125,	0.0296783447265625
5374625000.0,	0.072479248046875,	0.02852630615234375
5374643750.0,	0.07117080688476562,	0.029239654541015625
5374662500.0,	0.07081985473632812,	0.030513763427734375
5374681250.0,	0.06997299194335938,	0.0301971435546875
5374700000.0,	0.06735610961914062,	0.02852630615234375
5374718750.0,	0.07015228271484375,	0.029796600341796875
5374737500.0,	0.06853866577148438,	0.02867889404296875
5374756250.0,	0.06837844848632812,	0.026958465576171875
5374775000.0,	0.067047119140625,	0.0294952392578125
5374793750.0,	0.06814956665039062,	0.026874542236328125
5374812500.0,	0.067138671875,	0.02765655517578125
5374831250.0,	0.0680999755859375,	0.02854156494140625
5374850000.0,	0.06747817993164062,	0.027782440185546875
5374868750.0,	0.06747055053710938,	0.02884674072265625
5374887500.0,	0.0657958984375,	0.030345916748046875
5374906250.0,	0.06721115112304688,	0.02799224853515625
5374925000.0,	0.06503677368164062,	0.02591705322265625
5374943750.0,	0.0650634765625,	0.026203155517578125
5374962500.0,	0.0659027099609375,	0.02562713623046875
5374981250.0,	0.06483078002929688,	0.02741241455078125
5375000000.0,	0.066009521484375,	0.025623321533203125
5375018750.0,	0.06574249267578125,	0.026546478271484375
5375037500.0,	0.06325912475585938,	0.026836395263671875
5375056250.0,	0.06153678894042969,	0.026920318603515625
5375075000.0,	0.064544677734375,	0.0259246826171875
5375093750.0,	0.06379318237304688,	0.0268707275390625
5375112500.0,	0.06454086303710938,	0.0254974365234375
5375131250.0,	0.0644073486328125,	0.027362823486328125
5375150000.0,	0.062030792236328125,	0.026275634765625
5375168750.0,	0.06278610229492188,	0.02677154541015625
5375187500.0,	0.06254959106445312,	0.025333404541015625
5375206250.0,	0.06343460083007812,	0.027332305908203125
5375225000.0,	0.06336593627929688,	0.026050567626953125
5375243750.0,	0.05843353271484375,	0.027734756469726562
5375262500.0,	0.060619354248046875,	0.024797439575195312
5375281250.0,	0.06112480163574219,	0.025762557983398438
5375300000.0,	0.05846977233886719,	0.026561737060546875
5375318750.0,	0.060222625732421875,	0.026735305786132812
5375337500.0,	0.059352874755859375,	0.024204254150390625
5375356250.0,	0.06025505065917969,	0.025587081909179688
5375375000.0,	0.05753517150878906,	0.026111602783203125
5375393750.0,	0.057147979736328125,	0.026926040649414062
5375412500.0,	0.058277130126953125,	0.027151107788085938
5375431250.0,	0.06014823913574219,	0.025003433227539062
5375450000.0,	0.0567474365234375,	0.024967193603515625
5375468750.0,	0.0570831298828125,	0.02728271484375
5375487500.0,	0.05445098876953125,	0.026895523071289062
5375506250.0,	0.05881690979003906,	0.027360916137695312
5375525000.0,	0.05652618408203125,	0.025279998779296875
5375543750.0,	0.056720733642578125,	0.02623748779296875
5375562500.0,	0.05615043640136719,	0.026002883911132812
5375581250.0,	0.05610084533691406,	0.027631759643554688
5375600000.0,	0.05636787414550781,	0.027780532836914062
5375618750.0,	0.05529212951660156,	0.025808334350585938
5375637500.0,	0.053165435791015625,	0.026811599731445312
5375656250.0,	0.054107666015625,	0.026247024536132812
5375675000.0,	0.052188873291015625,	0.028842926025390625
5375693750.0,	0.05319023132324219,	0.026803970336914062
5375712500.0,	0.05435752868652344,	0.028169631958007812
5375731250.0,	0.05236625671386719,	0.026514053344726562
5375750000.0,	0.053131103515625,	0.028669357299804688
5375768750.0,	0.05303955078125,	0.027315139770507812
5375787500.0,	0.05270957946777344,	0.026895523071289062
5375806250.0,	0.0524139404296875,	0.025545120239257812
5375825000.0,	0.050258636474609375,	0.026914596557617188
5375843750.0,	0.05229759216308594,	0.028072357177734375
5375862500.0,	0.050868988037109375,	0.028085708618164062
5375881250.0,	0.04913330078125,	0.028795242309570312
5375900000.0,	0.050037384033203125,	0.027639389038085938
5375918750.0,	0.051074981689453125,	0.028760910034179688
5375937500.0,	0.051578521728515625,	0.028255462646484375
5375956250.0,	0.049022674560546875,	0.029155731201171875
5375975000.0,	0.05015754699707031,	0.0291900634765625
5375993750.0,	0.05016326904296875,	0.02787017822265625
5376012500.0,	0.050006866455078125,	0.031091690063476562
5376031250.0,	0.04919242858886719,	0.027879714965820312
5376050000.0,	0.0488739013671875,	0.028493881225585938
5376068750.0,	0.04965019226074219,	0.028959274291992188
5376087500.0,	0.04976463317871094,	0.029052734375
5376106250.0,	0.04826164245605469,	0.0303955078125
5376125000.0,	0.04901123046875,	0.030244827270507812
5376143750.0,	0.04865455627441406,	0.030294418334960938
5376162500.0,	0.04965019226074219,	0.031345367431640625
5376181250.0,	0.04847145080566406,	0.028415679931640625
5376200000.0,	0.04856109619140625,	0.03319549560546875
5376218750.0,	0.04815864562988281,	0.03424835205078125
5376237500.0,	0.046329498291015625,	0.03220367431640625
5376256250.0,	0.0455474853515625,	0.031650543212890625
5376275000.0,	0.04667854309082031,	0.03031158447265625
5376293750.0,	0.04685020446777344,	0.031940460205078125
5376312500.0,	0.04570579528808594,	0.03242301940917969
5376331250.0,	0.04849433898925781,	0.030820846557617188
5376350000.0,	0.04720878601074219,	0.032115936279296875
5376368750.0,	0.04545402526855469,	0.03263282775878906
5376387500.0,	0.04792213439941406,	0.03447151184082031
5376406250.0,	0.04668998718261719,	0.03249549865722656
5376425000.0,	0.048797607421875,	0.032825469970703125
5376443750.0,	0.04778861999511719,	0.03406715393066406
5376462500.0,	0.04573249816894531,	0.0342864990234375
5376481250.0,	0.045444488525390625,	0.03294944763183594
5376500000.0,	0.04644775390625,	0.03340911865234375
5376518750.0,	0.0458221435546875,	0.03391838073730469
5376537500.0,	0.0453338623046875,	0.03231239318847656
5376556250.0,	0.046649932861328125,	0.03473663330078125
5376575000.0,	0.04712867736816406,	0.03510475158691406
5376593750.0,	0.04421806335449219,	0.03394317626953125
5376612500.0,	0.04747581481933594,	0.035312652587890625
5376631250.0,	0.04489707946777344,	0.03629493713378906
5376650000.0,	0.04582405090332031,	0.03544807434082031
5376668750.0,	0.044219970703125,	0.03579902648925781
5376687500.0,	0.04822731018066406,	0.03376579284667969
5376706250.0,	0.04510688781738281,	0.03500556945800781
5376725000.0,	0.04582023620605469,	0.03585624694824219
5376743750.0,	0.043182373046875,	0.03677940368652344
5376762500.0,	0.044879913330078125,	0.037372589111328125
5376781250.0,	0.045764923095703125,	0.034328460693359375
5376800000.0,	0.04358863830566406,	0.038227081298828125
5376818750.0,	0.044841766357421875,	0.03899955749511719
5376837500.0,	0.0455322265625,	0.03794288635253906
5376856250.0,	0.043682098388671875,	0.03751945495605469
5376875000.0,	0.04593658447265625,	0.03740692138671875
5376893750.0,	0.04611396789550781,	0.037464141845703125
5376912500.0,	0.042781829833984375,	0.03631019592285156
5376931250.0,	0.045787811279296875,	0.03685188293457031
5376950000.0,	0.04475975036621094,	0.038303375244140625
5376968750.0,	0.044979095458984375,	0.035381317138671875
5376987500.0,	0.0447998046875,	0.0369873046875
5377006250.0,	0.043186187744140625,	0.037715911865234375
5377025000.0,	0.044948577880859375,	0.03669929504394531
5377043750.0,	0.043743133544921875,	0.03722381591796875
5377062500.0,	0.04421234130859375,	0.03901863098144531
5377081250.0,	0.04619789123535156,	0.03944587707519531
5377100000.0,	0.04122734069824219,	0.03847694396972656
5377118750.0,	0.04510498046875,	0.03893852233886719
5377137500.0,	0.04698753356933594,	0.03816795349121094
5377156250.0,	0.04495048522949219,	0.04085350036621094
5377175000.0,	0.0449371337890625,	0.03958702087402344
5377193750.0,	0.043140411376953125,	0.039730072021484375
5377212500.0,	0.0441131591796875,	0.038707733154296875
5377231250.0,	0.0442962646484375,	0.03792572021484375
5377250000.0,	0.0446624755859375,	0.040645599365234375
5377268750.0,	0.045040130615234375,	0.03822517395019531
5377287500.0,	0.04283332824707031,	0.03887939453125
5377306250.0,	0.04339790344238281,	0.04182243347167969
5377325000.0,	0.043834686279296875,	0.04101753234863281
5377343750.0,	0.043407440185546875,	0.03978157043457031
5377362500.0,	0.04343414306640625,	0.0401763916015625
5377381250.0,	0.046230316162109375,	0.04137229919433594
5377400000.0,	0.04628181457519531,	0.03957557678222656
5377418750.0,	0.0444183349609375,	0.039459228515625
5377437500.0,	0.04617500305175781,	0.04097557067871094
5377456250.0,	0.04261970520019531,	0.04161262512207031
5377475000.0,	0.0445556640625,	0.04041099548339844
5377493750.0,	0.04496955871582031,	0.04302024841308594
5377512500.0,	0.045642852783203125,	0.04275703430175781
5377531250.0,	0.04509925842285156,	0.04277992248535156
5377550000.0,	0.0435943603515625,	0.04165458679199219
5377568750.0,	0.04437255859375,	0.04313850402832031
5377587500.0,	0.043498992919921875,	0.04027557373046875
5377606250.0,	0.0452117919921875,	0.04346656799316406
5377625000.0,	0.0430145263671875,	0.04343414306640625
5377643750.0,	0.04330635070800781,	0.04210853576660156
5377662500.0,	0.043186187744140625,	0.04178428649902344
5377681250.0,	0.04459953308105469,	0.04258537292480469
5377700000.0,	0.042369842529296875,	0.04246711730957031
5377718750.0,	0.04608917236328125,	0.04494285583496094
5377737500.0,	0.04463768005371094,	0.04321098327636719
5377756250.0,	0.04400825500488281,	0.041469573974609375
5377775000.0,	0.042926788330078125,	0.04344940185546875
5377793750.0,	0.044689178466796875,	0.04392051696777344
5377812500.0,	0.04422760009765625,	0.04337882995605469
5377831250.0,	0.045497894287109375,	0.04333305358886719
5377850000.0,	0.04380226135253906,	0.045345306396484375
5377868750.0,	0.04411125183105469,	0.04316902160644531
5377887500.0,	0.04474830627441406,	0.04256629943847656
5377906250.0,	0.0448150634765625,	0.04132843017578125
5377925000.0,	0.043048858642578125,	0.043651580810546875
5377943750.0,	0.04357719421386719,	0.04529762268066406
5377962500.0,	0.04592704772949219,	0.04225349426269531
5377981250.0,	0.04454994201660156,	0.04607582092285156
5378000000.0,	0.04431343078613281,	0.04525184631347656
5378018750.0,	0.0469818115234375,	0.04606819152832031
5378037500.0,	0.044567108154296875,	0.0447235107421875
5378056250.0,	0.04435920715332031,	0.046894073486328125
5378075000.0,	0.046756744384765625,	0.04623603820800781
5378093750.0,	0.04196739196777344,	0.04526519775390625
5378112500.0,	0.04407691955566406,	0.045429229736328125
5378131250.0,	0.04265403747558594,	0.0464019775390625
5378150000.0,	0.044033050537109375,	0.0452728271484375
5378168750.0,	0.0441436767578125,	0.04451179504394531
5378187500.0,	0.0467071533203125,	0.0452117919921875
5378206250.0,	0.04561805725097656,	0.04567527770996094
5378225000.0,	0.04500007629394531,	0.04567146301269531
5378243750.0,	0.044956207275390625,	0.044063568115234375
5378262500.0,	0.04474830627441406,	0.046451568603515625
5378281250.0,	0.04412651062011719,	0.044010162353515625
5378300000.0,	0.044017791748046875,	0.04592704772949219
5378318750.0,	0.04442405700683594,	0.04611778259277344
5378337500.0,	0.044696807861328125,	0.04476737976074219
5378356250.0,	0.04460716247558594,	0.047557830810546875
5378375000.0,	0.043804168701171875,	0.046276092529296875
5378393750.0,	0.04485893249511719,	0.04474067687988281
5378412500.0,	0.04369544982910156,	0.04669380187988281
5378431250.0,	0.046115875244140625,	0.04657173156738281
5378450000.0,	0.04463005065917969,	0.04569816589355469
5378468750.0,	0.04465293884277344,	0.04628181457519531
5378487500.0,	0.044342041015625,	0.04637908935546875
5378506250.0,	0.04445457458496094,	0.04538726806640625
5378525000.0,	0.04666709899902344,	0.04786109924316406
5378543750.0,	0.044269561767578125,	0.04628562927246094
5378562500.0,	0.04395294189453125,	0.04765510559082031
5378581250.0,	0.04417610168457031,	0.048137664794921875
5378600000.0,	0.04772186279296875,	0.04592704772949219
5378618750.0,	0.04366111755371094,	0.047069549560546875
5378637500.0,	0.0444488525390625,	0.049102783203125
5378656250.0,	0.04571533203125,	0.046817779541015625
5378675000.0,	0.04474449157714844,	0.047210693359375
5378693750.0,	0.043506622314453125,	0.046772003173828125
5378712500.0,	0.046417236328125,	0.04685783386230469
5378731250.0,	0.044689178466796875,	0.046611785888671875
5378750000.0,	0.04751014709472656,	0.046382904052734375
5378768750.0,	0.046199798583984375,	0.04863929748535156
5378787500.0,	0.046375274658203125,	0.04732322692871094
5378806250.0,	0.046222686767578125,	0.04754066467285156
5378825000.0,	0.04450416564941406,	0.04802703857421875
5378843750.0,	0.04448127746582031,	0.04565620422363281
5378862500.0,	0.04779624938964844,	0.04624748229980469
5378881250.0,	0.04564094543457031,	0.04576873779296875
5378900000.0,	0.04567909240722656,	0.04994773864746094
5378918750.0,	0.04475975036621094,	0.046966552734375
5378937500.0,	0.0466461181640625,	0.04797935485839844
5378956250.0,	0.04314231872558594,	0.049762725830078125
5378975000.0,	0.04571723937988281,	0.047908782958984375
5378993750.0,	0.046192169189453125,	0.047801971435546875
5379012500.0,	0.04429435729980469,	0.04693603515625
5379031250.0,	0.04336357116699219,	0.0474395751953125
5379050000.0,	0.04390144348144531,	0.047748565673828125
5379068750.0,	0.04568672180175781,	0.0451202392578125
5379087500.0,	0.04388618469238281,	0.04788398742675781
5379106250.0,	0.044574737548828125,	0.049365997314453125
5379125000.0,	0.04492378234863281,	0.04649925231933594
5379143750.0,	0.04519462585449219,	0.04656028747558594
5379162500.0,	0.04616546630859375,	0.047069549560546875
5379181250.0,	0.043743133544921875,	0.05010986328125
5379200000.0,	0.04520225524902344,	0.04933357238769531
5379218750.0,	0.04546928405761719,	0.048313140869140625
5379237500.0,	0.04633140563964844,	0.049869537353515625
5379256250.0,	0.044803619384765625,	0.04853630065917969
5379275000.0,	0.045368194580078125,	0.050048828125
5379293750.0,	0.04648780822753906,	0.049976348876953125
5379312500.0,	0.045196533203125,	0.04741096496582031
5379331250.0,	0.04627799987792969,	0.04780006408691406
5379350000.0,	0.04675102233886719,	0.04961204528808594
5379368750.0,	0.04591941833496094,	0.048809051513671875
5379387500.0,	0.04549217224121094,	0.047962188720703125
5379406250.0,	0.044193267822265625,	0.04704093933105469
5379425000.0,	0.0454559326171875,	0.05037879943847656
5379443750.0,	0.044403076171875,	0.04983711242675781
5379462500.0,	0.04627037048339844,	0.05097007751464844
5379481250.0,	0.04444313049316406,	0.04996299743652344
5379500000.0,	0.04551506042480469,	0.05065727233886719
5379518750.0,	0.0467376708984375,	0.04894256591796875
5379537500.0,	0.04532814025878906,	0.0501556396484375
5379556250.0,	0.045818328857421875,	0.04982185363769531
5379575000.0,	0.04414939880371094,	0.04876708984375
5379593750.0,	0.04531669616699219,	0.04833221435546875
5379612500.0,	0.046138763427734375,	0.048221588134765625
5379631250.0,	0.044300079345703125,	0.04896354675292969
5379650000.0,	0.04474830627441406,	0.04841423034667969
5379668750.0,	0.042873382568359375,	0.04892158508300781
5379687500.0,	0.04557228088378906,	0.04854774475097656
5379706250.0,	0.044757843017578125,	0.047817230224609375
5379725000.0,	0.04406166076660156,	0.04971122741699219
5379743750.0,	0.045421600341796875,	0.04642677307128906
5379762500.0,	0.04632568359375,	0.05113983154296875
5379781250.0,	0.0452728271484375,	0.05096435546875
5379800000.0,	0.04689598083496094,	0.05047416687011719
5379818750.0,	0.045074462890625,	0.04875373840332031
5379837500.0,	0.04489326477050781,	0.05034637451171875
5379856250.0,	0.04465293884277344,	0.05142021179199219
5379875000.0,	0.042751312255859375,	0.050533294677734375
5379893750.0,	0.04561042785644531,	0.04991912841796875
5379912500.0,	0.04450416564941406,	0.04871368408203125
5379931250.0,	0.04482078552246094,	0.04946136474609375
5379950000.0,	0.04564666748046875,	0.04869651794433594
5379968750.0,	0.04706573486328125,	0.04968070983886719
5379987500.0,	0.046840667724609375,	0.04975700378417969
5380006250.0,	0.046863555908203125,	0.049686431884765625
5380025000.0,	0.045635223388671875,	0.05020332336425781
5380043750.0,	0.04537200927734375,	0.05077362060546875
5380062500.0,	0.047084808349609375,	0.051021575927734375
5380081250.0,	0.04636383056640625,	0.0509796142578125
5380100000.0,	0.04543113708496094,	0.05057334899902344
5380118750.0,	0.04442787170410156,	0.052028656005859375
5380137500.0,	0.045528411865234375,	0.04989433288574219
5380156250.0,	0.04569244384765625,	0.05160713195800781
5380175000.0,	0.0458221435546875,	0.0508880615234375
5380193750.0,	0.04392051696777344,	0.05105018615722656
5380212500.0,	0.045650482177734375,	0.0516204833984375
5380231250.0,	0.04596519470214844,	0.04926109313964844
5380250000.0,	0.0452728271484375,	0.052326202392578125
5380268750.0,	0.046619415283203125,	0.051021575927734375
5380287500.0,	0.04526519775390625,	0.05216026306152344
5380306250.0,	0.04567146301269531,	0.05079841613769531
5380325000.0,	0.04615974426269531,	0.05108833312988281
5380343750.0,	0.04662513732910156,	0.05317497253417969
5380362500.0,	0.046108245849609375,	0.05242919921875
5380381250.0,	0.04259300231933594,	0.051166534423828125
5380400000.0,	0.04818153381347656,	0.05137825012207031
5380418750.0,	0.04503631591796875,	0.051723480224609375
5380437500.0,	0.04725837707519531,	0.05108070373535156
5380456250.0,	0.046600341796875,	0.05128669738769531
5380475000.0,	0.04687690734863281,	0.051647186279296875
5380493750.0,	0.04691886901855469,	0.04932403564453125
5380512500.0,	0.04669761657714844,	0.051479339599609375
5380531250.0,	0.04672050476074219,	0.05075263977050781
5380550000.0,	0.04659461975097656,	0.05150032043457031
5380568750.0,	0.04752159118652344,	0.05204582214355469
5380587500.0,	0.04474449157714844,	0.05274391174316406
5380606250.0,	0.045444488525390625,	0.05274009704589844
5380625000.0,	0.04712867736816406,	0.05127525329589844
5380643750.0,	0.04697990417480469,	0.05308341979980469
5380662500.0,	0.045200347900390625,	0.051937103271484375
5380681250.0,	0.04744148254394531,	0.04906272888183594
5380700000.0,	0.04588890075683594,	0.05165863037109375
5380718750.0,	0.04730224609375,	0.05209922790527344
5380737500.0,	0.044132232666015625,	0.05275154113769531
5380756250.0,	0.04511833190917969,	0.05071258544921875
5380775000.0,	0.04744720458984375,	0.05079078674316406
5380793750.0,	0.04492378234863281,	0.052997589111328125
5380812500.0,	0.048099517822265625,	0.05246162414550781
5380831250.0,	0.04425621032714844,	0.053070068359375
5380850000.0,	0.04681968688964844,	0.05256462097167969
5380868750.0,	0.04741668701171875,	0.05043220520019531
5380887500.0,	0.04477882385253906,	0.05159950256347656
5380906250.0,	0.0458831787109375,	0.05179595947265625
5380925000.0,	0.047428131103515625,	0.05033302307128906
5380943750.0,	0.04833793640136719,	0.052005767822265625
5380962500.0,	0.04703330993652344,	0.0514984130859375
5380981250.0,	0.046146392822265625,	0.05195045471191406
5381000000.0,	0.04561614990234375,	0.053112030029296875
5381018750.0,	0.045688629150390625,	0.05075836181640625
5381037500.0,	0.045719146728515625,	0.053218841552734375
5381056250.0,	0.04644966125488281,	0.05228233337402344
5381075000.0,	0.045398712158203125,	0.05151176452636719
5381093750.0,	0.04768180847167969,	0.051483154296875
5381112500.0,	0.046504974365234375,	0.04978370666503906
5381131250.0,	0.046497344970703125,	0.05227470397949219
5381150000.0,	0.04517173767089844,	0.052783966064453125
5381168750.0,	0.04808235168457031,	0.05241966247558594
5381187500.0,	0.04618263244628906,	0.049106597900390625
5381206250.0,	0.04633331298828125,	0.0505828857421875
5381225000.0,	0.04379844665527344,	0.05290985107421875
5381243750.0,	0.04575157165527344,	0.05112457275390625
5381262500.0,	0.047115325927734375,	0.05053138732910156
5381281250.0,	0.044040679931640625,	0.05376434326171875
5381300000.0,	0.04615974426269531,	0.052562713623046875
5381318750.0,	0.04644584655761719,	0.053913116455078125
5381337500.0,	0.04782295227050781,	0.05158042907714844
5381356250.0,	0.04619026184082031,	0.05198860168457031
5381375000.0,	0.04751396179199219,	0.05159568786621094
5381393750.0,	0.046688079833984375,	0.052753448486328125
5381412500.0,	0.046863555908203125,	0.05173683166503906
5381431250.0,	0.04620361328125,	0.0516510009765625
5381450000.0,	0.04784965515136719,	0.05116462707519531
5381468750.0,	0.04709434509277344,	0.05109977722167969
5381487500.0,	0.04715728759765625,	0.05409812927246094
5381506250.0,	0.04631996154785156,	0.05254554748535156
5381525000.0,	0.04630470275878906,	0.0524749755859375
5381543750.0,	0.047183990478515625,	0.05265998840332031
5381562500.0,	0.044887542724609375,	0.05304527282714844
5381581250.0,	0.04490089416503906,	0.05166435241699219
5381600000.0,	0.04505157470703125,	0.05413055419921875
5381618750.0,	0.04699134826660156,	0.05224418640136719
5381637500.0,	0.04654884338378906,	0.05160713195800781
5381656250.0,	0.04640388488769531,	0.05194854736328125
5381675000.0,	0.047435760498046875,	0.05394172668457031
5381693750.0,	0.04689788818359375,	0.05240631103515625
5381712500.0,	0.04899406433105469,	0.05284309387207031
5381731250.0,	0.04460334777832031,	0.05330085754394531
5381750000.0,	0.047458648681640625,	0.05126762390136719
5381768750.0,	0.04592323303222656,	0.05183982849121094
5381787500.0,	0.046901702880859375,	0.052837371826171875
5381806250.0,	0.0478057861328125,	0.05286407470703125
5381825000.0,	0.046352386474609375,	0.05345916748046875
5381843750.0,	0.046619415283203125,	0.05258750915527344
5381862500.0,	0.045009613037109375,	0.05471611022949219
5381881250.0,	0.044891357421875,	0.05288887023925781
5381900000.0,	0.04813385009765625,	0.053127288818359375
5381918750.0,	0.04766654968261719,	0.05227470397949219
5381937500.0,	0.04675102233886719,	0.05120086669921875
5381956250.0,	0.0470428466796875,	0.051959991455078125
5381975000.0,	0.04623603820800781,	0.05283927917480469
5381993750.0,	0.047027587890625,	0.05126190185546875
5382012500.0,	0.04628753662109375,	0.05133056640625
5382031250.0,	0.04837226867675781,	0.05359077453613281
5382050000.0,	0.045475006103515625,	0.052082061767578125
5382068750.0,	0.047306060791015625,	0.052051544189453125
5382087500.0,	0.04796791076660156,	0.05308723449707031
5382106250.0,	0.04750251770019531,	0.05262565612792969
5382125000.0,	0.04686164855957031,	0.054668426513671875
5382143750.0,	0.0462646484375,	0.0542144775390625
5382162500.0,	0.04622840881347656,	0.0540618896484375
5382181250.0,	0.04768180847167969,	0.052677154541015625
5382200000.0,	0.047016143798828125,	0.05310630798339844
5382218750.0,	0.0449371337890625,	0.05413818359375
5382237500.0,	0.0467529296875,	0.05179405212402344
5382256250.0,	0.047985076904296875,	0.052581787109375
5382275000.0,	0.04561042785644531,	0.05374336242675781
5382293750.0,	0.048328399658203125,	0.05553627014160156
5382312500.0,	0.04831504821777344,	0.05221748352050781
5382331250.0,	0.046672821044921875,	0.052692413330078125
5382350000.0,	0.04778289794921875,	0.05325508117675781
5382368750.0,	0.045440673828125,	0.052494049072265625
5382387500.0,	0.04545021057128906,	0.05310821533203125
5382406250.0,	0.04602241516113281,	0.05550384521484375
5382425000.0,	0.04860687255859375,	0.053424835205078125
5382443750.0,	0.04621315002441406,	0.05429267883300781
5382462500.0,	0.04498863220214844,	0.05264091491699219
5382481250.0,	0.0450286865234375,	0.05448722839355469
5382500000.0,	0.04678535461425781,	0.05449104309082031
5382518750.0,	0.04719734191894531,	0.0525360107421875
5382537500.0,	0.044803619384765625,	0.05615806579589844
5382556250.0,	0.04592323303222656,	0.05270957946777344
5382575000.0,	0.047138214111328125,	0.05397605895996094
5382593750.0,	0.04616355895996094,	0.05165863037109375
5382612500.0,	0.04617500305175781,	0.05449676513671875
5382631250.0,	0.046600341796875,	0.05542755126953125
5382650000.0,	0.0461273193359375,	0.054500579833984375
5382668750.0,	0.04751777648925781,	0.05345344543457031
5382687500.0,	0.04693031311035156,	0.05479621887207031
5382706250.0,	0.046497344970703125,	0.05199623107910156
5382725000.0,	0.048290252685546875,	0.05398750305175781
5382743750.0,	0.04656410217285156,	0.053401947021484375
5382762500.0,	0.045688629150390625,	0.053497314453125
5382781250.0,	0.04688835144042969,	0.05336761474609375
5382800000.0,	0.04669761657714844,	0.054225921630859375
5382818750.0,	0.04750823974609375,	0.05333137512207031
5382837500.0,	0.047969818115234375,	0.053577423095703125
5382856250.0,	0.04759979248046875,	0.05487251281738281
5382875000.0,	0.04628181457519531,	0.054134368896484375
5382893750.0,	0.045017242431640625,	0.05386924743652344
5382912500.0,	0.04554176330566406,	0.052692413330078125
5382931250.0,	0.044811248779296875,	0.052577972412109375
5382950000.0,	0.04673004150390625,	0.053485870361328125
5382968750.0,	0.046077728271484375,	0.05538749694824219
5382987500.0,	0.04865837097167969,	0.05380058288574219
5383006250.0,	0.046344757080078125,	0.05476570129394531
5383025000.0,	0.04858970642089844,	0.05394935607910156
5383043750.0,	0.04499626159667969,	0.05595588684082031
5383062500.0,	0.04779052734375,	0.05370903015136719
5383081250.0,	0.04821586608886719,	0.054706573486328125
5383100000.0,	0.046199798583984375,	0.05681037902832031
5383118750.0,	0.04840660095214844,	0.0546112060546875
5383137500.0,	0.04573631286621094,	0.05611991882324219
5383156250.0,	0.04746055603027344,	0.05434989929199219
5383175000.0,	0.04673576354980469,	0.05615425109863281
5383193750.0,	0.046863555908203125,	0.05467796325683594
5383212500.0,	0.04433250427246094,	0.05434989929199219
5383231250.0,	0.04582023620605469,	0.05349922180175781
5383250000.0,	0.04584312438964844,	0.054592132568359375
5383268750.0,	0.04724311828613281,	0.053745269775390625
5383287500.0,	0.042724609375,	0.054897308349609375
5383306250.0,	0.0446014404296875,	0.05376434326171875
5383325000.0,	0.04555702209472656,	0.05613899230957031
5383343750.0,	0.04519081115722656,	0.0532379150390625
5383362500.0,	0.04483222961425781,	0.05467033386230469
5383381250.0,	0.046001434326171875,	0.056468963623046875
5383400000.0,	0.04663848876953125,	0.05449104309082031
5383418750.0,	0.04622459411621094,	0.05426216125488281
5383437500.0,	0.04633522033691406,	0.05422210693359375
5383456250.0,	0.04627227783203125,	0.05376434326171875
5383475000.0,	0.04612541198730469,	0.05308341979980469
5383493750.0,	0.04724311828613281,	0.05434226989746094
5383512500.0,	0.0446929931640625,	0.05361175537109375
5383531250.0,	0.04622840881347656,	0.05392646789550781
5383550000.0,	0.04496955871582031,	0.05402946472167969
5383568750.0,	0.047069549560546875,	0.05478096008300781
5383587500.0,	0.046733856201171875,	0.05658721923828125
5383606250.0,	0.04567146301269531,	0.05425262451171875
5383625000.0,	0.045719146728515625,	0.05457878112792969
5383643750.0,	0.04799461364746094,	0.053447723388671875
5383662500.0,	0.04671669006347656,	0.05316162109375
5383681250.0,	0.045444488525390625,	0.05547523498535156
5383700000.0,	0.04622840881347656,	0.053363800048828125
5383718750.0,	0.04447746276855469,	0.05505561828613281
5383737500.0,	0.04547309875488281,	0.05590248107910156
5383756250.0,	0.047107696533203125,	0.05330467224121094
5383775000.0,	0.047298431396484375,	0.053863525390625
5383793750.0,	0.04588127136230469,	0.0545806884765625
5383812500.0,	0.04693412780761719,	0.05476951599121094
5383831250.0,	0.046199798583984375,	0.05464935302734375
5383850000.0,	0.04633903503417969,	0.05460929870605469
5383868750.0,	0.04755592346191406,	0.05364799499511719
5383887500.0,	0.04667472839355469,	0.05575370788574219
5383906250.0,	0.046749114990234375,	0.05576896667480469
5383925000.0,	0.045955657958984375,	0.05611419677734375
5383943750.0,	0.04692268371582031,	0.05373573303222656
5383962500.0,	0.047595977783203125,	0.05500221252441406
5383981250.0,	0.0469970703125,	0.05583953857421875
5384000000.0,	0.046749114990234375,	0.05323028564453125
5384018750.0,	0.04685401916503906,	0.05534172058105469
5384037500.0,	0.04494667053222656,	0.05526161193847656
5384056250.0,	0.045257568359375,	0.054813385009765625
5384075000.0,	0.04794883728027344,	0.057659149169921875
5384093750.0,	0.049655914306640625,	0.05710792541503906
5384112500.0,	0.0479736328125,	0.05589485168457031
5384131250.0,	0.04590415954589844,	0.05404853820800781
5384150000.0,	0.04959869384765625,	0.05533790588378906
5384168750.0,	0.046051025390625,	0.05312347412109375
5384187500.0,	0.046661376953125,	0.054370880126953125
5384206250.0,	0.04744911193847656,	0.05506134033203125
5384225000.0,	0.04827117919921875,	0.05338287353515625
5384243750.0,	0.04620552062988281,	0.05492591857910156
5384262500.0,	0.0464019775390625,	0.05643463134765625
5384281250.0,	0.045101165771484375,	0.0548248291015625
5384300000.0,	0.04689598083496094,	0.05540657043457031
5384318750.0,	0.04804229736328125,	0.055469512939453125
5384337500.0,	0.04656028747558594,	0.05564308166503906
5384356250.0,	0.045989990234375,	0.05571174621582031
5384375000.0,	0.04666709899902344,	0.0562896728515625
5384393750.0,	0.046962738037109375,	0.05376625061035156
5384412500.0,	0.04799842834472656,	0.056842803955078125
5384431250.0,	0.04744720458984375,	0.0559844970703125
5384450000.0,	0.04709815979003906,	0.0554962158203125
5384468750.0,	0.0453948974609375,	0.05411529541015625
5384487500.0,	0.04546165466308594,	0.05619239807128906
5384506250.0,	0.04615974426269531,	0.05645561218261719
5384525000.0,	0.046009063720703125,	0.05500602722167969
5384543750.0,	0.045177459716796875,	0.05568504333496094
5384562500.0,	0.04714202880859375,	0.05510139465332031
5384581250.0,	0.04635047912597656,	0.056179046630859375
5384600000.0,	0.046154022216796875,	0.05333709716796875
5384618750.0,	0.046573638916015625,	0.05405426025390625
5384637500.0,	0.04413604736328125,	0.05690765380859375
5384656250.0,	0.04674530029296875,	0.05663299560546875
5384675000.0,	0.04471015930175781,	0.05431175231933594
5384693750.0,	0.04807090759277344,	0.05487251281738281
5384712500.0,	0.04699897766113281,	0.055316925048828125
5384731250.0,	0.04700660705566406,	0.055973052978515625
5384750000.0,	0.04686164855957031,	0.055744171142578125
5384768750.0,	0.047740936279296875,	0.05502891540527344
5384787500.0,	0.047779083251953125,	0.05488014221191406
5384806250.0,	0.04807090759277344,	0.055419921875
5384825000.0,	0.04694366455078125,	0.05563163757324219
5384843750.0,	0.049190521240234375,	0.05328941345214844
5384862500.0,	0.04743003845214844,	0.05458259582519531
5384881250.0,	0.04741859436035156,	0.05701446533203125
5384900000.0,	0.047847747802734375,	0.05433845520019531
5384918750.0,	0.04650688171386719,	0.05391883850097656
5384937500.0,	0.04561805725097656,	0.05550956726074219
5384956250.0,	0.04694366455078125,	0.05612373352050781
5384975000.0,	0.046459197998046875,	0.05681419372558594
5384993750.0,	0.045314788818359375,	0.05515098571777344
5385012500.0,	0.04524803161621094,	0.05695343017578125
5385031250.0,	0.046298980712890625,	0.056240081787109375
5385050000.0,	0.04778289794921875,	0.05635833740234375
5385068750.0,	0.04529762268066406,	0.05455589294433594
5385087500.0,	0.04606437683105469,	0.05476570129394531
5385106250.0,	0.04606437683105469,	0.056148529052734375
5385125000.0,	0.04819679260253906,	0.05401802062988281
5385143750.0,	0.04686164855957031,	0.05543708801269531
5385162500.0,	0.04771614074707031,	0.05731010437011719
5385181250.0,	0.04438018798828125,	0.05531120300292969
5385200000.0,	0.045322418212890625,	0.05599784851074219
5385218750.0,	0.04556846618652344,	0.057880401611328125
5385237500.0,	0.04368782043457031,	0.05512428283691406
5385256250.0,	0.04696846008300781,	0.05692100524902344
5385275000.0,	0.04558563232421875,	0.05670356750488281
5385293750.0,	0.04648399353027344,	0.05498695373535156
5385312500.0,	0.04674339294433594,	0.056186676025390625
5385331250.0,	0.048770904541015625,	0.054294586181640625
5385350000.0,	0.04529571533203125,	0.05434417724609375
5385368750.0,	0.04448127746582031,	0.05777168273925781
5385387500.0,	0.046047210693359375,	0.05372428894042969
5385406250.0,	0.04487800598144531,	0.05669593811035156
5385425000.0,	0.04708099365234375,	0.05411720275878906
5385443750.0,	0.0468292236328125,	0.0557403564453125
5385462500.0,	0.04731178283691406,	0.05317115783691406
5385481250.0,	0.04577445983886719,	0.05494880676269531
5385500000.0,	0.04728126525878906,	0.05667877197265625
5385518750.0,	0.04544639587402344,	0.05652046203613281
5385537500.0,	0.04677772521972656,	0.057300567626953125
5385556250.0,	0.04820442199707031,	0.055850982666015625
5385575000.0,	0.04758453369140625,	0.05558586120605469
5385593750.0,	0.04714202880859375,	0.05419731140136719
5385612500.0,	0.048183441162109375,	0.055419921875
5385631250.0,	0.04846954345703125,	0.05658531188964844
5385650000.0,	0.0435943603515625,	0.0556182861328125
5385668750.0,	0.04591560363769531,	0.05634117126464844
5385687500.0,	0.04512214660644531,	0.05860137939453125
5385706250.0,	0.04583168029785156,	0.05499267578125
5385725000.0,	0.04434013366699219,	0.05570030212402344
5385743750.0,	0.0452423095703125,	0.05451393127441406
5385762500.0,	0.046108245849609375,	0.05544090270996094
5385781250.0,	0.046283721923828125,	0.05582427978515625
5385800000.0,	0.04631805419921875,	0.0551300048828125
5385818750.0,	0.04614830017089844,	0.05555152893066406
5385837500.0,	0.047855377197265625,	0.05512237548828125
5385856250.0,	0.045734405517578125,	0.0565643310546875
5385875000.0,	0.046878814697265625,	0.05823707580566406
5385893750.0,	0.046268463134765625,	0.05721282958984375
5385912500.0,	0.048038482666015625,	0.055023193359375
5385931250.0,	0.045894622802734375,	0.056240081787109375
5385950000.0,	0.04459190368652344,	0.05701446533203125
5385968750.0,	0.0458831787109375,	0.05827140808105469
5385987500.0,	0.04683494567871094,	0.056652069091796875
5386006250.0,	0.04615020751953125,	0.05733299255371094
5386025000.0,	0.0471038818359375,	0.05637168884277344
5386043750.0,	0.04711723327636719,	0.05641937255859375
5386062500.0,	0.04865074157714844,	0.054931640625
5386081250.0,	0.04510498046875,	0.05609130859375
5386100000.0,	0.04449462890625,	0.055599212646484375
5386118750.0,	0.046962738037109375,	0.05684471130371094
5386137500.0,	0.04675483703613281,	0.05434417724609375
5386156250.0,	0.0457305908203125,	0.05705451965332031
5386175000.0,	0.04480552673339844,	0.05729484558105469
5386193750.0,	0.04524040222167969,	0.056827545166015625
5386212500.0,	0.047000885009765625,	0.05499839782714844
5386231250.0,	0.04876518249511719,	0.0554656982421875
5386250000.0,	0.04669380187988281,	0.05347442626953125
5386268750.0,	0.048259735107421875,	0.05587196350097656
5386287500.0,	0.04533195495605469,	0.05594062805175781
5386306250.0,	0.04657554626464844,	0.05549049377441406
5386325000.0,	0.04544258117675781,	0.054981231689453125
5386343750.0,	0.04844093322753906,	0.053485870361328125
5386362500.0,	0.04633140563964844,	0.057865142822265625
5386381250.0,	0.04602622985839844,	0.05660247802734375
5386400000.0,	0.048618316650390625,	0.05780029296875
5386418750.0,	0.047183990478515625,	0.0566864013671875
5386437500.0,	0.045513153076171875,	0.05595588684082031
5386456250.0,	0.04834556579589844,	0.05696868896484375
5386475000.0,	0.04812812805175781,	0.055744171142578125
5386493750.0,	0.04578971862792969,	0.057483673095703125
5386512500.0,	0.04903411865234375,	0.05603981018066406
5386531250.0,	0.04786872863769531,	0.056484222412109375
5386550000.0,	0.04631805419921875,	0.05559539794921875
5386568750.0,	0.04662895202636719,	0.058155059814453125
5386587500.0,	0.04766845703125,	0.057163238525390625
5386606250.0,	0.04697990417480469,	0.056476593017578125
5386625000.0,	0.04753303527832031,	0.05655097961425781
5386643750.0,	0.043643951416015625,	0.05773353576660156
5386662500.0,	0.04840660095214844,	0.057956695556640625
5386681250.0,	0.047336578369140625,	0.056285858154296875
5386700000.0,	0.046825408935546875,	0.055873870849609375
5386718750.0,	0.04754447937011719,	0.05577850341796875
5386737500.0,	0.04603004455566406,	0.05769920349121094
5386756250.0,	0.04828834533691406,	0.05826568603515625
5386775000.0,	0.04522705078125,	0.05660057067871094
5386793750.0,	0.04819679260253906,	0.056980133056640625
5386812500.0,	0.044269561767578125,	0.05576133728027344
5386831250.0,	0.04464530944824219,	0.05805778503417969
5386850000.0,	0.04553794860839844,	0.05626487731933594
5386868750.0,	0.04619026184082031,	0.058032989501953125
5386887500.0,	0.04549407958984375,	0.05769157409667969
5386906250.0,	0.04503440856933594,	0.05662345886230469
5386925000.0,	0.04839515686035156,	0.05429267883300781
5386943750.0,	0.048114776611328125,	0.057849884033203125
5386962500.0,	0.04782295227050781,	0.054256439208984375
5386981250.0,	0.043880462646484375,	0.05614280700683594
5387000000.0,	0.04616355895996094,	0.059154510498046875
5387018750.0,	0.04555702209472656,	0.05693244934082031
5387037500.0,	0.04695701599121094,	0.055614471435546875
5387056250.0,	0.04730987548828125,	0.05406951904296875
5387075000.0,	0.049419403076171875,	0.05782127380371094
5387093750.0,	0.04615592956542969,	0.05724525451660156
5387112500.0,	0.04557609558105469,	0.05821037292480469
5387131250.0,	0.04757118225097656,	0.05641365051269531
5387150000.0,	0.04601097106933594,	0.059497833251953125
5387168750.0,	0.044353485107421875,	0.0560150146484375
5387187500.0,	0.04860496520996094,	0.05428886413574219
5387206250.0,	0.046142578125,	0.05719947814941406
5387225000.0,	0.045391082763671875,	0.05731773376464844
5387243750.0,	0.04716682434082031,	0.058444976806640625
5387262500.0,	0.047557830810546875,	0.05622291564941406
5387281250.0,	0.04565238952636719,	0.05754852294921875
5387300000.0,	0.047115325927734375,	0.05568885803222656
5387318750.0,	0.04536628723144531,	0.057605743408203125
5387337500.0,	0.0471954345703125,	0.05575752258300781
5387356250.0,	0.04691314697265625,	0.05897331237792969
5387375000.0,	0.04650115966796875,	0.05856513977050781
5387393750.0,	0.04797935485839844,	0.05643272399902344
5387412500.0,	0.04725837707519531,	0.05690193176269531
5387431250.0,	0.046367645263671875,	0.056713104248046875
5387450000.0,	0.046031951904296875,	0.05679512023925781
5387468750.0,	0.04584503173828125,	0.059711456298828125
5387487500.0,	0.0468597412109375,	0.05769538879394531
5387506250.0,	0.04598236083984375,	0.056423187255859375
5387525000.0,	0.04723548889160156,	0.05640983581542969
5387543750.0,	0.04597282409667969,	0.05694007873535156
5387562500.0,	0.047275543212890625,	0.0575103759765625
5387581250.0,	0.046085357666015625,	0.05629730224609375
5387600000.0,	0.047084808349609375,	0.056858062744140625
5387618750.0,	0.044910430908203125,	0.05672454833984375
5387637500.0,	0.04559898376464844,	0.0582122802734375
5387656250.0,	0.04693412780761719,	0.055591583251953125
5387675000.0,	0.04743003845214844,	0.05857658386230469
5387693750.0,	0.04528045654296875,	0.05605316162109375
5387712500.0,	0.046573638916015625,	0.05709266662597656
5387731250.0,	0.046558380126953125,	0.05856513977050781
5387750000.0,	0.04743385314941406,	0.058094024658203125
5387768750.0,	0.04589080810546875,	0.05702400207519531
5387787500.0,	0.04665374755859375,	0.05590248107910156
5387806250.0,	0.048309326171875,	0.05659675598144531
5387825000.0,	0.046840667724609375,	0.05774879455566406
5387843750.0,	0.04442405700683594,	0.05499458312988281
5387862500.0,	0.04737091064453125,	0.05692100524902344
5387881250.0,	0.04625511169433594,	0.05719757080078125
5387900000.0,	0.04408073425292969,	0.0582275390625
5387918750.0,	0.04527854919433594,	0.05639076232910156
5387937500.0,	0.04790496826171875,	0.05806732177734375
5387956250.0,	0.045948028564453125,	0.058513641357421875
5387975000.0,	0.04461097717285156,	0.056476593017578125
5387993750.0,	0.04439353942871094,	0.05764961242675781
5388012500.0,	0.04402351379394531,	0.057422637939453125
5388031250.0,	0.04681587219238281,	0.0565643310546875
5388050000.0,	0.04542350769042969,	0.055355072021484375
5388068750.0,	0.045139312744140625,	0.05632591247558594
5388087500.0,	0.046665191650390625,	0.05727958679199219
5388106250.0,	0.0473785400390625,	0.05634498596191406
5388125000.0,	0.045261383056640625,	0.060062408447265625
5388143750.0,	0.04418182373046875,	0.06044578552246094
5388162500.0,	0.04708671569824219,	0.058956146240234375
5388181250.0,	0.045864105224609375,	0.05667877197265625
5388200000.0,	0.04688453674316406,	0.056934356689453125
5388218750.0,	0.04872703552246094,	0.05794525146484375
5388237500.0,	0.04766273498535156,	0.058506011962890625
5388256250.0,	0.047718048095703125,	0.05956268310546875
5388275000.0,	0.04755592346191406,	0.058269500732421875
5388293750.0,	0.046009063720703125,	0.055316925048828125
5388312500.0,	0.0458526611328125,	0.056987762451171875
5388331250.0,	0.04772377014160156,	0.05774879455566406
5388350000.0,	0.04678535461425781,	0.05734443664550781
5388368750.0,	0.04709053039550781,	0.05931854248046875
5388387500.0,	0.04684638977050781,	0.05816841125488281
5388406250.0,	0.04710960388183594,	0.05846595764160156
5388425000.0,	0.04741096496582031,	0.05744743347167969
5388443750.0,	0.046810150146484375,	0.05743980407714844
5388462500.0,	0.04639244079589844,	0.05881690979003906
5388481250.0,	0.047344207763671875,	0.057697296142578125
5388500000.0,	0.04512214660644531,	0.058185577392578125
5388518750.0,	0.04546546936035156,	0.05724525451660156
5388537500.0,	0.04681587219238281,	0.05565071105957031
5388556250.0,	0.0460968017578125,	0.05687713623046875
5388575000.0,	0.04620170593261719,	0.056896209716796875
5388593750.0,	0.045909881591796875,	0.056781768798828125
5388612500.0,	0.04586601257324219,	0.05689048767089844
5388631250.0,	0.045612335205078125,	0.056884765625
5388650000.0,	0.04664802551269531,	0.057651519775390625
5388668750.0,	0.047977447509765625,	0.059001922607421875
5388687500.0,	0.04663276672363281,	0.05739021301269531
5388706250.0,	0.047008514404296875,	0.05916595458984375
5388725000.0,	0.04681396484375,	0.0569000244140625
5388743750.0,	0.04775047302246094,	0.060916900634765625
5388762500.0,	0.04712104797363281,	0.058490753173828125
5388781250.0,	0.04409217834472656,	0.05871391296386719
5388800000.0,	0.04656028747558594,	0.058002471923828125
5388818750.0,	0.043743133544921875,	0.05658721923828125
5388837500.0,	0.044891357421875,	0.060039520263671875
5388856250.0,	0.047821044921875,	0.05843162536621094
5388875000.0,	0.046276092529296875,	0.056034088134765625
5388893750.0,	0.04727363586425781,	0.059314727783203125
5388912500.0,	0.04510688781738281,	0.056766510009765625
5388931250.0,	0.04686164855957031,	0.05858612060546875
5388950000.0,	0.04642677307128906,	0.05881500244140625
5388968750.0,	0.04658699035644531,	0.05711555480957031
5388987500.0,	0.046962738037109375,	0.05870628356933594
5389006250.0,	0.04625701904296875,	0.058109283447265625
5389025000.0,	0.04722785949707031,	0.057018280029296875
5389043750.0,	0.046916961669921875,	0.05846214294433594
5389062500.0,	0.04571723937988281,	0.05971336364746094
5389081250.0,	0.04416084289550781,	0.05822944641113281
5389100000.0,	0.046291351318359375,	0.05844306945800781
5389118750.0,	0.04638099670410156,	0.05837249755859375
5389137500.0,	0.04664421081542969,	0.056987762451171875
5389156250.0,	0.04575920104980469,	0.056262969970703125
5389175000.0,	0.047550201416015625,	0.0564727783203125
5389193750.0,	0.045566558837890625,	0.05896186828613281
5389212500.0,	0.04762840270996094,	0.0576934814453125
5389231250.0,	0.04697227478027344,	0.058788299560546875
5389250000.0,	0.04739952087402344,	0.05884361267089844
5389268750.0,	0.04828643798828125,	0.058597564697265625
5389287500.0,	0.04747962951660156,	0.05904579162597656
5389306250.0,	0.045490264892578125,	0.05866241455078125
5389325000.0,	0.04766654968261719,	0.0583648681640625
5389343750.0,	0.04761695861816406,	0.057861328125
5389362500.0,	0.045871734619140625,	0.057952880859375
5389381250.0,	0.047138214111328125,	0.05762481689453125
5389400000.0,	0.04845428466796875,	0.05801582336425781
5389418750.0,	0.04591560363769531,	0.05865287780761719
5389437500.0,	0.04893684387207031,	0.05715370178222656
5389456250.0,	0.04662322998046875,	0.05781364440917969
5389475000.0,	0.04567718505859375,	0.059345245361328125
5389493750.0,	0.04730796813964844,	0.05836677551269531
5389512500.0,	0.047801971435546875,	0.05941200256347656
5389531250.0,	0.04731178283691406,	0.05916595458984375
5389550000.0,	0.04788398742675781,	0.0585784912109375
5389568750.0,	0.04730033874511719,	0.057403564453125
5389587500.0,	0.04816246032714844,	0.05711174011230469
5389606250.0,	0.045581817626953125,	0.05960655212402344
5389625000.0,	0.046039581298828125,	0.05977439880371094
5389643750.0,	0.04720115661621094,	0.05780220031738281
5389662500.0,	0.044158935546875,	0.05908393859863281
5389681250.0,	0.04647064208984375,	0.05758857727050781
5389700000.0,	0.045806884765625,	0.058269500732421875
5389718750.0,	0.04463005065917969,	0.060276031494140625
5389737500.0,	0.04641151428222656,	0.05705070495605469
5389756250.0,	0.04468536376953125,	0.05837821960449219
5389775000.0,	0.048076629638671875,	0.05584526062011719
5389793750.0,	0.04565620422363281,	0.058696746826171875
5389812500.0,	0.0481109619140625,	0.0584259033203125
5389831250.0,	0.04708290100097656,	0.060619354248046875
5389850000.0,	0.0460357666015625,	0.0588226318359375
5389868750.0,	0.04544639587402344,	0.05742835998535156
5389887500.0,	0.04657936096191406,	0.058521270751953125
5389906250.0,	0.04739189147949219,	0.05428314208984375
5389925000.0,	0.04500770568847656,	0.05737113952636719
5389943750.0,	0.045284271240234375,	0.0582122802734375
5389962500.0,	0.0457916259765625,	0.0580902099609375
5389981250.0,	0.04646110534667969,	0.05838775634765625
5390000000.0,	0.047512054443359375,	0.05828094482421875
