5837045625.0,	0.08917999267578125,	0.1348724365234375
5837091250.0,	0.09221649169921875,	0.1324462890625
5837136875.0,	0.0924072265625,	0.135772705078125
5837182500.0,	0.09250640869140625,	0.1349639892578125
5837228125.0,	0.09229278564453125,	0.13504791259765625
5837273750.0,	0.09442138671875,	0.13547515869140625
5837319375.0,	0.09107208251953125,	0.13433074951171875
5837365000.0,	0.092315673828125,	0.1349639892578125
5837410625.0,	0.0919342041015625,	0.13358306884765625
5837456250.0,	0.09215545654296875,	0.13225555419921875
5837501875.0,	0.0913848876953125,	0.131805419921875
5837547500.0,	0.09232330322265625,	0.1331329345703125
5837593125.0,	0.093017578125,	0.1312408447265625
5837638750.0,	0.09325408935546875,	0.13361358642578125
5837684375.0,	0.09214019775390625,	0.1326904296875
5837730000.0,	0.09454345703125,	0.132781982421875
5837775625.0,	0.0929718017578125,	0.133880615234375
5837821250.0,	0.092742919921875,	0.1314849853515625
5837866875.0,	0.09429931640625,	0.13421630859375
5837912500.0,	0.0926971435546875,	0.13207244873046875
5837958125.0,	0.09023284912109375,	0.13449859619140625
5838003750.0,	0.09215545654296875,	0.1326904296875
5838049375.0,	0.0943450927734375,	0.13314056396484375
5838095000.0,	0.09259033203125,	0.13468170166015625
5838140625.0,	0.09295654296875,	0.13591766357421875
5838186250.0,	0.09454345703125,	0.1331787109375
5838231875.0,	0.0931243896484375,	0.13175201416015625
5838277500.0,	0.0911102294921875,	0.13275146484375
5838323125.0,	0.094482421875,	0.1338043212890625
5838368750.0,	0.0930633544921875,	0.13268280029296875
5838414375.0,	0.09575653076171875,	0.13225555419921875
5838460000.0,	0.09540557861328125,	0.13405609130859375
5838505625.0,	0.09484100341796875,	0.13471221923828125
5838551250.0,	0.09412384033203125,	0.1329498291015625
5838596875.0,	0.09343719482421875,	0.1316070556640625
5838642500.0,	0.0926055908203125,	0.132049560546875
5838688125.0,	0.09560394287109375,	0.13289642333984375
5838733750.0,	0.09470367431640625,	0.132354736328125
5838779375.0,	0.09394073486328125,	0.1327056884765625
5838825000.0,	0.096435546875,	0.1326141357421875
5838870625.0,	0.0931854248046875,	0.13123321533203125
5838916250.0,	0.09320831298828125,	0.131744384765625
5838961875.0,	0.09426116943359375,	0.13262176513671875
5839007500.0,	0.09494781494140625,	0.1320953369140625
5839053125.0,	0.09404754638671875,	0.1339111328125
5839098750.0,	0.09333038330078125,	0.1306915283203125
5839144375.0,	0.09633636474609375,	0.132171630859375
5839190000.0,	0.09770965576171875,	0.1302490234375
5839235625.0,	0.09358978271484375,	0.130859375
5839281250.0,	0.095001220703125,	0.13147735595703125
5839326875.0,	0.09380340576171875,	0.130218505859375
5839372500.0,	0.095550537109375,	0.1309967041015625
5839418125.0,	0.0953369140625,	0.13216400146484375
5839463750.0,	0.09716796875,	0.12957763671875
5839509375.0,	0.0981597900390625,	0.13077545166015625
5839555000.0,	0.09613800048828125,	0.12924957275390625
5839600625.0,	0.09493255615234375,	0.13259124755859375
5839646250.0,	0.09830474853515625,	0.13095855712890625
5839691875.0,	0.09580230712890625,	0.13189697265625
5839737500.0,	0.0947418212890625,	0.13067626953125
5839783125.0,	0.09466552734375,	0.128448486328125
5839828750.0,	0.0950775146484375,	0.1295013427734375
5839874375.0,	0.09476470947265625,	0.133331298828125
5839920000.0,	0.09358978271484375,	0.13056182861328125
5839965625.0,	0.0960540771484375,	0.13179779052734375
5840011250.0,	0.0972900390625,	0.1316070556640625
5840056875.0,	0.09722137451171875,	0.13198089599609375
5840102500.0,	0.0974273681640625,	0.12939453125
5840148125.0,	0.0967559814453125,	0.1313323974609375
5840193750.0,	0.09523773193359375,	0.13022613525390625
5840239375.0,	0.09564971923828125,	0.12953948974609375
5840285000.0,	0.09552764892578125,	0.13010406494140625
5840330625.0,	0.098297119140625,	0.130645751953125
5840376250.0,	0.09665679931640625,	0.1316070556640625
5840421875.0,	0.097015380859375,	0.1322784423828125
5840467500.0,	0.0969390869140625,	0.12903594970703125
5840513125.0,	0.09844207763671875,	0.1297607421875
5840558750.0,	0.09937286376953125,	0.12763214111328125
5840604375.0,	0.09604644775390625,	0.13014984130859375
5840650000.0,	0.0970916748046875,	0.13243865966796875
5840695625.0,	0.09810638427734375,	0.13121795654296875
5840741250.0,	0.0973358154296875,	0.12718963623046875
5840786875.0,	0.0985870361328125,	0.13123321533203125
5840832500.0,	0.09667205810546875,	0.12868499755859375
5840878125.0,	0.095794677734375,	0.12937164306640625
5840923750.0,	0.09902191162109375,	0.12795257568359375
5840969375.0,	0.09832763671875,	0.1296234130859375
5841015000.0,	0.099273681640625,	0.127349853515625
5841060625.0,	0.10019683837890625,	0.128814697265625
5841106250.0,	0.09698486328125,	0.12908935546875
5841151875.0,	0.099884033203125,	0.129486083984375
5841197500.0,	0.1002044677734375,	0.1266632080078125
5841243125.0,	0.09981536865234375,	0.1276397705078125
5841288750.0,	0.098358154296875,	0.12799835205078125
5841334375.0,	0.0966949462890625,	0.12883758544921875
5841380000.0,	0.10031890869140625,	0.12677001953125
5841425625.0,	0.09942626953125,	0.129974365234375
5841471250.0,	0.0995025634765625,	0.12792205810546875
5841516875.0,	0.09625244140625,	0.12889862060546875
5841562500.0,	0.09885406494140625,	0.12871551513671875
5841608125.0,	0.0972747802734375,	0.12746429443359375
5841653750.0,	0.09918212890625,	0.1296234130859375
5841699375.0,	0.0989532470703125,	0.12935638427734375
5841745000.0,	0.100189208984375,	0.12714385986328125
5841790625.0,	0.09745025634765625,	0.12860870361328125
5841836250.0,	0.09767913818359375,	0.12682342529296875
5841881875.0,	0.09912872314453125,	0.12796783447265625
5841927500.0,	0.0991058349609375,	0.12944793701171875
5841973125.0,	0.099578857421875,	0.12616729736328125
5842018750.0,	0.099945068359375,	0.127960205078125
5842064375.0,	0.100341796875,	0.13054656982421875
5842110000.0,	0.099151611328125,	0.128265380859375
5842155625.0,	0.1000518798828125,	0.12610626220703125
5842201250.0,	0.10103607177734375,	0.12884521484375
5842246875.0,	0.098541259765625,	0.12793731689453125
5842292500.0,	0.1001739501953125,	0.129547119140625
5842338125.0,	0.1002349853515625,	0.127593994140625
5842383750.0,	0.09885406494140625,	0.12653350830078125
5842429375.0,	0.10079193115234375,	0.12701416015625
5842475000.0,	0.100372314453125,	0.12807464599609375
5842520625.0,	0.0989532470703125,	0.12811279296875
5842566250.0,	0.09949493408203125,	0.12601470947265625
5842611875.0,	0.09873199462890625,	0.12738037109375
5842657500.0,	0.1001434326171875,	0.1280670166015625
5842703125.0,	0.09998321533203125,	0.12591552734375
5842748750.0,	0.10143280029296875,	0.12523651123046875
5842794375.0,	0.1006317138671875,	0.12570953369140625
5842840000.0,	0.098907470703125,	0.12697601318359375
5842885625.0,	0.101531982421875,	0.12749481201171875
5842931250.0,	0.1006317138671875,	0.126495361328125
5842976875.0,	0.10060882568359375,	0.12371444702148438
5843022500.0,	0.10080718994140625,	0.12433624267578125
5843068125.0,	0.0994415283203125,	0.1269683837890625
5843113750.0,	0.10140609741210938,	0.12296295166015625
5843159375.0,	0.10034561157226562,	0.12364959716796875
5843205000.0,	0.10243988037109375,	0.12572479248046875
5843250625.0,	0.101226806640625,	0.12374496459960938
5843296250.0,	0.10274505615234375,	0.12516021728515625
5843341875.0,	0.10309600830078125,	0.1257476806640625
5843387500.0,	0.10214996337890625,	0.12480545043945312
5843433125.0,	0.10178375244140625,	0.12715911865234375
5843478750.0,	0.10066986083984375,	0.126068115234375
5843524375.0,	0.10162353515625,	0.12622833251953125
5843570000.0,	0.09767913818359375,	0.12622833251953125
5843615625.0,	0.10167312622070312,	0.12438583374023438
5843661250.0,	0.09978866577148438,	0.124053955078125
5843706875.0,	0.10258865356445312,	0.12475967407226562
5843752500.0,	0.10296630859375,	0.12264251708984375
5843798125.0,	0.10097503662109375,	0.1251373291015625
5843843750.0,	0.10260772705078125,	0.12395477294921875
5843889375.0,	0.10196304321289062,	0.12453842163085938
5843935000.0,	0.102996826171875,	0.12352371215820312
5843980625.0,	0.10197067260742188,	0.1223602294921875
5844026250.0,	0.1042327880859375,	0.12468338012695312
5844071875.0,	0.10239791870117188,	0.12494277954101562
5844117500.0,	0.10049057006835938,	0.12311935424804688
5844163125.0,	0.10380935668945312,	0.12448883056640625
5844208750.0,	0.1024169921875,	0.12308883666992188
5844254375.0,	0.10211944580078125,	0.12387466430664062
5844300000.0,	0.10211944580078125,	0.1259765625
5844345625.0,	0.10214614868164062,	0.12204360961914062
5844391250.0,	0.10466384887695312,	0.12486648559570312
5844436875.0,	0.10137176513671875,	0.12502288818359375
5844482500.0,	0.10330963134765625,	0.12378692626953125
5844528125.0,	0.10268783569335938,	0.12157440185546875
5844573750.0,	0.10430908203125,	0.12116241455078125
5844619375.0,	0.1047821044921875,	0.1233367919921875
5844665000.0,	0.10385894775390625,	0.1236572265625
5844710625.0,	0.102447509765625,	0.122589111328125
5844756250.0,	0.10169601440429688,	0.12347412109375
5844801875.0,	0.102386474609375,	0.1217193603515625
5844847500.0,	0.10371780395507812,	0.12154006958007812
5844893125.0,	0.10263824462890625,	0.12087631225585938
5844938750.0,	0.10315322875976562,	0.122955322265625
5844984375.0,	0.10436630249023438,	0.12183380126953125
5845030000.0,	0.1020965576171875,	0.12311935424804688
5845075625.0,	0.1047515869140625,	0.12189483642578125
5845121250.0,	0.1042938232421875,	0.12181472778320312
5845166875.0,	0.10440826416015625,	0.1193389892578125
5845212500.0,	0.10459518432617188,	0.1219940185546875
5845258125.0,	0.10436248779296875,	0.1217041015625
5845303750.0,	0.10547256469726562,	0.12052154541015625
5845349375.0,	0.1031646728515625,	0.12234115600585938
5845395000.0,	0.10371017456054688,	0.12276458740234375
5845440625.0,	0.10157012939453125,	0.12042999267578125
5845486250.0,	0.10198974609375,	0.12384796142578125
5845531875.0,	0.10567474365234375,	0.12172698974609375
5845577500.0,	0.10412216186523438,	0.12084197998046875
5845623125.0,	0.1060028076171875,	0.122161865234375
5845668750.0,	0.10312652587890625,	0.1214752197265625
5845714375.0,	0.10329055786132812,	0.12176132202148438
5845760000.0,	0.10321807861328125,	0.1240386962890625
5845805625.0,	0.10420989990234375,	0.12042999267578125
5845851250.0,	0.1027069091796875,	0.12195205688476562
5845896875.0,	0.10500717163085938,	0.11975860595703125
5845942500.0,	0.1050567626953125,	0.12008285522460938
5845988125.0,	0.10299301147460938,	0.1193084716796875
5846033750.0,	0.10492706298828125,	0.12065887451171875
5846079375.0,	0.10335540771484375,	0.11977005004882812
5846125000.0,	0.10535430908203125,	0.120849609375
5846170625.0,	0.10384368896484375,	0.1199798583984375
5846216250.0,	0.1045379638671875,	0.12318038940429688
5846261875.0,	0.10607528686523438,	0.12080764770507812
5846307500.0,	0.10496902465820312,	0.1190643310546875
5846353125.0,	0.10620498657226562,	0.12053680419921875
5846398750.0,	0.10659027099609375,	0.1173553466796875
5846444375.0,	0.10398101806640625,	0.12165451049804688
5846490000.0,	0.10544204711914062,	0.1204986572265625
5846535625.0,	0.105682373046875,	0.12077713012695312
5846581250.0,	0.10625457763671875,	0.11942291259765625
5846626875.0,	0.10681915283203125,	0.11851119995117188
5846672500.0,	0.10465621948242188,	0.12099075317382812
5846718125.0,	0.108856201171875,	0.11811447143554688
5846763750.0,	0.10467910766601562,	0.11860275268554688
5846809375.0,	0.10470962524414062,	0.11969375610351562
5846855000.0,	0.1056976318359375,	0.1183013916015625
5846900625.0,	0.10234832763671875,	0.11745071411132812
5846946250.0,	0.10634994506835938,	0.1187286376953125
5846991875.0,	0.10381698608398438,	0.11851882934570312
5847037500.0,	0.107147216796875,	0.11807632446289062
5847083125.0,	0.10538101196289062,	0.11888885498046875
5847128750.0,	0.10612106323242188,	0.11789703369140625
5847174375.0,	0.1040802001953125,	0.11954879760742188
5847220000.0,	0.10558700561523438,	0.11905670166015625
5847265625.0,	0.104827880859375,	0.1173858642578125
5847311250.0,	0.10620498657226562,	0.11749649047851562
5847356875.0,	0.10667800903320312,	0.11807632446289062
5847402500.0,	0.10584640502929688,	0.11753463745117188
5847448125.0,	0.10554122924804688,	0.11696624755859375
5847493750.0,	0.10386276245117188,	0.11623382568359375
5847539375.0,	0.10644912719726562,	0.11921310424804688
5847585000.0,	0.10597610473632812,	0.11877822875976562
5847630625.0,	0.10766220092773438,	0.11792755126953125
5847676250.0,	0.1068878173828125,	0.11618423461914062
5847721875.0,	0.1063079833984375,	0.11682510375976562
5847767500.0,	0.10739898681640625,	0.11672210693359375
5847813125.0,	0.10754776000976562,	0.11670684814453125
5847858750.0,	0.10709381103515625,	0.11690902709960938
5847904375.0,	0.10599517822265625,	0.11865997314453125
5847950000.0,	0.10498809814453125,	0.11712265014648438
5847995625.0,	0.10521697998046875,	0.11418533325195312
5848041250.0,	0.10669326782226562,	0.11761093139648438
5848086875.0,	0.1062164306640625,	0.11723709106445312
5848132500.0,	0.10643386840820312,	0.11755752563476562
5848178125.0,	0.10697555541992188,	0.11699295043945312
5848223750.0,	0.1043243408203125,	0.115966796875
5848269375.0,	0.1067962646484375,	0.11716842651367188
5848315000.0,	0.1069183349609375,	0.11539840698242188
5848360625.0,	0.10794448852539062,	0.11493682861328125
5848406250.0,	0.10655593872070312,	0.11644363403320312
5848451875.0,	0.10568618774414062,	0.11848068237304688
5848497500.0,	0.10468292236328125,	0.11551666259765625
5848543125.0,	0.10677719116210938,	0.1172637939453125
5848588750.0,	0.10630416870117188,	0.116912841796875
5848634375.0,	0.1070709228515625,	0.115203857421875
5848680000.0,	0.10616302490234375,	0.11434555053710938
5848725625.0,	0.10827255249023438,	0.11792755126953125
5848771250.0,	0.1080474853515625,	0.11539840698242188
5848816875.0,	0.10818862915039062,	0.11729049682617188
5848862500.0,	0.10726165771484375,	0.114898681640625
5848908125.0,	0.10748672485351562,	0.11425399780273438
5848953750.0,	0.107666015625,	0.11455154418945312
5848999375.0,	0.10726547241210938,	0.114105224609375
5849045000.0,	0.10687255859375,	0.114288330078125
5849090625.0,	0.10642623901367188,	0.11336898803710938
5849136250.0,	0.10748291015625,	0.11421585083007812
5849181875.0,	0.10834121704101562,	0.11523056030273438
5849227500.0,	0.1067962646484375,	0.11431121826171875
5849273125.0,	0.108062744140625,	0.11385345458984375
5849318750.0,	0.10865020751953125,	0.1153106689453125
5849364375.0,	0.10751724243164062,	0.11354446411132812
5849410000.0,	0.10727310180664062,	0.11319732666015625
5849455625.0,	0.10857009887695312,	0.1136932373046875
5849501250.0,	0.10859298706054688,	0.1143035888671875
5849546875.0,	0.10834121704101562,	0.11472702026367188
5849592500.0,	0.10668563842773438,	0.11328887939453125
5849638125.0,	0.10547256469726562,	0.11408615112304688
5849683750.0,	0.10755538940429688,	0.11579513549804688
5849729375.0,	0.10692214965820312,	0.1120452880859375
5849775000.0,	0.10711288452148438,	0.1147308349609375
5849820625.0,	0.10689926147460938,	0.11522674560546875
5849866250.0,	0.10989761352539062,	0.11232376098632812
5849911875.0,	0.10894012451171875,	0.11305999755859375
5849957500.0,	0.1074066162109375,	0.1110687255859375
5850003125.0,	0.10906600952148438,	0.11197662353515625
5850048750.0,	0.10881423950195312,	0.11356735229492188
5850094375.0,	0.10890960693359375,	0.11417770385742188
5850140000.0,	0.10560226440429688,	0.11153030395507812
5850185625.0,	0.10805892944335938,	0.11211013793945312
5850231250.0,	0.10997772216796875,	0.11340713500976562
5850276875.0,	0.10652923583984375,	0.1107330322265625
5850322500.0,	0.10976409912109375,	0.1123199462890625
5850368125.0,	0.10936737060546875,	0.1124114990234375
5850413750.0,	0.10912322998046875,	0.112152099609375
5850459375.0,	0.10895538330078125,	0.11403656005859375
5850505000.0,	0.10729598999023438,	0.11400222778320312
5850550625.0,	0.10835647583007812,	0.1107940673828125
5850596250.0,	0.110260009765625,	0.11082077026367188
5850641875.0,	0.10932540893554688,	0.11124038696289062
5850687500.0,	0.10765838623046875,	0.11029815673828125
5850733125.0,	0.10862350463867188,	0.11100006103515625
5850778750.0,	0.106719970703125,	0.1104278564453125
5850824375.0,	0.10937118530273438,	0.110687255859375
5850870000.0,	0.10918807983398438,	0.11154937744140625
5850915625.0,	0.109466552734375,	0.11179351806640625
5850961250.0,	0.1121673583984375,	0.11219024658203125
5851006875.0,	0.10878372192382812,	0.10984039306640625
5851052500.0,	0.10902786254882812,	0.10923385620117188
5851098125.0,	0.10665130615234375,	0.11101150512695312
5851143750.0,	0.1116485595703125,	0.11006927490234375
5851189375.0,	0.10999679565429688,	0.1115570068359375
5851235000.0,	0.10901641845703125,	0.11067581176757812
5851280625.0,	0.10905838012695312,	0.10928726196289062
5851326250.0,	0.10793304443359375,	0.10945892333984375
5851371875.0,	0.1092529296875,	0.11029052734375
5851417500.0,	0.11012649536132812,	0.10966873168945312
5851463125.0,	0.10949325561523438,	0.11098098754882812
5851508750.0,	0.11079788208007812,	0.10937118530273438
5851554375.0,	0.11085891723632812,	0.10938644409179688
5851600000.0,	0.1108856201171875,	0.10971832275390625
5851645625.0,	0.1093902587890625,	0.10950469970703125
5851691250.0,	0.10948944091796875,	0.10919189453125
5851736875.0,	0.10826873779296875,	0.10851669311523438
5851782500.0,	0.1103973388671875,	0.1071624755859375
5851828125.0,	0.11019134521484375,	0.10853958129882812
5851873750.0,	0.11025238037109375,	0.10984039306640625
5851919375.0,	0.10877227783203125,	0.11134719848632812
5851965000.0,	0.10883331298828125,	0.10950851440429688
5852010625.0,	0.11096954345703125,	0.10987472534179688
5852056250.0,	0.1103057861328125,	0.11064529418945312
5852101875.0,	0.10966110229492188,	0.10831451416015625
5852147500.0,	0.10880279541015625,	0.10807037353515625
5852193125.0,	0.11079025268554688,	0.107574462890625
5852238750.0,	0.10809326171875,	0.10753631591796875
5852284375.0,	0.10993576049804688,	0.10738372802734375
5852330000.0,	0.111663818359375,	0.108551025390625
5852375625.0,	0.11127853393554688,	0.1081695556640625
5852421250.0,	0.109954833984375,	0.10803604125976562
5852466875.0,	0.11014556884765625,	0.10631179809570312
5852512500.0,	0.11000442504882812,	0.11029815673828125
5852558125.0,	0.1113739013671875,	0.1090850830078125
5852603750.0,	0.10993194580078125,	0.10805892944335938
5852649375.0,	0.10900115966796875,	0.10558700561523438
5852695000.0,	0.1095123291015625,	0.10704421997070312
5852740625.0,	0.11014175415039062,	0.10715103149414062
5852786250.0,	0.10955429077148438,	0.1064910888671875
5852831875.0,	0.11069107055664062,	0.10824966430664062
5852877500.0,	0.11037826538085938,	0.10615921020507812
5852923125.0,	0.10966873168945312,	0.10645294189453125
5852968750.0,	0.10991668701171875,	0.10538101196289062
5853014375.0,	0.11052322387695312,	0.10544586181640625
5853060000.0,	0.11007308959960938,	0.10456085205078125
5853105625.0,	0.10788726806640625,	0.10542678833007812
5853151250.0,	0.11168670654296875,	0.10520172119140625
5853196875.0,	0.11016845703125,	0.10504531860351562
5853242500.0,	0.11237716674804688,	0.10801315307617188
5853288125.0,	0.11017990112304688,	0.10752487182617188
5853333750.0,	0.10910415649414062,	0.10500717163085938
5853379375.0,	0.10935592651367188,	0.1062469482421875
5853425000.0,	0.11041259765625,	0.10644149780273438
5853470625.0,	0.11116409301757812,	0.10549163818359375
5853516250.0,	0.11111068725585938,	0.10551834106445312
5853561875.0,	0.10912704467773438,	0.10391998291015625
5853607500.0,	0.111114501953125,	0.10475921630859375
5853653125.0,	0.11053848266601562,	0.10594940185546875
5853698750.0,	0.10988616943359375,	0.10453033447265625
5853744375.0,	0.1092987060546875,	0.10526275634765625
5853790000.0,	0.110992431640625,	0.10511398315429688
5853835625.0,	0.11032485961914062,	0.10669708251953125
5853881250.0,	0.11002731323242188,	0.1046295166015625
5853926875.0,	0.11115264892578125,	0.10548782348632812
5853972500.0,	0.11150741577148438,	0.1046295166015625
5854018125.0,	0.11110687255859375,	0.1046142578125
5854063750.0,	0.11119461059570312,	0.10493850708007812
5854109375.0,	0.11086654663085938,	0.10406494140625
5854155000.0,	0.11059951782226562,	0.10142135620117188
5854200625.0,	0.11035919189453125,	0.10639572143554688
5854246250.0,	0.11130142211914062,	0.10318374633789062
5854291875.0,	0.10919952392578125,	0.10224151611328125
5854337500.0,	0.11119461059570312,	0.10526275634765625
5854383125.0,	0.10912704467773438,	0.10552978515625
5854428750.0,	0.111297607421875,	0.10232925415039062
5854474375.0,	0.1112518310546875,	0.10300827026367188
5854520000.0,	0.11172866821289062,	0.10240554809570312
5854565625.0,	0.11150741577148438,	0.10165023803710938
5854611250.0,	0.11098861694335938,	0.1034698486328125
5854656875.0,	0.11104202270507812,	0.10044097900390625
5854702500.0,	0.111663818359375,	0.09963226318359375
5854748125.0,	0.11437606811523438,	0.1006317138671875
5854793750.0,	0.10950088500976562,	0.10295486450195312
5854839375.0,	0.11089706420898438,	0.10035324096679688
5854885000.0,	0.111358642578125,	0.10260009765625
5854930625.0,	0.11296844482421875,	0.1018218994140625
5854976250.0,	0.11248397827148438,	0.09947586059570312
5855021875.0,	0.11017227172851562,	0.101043701171875
5855067500.0,	0.10924148559570312,	0.10224151611328125
5855113125.0,	0.10992813110351562,	0.10123825073242188
5855158750.0,	0.11162567138671875,	0.101837158203125
5855204375.0,	0.11327362060546875,	0.1011505126953125
5855250000.0,	0.11193466186523438,	0.09989166259765625
5855295625.0,	0.11289596557617188,	0.10059356689453125
5855341250.0,	0.11296463012695312,	0.10026931762695312
5855386875.0,	0.11273193359375,	0.10131072998046875
5855432500.0,	0.11165618896484375,	0.10129928588867188
5855478125.0,	0.11271286010742188,	0.10247039794921875
5855523750.0,	0.1130218505859375,	0.10026931762695312
5855569375.0,	0.11213302612304688,	0.09830093383789062
5855615000.0,	0.11504364013671875,	0.10092544555664062
5855660625.0,	0.113311767578125,	0.0998687744140625
5855706250.0,	0.113067626953125,	0.103271484375
5855751875.0,	0.11166763305664062,	0.09761428833007812
5855797500.0,	0.1119537353515625,	0.10143661499023438
5855843125.0,	0.11268234252929688,	0.10016250610351562
5855888750.0,	0.11277389526367188,	0.09978866577148438
5855934375.0,	0.11345291137695312,	0.09898757934570312
5855980000.0,	0.11245346069335938,	0.09703826904296875
5856025625.0,	0.11334609985351562,	0.09885787963867188
5856071250.0,	0.11320114135742188,	0.09856033325195312
5856116875.0,	0.11357498168945312,	0.10043716430664062
5856162500.0,	0.11392593383789062,	0.09862899780273438
5856208125.0,	0.11167526245117188,	0.09934234619140625
5856253750.0,	0.11463546752929688,	0.09673309326171875
5856299375.0,	0.11182403564453125,	0.0977325439453125
5856345000.0,	0.11161041259765625,	0.0978240966796875
5856390625.0,	0.11255645751953125,	0.09734725952148438
5856436250.0,	0.11092376708984375,	0.09815216064453125
5856481875.0,	0.1127166748046875,	0.09687042236328125
5856527500.0,	0.11346817016601562,	0.09819793701171875
5856573125.0,	0.11223602294921875,	0.0982666015625
5856618750.0,	0.113861083984375,	0.0953826904296875
5856664375.0,	0.11421966552734375,	0.09772872924804688
5856710000.0,	0.11353302001953125,	0.09532546997070312
5856755625.0,	0.11285400390625,	0.09537506103515625
5856801250.0,	0.11260604858398438,	0.09928512573242188
5856846875.0,	0.11359405517578125,	0.09475326538085938
5856892500.0,	0.11560821533203125,	0.09649276733398438
5856938125.0,	0.11436843872070312,	0.09672927856445312
5856983750.0,	0.11370849609375,	0.09272003173828125
5857029375.0,	0.11380386352539062,	0.09537506103515625
5857075000.0,	0.11481857299804688,	0.09529495239257812
5857120625.0,	0.11445999145507812,	0.09344100952148438
5857166250.0,	0.1155853271484375,	0.09539794921875
5857211875.0,	0.11455535888671875,	0.09452438354492188
5857257500.0,	0.11351394653320312,	0.09429168701171875
5857303125.0,	0.11217117309570312,	0.0927734375
5857348750.0,	0.1140594482421875,	0.094970703125
5857394375.0,	0.11380767822265625,	0.09247970581054688
5857440000.0,	0.11461257934570312,	0.09184646606445312
5857485625.0,	0.11566543579101562,	0.09191131591796875
5857531250.0,	0.11418914794921875,	0.09113693237304688
5857576875.0,	0.11627197265625,	0.0936431884765625
5857622500.0,	0.11432647705078125,	0.09028244018554688
5857668125.0,	0.1154937744140625,	0.0921478271484375
5857713750.0,	0.115142822265625,	0.09456634521484375
5857759375.0,	0.1150970458984375,	0.09243011474609375
5857805000.0,	0.11472702026367188,	0.0921630859375
5857850625.0,	0.11407470703125,	0.09044265747070312
5857896250.0,	0.11496734619140625,	0.09171295166015625
5857941875.0,	0.11479568481445312,	0.08892059326171875
5857987500.0,	0.11557388305664062,	0.08972549438476562
5858033125.0,	0.1165924072265625,	0.09039306640625
5858078750.0,	0.1147003173828125,	0.08999252319335938
5858124375.0,	0.11463546752929688,	0.0908050537109375
5858170000.0,	0.11449813842773438,	0.09022903442382812
5858215625.0,	0.11719131469726562,	0.0903778076171875
5858261250.0,	0.11702728271484375,	0.08810806274414062
5858306875.0,	0.11413192749023438,	0.08896636962890625
5858352500.0,	0.1155242919921875,	0.08843231201171875
5858398125.0,	0.11536788940429688,	0.09097671508789062
5858443750.0,	0.11533737182617188,	0.08644866943359375
5858489375.0,	0.11666107177734375,	0.086822509765625
5858535000.0,	0.11619186401367188,	0.08565521240234375
5858580625.0,	0.11651992797851562,	0.08600616455078125
5858626250.0,	0.11688613891601562,	0.08787155151367188
5858671875.0,	0.11623001098632812,	0.0859375
5858717500.0,	0.11323928833007812,	0.08756256103515625
5858763125.0,	0.11809539794921875,	0.08527374267578125
5858808750.0,	0.116363525390625,	0.08394622802734375
5858854375.0,	0.11740875244140625,	0.0837249755859375
5858900000.0,	0.11786270141601562,	0.0841217041015625
5858945625.0,	0.116607666015625,	0.08510208129882812
5858991250.0,	0.118072509765625,	0.08380126953125
5859036875.0,	0.1163482666015625,	0.08468246459960938
5859082500.0,	0.11458206176757812,	0.08145904541015625
5859128125.0,	0.11434555053710938,	0.08051300048828125
5859173750.0,	0.115875244140625,	0.08327865600585938
5859219375.0,	0.11629867553710938,	0.0807952880859375
5859265000.0,	0.11610031127929688,	0.08266448974609375
5859310625.0,	0.11644363403320312,	0.08166885375976562
5859356250.0,	0.11888885498046875,	0.081268310546875
5859401875.0,	0.11623001098632812,	0.079376220703125
5859447500.0,	0.11562728881835938,	0.08128738403320312
5859493125.0,	0.11685562133789062,	0.07999801635742188
5859538750.0,	0.11765670776367188,	0.079254150390625
5859584375.0,	0.116302490234375,	0.078155517578125
5859630000.0,	0.11602401733398438,	0.08025741577148438
5859675625.0,	0.11722946166992188,	0.07847213745117188
5859721250.0,	0.11723709106445312,	0.07713699340820312
5859766875.0,	0.11705398559570312,	0.07651519775390625
5859812500.0,	0.11853408813476562,	0.07736968994140625
5859858125.0,	0.11761093139648438,	0.07558822631835938
5859903750.0,	0.118011474609375,	0.07633209228515625
5859949375.0,	0.117156982421875,	0.07648849487304688
5859995000.0,	0.117156982421875,	0.07431411743164062
5860040625.0,	0.11750030517578125,	0.07375335693359375
5860086250.0,	0.11745071411132812,	0.07556533813476562
5860131875.0,	0.11833572387695312,	0.07451629638671875
5860177500.0,	0.11748123168945312,	0.07483291625976562
5860223125.0,	0.11834335327148438,	0.07227325439453125
5860268750.0,	0.11710357666015625,	0.07123947143554688
5860314375.0,	0.1173553466796875,	0.0703887939453125
5860360000.0,	0.11629867553710938,	0.07042312622070312
5860405625.0,	0.1170806884765625,	0.07073593139648438
5860451250.0,	0.11492538452148438,	0.07018661499023438
5860496875.0,	0.11542510986328125,	0.06884765625
5860542500.0,	0.11651992797851562,	0.067413330078125
5860588125.0,	0.11484146118164062,	0.0682373046875
5860633750.0,	0.11542129516601562,	0.0702667236328125
5860679375.0,	0.11677169799804688,	0.06726837158203125
5860725000.0,	0.11728668212890625,	0.06637954711914062
5860770625.0,	0.11532211303710938,	0.06591415405273438
5860816250.0,	0.11486434936523438,	0.06766128540039062
5860861875.0,	0.11472320556640625,	0.06270217895507812
5860907500.0,	0.11527633666992188,	0.06256484985351562
5860953125.0,	0.11535263061523438,	0.06307220458984375
5860998750.0,	0.1150970458984375,	0.061614990234375
5861044375.0,	0.1125946044921875,	0.06258392333984375
5861090000.0,	0.11333847045898438,	0.06351089477539062
5861135625.0,	0.11295318603515625,	0.060527801513671875
5861181250.0,	0.112884521484375,	0.0599822998046875
5861226875.0,	0.11113357543945312,	0.058284759521484375
5861272500.0,	0.11109161376953125,	0.057964324951171875
5861318125.0,	0.11175537109375,	0.05785369873046875
5861363750.0,	0.11249160766601562,	0.0588836669921875
5861409375.0,	0.1110687255859375,	0.0567779541015625
5861455000.0,	0.11159133911132812,	0.054943084716796875
5861500625.0,	0.10969161987304688,	0.056865692138671875
5861546250.0,	0.10872268676757812,	0.05487823486328125
5861591875.0,	0.10889816284179688,	0.054782867431640625
5861637500.0,	0.10880279541015625,	0.0539093017578125
5861683125.0,	0.1102142333984375,	0.051120758056640625
5861728750.0,	0.10725021362304688,	0.051609039306640625
5861774375.0,	0.10737228393554688,	0.04990386962890625
5861820000.0,	0.10590362548828125,	0.05092620849609375
5861865625.0,	0.10723114013671875,	0.05020904541015625
5861911250.0,	0.10570144653320312,	0.048309326171875
5861956875.0,	0.10314559936523438,	0.04822540283203125
5862002500.0,	0.10060882568359375,	0.0488128662109375
5862048125.0,	0.10152435302734375,	0.04761505126953125
5862093750.0,	0.10271453857421875,	0.046695709228515625
5862139375.0,	0.10197067260742188,	0.0442657470703125
5862185000.0,	0.10147857666015625,	0.04714202880859375
5862230625.0,	0.09973907470703125,	0.045536041259765625
5862276250.0,	0.09875106811523438,	0.04332733154296875
5862321875.0,	0.09621810913085938,	0.043247222900390625
5862367500.0,	0.0977935791015625,	0.042583465576171875
5862413125.0,	0.09708404541015625,	0.04314422607421875
5862458750.0,	0.095977783203125,	0.0431060791015625
5862504375.0,	0.09243011474609375,	0.041835784912109375
5862550000.0,	0.09235763549804688,	0.041980743408203125
5862595625.0,	0.09024810791015625,	0.041240692138671875
5862641250.0,	0.09058380126953125,	0.04103851318359375
5862686875.0,	0.08842849731445312,	0.03981781005859375
5862732500.0,	0.0892486572265625,	0.039379119873046875
5862778125.0,	0.089111328125,	0.03868865966796875
5862823750.0,	0.08612060546875,	0.0384521484375
5862869375.0,	0.08714675903320312,	0.038654327392578125
5862915000.0,	0.08443832397460938,	0.038242340087890625
5862960625.0,	0.08377838134765625,	0.03940582275390625
5863006250.0,	0.08084869384765625,	0.038417816162109375
5863051875.0,	0.08175277709960938,	0.037227630615234375
5863097500.0,	0.08099746704101562,	0.038364410400390625
5863143125.0,	0.07953643798828125,	0.039249420166015625
5863188750.0,	0.07609176635742188,	0.0376434326171875
5863234375.0,	0.07561492919921875,	0.037841796875
5863280000.0,	0.0770416259765625,	0.03759002685546875
5863325625.0,	0.07480239868164062,	0.03745269775390625
5863371250.0,	0.07451248168945312,	0.03849029541015625
5863416875.0,	0.07283782958984375,	0.03852081298828125
5863462500.0,	0.07119369506835938,	0.039093017578125
5863508125.0,	0.07121658325195312,	0.03829193115234375
5863553750.0,	0.067657470703125,	0.040050506591796875
5863599375.0,	0.06811904907226562,	0.039459228515625
5863645000.0,	0.06840896606445312,	0.03998565673828125
5863690625.0,	0.06551742553710938,	0.041347503662109375
5863736250.0,	0.06548309326171875,	0.0404052734375
5863781875.0,	0.06466293334960938,	0.040271759033203125
5863827500.0,	0.061985015869140625,	0.04290199279785156
5863873125.0,	0.063934326171875,	0.04108428955078125
5863918750.0,	0.06085205078125,	0.04296112060546875
5863964375.0,	0.05922698974609375,	0.04396629333496094
5864010000.0,	0.06005668640136719,	0.04335594177246094
5864055625.0,	0.056396484375,	0.04480171203613281
5864101250.0,	0.05814170837402344,	0.045719146728515625
5864146875.0,	0.05678749084472656,	0.04545783996582031
5864192500.0,	0.055957794189453125,	0.04535675048828125
5864238125.0,	0.053119659423828125,	0.047344207763671875
5864283750.0,	0.056072235107421875,	0.047054290771484375
5864329375.0,	0.05348396301269531,	0.05054473876953125
5864375000.0,	0.05263519287109375,	0.047969818115234375
5864420625.0,	0.051891326904296875,	0.047122955322265625
5864466250.0,	0.052398681640625,	0.04896354675292969
5864511875.0,	0.04991912841796875,	0.048923492431640625
5864557500.0,	0.050006866455078125,	0.05291557312011719
5864603125.0,	0.04917716979980469,	0.052341461181640625
5864648750.0,	0.04926109313964844,	0.0517578125
5864694375.0,	0.04929161071777344,	0.05335426330566406
5864740000.0,	0.04683876037597656,	0.052982330322265625
5864785625.0,	0.04886817932128906,	0.05377960205078125
5864831250.0,	0.04862213134765625,	0.05373954772949219
5864876875.0,	0.047077178955078125,	0.05557060241699219
5864922500.0,	0.04716682434082031,	0.057430267333984375
5864968125.0,	0.04481697082519531,	0.0547332763671875
5865013750.0,	0.04639625549316406,	0.05816078186035156
5865059375.0,	0.044536590576171875,	0.05704307556152344
5865105000.0,	0.04540443420410156,	0.05796241760253906
5865150625.0,	0.04494476318359375,	0.05977630615234375
5865196250.0,	0.044586181640625,	0.06017494201660156
5865241875.0,	0.04428863525390625,	0.06061553955078125
5865287500.0,	0.041866302490234375,	0.062213897705078125
5865333125.0,	0.044261932373046875,	0.06258773803710938
5865378750.0,	0.041355133056640625,	0.06535720825195312
5865424375.0,	0.042999267578125,	0.06526565551757812
5865470000.0,	0.04076385498046875,	0.0657501220703125
5865515625.0,	0.042453765869140625,	0.06498336791992188
5865561250.0,	0.042510986328125,	0.06656646728515625
5865606875.0,	0.039669036865234375,	0.06676864624023438
5865652500.0,	0.0413360595703125,	0.067230224609375
5865698125.0,	0.042301177978515625,	0.06752777099609375
5865743750.0,	0.043254852294921875,	0.06862258911132812
5865789375.0,	0.0421600341796875,	0.067474365234375
5865835000.0,	0.04195404052734375,	0.0682830810546875
5865880625.0,	0.041324615478515625,	0.07005691528320312
5865926250.0,	0.041660308837890625,	0.06958770751953125
5865971875.0,	0.0414276123046875,	0.07262802124023438
5866017500.0,	0.04152679443359375,	0.07415771484375
5866063125.0,	0.041248321533203125,	0.07413482666015625
5866108750.0,	0.040149688720703125,	0.07452011108398438
5866154375.0,	0.04064178466796875,	0.07505035400390625
5866200000.0,	0.0420989990234375,	0.07737350463867188
5866245625.0,	0.040851593017578125,	0.07648086547851562
5866291250.0,	0.041385650634765625,	0.07562637329101562
5866336875.0,	0.042095184326171875,	0.0804290771484375
5866382500.0,	0.04044342041015625,	0.0764923095703125
5866428125.0,	0.041049957275390625,	0.07614898681640625
5866473750.0,	0.040802001953125,	0.07696914672851562
5866519375.0,	0.041271209716796875,	0.0788116455078125
5866565000.0,	0.041904449462890625,	0.08018112182617188
5866610625.0,	0.043331146240234375,	0.07924270629882812
5866656250.0,	0.0414886474609375,	0.08099746704101562
5866701875.0,	0.039455413818359375,	0.0795135498046875
5866747500.0,	0.040424346923828125,	0.08133697509765625
5866793125.0,	0.04251861572265625,	0.0794219970703125
5866838750.0,	0.041492462158203125,	0.08148574829101562
5866884375.0,	0.041133880615234375,	0.08098602294921875
5866930000.0,	0.040805816650390625,	0.08178329467773438
5866975625.0,	0.0416717529296875,	0.08265304565429688
5867021250.0,	0.041980743408203125,	0.08600616455078125
5867066875.0,	0.04077911376953125,	0.08639144897460938
5867112500.0,	0.04264068603515625,	0.083251953125
5867158125.0,	0.04155731201171875,	0.083831787109375
5867203750.0,	0.041522979736328125,	0.08661651611328125
5867249375.0,	0.04309844970703125,	0.087554931640625
5867295000.0,	0.043582916259765625,	0.08697128295898438
5867340625.0,	0.041290283203125,	0.08612823486328125
5867386250.0,	0.042205810546875,	0.09029006958007812
5867431875.0,	0.0417022705078125,	0.08861923217773438
5867477500.0,	0.04266357421875,	0.08786773681640625
5867523125.0,	0.042629241943359375,	0.08801651000976562
5867568750.0,	0.042003631591796875,	0.09017181396484375
5867614375.0,	0.0429840087890625,	0.08879852294921875
5867660000.0,	0.0402374267578125,	0.08943557739257812
5867705625.0,	0.044071197509765625,	0.08751296997070312
5867751250.0,	0.0425872802734375,	0.09069061279296875
5867796875.0,	0.045597076416015625,	0.0903472900390625
5867842500.0,	0.041759490966796875,	0.090240478515625
5867888125.0,	0.04396820068359375,	0.08955764770507812
5867933750.0,	0.043895721435546875,	0.09035491943359375
5867979375.0,	0.0454864501953125,	0.09119033813476562
5868025000.0,	0.04541778564453125,	0.09196090698242188
5868070625.0,	0.0449066162109375,	0.09149932861328125
5868116250.0,	0.04395294189453125,	0.09409332275390625
5868161875.0,	0.044910430908203125,	0.09300994873046875
5868207500.0,	0.0436859130859375,	0.09273529052734375
5868253125.0,	0.045894622802734375,	0.09386444091796875
5868298750.0,	0.045871734619140625,	0.09199142456054688
5868344375.0,	0.0455322265625,	0.09413528442382812
5868390000.0,	0.046539306640625,	0.09375
5868435625.0,	0.045764923095703125,	0.09534072875976562
5868481250.0,	0.042514801025390625,	0.09395599365234375
5868526875.0,	0.046672821044921875,	0.0934600830078125
5868572500.0,	0.04521942138671875,	0.09601211547851562
5868618125.0,	0.046596527099609375,	0.09554290771484375
5868663750.0,	0.045001983642578125,	0.09557723999023438
5868709375.0,	0.04705810546875,	0.09741973876953125
5868755000.0,	0.04671478271484375,	0.0954132080078125
5868800625.0,	0.0452423095703125,	0.09511947631835938
5868846250.0,	0.046051025390625,	0.09647750854492188
5868891875.0,	0.047695159912109375,	0.09656906127929688
5868937500.0,	0.047130584716796875,	0.09749603271484375
5868983125.0,	0.047832489013671875,	0.09587860107421875
5869028750.0,	0.0470733642578125,	0.09607315063476562
5869074375.0,	0.047210693359375,	0.09760665893554688
5869120000.0,	0.046539306640625,	0.09549331665039062
5869165625.0,	0.049259185791015625,	0.09798812866210938
5869211250.0,	0.048984527587890625,	0.09967422485351562
5869256875.0,	0.048816680908203125,	0.09589385986328125
5869302500.0,	0.04953765869140625,	0.09703445434570312
5869348125.0,	0.04912567138671875,	0.09814834594726562
5869393750.0,	0.047840118408203125,	0.09928512573242188
5869439375.0,	0.0485382080078125,	0.09919357299804688
5869485000.0,	0.050388336181640625,	0.09774398803710938
5869530625.0,	0.049747467041015625,	0.097747802734375
5869576250.0,	0.04973602294921875,	0.09738922119140625
5869621875.0,	0.048847198486328125,	0.09871292114257812
5869667500.0,	0.0514373779296875,	0.09762954711914062
5869713125.0,	0.05098724365234375,	0.10037612915039062
5869758750.0,	0.04901885986328125,	0.09967041015625
5869804375.0,	0.05054473876953125,	0.09921646118164062
5869850000.0,	0.047672271728515625,	0.09915924072265625
5869895625.0,	0.050312042236328125,	0.1014862060546875
5869941250.0,	0.051036834716796875,	0.09971237182617188
5869986875.0,	0.05019378662109375,	0.10063934326171875
5870032500.0,	0.051326751708984375,	0.10125350952148438
5870078125.0,	0.05112457275390625,	0.10212326049804688
5870123750.0,	0.0498199462890625,	0.10288619995117188
5870169375.0,	0.05002593994140625,	0.10339736938476562
5870215000.0,	0.05193328857421875,	0.09982681274414062
5870260625.0,	0.049549102783203125,	0.10039520263671875
5870306250.0,	0.051784515380859375,	0.09949874877929688
5870351875.0,	0.05095672607421875,	0.10041046142578125
5870397500.0,	0.05226898193359375,	0.10224533081054688
5870443125.0,	0.051624298095703125,	0.10128402709960938
5870488750.0,	0.0537567138671875,	0.10147857666015625
5870534375.0,	0.052181243896484375,	0.10127639770507812
5870580000.0,	0.052745819091796875,	0.1004638671875
5870625625.0,	0.0515899658203125,	0.10218429565429688
5870671250.0,	0.05132293701171875,	0.1027679443359375
5870716875.0,	0.050647735595703125,	0.1029052734375
5870762500.0,	0.052886962890625,	0.10279083251953125
5870808125.0,	0.05267333984375,	0.10291671752929688
5870853750.0,	0.05086517333984375,	0.10347747802734375
5870899375.0,	0.0528411865234375,	0.10467147827148438
5870945000.0,	0.05350494384765625,	0.10351181030273438
5870990625.0,	0.05132293701171875,	0.10283660888671875
5871036250.0,	0.05196380615234375,	0.10333251953125
5871081875.0,	0.052341461181640625,	0.1045379638671875
5871127500.0,	0.05145263671875,	0.10277557373046875
5871173125.0,	0.05214691162109375,	0.10437393188476562
5871218750.0,	0.0524139404296875,	0.1027679443359375
5871264375.0,	0.05564117431640625,	0.1043243408203125
5871310000.0,	0.052013397216796875,	0.10416412353515625
5871355625.0,	0.052913665771484375,	0.10457611083984375
5871401250.0,	0.050815582275390625,	0.1036834716796875
5871446875.0,	0.051990509033203125,	0.10460281372070312
5871492500.0,	0.054409027099609375,	0.10373687744140625
5871538125.0,	0.053928375244140625,	0.10606765747070312
5871583750.0,	0.05429840087890625,	0.1048431396484375
5871629375.0,	0.053165435791015625,	0.1048431396484375
5871675000.0,	0.05367279052734375,	0.10285568237304688
5871720625.0,	0.05384063720703125,	0.10369110107421875
5871766250.0,	0.054065704345703125,	0.10614776611328125
5871811875.0,	0.05483245849609375,	0.10344696044921875
5871857500.0,	0.05350494384765625,	0.10359573364257812
5871903125.0,	0.05478668212890625,	0.10207748413085938
5871948750.0,	0.053974151611328125,	0.10503387451171875
5871994375.0,	0.05657958984375,	0.1046600341796875
5872040000.0,	0.054355621337890625,	0.10398101806640625
5872085625.0,	0.054798126220703125,	0.10489273071289062
5872131250.0,	0.056182861328125,	0.10609054565429688
5872176875.0,	0.05573272705078125,	0.105194091796875
5872222500.0,	0.0543212890625,	0.10291290283203125
5872268125.0,	0.054759979248046875,	0.10634613037109375
5872313750.0,	0.054515838623046875,	0.10469818115234375
5872359375.0,	0.054477691650390625,	0.10617446899414062
5872405000.0,	0.055267333984375,	0.10651016235351562
5872450625.0,	0.0554046630859375,	0.10710906982421875
5872496250.0,	0.056491851806640625,	0.10453033447265625
5872541875.0,	0.055515289306640625,	0.10578536987304688
5872587500.0,	0.0597686767578125,	0.1054229736328125
5872633125.0,	0.055866241455078125,	0.10540771484375
5872678750.0,	0.057231903076171875,	0.10604095458984375
5872724375.0,	0.0568389892578125,	0.106719970703125
5872770000.0,	0.056766510009765625,	0.10622024536132812
5872815625.0,	0.05574798583984375,	0.10758209228515625
5872861250.0,	0.054859161376953125,	0.10647201538085938
5872906875.0,	0.05698394775390625,	0.10741424560546875
5872952500.0,	0.05733489990234375,	0.1067047119140625
5872998125.0,	0.056339263916015625,	0.10604476928710938
5873043750.0,	0.05654144287109375,	0.1063385009765625
5873089375.0,	0.05584716796875,	0.105560302734375
5873135000.0,	0.0561065673828125,	0.10683441162109375
5873180625.0,	0.05478668212890625,	0.10590744018554688
5873226250.0,	0.058197021484375,	0.10814285278320312
5873271875.0,	0.05572509765625,	0.10734939575195312
5873317500.0,	0.0579833984375,	0.10772705078125
5873363125.0,	0.05634307861328125,	0.10708999633789062
5873408750.0,	0.056499481201171875,	0.10799026489257812
5873454375.0,	0.05625152587890625,	0.10757064819335938
5873500000.0,	0.056896209716796875,	0.1079559326171875
5873545625.0,	0.057537078857421875,	0.10632705688476562
5873591250.0,	0.05654144287109375,	0.10798263549804688
5873636875.0,	0.057621002197265625,	0.10593032836914062
5873682500.0,	0.05652618408203125,	0.10512542724609375
5873728125.0,	0.057498931884765625,	0.10756301879882812
5873773750.0,	0.05722808837890625,	0.10687255859375
5873819375.0,	0.05860137939453125,	0.1070404052734375
5873865000.0,	0.05735015869140625,	0.10633087158203125
5873910625.0,	0.05767059326171875,	0.11010360717773438
5873956250.0,	0.05902862548828125,	0.10794830322265625
5874001875.0,	0.055889129638671875,	0.10851287841796875
5874047500.0,	0.058750152587890625,	0.106842041015625
5874093125.0,	0.05892181396484375,	0.10877609252929688
5874138750.0,	0.05742645263671875,	0.10964202880859375
5874184375.0,	0.057880401611328125,	0.10903167724609375
5874230000.0,	0.058147430419921875,	0.10853195190429688
5874275625.0,	0.056827545166015625,	0.10815811157226562
5874321250.0,	0.058536529541015625,	0.1082000732421875
5874366875.0,	0.056430816650390625,	0.10795211791992188
5874412500.0,	0.06008148193359375,	0.108978271484375
5874458125.0,	0.059722900390625,	0.10837554931640625
5874503750.0,	0.058681488037109375,	0.107391357421875
5874549375.0,	0.058349609375,	0.10922622680664062
5874595000.0,	0.05843353271484375,	0.10899734497070312
5874640625.0,	0.0609130859375,	0.10845947265625
5874686250.0,	0.058452606201171875,	0.10872268676757812
5874731875.0,	0.05930328369140625,	0.10876846313476562
5874777500.0,	0.058155059814453125,	0.10677719116210938
5874823125.0,	0.0606231689453125,	0.10985946655273438
5874868750.0,	0.060184478759765625,	0.10811233520507812
5874914375.0,	0.0584564208984375,	0.10815811157226562
5874960000.0,	0.058933258056640625,	0.1091766357421875
5875005625.0,	0.05829620361328125,	0.108428955078125
5875051250.0,	0.058185577392578125,	0.10804367065429688
5875096875.0,	0.057750701904296875,	0.10976409912109375
5875142500.0,	0.05834197998046875,	0.1074676513671875
5875188125.0,	0.0599365234375,	0.10791397094726562
5875233750.0,	0.061222076416015625,	0.11119461059570312
5875279375.0,	0.058013916015625,	0.1107330322265625
5875325000.0,	0.060268402099609375,	0.10778045654296875
5875370625.0,	0.059772491455078125,	0.10900497436523438
5875416250.0,	0.059581756591796875,	0.10963821411132812
5875461875.0,	0.0597076416015625,	0.11020278930664062
5875507500.0,	0.06002044677734375,	0.10879898071289062
5875553125.0,	0.06206512451171875,	0.11059188842773438
5875598750.0,	0.060028076171875,	0.108551025390625
5875644375.0,	0.060199737548828125,	0.10677719116210938
5875690000.0,	0.05898284912109375,	0.1093597412109375
5875735625.0,	0.05977630615234375,	0.10999298095703125
5875781250.0,	0.060825347900390625,	0.10924148559570312
5875826875.0,	0.058826446533203125,	0.10886764526367188
5875872500.0,	0.05838775634765625,	0.10882186889648438
5875918125.0,	0.05976104736328125,	0.10927963256835938
5875963750.0,	0.060756683349609375,	0.10863494873046875
5876009375.0,	0.060394287109375,	0.1102294921875
5876055000.0,	0.059719085693359375,	0.10988998413085938
5876100625.0,	0.062114715576171875,	0.10979080200195312
5876146250.0,	0.060840606689453125,	0.11048126220703125
5876191875.0,	0.05960845947265625,	0.10895156860351562
5876237500.0,	0.058971405029296875,	0.11035919189453125
5876283125.0,	0.0602264404296875,	0.11075210571289062
5876328750.0,	0.059967041015625,	0.11180877685546875
5876374375.0,	0.059238433837890625,	0.11237335205078125
5876420000.0,	0.06011199951171875,	0.11121368408203125
5876465625.0,	0.0597686767578125,	0.1104888916015625
5876511250.0,	0.059642791748046875,	0.1096649169921875
5876556875.0,	0.06221771240234375,	0.11104202270507812
5876602500.0,	0.059940338134765625,	0.10906982421875
5876648125.0,	0.060253143310546875,	0.10976791381835938
5876693750.0,	0.06157684326171875,	0.11120986938476562
5876739375.0,	0.06107330322265625,	0.11116790771484375
5876785000.0,	0.061004638671875,	0.10890579223632812
5876830625.0,	0.061676025390625,	0.11159896850585938
5876876250.0,	0.0628509521484375,	0.11188507080078125
5876921875.0,	0.06370162963867188,	0.11163330078125
5876967500.0,	0.061985015869140625,	0.11031341552734375
5877013125.0,	0.06114959716796875,	0.10990524291992188
5877058750.0,	0.059051513671875,	0.10972213745117188
5877104375.0,	0.06081390380859375,	0.10996627807617188
5877150000.0,	0.06146240234375,	0.11448287963867188
5877195625.0,	0.062076568603515625,	0.10953903198242188
5877241250.0,	0.06055450439453125,	0.11240005493164062
5877286875.0,	0.0607757568359375,	0.1116790771484375
5877332500.0,	0.06020355224609375,	0.11005401611328125
5877378125.0,	0.061939239501953125,	0.11114120483398438
5877423750.0,	0.0604400634765625,	0.11236190795898438
5877469375.0,	0.059932708740234375,	0.10947036743164062
5877515000.0,	0.06366348266601562,	0.11063766479492188
5877560625.0,	0.060825347900390625,	0.11318588256835938
5877606250.0,	0.06322097778320312,	0.11051559448242188
5877651875.0,	0.061435699462890625,	0.11169052124023438
5877697500.0,	0.06291961669921875,	0.1106719970703125
5877743125.0,	0.06299591064453125,	0.10968017578125
5877788750.0,	0.061336517333984375,	0.10992813110351562
5877834375.0,	0.059661865234375,	0.1115875244140625
5877880000.0,	0.06365203857421875,	0.11162567138671875
5877925625.0,	0.06354904174804688,	0.11097335815429688
5877971250.0,	0.05962371826171875,	0.11156082153320312
5878016875.0,	0.061771392822265625,	0.11022567749023438
5878062500.0,	0.0618743896484375,	0.1100921630859375
5878108125.0,	0.061977386474609375,	0.1110076904296875
5878153750.0,	0.06485748291015625,	0.11240768432617188
5878199375.0,	0.061252593994140625,	0.11348342895507812
5878245000.0,	0.061344146728515625,	0.1126556396484375
5878290625.0,	0.0630035400390625,	0.1118927001953125
5878336250.0,	0.060688018798828125,	0.11110305786132812
5878381875.0,	0.06180572509765625,	0.11233139038085938
5878427500.0,	0.060451507568359375,	0.11124038696289062
5878473125.0,	0.06301498413085938,	0.11034011840820312
5878518750.0,	0.06048583984375,	0.11220932006835938
5878564375.0,	0.06275177001953125,	0.10937881469726562
5878610000.0,	0.06281661987304688,	0.11225128173828125
5878655625.0,	0.0649566650390625,	0.11175918579101562
5878701250.0,	0.06108856201171875,	0.11183929443359375
5878746875.0,	0.06220245361328125,	0.11224365234375
5878792500.0,	0.06345367431640625,	0.11137771606445312
5878838125.0,	0.06552886962890625,	0.11112594604492188
5878883750.0,	0.06364822387695312,	0.11212158203125
5878929375.0,	0.060916900634765625,	0.11340713500976562
5878975000.0,	0.06227874755859375,	0.11250686645507812
5879020625.0,	0.062713623046875,	0.11340713500976562
5879066250.0,	0.06249237060546875,	0.112152099609375
5879111875.0,	0.06326675415039062,	0.11034011840820312
5879157500.0,	0.06361770629882812,	0.11231231689453125
5879203125.0,	0.06131744384765625,	0.11165618896484375
5879248750.0,	0.06426239013671875,	0.11148834228515625
5879294375.0,	0.06364059448242188,	0.11204147338867188
5879340000.0,	0.06429672241210938,	0.11219024658203125
5879385625.0,	0.06517791748046875,	0.11437606811523438
5879431250.0,	0.06407546997070312,	0.1126251220703125
5879476875.0,	0.06191253662109375,	0.11360931396484375
5879522500.0,	0.06299591064453125,	0.11301422119140625
5879568125.0,	0.06296920776367188,	0.11367416381835938
5879613750.0,	0.063507080078125,	0.11178207397460938
5879659375.0,	0.0622100830078125,	0.11278915405273438
5879705000.0,	0.062335968017578125,	0.11186981201171875
5879750625.0,	0.06295394897460938,	0.11205673217773438
5879796250.0,	0.06458663940429688,	0.11176300048828125
5879841875.0,	0.06215667724609375,	0.11494064331054688
5879887500.0,	0.06250381469726562,	0.11127471923828125
5879933125.0,	0.06470870971679688,	0.11334228515625
5879978750.0,	0.06198883056640625,	0.11431121826171875
5880024375.0,	0.06370925903320312,	0.11244583129882812
5880070000.0,	0.06395721435546875,	0.11153793334960938
5880115625.0,	0.06279754638671875,	0.113189697265625
5880161250.0,	0.06480026245117188,	0.113037109375
5880206875.0,	0.061885833740234375,	0.113067626953125
5880252500.0,	0.064727783203125,	0.11070632934570312
5880298125.0,	0.06348800659179688,	0.11168289184570312
5880343750.0,	0.064117431640625,	0.11357498168945312
5880389375.0,	0.06475830078125,	0.11219406127929688
5880435000.0,	0.06348800659179688,	0.1114959716796875
5880480625.0,	0.06571197509765625,	0.11333465576171875
5880526250.0,	0.06251907348632812,	0.1128387451171875
5880571875.0,	0.06578445434570312,	0.11266326904296875
5880617500.0,	0.06447219848632812,	0.11411666870117188
5880663125.0,	0.06380844116210938,	0.11590957641601562
5880708750.0,	0.06338882446289062,	0.11388397216796875
5880754375.0,	0.06299972534179688,	0.1136474609375
5880800000.0,	0.06511306762695312,	0.11377334594726562
5880845625.0,	0.0645294189453125,	0.11224365234375
5880891250.0,	0.06411361694335938,	0.1135711669921875
5880936875.0,	0.06520843505859375,	0.11450576782226562
5880982500.0,	0.06446456909179688,	0.1124114990234375
5881028125.0,	0.06472396850585938,	0.113861083984375
5881073750.0,	0.0630950927734375,	0.11182785034179688
5881119375.0,	0.0668487548828125,	0.1152191162109375
5881165000.0,	0.06414413452148438,	0.11049652099609375
5881210625.0,	0.062774658203125,	0.11455535888671875
5881256250.0,	0.06374740600585938,	0.114959716796875
5881301875.0,	0.06381988525390625,	0.11336898803710938
5881347500.0,	0.0647430419921875,	0.11252212524414062
5881393125.0,	0.06502914428710938,	0.11582183837890625
5881438750.0,	0.06549072265625,	0.11316680908203125
5881484375.0,	0.0663604736328125,	0.11311721801757812
5881530000.0,	0.06276702880859375,	0.11285018920898438
5881575625.0,	0.06404495239257812,	0.11421966552734375
5881621250.0,	0.06453704833984375,	0.11461639404296875
5881666875.0,	0.06389617919921875,	0.11379623413085938
5881712500.0,	0.06364822387695312,	0.11383056640625
5881758125.0,	0.06505966186523438,	0.1119384765625
5881803750.0,	0.063629150390625,	0.11432266235351562
5881849375.0,	0.0639190673828125,	0.1141204833984375
5881895000.0,	0.06580734252929688,	0.11483001708984375
5881940625.0,	0.06515884399414062,	0.11244964599609375
5881986250.0,	0.06521987915039062,	0.11487197875976562
5882031875.0,	0.06293106079101562,	0.11498641967773438
5882077500.0,	0.06434249877929688,	0.11536407470703125
5882123125.0,	0.0643157958984375,	0.11714553833007812
5882168750.0,	0.06464004516601562,	0.11504745483398438
5882214375.0,	0.06559371948242188,	0.1149444580078125
5882260000.0,	0.0660400390625,	0.11641311645507812
5882305625.0,	0.06417465209960938,	0.11640167236328125
5882351250.0,	0.0649261474609375,	0.11459732055664062
5882396875.0,	0.06507492065429688,	0.1131744384765625
5882442500.0,	0.0656890869140625,	0.11618804931640625
5882488125.0,	0.0657196044921875,	0.11510848999023438
5882533750.0,	0.0647430419921875,	0.11751937866210938
5882579375.0,	0.06595230102539062,	0.11254501342773438
5882625000.0,	0.06582260131835938,	0.11441802978515625
5882670625.0,	0.06615447998046875,	0.11208343505859375
5882716250.0,	0.06740188598632812,	0.11371612548828125
5882761875.0,	0.06505966186523438,	0.11244964599609375
5882807500.0,	0.0645904541015625,	0.11523056030273438
5882853125.0,	0.06603622436523438,	0.112823486328125
5882898750.0,	0.06786727905273438,	0.1146392822265625
5882944375.0,	0.0662689208984375,	0.11550140380859375
5882990000.0,	0.06563186645507812,	0.11469650268554688
5883035625.0,	0.06439971923828125,	0.116180419921875
5883081250.0,	0.06546401977539062,	0.11313247680664062
5883126875.0,	0.06484603881835938,	0.11648941040039062
5883172500.0,	0.06343841552734375,	0.1150665283203125
5883218125.0,	0.06769180297851562,	0.11578369140625
5883263750.0,	0.064727783203125,	0.11334991455078125
5883309375.0,	0.06671905517578125,	0.114959716796875
5883355000.0,	0.06890106201171875,	0.11378097534179688
5883400625.0,	0.06533432006835938,	0.11715316772460938
5883446250.0,	0.0653839111328125,	0.115631103515625
5883491875.0,	0.06523513793945312,	0.11545562744140625
5883537500.0,	0.06587600708007812,	0.11668777465820312
5883583125.0,	0.0664520263671875,	0.11539459228515625
5883628750.0,	0.06618881225585938,	0.11521530151367188
5883674375.0,	0.06422805786132812,	0.114227294921875
5883720000.0,	0.06721115112304688,	0.11509323120117188
5883765625.0,	0.0671539306640625,	0.11457061767578125
5883811250.0,	0.06644058227539062,	0.11490631103515625
5883856875.0,	0.0668487548828125,	0.11534500122070312
5883902500.0,	0.06670379638671875,	0.11440658569335938
5883948125.0,	0.06643295288085938,	0.11426544189453125
5883993750.0,	0.0655670166015625,	0.11452865600585938
5884039375.0,	0.06629562377929688,	0.11548233032226562
5884085000.0,	0.06490325927734375,	0.11946868896484375
5884130625.0,	0.06661605834960938,	0.1164398193359375
5884176250.0,	0.0670928955078125,	0.114593505859375
5884221875.0,	0.06586074829101562,	0.11356735229492188
5884267500.0,	0.0647125244140625,	0.11652755737304688
5884313125.0,	0.06512451171875,	0.11341094970703125
5884358750.0,	0.06805419921875,	0.11648941040039062
5884404375.0,	0.06644821166992188,	0.11425018310546875
5884450000.0,	0.06755828857421875,	0.1165618896484375
5884495625.0,	0.06521224975585938,	0.11700820922851562
5884541250.0,	0.067230224609375,	0.11403656005859375
5884586875.0,	0.06665420532226562,	0.11450576782226562
5884632500.0,	0.06956100463867188,	0.1149749755859375
5884678125.0,	0.06558609008789062,	0.11701202392578125
5884723750.0,	0.0675811767578125,	0.11644363403320312
5884769375.0,	0.06705856323242188,	0.11662673950195312
5884815000.0,	0.06679153442382812,	0.11582183837890625
5884860625.0,	0.06606674194335938,	0.11629867553710938
5884906250.0,	0.06850814819335938,	0.1162567138671875
5884951875.0,	0.06566238403320312,	0.11532974243164062
5884997500.0,	0.06601333618164062,	0.11472320556640625
5885043125.0,	0.06640243530273438,	0.11893081665039062
5885088750.0,	0.068511962890625,	0.11552047729492188
5885134375.0,	0.06611251831054688,	0.11429214477539062
5885180000.0,	0.06776046752929688,	0.11590194702148438
5885225625.0,	0.06711578369140625,	0.11661529541015625
5885271250.0,	0.06529617309570312,	0.1156768798828125
5885316875.0,	0.06758499145507812,	0.11626434326171875
5885362500.0,	0.0671844482421875,	0.11563873291015625
5885408125.0,	0.06664276123046875,	0.1159820556640625
5885453750.0,	0.0675048828125,	0.11599349975585938
5885499375.0,	0.0671844482421875,	0.11461257934570312
5885545000.0,	0.06746673583984375,	0.11478042602539062
5885590625.0,	0.06716537475585938,	0.11394119262695312
5885636250.0,	0.0692901611328125,	0.11682510375976562
5885681875.0,	0.06987380981445312,	0.11607742309570312
5885727500.0,	0.06755447387695312,	0.11587905883789062
5885773125.0,	0.0668487548828125,	0.1162872314453125
5885818750.0,	0.06636428833007812,	0.11597824096679688
5885864375.0,	0.06753158569335938,	0.11330413818359375
5885910000.0,	0.06597518920898438,	0.1195526123046875
5885955625.0,	0.06660079956054688,	0.11602783203125
5886001250.0,	0.06866455078125,	0.11841964721679688
5886046875.0,	0.07024002075195312,	0.11697769165039062
5886092500.0,	0.06693649291992188,	0.11660385131835938
5886138125.0,	0.066741943359375,	0.11761856079101562
5886183750.0,	0.06628799438476562,	0.11623001098632812
5886229375.0,	0.06857681274414062,	0.11771392822265625
5886275000.0,	0.06815719604492188,	0.11608505249023438
5886320625.0,	0.06818008422851562,	0.11780548095703125
5886366250.0,	0.06917190551757812,	0.11719894409179688
5886411875.0,	0.0675811767578125,	0.11610031127929688
5886457500.0,	0.066619873046875,	0.11642074584960938
5886503125.0,	0.06684494018554688,	0.11711502075195312
5886548750.0,	0.06840133666992188,	0.11624526977539062
5886594375.0,	0.06742095947265625,	0.11538314819335938
5886640000.0,	0.06802749633789062,	0.11749649047851562
5886685625.0,	0.06586074829101562,	0.11561203002929688
5886731250.0,	0.06743240356445312,	0.11806488037109375
5886776875.0,	0.06890106201171875,	0.11737823486328125
5886822500.0,	0.06726455688476562,	0.11630630493164062
5886868125.0,	0.0672454833984375,	0.11581039428710938
5886913750.0,	0.06801986694335938,	0.11730194091796875
5886959375.0,	0.06772613525390625,	0.11571121215820312
5887005000.0,	0.07019424438476562,	0.11647415161132812
5887050625.0,	0.06782150268554688,	0.1180267333984375
5887096250.0,	0.06949996948242188,	0.11604690551757812
5887141875.0,	0.0688323974609375,	0.11898040771484375
5887187500.0,	0.06743621826171875,	0.11585617065429688
5887233125.0,	0.067596435546875,	0.11594009399414062
5887278750.0,	0.06826019287109375,	0.11566162109375
5887324375.0,	0.06818771362304688,	0.1165313720703125
5887370000.0,	0.07037353515625,	0.11717605590820312
5887415625.0,	0.068145751953125,	0.115692138671875
5887461250.0,	0.068603515625,	0.11619186401367188
5887506875.0,	0.06742095947265625,	0.11574172973632812
5887552500.0,	0.06853103637695312,	0.11624526977539062
5887598125.0,	0.06779861450195312,	0.11584091186523438
5887643750.0,	0.069915771484375,	0.11740875244140625
5887689375.0,	0.06794357299804688,	0.11780548095703125
5887735000.0,	0.06879425048828125,	0.11653900146484375
5887780625.0,	0.0711669921875,	0.1179656982421875
5887826250.0,	0.07001113891601562,	0.11667251586914062
5887871875.0,	0.0695953369140625,	0.11701583862304688
5887917500.0,	0.06687164306640625,	0.11647415161132812
5887963125.0,	0.06710433959960938,	0.11710739135742188
5888008750.0,	0.0702056884765625,	0.1165618896484375
5888054375.0,	0.06641387939453125,	0.11694717407226562
5888100000.0,	0.0704193115234375,	0.11758041381835938
5888145625.0,	0.07085418701171875,	0.11959075927734375
5888191250.0,	0.0687255859375,	0.11676406860351562
5888236875.0,	0.06881332397460938,	0.11627960205078125
5888282500.0,	0.06805038452148438,	0.11658859252929688
5888328125.0,	0.06621551513671875,	0.1195831298828125
5888373750.0,	0.06987380981445312,	0.1173248291015625
5888419375.0,	0.0677490234375,	0.11671066284179688
5888465000.0,	0.0704345703125,	0.1166534423828125
5888510625.0,	0.06929397583007812,	0.11724472045898438
5888556250.0,	0.068450927734375,	0.1162261962890625
5888601875.0,	0.07015228271484375,	0.11600112915039062
5888647500.0,	0.06995010375976562,	0.11812973022460938
5888693125.0,	0.06988525390625,	0.11753082275390625
5888738750.0,	0.06789398193359375,	0.11761093139648438
5888784375.0,	0.06866073608398438,	0.1169586181640625
5888830000.0,	0.069671630859375,	0.11749267578125
5888875625.0,	0.0698089599609375,	0.11804580688476562
5888921250.0,	0.0696563720703125,	0.11923980712890625
5888966875.0,	0.06893539428710938,	0.11880111694335938
5889012500.0,	0.06817245483398438,	0.11964797973632812
5889058125.0,	0.06811904907226562,	0.11716461181640625
5889103750.0,	0.06844711303710938,	0.11710739135742188
5889149375.0,	0.06918716430664062,	0.11791610717773438
5889195000.0,	0.0703125,	0.11651611328125
5889240625.0,	0.07098770141601562,	0.11766433715820312
5889286250.0,	0.0699005126953125,	0.12005996704101562
5889331875.0,	0.07149887084960938,	0.11769866943359375
5889377500.0,	0.0693511962890625,	0.11736297607421875
5889423125.0,	0.068939208984375,	0.1180419921875
5889468750.0,	0.06978225708007812,	0.11754989624023438
5889514375.0,	0.07261276245117188,	0.11751937866210938
5889560000.0,	0.07024765014648438,	0.11720657348632812
5889605625.0,	0.06856155395507812,	0.11723709106445312
5889651250.0,	0.06826019287109375,	0.12067794799804688
5889696875.0,	0.06961822509765625,	0.11927413940429688
5889742500.0,	0.06899261474609375,	0.11859893798828125
5889788125.0,	0.07022857666015625,	0.11598587036132812
5889833750.0,	0.07160568237304688,	0.11803436279296875
5889879375.0,	0.068756103515625,	0.11743545532226562
5889925000.0,	0.07074356079101562,	0.11902236938476562
5889970625.0,	0.07104873657226562,	0.11759567260742188
5890016250.0,	0.06911468505859375,	0.11716079711914062
5890061875.0,	0.0701446533203125,	0.11786651611328125
5890107500.0,	0.06954193115234375,	0.11791229248046875
5890153125.0,	0.07044601440429688,	0.11860275268554688
5890198750.0,	0.07137298583984375,	0.11874771118164062
5890244375.0,	0.0695343017578125,	0.11918258666992188
5890290000.0,	0.06907272338867188,	0.11635208129882812
5890335625.0,	0.07253265380859375,	0.11798477172851562
5890381250.0,	0.06914138793945312,	0.11820602416992188
5890426875.0,	0.0711517333984375,	0.11698150634765625
5890472500.0,	0.06916427612304688,	0.11825942993164062
5890518125.0,	0.07190704345703125,	0.11814117431640625
5890563750.0,	0.06902313232421875,	0.11577224731445312
5890609375.0,	0.06715011596679688,	0.11785888671875
5890655000.0,	0.07115554809570312,	0.11835861206054688
5890700625.0,	0.07109451293945312,	0.11617660522460938
5890746250.0,	0.06851577758789062,	0.1177215576171875
5890791875.0,	0.06823348999023438,	0.116851806640625
5890837500.0,	0.06984710693359375,	0.11758041381835938
5890883125.0,	0.07052993774414062,	0.1180419921875
5890928750.0,	0.07181167602539062,	0.1191864013671875
5890974375.0,	0.07009124755859375,	0.1192474365234375
5891020000.0,	0.072662353515625,	0.11918258666992188
5891065625.0,	0.07006072998046875,	0.11856460571289062
5891111250.0,	0.07048416137695312,	0.11956405639648438
5891156875.0,	0.06853485107421875,	0.11628341674804688
5891202500.0,	0.0724639892578125,	0.11802291870117188
5891248125.0,	0.06968307495117188,	0.11780929565429688
5891293750.0,	0.072113037109375,	0.11828231811523438
5891339375.0,	0.07237625122070312,	0.11896514892578125
5891385000.0,	0.07131576538085938,	0.11769485473632812
5891430625.0,	0.07183456420898438,	0.11681365966796875
5891476250.0,	0.07181167602539062,	0.120269775390625
5891521875.0,	0.069061279296875,	0.12005233764648438
5891567500.0,	0.0699615478515625,	0.11845779418945312
5891613125.0,	0.07033157348632812,	0.11704254150390625
5891658750.0,	0.07009506225585938,	0.1194000244140625
5891704375.0,	0.06980514526367188,	0.11817169189453125
5891750000.0,	0.071014404296875,	0.120025634765625
5891795625.0,	0.07100296020507812,	0.11761093139648438
5891841250.0,	0.07239532470703125,	0.116424560546875
5891886875.0,	0.0717620849609375,	0.11888504028320312
5891932500.0,	0.07122802734375,	0.11882400512695312
5891978125.0,	0.07120513916015625,	0.1175537109375
5892023750.0,	0.06997299194335938,	0.11827468872070312
5892069375.0,	0.06976699829101562,	0.11820220947265625
5892115000.0,	0.07123565673828125,	0.11946487426757812
5892160625.0,	0.07062530517578125,	0.11772537231445312
5892206250.0,	0.07163238525390625,	0.11740493774414062
5892251875.0,	0.07222747802734375,	0.11942291259765625
5892297500.0,	0.07228469848632812,	0.12015151977539062
5892343125.0,	0.07049560546875,	0.11851119995117188
5892388750.0,	0.0695953369140625,	0.11742401123046875
5892434375.0,	0.07308197021484375,	0.11763381958007812
5892480000.0,	0.07126617431640625,	0.11866378784179688
5892525625.0,	0.07166290283203125,	0.11808395385742188
5892571250.0,	0.07138824462890625,	0.11875152587890625
5892616875.0,	0.072723388671875,	0.11853408813476562
5892662500.0,	0.07186126708984375,	0.117279052734375
5892708125.0,	0.072845458984375,	0.12055206298828125
5892753750.0,	0.072296142578125,	0.11857986450195312
5892799375.0,	0.07363510131835938,	0.11963272094726562
5892845000.0,	0.0712432861328125,	0.11877059936523438
5892890625.0,	0.07066726684570312,	0.12026596069335938
5892936250.0,	0.0708770751953125,	0.11998367309570312
5892981875.0,	0.072601318359375,	0.11956405639648438
5893027500.0,	0.07162094116210938,	0.11748504638671875
5893073125.0,	0.07321548461914062,	0.11859512329101562
5893118750.0,	0.07320785522460938,	0.11931228637695312
5893164375.0,	0.073486328125,	0.11733245849609375
5893210000.0,	0.07209014892578125,	0.11761474609375
5893255625.0,	0.07237625122070312,	0.11854934692382812
5893301250.0,	0.07209396362304688,	0.119110107421875
5893346875.0,	0.07160568237304688,	0.11904144287109375
5893392500.0,	0.07172393798828125,	0.11669540405273438
5893438125.0,	0.07184982299804688,	0.11883926391601562
5893483750.0,	0.0728759765625,	0.11959457397460938
5893529375.0,	0.07262420654296875,	0.11955642700195312
5893575000.0,	0.07228851318359375,	0.11825942993164062
5893620625.0,	0.07124710083007812,	0.120758056640625
5893666250.0,	0.07374954223632812,	0.11777114868164062
5893711875.0,	0.072235107421875,	0.11742782592773438
5893757500.0,	0.07220840454101562,	0.12129974365234375
5893803125.0,	0.0714569091796875,	0.11904144287109375
5893848750.0,	0.07106399536132812,	0.11650848388671875
5893894375.0,	0.07191085815429688,	0.11829757690429688
5893940000.0,	0.07252883911132812,	0.12034225463867188
5893985625.0,	0.07077407836914062,	0.11907958984375
5894031250.0,	0.07281875610351562,	0.117919921875
5894076875.0,	0.07122421264648438,	0.1187286376953125
5894122500.0,	0.07278823852539062,	0.11919784545898438
5894168125.0,	0.07336807250976562,	0.1197662353515625
5894213750.0,	0.07179641723632812,	0.11815643310546875
5894259375.0,	0.07303619384765625,	0.11935043334960938
5894305000.0,	0.07325363159179688,	0.12017059326171875
5894350625.0,	0.072357177734375,	0.12170028686523438
5894396250.0,	0.07147979736328125,	0.120452880859375
5894441875.0,	0.07340240478515625,	0.11763381958007812
5894487500.0,	0.07416534423828125,	0.11902236938476562
5894533125.0,	0.0734405517578125,	0.11927413940429688
5894578750.0,	0.0735015869140625,	0.11940383911132812
5894624375.0,	0.07107925415039062,	0.11902236938476562
5894670000.0,	0.0732879638671875,	0.11968994140625
5894715625.0,	0.07374954223632812,	0.11992263793945312
5894761250.0,	0.07336807250976562,	0.11991500854492188
5894806875.0,	0.07368087768554688,	0.11967086791992188
5894852500.0,	0.07264328002929688,	0.11887359619140625
5894898125.0,	0.07219314575195312,	0.119110107421875
5894943750.0,	0.07337570190429688,	0.12067031860351562
5894989375.0,	0.07336807250976562,	0.12126541137695312
5895035000.0,	0.07314682006835938,	0.12040328979492188
5895080625.0,	0.07175064086914062,	0.11899566650390625
5895126250.0,	0.0729522705078125,	0.12043380737304688
5895171875.0,	0.07317352294921875,	0.1208038330078125
5895217500.0,	0.07409286499023438,	0.12064743041992188
5895263125.0,	0.07387542724609375,	0.11854934692382812
5895308750.0,	0.07291793823242188,	0.11815643310546875
5895354375.0,	0.07432174682617188,	0.12085723876953125
5895400000.0,	0.07327651977539062,	0.11712265014648438
5895445625.0,	0.07242584228515625,	0.11920547485351562
5895491250.0,	0.0728607177734375,	0.1197052001953125
5895536875.0,	0.07517623901367188,	0.11913681030273438
5895582500.0,	0.07412338256835938,	0.1201934814453125
5895628125.0,	0.07384490966796875,	0.11861038208007812
5895673750.0,	0.07371902465820312,	0.12013626098632812
5895719375.0,	0.0746002197265625,	0.11914443969726562
5895765000.0,	0.07422637939453125,	0.1199188232421875
5895810625.0,	0.07509613037109375,	0.11968231201171875
5895856250.0,	0.074066162109375,	0.11972427368164062
5895901875.0,	0.0723419189453125,	0.12066650390625
5895947500.0,	0.07550430297851562,	0.11798858642578125
5895993125.0,	0.07457733154296875,	0.11862945556640625
5896038750.0,	0.075042724609375,	0.120452880859375
5896084375.0,	0.07373046875,	0.12031936645507812
5896130000.0,	0.07166671752929688,	0.11941909790039062
5896175625.0,	0.07480239868164062,	0.1194915771484375
5896221250.0,	0.07556533813476562,	0.12119293212890625
5896266875.0,	0.0760040283203125,	0.11993789672851562
5896312500.0,	0.07315826416015625,	0.11981201171875
5896358125.0,	0.07269668579101562,	0.11998367309570312
5896403750.0,	0.07471466064453125,	0.12053298950195312
5896449375.0,	0.07308197021484375,	0.1209716796875
5896495000.0,	0.07232666015625,	0.11942291259765625
5896540625.0,	0.0726318359375,	0.12034988403320312
5896586250.0,	0.07289505004882812,	0.11951065063476562
5896631875.0,	0.07430648803710938,	0.11897659301757812
5896677500.0,	0.07352447509765625,	0.11997222900390625
5896723125.0,	0.07584762573242188,	0.12073898315429688
5896768750.0,	0.0744781494140625,	0.12069320678710938
5896814375.0,	0.07513809204101562,	0.12053298950195312
5896860000.0,	0.07592010498046875,	0.119110107421875
5896905625.0,	0.07382583618164062,	0.1192779541015625
5896951250.0,	0.07285690307617188,	0.11975479125976562
5896996875.0,	0.07547378540039062,	0.11898422241210938
5897042500.0,	0.07390975952148438,	0.11976242065429688
5897088125.0,	0.07481002807617188,	0.12219619750976562
5897133750.0,	0.07406234741210938,	0.12071990966796875
5897179375.0,	0.07463455200195312,	0.12143325805664062
5897225000.0,	0.073822021484375,	0.12009811401367188
5897270625.0,	0.07392501831054688,	0.12015533447265625
5897316250.0,	0.0757904052734375,	0.1190338134765625
5897361875.0,	0.07183456420898438,	0.12110519409179688
5897407500.0,	0.07416915893554688,	0.12128448486328125
5897453125.0,	0.07429885864257812,	0.11991500854492188
5897498750.0,	0.0751953125,	0.12044906616210938
5897544375.0,	0.07629013061523438,	0.12012863159179688
5897590000.0,	0.07547760009765625,	0.12073898315429688
5897635625.0,	0.07454299926757812,	0.11957168579101562
5897681250.0,	0.07613754272460938,	0.12017440795898438
5897726875.0,	0.07648849487304688,	0.12024307250976562
5897772500.0,	0.0732574462890625,	0.1200103759765625
5897818125.0,	0.07514572143554688,	0.11994552612304688
5897863750.0,	0.07457733154296875,	0.12012481689453125
5897909375.0,	0.07492446899414062,	0.12024688720703125
5897955000.0,	0.0742950439453125,	0.11896514892578125
5898000625.0,	0.07511138916015625,	0.119781494140625
5898046250.0,	0.07374954223632812,	0.12024307250976562
5898091875.0,	0.0748291015625,	0.12038421630859375
5898137500.0,	0.07481002807617188,	0.11992645263671875
5898183125.0,	0.0763702392578125,	0.12044906616210938
5898228750.0,	0.07613754272460938,	0.12023162841796875
5898274375.0,	0.0748443603515625,	0.11725997924804688
5898320000.0,	0.07670974731445312,	0.11960220336914062
5898365625.0,	0.07559585571289062,	0.11869049072265625
5898411250.0,	0.07587432861328125,	0.11931228637695312
5898456875.0,	0.07719039916992188,	0.11972808837890625
5898502500.0,	0.07529830932617188,	0.1194610595703125
5898548125.0,	0.07515335083007812,	0.1207427978515625
5898593750.0,	0.07552719116210938,	0.121063232421875
5898639375.0,	0.07495498657226562,	0.11993408203125
5898685000.0,	0.07541656494140625,	0.12087249755859375
5898730625.0,	0.07552719116210938,	0.11965179443359375
5898776250.0,	0.07476425170898438,	0.11927032470703125
5898821875.0,	0.07465362548828125,	0.12121963500976562
5898867500.0,	0.0774688720703125,	0.11847305297851562
5898913125.0,	0.07372283935546875,	0.12020492553710938
5898958750.0,	0.07381439208984375,	0.121246337890625
5899004375.0,	0.07507705688476562,	0.12081527709960938
5899050000.0,	0.0768280029296875,	0.11982345581054688
5899095625.0,	0.07718276977539062,	0.11965560913085938
5899141250.0,	0.07706832885742188,	0.12041473388671875
5899186875.0,	0.07559585571289062,	0.11841964721679688
5899232500.0,	0.0753936767578125,	0.12087249755859375
5899278125.0,	0.07604217529296875,	0.11939239501953125
5899323750.0,	0.07453155517578125,	0.121002197265625
5899369375.0,	0.07522201538085938,	0.1205902099609375
5899415000.0,	0.07412338256835938,	0.1226806640625
5899460625.0,	0.07587814331054688,	0.11916732788085938
5899506250.0,	0.07583236694335938,	0.12155914306640625
5899551875.0,	0.07692337036132812,	0.11948013305664062
5899597500.0,	0.07786178588867188,	0.12030792236328125
5899643125.0,	0.07484054565429688,	0.12244415283203125
5899688750.0,	0.07492828369140625,	0.1212921142578125
5899734375.0,	0.07787704467773438,	0.12110519409179688
5899780000.0,	0.0749664306640625,	0.11995697021484375
5899825625.0,	0.07570648193359375,	0.12104415893554688
5899871250.0,	0.07334136962890625,	0.12269973754882812
5899916875.0,	0.0774993896484375,	0.12104415893554688
5899962500.0,	0.0761260986328125,	0.11996078491210938
5900008125.0,	0.07489395141601562,	0.12131881713867188
5900053750.0,	0.07765579223632812,	0.119903564453125
5900099375.0,	0.075714111328125,	0.1207733154296875
5900145000.0,	0.07754898071289062,	0.12096023559570312
5900190625.0,	0.07707595825195312,	0.1222686767578125
5900236250.0,	0.07497787475585938,	0.12097930908203125
5900281875.0,	0.07588958740234375,	0.1204376220703125
5900327500.0,	0.0762939453125,	0.12239837646484375
5900373125.0,	0.07566452026367188,	0.12253570556640625
5900418750.0,	0.07425689697265625,	0.12026214599609375
5900464375.0,	0.07751083374023438,	0.1221771240234375
5900510000.0,	0.0768585205078125,	0.12064743041992188
5900555625.0,	0.07710647583007812,	0.12212371826171875
5900601250.0,	0.07503128051757812,	0.12215805053710938
5900646875.0,	0.07668685913085938,	0.1206817626953125
5900692500.0,	0.07677459716796875,	0.12005996704101562
5900738125.0,	0.07639694213867188,	0.12051010131835938
5900783750.0,	0.07715225219726562,	0.12071990966796875
5900829375.0,	0.07767486572265625,	0.11983489990234375
5900875000.0,	0.07662200927734375,	0.12216949462890625
5900920625.0,	0.07648086547851562,	0.12286758422851562
5900966250.0,	0.07641220092773438,	0.12313461303710938
5901011875.0,	0.07582473754882812,	0.12148284912109375
5901057500.0,	0.07891082763671875,	0.12322235107421875
5901103125.0,	0.07555007934570312,	0.1201171875
5901148750.0,	0.07604598999023438,	0.12071990966796875
5901194375.0,	0.07862091064453125,	0.12173843383789062
5901240000.0,	0.0766754150390625,	0.12118148803710938
5901285625.0,	0.0775299072265625,	0.12230682373046875
5901331250.0,	0.07808303833007812,	0.12158203125
5901376875.0,	0.07685470581054688,	0.12182235717773438
5901422500.0,	0.07862091064453125,	0.12173843383789062
5901468125.0,	0.076629638671875,	0.12118148803710938
5901513750.0,	0.07597732543945312,	0.12111663818359375
5901559375.0,	0.07741928100585938,	0.12435150146484375
5901605000.0,	0.07770919799804688,	0.12118911743164062
5901650625.0,	0.07662582397460938,	0.12151336669921875
5901696250.0,	0.07728958129882812,	0.12189865112304688
5901741875.0,	0.07508468627929688,	0.12024688720703125
5901787500.0,	0.07891082763671875,	0.11916732788085938
5901833125.0,	0.07756805419921875,	0.12142181396484375
5901878750.0,	0.07728195190429688,	0.12023162841796875
5901924375.0,	0.07758331298828125,	0.12152481079101562
5901970000.0,	0.07796859741210938,	0.1230010986328125
5902015625.0,	0.07542800903320312,	0.12100982666015625
5902061250.0,	0.07652664184570312,	0.12247085571289062
5902106875.0,	0.07545852661132812,	0.12060546875
5902152500.0,	0.0750579833984375,	0.12186813354492188
5902198125.0,	0.07845687866210938,	0.12138748168945312
5902243750.0,	0.07733917236328125,	0.11962890625
5902289375.0,	0.07564544677734375,	0.12105560302734375
5902335000.0,	0.0802154541015625,	0.12051010131835938
5902380625.0,	0.07897567749023438,	0.1221923828125
5902426250.0,	0.077972412109375,	0.1217498779296875
5902471875.0,	0.077911376953125,	0.12375640869140625
5902517500.0,	0.07826995849609375,	0.120819091796875
5902563125.0,	0.07734298706054688,	0.12058258056640625
5902608750.0,	0.07799530029296875,	0.12114715576171875
5902654375.0,	0.07758712768554688,	0.1224517822265625
5902700000.0,	0.0792083740234375,	0.12041091918945312
5902745625.0,	0.07804489135742188,	0.11975860595703125
5902791250.0,	0.07891845703125,	0.12243270874023438
5902836875.0,	0.07819747924804688,	0.12215805053710938
5902882500.0,	0.07867431640625,	0.12196731567382812
5902928125.0,	0.07781219482421875,	0.12335586547851562
5902973750.0,	0.0780029296875,	0.11916351318359375
5903019375.0,	0.07856369018554688,	0.12165069580078125
5903065000.0,	0.077056884765625,	0.12093353271484375
5903110625.0,	0.07683944702148438,	0.1204681396484375
5903156250.0,	0.07523727416992188,	0.12087249755859375
5903201875.0,	0.07863998413085938,	0.12268447875976562
5903247500.0,	0.0792999267578125,	0.12071990966796875
5903293125.0,	0.080291748046875,	0.12151718139648438
5903338750.0,	0.07751083374023438,	0.1207275390625
5903384375.0,	0.07910919189453125,	0.12372970581054688
5903430000.0,	0.07696533203125,	0.11995697021484375
5903475625.0,	0.07843399047851562,	0.11926651000976562
5903521250.0,	0.07763671875,	0.12429046630859375
5903566875.0,	0.0773468017578125,	0.12010574340820312
5903612500.0,	0.077178955078125,	0.12068557739257812
5903658125.0,	0.07796096801757812,	0.12116241455078125
5903703750.0,	0.07743072509765625,	0.12042617797851562
5903749375.0,	0.07766342163085938,	0.12178802490234375
5903795000.0,	0.078369140625,	0.12067413330078125
5903840625.0,	0.07721328735351562,	0.12055206298828125
5903886250.0,	0.07703781127929688,	0.12133407592773438
5903931875.0,	0.08032989501953125,	0.12143325805664062
5903977500.0,	0.07867813110351562,	0.12167739868164062
5904023125.0,	0.07859039306640625,	0.12226104736328125
5904068750.0,	0.079864501953125,	0.12120437622070312
5904114375.0,	0.07966232299804688,	0.12237548828125
5904160000.0,	0.07767486572265625,	0.12210845947265625
5904205625.0,	0.0797576904296875,	0.12050247192382812
5904251250.0,	0.0787353515625,	0.12102890014648438
5904296875.0,	0.08024215698242188,	0.1201019287109375
5904342500.0,	0.07793807983398438,	0.1216583251953125
5904388125.0,	0.07738494873046875,	0.1203155517578125
5904433750.0,	0.079345703125,	0.12203216552734375
5904479375.0,	0.07860946655273438,	0.1212615966796875
5904525000.0,	0.0785064697265625,	0.12344741821289062
5904570625.0,	0.0803375244140625,	0.123382568359375
5904616250.0,	0.08092880249023438,	0.11948013305664062
5904661875.0,	0.07989883422851562,	0.12376785278320312
5904707500.0,	0.07988739013671875,	0.12131500244140625
5904753125.0,	0.079254150390625,	0.12319183349609375
5904798750.0,	0.0786590576171875,	0.12140274047851562
5904844375.0,	0.078216552734375,	0.12236785888671875
5904890000.0,	0.07880401611328125,	0.1226654052734375
5904935625.0,	0.07818603515625,	0.12301254272460938
5904981250.0,	0.07842254638671875,	0.12152862548828125
5905026875.0,	0.07886123657226562,	0.12227249145507812
5905072500.0,	0.07936859130859375,	0.12274551391601562
5905118125.0,	0.0769805908203125,	0.123931884765625
5905163750.0,	0.07921981811523438,	0.121429443359375
5905209375.0,	0.07957077026367188,	0.12151336669921875
5905255000.0,	0.08040618896484375,	0.11970901489257812
5905300625.0,	0.07931900024414062,	0.12084197998046875
5905346250.0,	0.078155517578125,	0.12036895751953125
5905391875.0,	0.078704833984375,	0.11948394775390625
5905437500.0,	0.07987594604492188,	0.12064361572265625
5905483125.0,	0.0784912109375,	0.12194442749023438
5905528750.0,	0.07583999633789062,	0.12199020385742188
5905574375.0,	0.07867050170898438,	0.12115478515625
5905620000.0,	0.07939529418945312,	0.12165451049804688
5905665625.0,	0.0791168212890625,	0.12050628662109375
5905711250.0,	0.0797576904296875,	0.12127685546875
5905756875.0,	0.07841873168945312,	0.12223052978515625
5905802500.0,	0.080841064453125,	0.11980438232421875
5905848125.0,	0.07906723022460938,	0.12122344970703125
5905893750.0,	0.08086013793945312,	0.12302398681640625
5905939375.0,	0.07949066162109375,	0.11998748779296875
5905985000.0,	0.08147811889648438,	0.1202850341796875
5906030625.0,	0.0782318115234375,	0.12217330932617188
5906076250.0,	0.07912063598632812,	0.12209320068359375
5906121875.0,	0.07747650146484375,	0.12282943725585938
5906167500.0,	0.07930755615234375,	0.12181472778320312
5906213125.0,	0.08066177368164062,	0.12125396728515625
5906258750.0,	0.08057785034179688,	0.12095260620117188
5906304375.0,	0.08073806762695312,	0.12100601196289062
5906350000.0,	0.07849502563476562,	0.12407684326171875
5906395625.0,	0.0826416015625,	0.12139129638671875
5906441250.0,	0.080108642578125,	0.11991119384765625
5906486875.0,	0.07864761352539062,	0.12294387817382812
5906532500.0,	0.079437255859375,	0.12212753295898438
5906578125.0,	0.08106613159179688,	0.12154006958007812
5906623750.0,	0.0801239013671875,	0.1218109130859375
5906669375.0,	0.08013916015625,	0.12031936645507812
5906715000.0,	0.07889938354492188,	0.1206512451171875
5906760625.0,	0.07939910888671875,	0.12165451049804688
5906806250.0,	0.0796051025390625,	0.12332916259765625
5906851875.0,	0.08130264282226562,	0.12273788452148438
5906897500.0,	0.08069229125976562,	0.11950302124023438
5906943125.0,	0.080413818359375,	0.1203460693359375
5906988750.0,	0.07994461059570312,	0.12371063232421875
5907034375.0,	0.08251190185546875,	0.11988067626953125
5907080000.0,	0.08190155029296875,	0.12137222290039062
5907125625.0,	0.0798187255859375,	0.1226043701171875
5907171250.0,	0.08024215698242188,	0.12281036376953125
5907216875.0,	0.08121490478515625,	0.12239837646484375
5907262500.0,	0.08098983764648438,	0.1222381591796875
5907308125.0,	0.08189773559570312,	0.12072372436523438
5907353750.0,	0.08136749267578125,	0.12157440185546875
5907399375.0,	0.0814056396484375,	0.1204071044921875
5907445000.0,	0.08040618896484375,	0.12207794189453125
5907490625.0,	0.0821685791015625,	0.12209320068359375
5907536250.0,	0.08057022094726562,	0.12127304077148438
5907581875.0,	0.08040618896484375,	0.12165451049804688
5907627500.0,	0.0806427001953125,	0.11870574951171875
5907673125.0,	0.08178329467773438,	0.12150192260742188
5907718750.0,	0.08030319213867188,	0.123809814453125
5907764375.0,	0.08292770385742188,	0.12083053588867188
5907810000.0,	0.08153152465820312,	0.12194442749023438
5907855625.0,	0.08170318603515625,	0.12316131591796875
5907901250.0,	0.08112716674804688,	0.12203598022460938
5907946875.0,	0.08217239379882812,	0.12111282348632812
5907992500.0,	0.082061767578125,	0.12206268310546875
5908038125.0,	0.08308792114257812,	0.12115097045898438
5908083750.0,	0.08117294311523438,	0.12380218505859375
5908129375.0,	0.08183670043945312,	0.11988067626953125
5908175000.0,	0.08167266845703125,	0.12255477905273438
5908220625.0,	0.0807952880859375,	0.12073898315429688
5908266250.0,	0.08341217041015625,	0.12140655517578125
5908311875.0,	0.08377838134765625,	0.1219329833984375
5908357500.0,	0.0816497802734375,	0.12030792236328125
5908403125.0,	0.0796051025390625,	0.121551513671875
5908448750.0,	0.07982635498046875,	0.12071609497070312
5908494375.0,	0.08483505249023438,	0.12119293212890625
5908540000.0,	0.0828704833984375,	0.12085342407226562
5908585625.0,	0.08166122436523438,	0.12189483642578125
5908631250.0,	0.08101272583007812,	0.12137222290039062
5908676875.0,	0.08330917358398438,	0.11925888061523438
5908722500.0,	0.08263778686523438,	0.12247467041015625
5908768125.0,	0.08510208129882812,	0.12176895141601562
5908813750.0,	0.08329391479492188,	0.12345123291015625
5908859375.0,	0.08441162109375,	0.12265777587890625
5908905000.0,	0.08443450927734375,	0.12318038940429688
5908950625.0,	0.08363723754882812,	0.1220703125
5908996250.0,	0.08267974853515625,	0.12083053588867188
5909041875.0,	0.08310699462890625,	0.12057876586914062
5909087500.0,	0.08052825927734375,	0.12128829956054688
5909133125.0,	0.08396148681640625,	0.12328338623046875
5909178750.0,	0.08221435546875,	0.1206817626953125
5909224375.0,	0.0847625732421875,	0.12273788452148438
5909270000.0,	0.0823974609375,	0.12122344970703125
5909315625.0,	0.083282470703125,	0.12133026123046875
5909361250.0,	0.08237075805664062,	0.1199493408203125
5909406875.0,	0.08327484130859375,	0.1210479736328125
5909452500.0,	0.08386611938476562,	0.12263107299804688
5909498125.0,	0.08342361450195312,	0.12192153930664062
5909543750.0,	0.0817413330078125,	0.1225433349609375
5909589375.0,	0.0820465087890625,	0.12105560302734375
5909635000.0,	0.08440017700195312,	0.12166213989257812
5909680625.0,	0.08294296264648438,	0.12392044067382812
5909726250.0,	0.08148956298828125,	0.12215805053710938
5909771875.0,	0.08182907104492188,	0.1244049072265625
5909817500.0,	0.079986572265625,	0.120849609375
5909863125.0,	0.08347702026367188,	0.1223907470703125
5909908750.0,	0.08327865600585938,	0.12467193603515625
5909954375.0,	0.08265304565429688,	0.121185302734375
5910000000.0,	0.08374786376953125,	0.12197494506835938
