5310037500.0,	0.0459442138671875,	0.05454826354980469
5310075000.0,	0.04694557189941406,	0.054683685302734375
5310112500.0,	0.048877716064453125,	0.05569267272949219
5310150000.0,	0.04553985595703125,	0.05491828918457031
5310187500.0,	0.0464935302734375,	0.05217742919921875
5310225000.0,	0.046749114990234375,	0.05510520935058594
5310262500.0,	0.04776191711425781,	0.05440330505371094
5310300000.0,	0.04796600341796875,	0.0541839599609375
5310337500.0,	0.04627037048339844,	0.05328941345214844
5310375000.0,	0.04553413391113281,	0.05426025390625
5310412500.0,	0.048999786376953125,	0.05404090881347656
5310450000.0,	0.04661750793457031,	0.05535697937011719
5310487500.0,	0.04827690124511719,	0.053989410400390625
5310525000.0,	0.04807281494140625,	0.05611419677734375
5310562500.0,	0.04651832580566406,	0.05492973327636719
5310600000.0,	0.04644775390625,	0.05312919616699219
5310637500.0,	0.047603607177734375,	0.05310249328613281
5310675000.0,	0.04570579528808594,	0.05343437194824219
5310712500.0,	0.04648590087890625,	0.05580711364746094
5310750000.0,	0.04646110534667969,	0.056339263916015625
5310787500.0,	0.046649932861328125,	0.05447578430175781
5310825000.0,	0.047332763671875,	0.054500579833984375
5310862500.0,	0.04781150817871094,	0.054393768310546875
5310900000.0,	0.04726219177246094,	0.05568504333496094
5310937500.0,	0.047924041748046875,	0.05382347106933594
5310975000.0,	0.04766082763671875,	0.056060791015625
5311012500.0,	0.04606437683105469,	0.05525970458984375
5311050000.0,	0.04759788513183594,	0.054927825927734375
5311087500.0,	0.04760932922363281,	0.05560493469238281
5311125000.0,	0.05027961730957031,	0.0546875
5311162500.0,	0.048736572265625,	0.053958892822265625
5311200000.0,	0.049976348876953125,	0.05484580993652344
5311237500.0,	0.047603607177734375,	0.05450630187988281
5311275000.0,	0.04818916320800781,	0.054561614990234375
5311312500.0,	0.046535491943359375,	0.05714607238769531
5311350000.0,	0.04760551452636719,	0.05512237548828125
5311387500.0,	0.048309326171875,	0.054676055908203125
5311425000.0,	0.04793357849121094,	0.055057525634765625
5311462500.0,	0.04424095153808594,	0.05749702453613281
5311500000.0,	0.04931449890136719,	0.056194305419921875
5311537500.0,	0.04640388488769531,	0.05583763122558594
5311575000.0,	0.04835700988769531,	0.05471038818359375
5311612500.0,	0.0473480224609375,	0.05529975891113281
5311650000.0,	0.04615020751953125,	0.0534210205078125
5311687500.0,	0.04747200012207031,	0.055278778076171875
5311725000.0,	0.04671287536621094,	0.055206298828125
5311762500.0,	0.047031402587890625,	0.05472564697265625
5311800000.0,	0.04741096496582031,	0.054256439208984375
5311837500.0,	0.04862213134765625,	0.05633735656738281
5311875000.0,	0.047027587890625,	0.0557708740234375
5311912500.0,	0.04548072814941406,	0.05539512634277344
5311950000.0,	0.04656028747558594,	0.056365966796875
5311987500.0,	0.05208396911621094,	0.05475616455078125
5312025000.0,	0.04751014709472656,	0.05551338195800781
5312062500.0,	0.04751014709472656,	0.05570411682128906
5312100000.0,	0.04830741882324219,	0.05348014831542969
5312137500.0,	0.046329498291015625,	0.05574798583984375
5312175000.0,	0.04688453674316406,	0.05666351318359375
5312212500.0,	0.04849433898925781,	0.05718994140625
5312250000.0,	0.04868316650390625,	0.05562019348144531
5312287500.0,	0.04906654357910156,	0.05642509460449219
5312325000.0,	0.04691314697265625,	0.05595588684082031
5312362500.0,	0.046009063720703125,	0.05661582946777344
5312400000.0,	0.046772003173828125,	0.057582855224609375
5312437500.0,	0.048709869384765625,	0.05478668212890625
5312475000.0,	0.04729270935058594,	0.0583648681640625
5312512500.0,	0.04646492004394531,	0.057041168212890625
5312550000.0,	0.04760169982910156,	0.05522346496582031
5312587500.0,	0.048126220703125,	0.05650138854980469
5312625000.0,	0.047199249267578125,	0.055912017822265625
5312662500.0,	0.04739570617675781,	0.05726051330566406
5312700000.0,	0.04623222351074219,	0.056118011474609375
5312737500.0,	0.04732704162597656,	0.05784797668457031
5312775000.0,	0.04852104187011719,	0.05541801452636719
5312812500.0,	0.050594329833984375,	0.05631446838378906
5312850000.0,	0.04858970642089844,	0.05780982971191406
5312887500.0,	0.04762458801269531,	0.05728721618652344
5312925000.0,	0.048053741455078125,	0.05694389343261719
5312962500.0,	0.04664039611816406,	0.05798149108886719
5313000000.0,	0.045932769775390625,	0.05556488037109375
5313037500.0,	0.046772003173828125,	0.055255889892578125
5313075000.0,	0.04648780822753906,	0.0574798583984375
5313112500.0,	0.04601478576660156,	0.0574798583984375
5313150000.0,	0.04708099365234375,	0.056835174560546875
5313187500.0,	0.048473358154296875,	0.0564422607421875
5313225000.0,	0.04761505126953125,	0.056427001953125
5313262500.0,	0.04993247985839844,	0.05652618408203125
5313300000.0,	0.046360015869140625,	0.054088592529296875
5313337500.0,	0.04819488525390625,	0.056243896484375
5313375000.0,	0.04888343811035156,	0.05665397644042969
5313412500.0,	0.048252105712890625,	0.05679130554199219
5313450000.0,	0.047607421875,	0.05663871765136719
5313487500.0,	0.04815673828125,	0.05617713928222656
5313525000.0,	0.04911041259765625,	0.05579948425292969
5313562500.0,	0.04800605773925781,	0.057819366455078125
5313600000.0,	0.04944801330566406,	0.055267333984375
5313637500.0,	0.04911041259765625,	0.057674407958984375
5313675000.0,	0.046833038330078125,	0.05590629577636719
5313712500.0,	0.047374725341796875,	0.05675506591796875
5313750000.0,	0.04763603210449219,	0.05824089050292969
5313787500.0,	0.04862213134765625,	0.05713081359863281
5313825000.0,	0.05063438415527344,	0.056201934814453125
5313862500.0,	0.046497344970703125,	0.057468414306640625
5313900000.0,	0.046356201171875,	0.056491851806640625
5313937500.0,	0.046604156494140625,	0.05745697021484375
5313975000.0,	0.0485992431640625,	0.05569267272949219
5314012500.0,	0.045135498046875,	0.057270050048828125
5314050000.0,	0.04825592041015625,	0.057613372802734375
5314087500.0,	0.04911994934082031,	0.05786895751953125
5314125000.0,	0.05037498474121094,	0.05353355407714844
5314162500.0,	0.048351287841796875,	0.05941581726074219
5314200000.0,	0.04944610595703125,	0.0564727783203125
5314237500.0,	0.04921531677246094,	0.05719947814941406
5314275000.0,	0.04913139343261719,	0.05797576904296875
5314312500.0,	0.04988861083984375,	0.05697441101074219
5314350000.0,	0.048675537109375,	0.05651092529296875
5314387500.0,	0.048061370849609375,	0.056430816650390625
5314425000.0,	0.04879188537597656,	0.05796051025390625
5314462500.0,	0.048648834228515625,	0.05667877197265625
5314500000.0,	0.04883384704589844,	0.05912208557128906
5314537500.0,	0.04881477355957031,	0.05661773681640625
5314575000.0,	0.04972267150878906,	0.05698204040527344
5314612500.0,	0.048702239990234375,	0.05716705322265625
5314650000.0,	0.04928016662597656,	0.0566864013671875
5314687500.0,	0.04998588562011719,	0.05627632141113281
5314725000.0,	0.048061370849609375,	0.055515289306640625
5314762500.0,	0.048557281494140625,	0.05513763427734375
5314800000.0,	0.04685783386230469,	0.05673789978027344
5314837500.0,	0.049541473388671875,	0.05792999267578125
5314875000.0,	0.04886817932128906,	0.05594825744628906
5314912500.0,	0.04854011535644531,	0.05553627014160156
5314950000.0,	0.04778289794921875,	0.05713462829589844
5314987500.0,	0.04883003234863281,	0.055633544921875
5315025000.0,	0.04903984069824219,	0.05912590026855469
5315062500.0,	0.04714775085449219,	0.0561370849609375
5315100000.0,	0.049137115478515625,	0.05692100524902344
5315137500.0,	0.048725128173828125,	0.05841827392578125
5315175000.0,	0.05011558532714844,	0.05843353271484375
5315212500.0,	0.04948234558105469,	0.05666923522949219
5315250000.0,	0.04955482482910156,	0.057399749755859375
5315287500.0,	0.048297882080078125,	0.05828857421875
5315325000.0,	0.04711723327636719,	0.057567596435546875
5315362500.0,	0.04962158203125,	0.05801963806152344
5315400000.0,	0.04819297790527344,	0.055721282958984375
5315437500.0,	0.04775047302246094,	0.0573883056640625
5315475000.0,	0.04906654357910156,	0.055694580078125
5315512500.0,	0.049121856689453125,	0.05740547180175781
5315550000.0,	0.049846649169921875,	0.05951499938964844
5315587500.0,	0.05004310607910156,	0.05710792541503906
5315625000.0,	0.04941749572753906,	0.05629920959472656
5315662500.0,	0.04793357849121094,	0.05657768249511719
5315700000.0,	0.051853179931640625,	0.056636810302734375
5315737500.0,	0.05039787292480469,	0.05785560607910156
5315775000.0,	0.05096435546875,	0.056354522705078125
5315812500.0,	0.05181694030761719,	0.05745887756347656
5315850000.0,	0.04906463623046875,	0.058429718017578125
5315887500.0,	0.049327850341796875,	0.059581756591796875
5315925000.0,	0.05100440979003906,	0.05748939514160156
5315962500.0,	0.0496673583984375,	0.05714988708496094
5316000000.0,	0.04959678649902344,	0.058795928955078125
5316037500.0,	0.05017662048339844,	0.05867576599121094
5316075000.0,	0.04931449890136719,	0.0566558837890625
5316112500.0,	0.047718048095703125,	0.05856132507324219
5316150000.0,	0.04964447021484375,	0.0583953857421875
5316187500.0,	0.05077934265136719,	0.05680656433105469
5316225000.0,	0.05120086669921875,	0.057659149169921875
5316262500.0,	0.048198699951171875,	0.059337615966796875
5316300000.0,	0.052165985107421875,	0.056407928466796875
5316337500.0,	0.05053520202636719,	0.057216644287109375
5316375000.0,	0.05041313171386719,	0.06120491027832031
5316412500.0,	0.0488433837890625,	0.05853462219238281
5316450000.0,	0.05094718933105469,	0.05794334411621094
5316487500.0,	0.05078125,	0.05774879455566406
5316525000.0,	0.04979515075683594,	0.058765411376953125
5316562500.0,	0.04649925231933594,	0.059375762939453125
5316600000.0,	0.05024909973144531,	0.05813407897949219
5316637500.0,	0.04950904846191406,	0.05890083312988281
5316675000.0,	0.04904937744140625,	0.058078765869140625
5316712500.0,	0.04944610595703125,	0.05759620666503906
5316750000.0,	0.04965019226074219,	0.059146881103515625
5316787500.0,	0.05164909362792969,	0.05769538879394531
5316825000.0,	0.048736572265625,	0.05834388732910156
5316862500.0,	0.04992866516113281,	0.05690574645996094
5316900000.0,	0.05039787292480469,	0.05876731872558594
5316937500.0,	0.05226707458496094,	0.0576171875
5316975000.0,	0.05192756652832031,	0.05756378173828125
5317012500.0,	0.04876708984375,	0.05940818786621094
5317050000.0,	0.04851531982421875,	0.059051513671875
5317087500.0,	0.05124092102050781,	0.0573883056640625
5317125000.0,	0.05076789855957031,	0.05848503112792969
5317162500.0,	0.05083465576171875,	0.05526924133300781
5317200000.0,	0.05146598815917969,	0.05729103088378906
5317237500.0,	0.04823875427246094,	0.056499481201171875
5317275000.0,	0.04922676086425781,	0.05800437927246094
5317312500.0,	0.04910087585449219,	0.056949615478515625
5317350000.0,	0.05066871643066406,	0.05907249450683594
5317387500.0,	0.05114555358886719,	0.05862617492675781
5317425000.0,	0.05106163024902344,	0.05709266662597656
5317462500.0,	0.05283355712890625,	0.058807373046875
5317500000.0,	0.049510955810546875,	0.05701637268066406
5317537500.0,	0.05085563659667969,	0.05830955505371094
5317575000.0,	0.05010795593261719,	0.05821418762207031
5317612500.0,	0.051624298095703125,	0.05919837951660156
5317650000.0,	0.05036354064941406,	0.05901908874511719
5317687500.0,	0.05023002624511719,	0.05673789978027344
5317725000.0,	0.051456451416015625,	0.059108734130859375
5317762500.0,	0.049640655517578125,	0.05828285217285156
5317800000.0,	0.04888725280761719,	0.057376861572265625
5317837500.0,	0.051425933837890625,	0.05785560607910156
5317875000.0,	0.048358917236328125,	0.060329437255859375
5317912500.0,	0.04849433898925781,	0.06006050109863281
5317950000.0,	0.05219268798828125,	0.058895111083984375
5317987500.0,	0.05040931701660156,	0.05895423889160156
5318025000.0,	0.050983428955078125,	0.05861473083496094
5318062500.0,	0.050418853759765625,	0.05663490295410156
5318100000.0,	0.04981231689453125,	0.05857086181640625
5318137500.0,	0.05335807800292969,	0.057834625244140625
5318175000.0,	0.0501251220703125,	0.059661865234375
5318212500.0,	0.05077362060546875,	0.05921745300292969
5318250000.0,	0.04974174499511719,	0.05935096740722656
5318287500.0,	0.05118370056152344,	0.05907630920410156
5318325000.0,	0.05071258544921875,	0.05837821960449219
5318362500.0,	0.050205230712890625,	0.06053733825683594
5318400000.0,	0.05115699768066406,	0.05932044982910156
5318437500.0,	0.0503997802734375,	0.05947303771972656
5318475000.0,	0.04971504211425781,	0.05838203430175781
5318512500.0,	0.05158042907714844,	0.05768585205078125
5318550000.0,	0.05286407470703125,	0.05800437927246094
5318587500.0,	0.051731109619140625,	0.05918312072753906
5318625000.0,	0.051349639892578125,	0.05927467346191406
5318662500.0,	0.05034446716308594,	0.0596160888671875
5318700000.0,	0.05163764953613281,	0.06005287170410156
5318737500.0,	0.0512542724609375,	0.06081390380859375
5318775000.0,	0.051090240478515625,	0.05886650085449219
5318812500.0,	0.05144691467285156,	0.05836677551269531
5318850000.0,	0.051708221435546875,	0.05758857727050781
5318887500.0,	0.050994873046875,	0.058376312255859375
5318925000.0,	0.05339622497558594,	0.057796478271484375
5318962500.0,	0.05124855041503906,	0.06073570251464844
5319000000.0,	0.052555084228515625,	0.05873870849609375
5319037500.0,	0.05146217346191406,	0.05977630615234375
5319075000.0,	0.05303382873535156,	0.059276580810546875
5319112500.0,	0.0516510009765625,	0.05909156799316406
5319150000.0,	0.049530029296875,	0.05743408203125
5319187500.0,	0.05042076110839844,	0.05904579162597656
5319225000.0,	0.05132293701171875,	0.05890655517578125
5319262500.0,	0.052196502685546875,	0.057811737060546875
5319300000.0,	0.052608489990234375,	0.05860328674316406
5319337500.0,	0.0521392822265625,	0.05894279479980469
5319375000.0,	0.05438995361328125,	0.05865478515625
5319412500.0,	0.05108833312988281,	0.05868721008300781
5319450000.0,	0.05168724060058594,	0.057621002197265625
5319487500.0,	0.052814483642578125,	0.059520721435546875
5319525000.0,	0.05195808410644531,	0.05847930908203125
5319562500.0,	0.05219459533691406,	0.05903053283691406
5319600000.0,	0.051177978515625,	0.06053352355957031
5319637500.0,	0.05310821533203125,	0.0584564208984375
5319675000.0,	0.050018310546875,	0.059314727783203125
5319712500.0,	0.051177978515625,	0.06041145324707031
5319750000.0,	0.052730560302734375,	0.05890846252441406
5319787500.0,	0.05240631103515625,	0.06065177917480469
5319825000.0,	0.05154609680175781,	0.05747413635253906
5319862500.0,	0.05138587951660156,	0.0594329833984375
5319900000.0,	0.05475425720214844,	0.059734344482421875
5319937500.0,	0.05274772644042969,	0.06000328063964844
5319975000.0,	0.05106163024902344,	0.0608062744140625
5320012500.0,	0.054523468017578125,	0.06085777282714844
5320050000.0,	0.052509307861328125,	0.05942726135253906
5320087500.0,	0.05137062072753906,	0.06095695495605469
5320125000.0,	0.050945281982421875,	0.05872535705566406
5320162500.0,	0.05235481262207031,	0.05880165100097656
5320200000.0,	0.052093505859375,	0.05970001220703125
5320237500.0,	0.053501129150390625,	0.059871673583984375
5320275000.0,	0.05192375183105469,	0.06146812438964844
5320312500.0,	0.052471160888671875,	0.06087684631347656
5320350000.0,	0.05257606506347656,	0.06008720397949219
5320387500.0,	0.050262451171875,	0.0586090087890625
5320425000.0,	0.051860809326171875,	0.05857086181640625
5320462500.0,	0.05214500427246094,	0.05913734436035156
5320500000.0,	0.05108833312988281,	0.06014060974121094
5320537500.0,	0.05202484130859375,	0.06172370910644531
5320575000.0,	0.05214118957519531,	0.05959320068359375
5320612500.0,	0.052318572998046875,	0.05784034729003906
5320650000.0,	0.051723480224609375,	0.061481475830078125
5320687500.0,	0.052608489990234375,	0.06099700927734375
5320725000.0,	0.054607391357421875,	0.06077003479003906
5320762500.0,	0.05194091796875,	0.06197929382324219
5320800000.0,	0.05226325988769531,	0.06091880798339844
5320837500.0,	0.05182647705078125,	0.05912208557128906
5320875000.0,	0.05375480651855469,	0.05970001220703125
5320912500.0,	0.05110359191894531,	0.058170318603515625
5320950000.0,	0.051517486572265625,	0.06002998352050781
5320987500.0,	0.054286956787109375,	0.059795379638671875
5321025000.0,	0.05133056640625,	0.06004524230957031
5321062500.0,	0.05374908447265625,	0.06023979187011719
5321100000.0,	0.05048942565917969,	0.06068611145019531
5321137500.0,	0.05212593078613281,	0.05957794189453125
5321175000.0,	0.05505561828613281,	0.057918548583984375
5321212500.0,	0.05466651916503906,	0.05766105651855469
5321250000.0,	0.05269622802734375,	0.059093475341796875
5321287500.0,	0.05182075500488281,	0.060131072998046875
5321325000.0,	0.05342674255371094,	0.060741424560546875
5321362500.0,	0.05292510986328125,	0.06261444091796875
5321400000.0,	0.05040740966796875,	0.06259536743164062
5321437500.0,	0.05296516418457031,	0.059383392333984375
5321475000.0,	0.05391120910644531,	0.06090736389160156
5321512500.0,	0.05087852478027344,	0.05952644348144531
5321550000.0,	0.05407905578613281,	0.06068611145019531
5321587500.0,	0.05301666259765625,	0.0592498779296875
5321625000.0,	0.05280876159667969,	0.060756683349609375
5321662500.0,	0.05208778381347656,	0.06055641174316406
5321700000.0,	0.055286407470703125,	0.059986114501953125
5321737500.0,	0.05486488342285156,	0.06100654602050781
5321775000.0,	0.051548004150390625,	0.05959320068359375
5321812500.0,	0.0513763427734375,	0.06054878234863281
5321850000.0,	0.05222892761230469,	0.060611724853515625
5321887500.0,	0.05220222473144531,	0.06071281433105469
5321925000.0,	0.0533447265625,	0.06002998352050781
5321962500.0,	0.05291748046875,	0.05908393859863281
5322000000.0,	0.054660797119140625,	0.0594940185546875
5322037500.0,	0.052288055419921875,	0.058811187744140625
5322075000.0,	0.05362510681152344,	0.060665130615234375
5322112500.0,	0.05277824401855469,	0.059970855712890625
5322150000.0,	0.05411720275878906,	0.059391021728515625
5322187500.0,	0.05278205871582031,	0.06140708923339844
5322225000.0,	0.05461311340332031,	0.058696746826171875
5322262500.0,	0.05322456359863281,	0.06228446960449219
5322300000.0,	0.05329704284667969,	0.06042671203613281
5322337500.0,	0.05361366271972656,	0.060733795166015625
5322375000.0,	0.05335426330566406,	0.059314727783203125
5322412500.0,	0.052577972412109375,	0.059192657470703125
5322450000.0,	0.054019927978515625,	0.06021881103515625
5322487500.0,	0.05202293395996094,	0.060089111328125
5322525000.0,	0.05331993103027344,	0.060703277587890625
5322562500.0,	0.05391883850097656,	0.05895042419433594
5322600000.0,	0.05376243591308594,	0.05766105651855469
5322637500.0,	0.05408668518066406,	0.059810638427734375
5322675000.0,	0.053554534912109375,	0.05973052978515625
5322712500.0,	0.05309486389160156,	0.06116485595703125
5322750000.0,	0.05458641052246094,	0.06064033508300781
5322787500.0,	0.052227020263671875,	0.060466766357421875
5322825000.0,	0.05379676818847656,	0.0601806640625
5322862500.0,	0.05478096008300781,	0.059452056884765625
5322900000.0,	0.05378913879394531,	0.05998039245605469
5322937500.0,	0.05533027648925781,	0.058467864990234375
5322975000.0,	0.05618095397949219,	0.06162452697753906
5323012500.0,	0.057109832763671875,	0.060611724853515625
5323050000.0,	0.055728912353515625,	0.06089973449707031
5323087500.0,	0.054935455322265625,	0.06131172180175781
5323125000.0,	0.052433013916015625,	0.059673309326171875
5323162500.0,	0.053943634033203125,	0.05983924865722656
5323200000.0,	0.0542449951171875,	0.06004905700683594
5323237500.0,	0.05431556701660156,	0.06041717529296875
5323275000.0,	0.05612945556640625,	0.06051445007324219
5323312500.0,	0.05445098876953125,	0.05932426452636719
5323350000.0,	0.055141448974609375,	0.060619354248046875
5323387500.0,	0.054042816162109375,	0.06099510192871094
5323425000.0,	0.0535736083984375,	0.061065673828125
5323462500.0,	0.054058074951171875,	0.060749053955078125
5323500000.0,	0.05473899841308594,	0.06070709228515625
5323537500.0,	0.056430816650390625,	0.05815696716308594
5323575000.0,	0.057186126708984375,	0.05985832214355469
5323612500.0,	0.05459022521972656,	0.059886932373046875
5323650000.0,	0.05512046813964844,	0.06074333190917969
5323687500.0,	0.05524253845214844,	0.05951118469238281
5323725000.0,	0.0535430908203125,	0.060321807861328125
5323762500.0,	0.055850982666015625,	0.059383392333984375
5323800000.0,	0.05388641357421875,	0.06131172180175781
5323837500.0,	0.056316375732421875,	0.05879783630371094
5323875000.0,	0.05319023132324219,	0.06031036376953125
5323912500.0,	0.05464744567871094,	0.06009101867675781
5323950000.0,	0.05429267883300781,	0.060108184814453125
5323987500.0,	0.05588722229003906,	0.06051826477050781
5324025000.0,	0.05422019958496094,	0.06174468994140625
5324062500.0,	0.05580329895019531,	0.06164360046386719
5324100000.0,	0.05649375915527344,	0.05958366394042969
5324137500.0,	0.055675506591796875,	0.060596466064453125
5324175000.0,	0.055194854736328125,	0.05942344665527344
5324212500.0,	0.05725860595703125,	0.059963226318359375
5324250000.0,	0.0556488037109375,	0.06169700622558594
5324287500.0,	0.05410575866699219,	0.06218719482421875
5324325000.0,	0.05598640441894531,	0.061138153076171875
5324362500.0,	0.05712318420410156,	0.058322906494140625
5324400000.0,	0.05735969543457031,	0.06002044677734375
5324437500.0,	0.055217742919921875,	0.05975532531738281
5324475000.0,	0.05433082580566406,	0.06086540222167969
5324512500.0,	0.05554962158203125,	0.06123161315917969
5324550000.0,	0.05476570129394531,	0.0610809326171875
5324587500.0,	0.055538177490234375,	0.06284332275390625
5324625000.0,	0.05530548095703125,	0.06133460998535156
5324662500.0,	0.054088592529296875,	0.05964469909667969
5324700000.0,	0.05443000793457031,	0.06062126159667969
5324737500.0,	0.055149078369140625,	0.06054878234863281
5324775000.0,	0.056194305419921875,	0.05912971496582031
5324812500.0,	0.05782318115234375,	0.05913543701171875
5324850000.0,	0.05567169189453125,	0.06138801574707031
5324887500.0,	0.05503273010253906,	0.05965614318847656
5324925000.0,	0.05384254455566406,	0.060390472412109375
5324962500.0,	0.054073333740234375,	0.059734344482421875
5325000000.0,	0.054931640625,	0.05956840515136719
5325037500.0,	0.058330535888671875,	0.05861854553222656
5325075000.0,	0.05517387390136719,	0.06099700927734375
5325112500.0,	0.05502510070800781,	0.06080818176269531
5325150000.0,	0.05499458312988281,	0.05901336669921875
5325187500.0,	0.05693626403808594,	0.06087303161621094
5325225000.0,	0.05478858947753906,	0.06097412109375
5325262500.0,	0.05609893798828125,	0.06300735473632812
5325300000.0,	0.05626678466796875,	0.05965232849121094
5325337500.0,	0.053554534912109375,	0.061492919921875
5325375000.0,	0.05528831481933594,	0.05991363525390625
5325412500.0,	0.05524253845214844,	0.06001091003417969
5325450000.0,	0.05656242370605469,	0.060878753662109375
5325487500.0,	0.05404090881347656,	0.060283660888671875
5325525000.0,	0.056369781494140625,	0.058597564697265625
5325562500.0,	0.05738639831542969,	0.06043243408203125
5325600000.0,	0.05664825439453125,	0.06018638610839844
5325637500.0,	0.05664634704589844,	0.060211181640625
5325675000.0,	0.056125640869140625,	0.05940055847167969
5325712500.0,	0.05630302429199219,	0.05935096740722656
5325750000.0,	0.053375244140625,	0.061634063720703125
5325787500.0,	0.05728340148925781,	0.05856895446777344
5325825000.0,	0.057788848876953125,	0.060657501220703125
5325862500.0,	0.05647468566894531,	0.06017875671386719
5325900000.0,	0.05771446228027344,	0.06048011779785156
5325937500.0,	0.05548667907714844,	0.05816078186035156
5325975000.0,	0.05582237243652344,	0.05932807922363281
5326012500.0,	0.05608558654785156,	0.06233787536621094
5326050000.0,	0.05603599548339844,	0.06102752685546875
5326087500.0,	0.05648994445800781,	0.059505462646484375
5326125000.0,	0.05657768249511719,	0.06200981140136719
5326162500.0,	0.05771827697753906,	0.06006431579589844
5326200000.0,	0.056064605712890625,	0.06255722045898438
5326237500.0,	0.05532073974609375,	0.059314727783203125
5326275000.0,	0.05706787109375,	0.060001373291015625
5326312500.0,	0.05627632141113281,	0.0611114501953125
5326350000.0,	0.057117462158203125,	0.06055259704589844
5326387500.0,	0.05652809143066406,	0.06030082702636719
5326425000.0,	0.057132720947265625,	0.06004905700683594
5326462500.0,	0.057037353515625,	0.059070587158203125
5326500000.0,	0.05637359619140625,	0.061634063720703125
5326537500.0,	0.05577850341796875,	0.05941200256347656
5326575000.0,	0.05631828308105469,	0.059711456298828125
5326612500.0,	0.05647850036621094,	0.060390472412109375
5326650000.0,	0.056476593017578125,	0.05989265441894531
5326687500.0,	0.05670928955078125,	0.05951881408691406
5326725000.0,	0.05401611328125,	0.05983161926269531
5326762500.0,	0.05728912353515625,	0.059391021728515625
5326800000.0,	0.05789947509765625,	0.06072425842285156
5326837500.0,	0.05814552307128906,	0.060577392578125
5326875000.0,	0.05635833740234375,	0.05914306640625
5326912500.0,	0.05777931213378906,	0.05908012390136719
5326950000.0,	0.05969810485839844,	0.06069183349609375
5326987500.0,	0.056865692138671875,	0.061069488525390625
5327025000.0,	0.05857086181640625,	0.06067466735839844
5327062500.0,	0.05783271789550781,	0.060184478759765625
5327100000.0,	0.057491302490234375,	0.05995368957519531
5327137500.0,	0.05701446533203125,	0.058666229248046875
5327175000.0,	0.057403564453125,	0.05964851379394531
5327212500.0,	0.059879302978515625,	0.06006813049316406
5327250000.0,	0.05850791931152344,	0.059574127197265625
5327287500.0,	0.05773353576660156,	0.05945587158203125
5327325000.0,	0.05515480041503906,	0.06106376647949219
5327362500.0,	0.05784797668457031,	0.06090545654296875
5327400000.0,	0.05743408203125,	0.05983734130859375
5327437500.0,	0.057872772216796875,	0.060413360595703125
5327475000.0,	0.05753135681152344,	0.060638427734375
5327512500.0,	0.05691337585449219,	0.060024261474609375
5327550000.0,	0.05816459655761719,	0.06075096130371094
5327587500.0,	0.057506561279296875,	0.05919075012207031
5327625000.0,	0.0579833984375,	0.0627899169921875
5327662500.0,	0.05588531494140625,	0.06153106689453125
5327700000.0,	0.0582427978515625,	0.061466217041015625
5327737500.0,	0.05957984924316406,	0.059055328369140625
5327775000.0,	0.058681488037109375,	0.060245513916015625
5327812500.0,	0.05734825134277344,	0.060337066650390625
5327850000.0,	0.05875205993652344,	0.05962181091308594
5327887500.0,	0.057071685791015625,	0.05856513977050781
5327925000.0,	0.05943107604980469,	0.06070137023925781
5327962500.0,	0.05767631530761719,	0.05951690673828125
5328000000.0,	0.05778312683105469,	0.06121826171875
5328037500.0,	0.057159423828125,	0.059001922607421875
5328075000.0,	0.059375762939453125,	0.060482025146484375
5328112500.0,	0.05678367614746094,	0.05866813659667969
5328150000.0,	0.056549072265625,	0.05859375
5328187500.0,	0.05834197998046875,	0.057811737060546875
5328225000.0,	0.05853080749511719,	0.059192657470703125
5328262500.0,	0.057720184326171875,	0.05964851379394531
5328300000.0,	0.056819915771484375,	0.05829429626464844
5328337500.0,	0.0588226318359375,	0.06082916259765625
5328375000.0,	0.05880546569824219,	0.05833625793457031
5328412500.0,	0.056915283203125,	0.05924224853515625
5328450000.0,	0.05953407287597656,	0.05848884582519531
5328487500.0,	0.05791664123535156,	0.059947967529296875
5328525000.0,	0.058990478515625,	0.059391021728515625
5328562500.0,	0.0587310791015625,	0.0587158203125
5328600000.0,	0.05891990661621094,	0.058368682861328125
5328637500.0,	0.05682373046875,	0.057941436767578125
5328675000.0,	0.05927276611328125,	0.06121253967285156
5328712500.0,	0.05867958068847656,	0.06081199645996094
5328750000.0,	0.05887603759765625,	0.05969047546386719
5328787500.0,	0.0587158203125,	0.059658050537109375
5328825000.0,	0.05803871154785156,	0.058773040771484375
5328862500.0,	0.06053352355957031,	0.06052398681640625
5328900000.0,	0.05921173095703125,	0.05945777893066406
5328937500.0,	0.05861091613769531,	0.061614990234375
5328975000.0,	0.059085845947265625,	0.06028938293457031
5329012500.0,	0.05901336669921875,	0.06009483337402344
5329050000.0,	0.0569000244140625,	0.05914115905761719
5329087500.0,	0.05966949462890625,	0.05888938903808594
5329125000.0,	0.059558868408203125,	0.06093788146972656
5329162500.0,	0.059223175048828125,	0.06006431579589844
5329200000.0,	0.05990791320800781,	0.05838775634765625
5329237500.0,	0.05939674377441406,	0.05892181396484375
5329275000.0,	0.056865692138671875,	0.06025505065917969
5329312500.0,	0.05743598937988281,	0.05898475646972656
5329350000.0,	0.05901336669921875,	0.05902862548828125
5329387500.0,	0.0590667724609375,	0.06162261962890625
5329425000.0,	0.05948066711425781,	0.060993194580078125
5329462500.0,	0.056652069091796875,	0.058063507080078125
5329500000.0,	0.05840492248535156,	0.05999755859375
5329537500.0,	0.05771064758300781,	0.060436248779296875
5329575000.0,	0.05878257751464844,	0.06115913391113281
5329612500.0,	0.06081581115722656,	0.057727813720703125
5329650000.0,	0.05781745910644531,	0.05696296691894531
5329687500.0,	0.062099456787109375,	0.057315826416015625
5329725000.0,	0.05874061584472656,	0.05949592590332031
5329762500.0,	0.05684661865234375,	0.060420989990234375
5329800000.0,	0.058765411376953125,	0.05993080139160156
5329837500.0,	0.05851554870605469,	0.05873680114746094
5329875000.0,	0.05999946594238281,	0.0584259033203125
5329912500.0,	0.0592193603515625,	0.05863380432128906
5329950000.0,	0.05894279479980469,	0.05825233459472656
5329987500.0,	0.05942726135253906,	0.05935096740722656
5330025000.0,	0.05721855163574219,	0.05724334716796875
5330062500.0,	0.060546875,	0.05925750732421875
5330100000.0,	0.05920982360839844,	0.05769920349121094
5330137500.0,	0.060459136962890625,	0.0603790283203125
5330175000.0,	0.05956077575683594,	0.058399200439453125
5330212500.0,	0.05948066711425781,	0.05890464782714844
5330250000.0,	0.055896759033203125,	0.05603599548339844
5330287500.0,	0.057598114013671875,	0.05919456481933594
5330325000.0,	0.059101104736328125,	0.05948638916015625
5330362500.0,	0.05991363525390625,	0.057369232177734375
5330400000.0,	0.058734893798828125,	0.05994415283203125
5330437500.0,	0.06058311462402344,	0.057987213134765625
5330475000.0,	0.0595855712890625,	0.059146881103515625
5330512500.0,	0.05880928039550781,	0.05460929870605469
5330550000.0,	0.057056427001953125,	0.05800056457519531
5330587500.0,	0.058345794677734375,	0.057910919189453125
5330625000.0,	0.05751609802246094,	0.05919456481933594
5330662500.0,	0.058979034423828125,	0.056949615478515625
5330700000.0,	0.05962944030761719,	0.05662727355957031
5330737500.0,	0.05557060241699219,	0.05675315856933594
5330775000.0,	0.06168174743652344,	0.05926322937011719
5330812500.0,	0.05956268310546875,	0.05704498291015625
5330850000.0,	0.06167793273925781,	0.0598907470703125
5330887500.0,	0.05925559997558594,	0.05669403076171875
5330925000.0,	0.05904388427734375,	0.05795860290527344
5330962500.0,	0.059722900390625,	0.05667686462402344
5331000000.0,	0.05796623229980469,	0.05554389953613281
5331037500.0,	0.06066322326660156,	0.05601310729980469
5331075000.0,	0.059436798095703125,	0.055927276611328125
5331112500.0,	0.059680938720703125,	0.05810737609863281
5331150000.0,	0.05901527404785156,	0.05850791931152344
5331187500.0,	0.059085845947265625,	0.058506011962890625
5331225000.0,	0.060016632080078125,	0.05562782287597656
5331262500.0,	0.059856414794921875,	0.05804634094238281
5331300000.0,	0.061916351318359375,	0.056186676025390625
5331337500.0,	0.05967903137207031,	0.056537628173828125
5331375000.0,	0.06023979187011719,	0.05486297607421875
5331412500.0,	0.05892753601074219,	0.05766487121582031
5331450000.0,	0.06193733215332031,	0.05747795104980469
5331487500.0,	0.057895660400390625,	0.05730247497558594
5331525000.0,	0.06110191345214844,	0.055843353271484375
5331562500.0,	0.05895042419433594,	0.05563926696777344
5331600000.0,	0.05987739562988281,	0.05544471740722656
5331637500.0,	0.05871009826660156,	0.057376861572265625
5331675000.0,	0.058223724365234375,	0.05621528625488281
5331712500.0,	0.05862998962402344,	0.056621551513671875
5331750000.0,	0.05922126770019531,	0.05464935302734375
5331787500.0,	0.061832427978515625,	0.05497932434082031
5331825000.0,	0.05803680419921875,	0.056697845458984375
5331862500.0,	0.05940437316894531,	0.05513572692871094
5331900000.0,	0.058391571044921875,	0.0544586181640625
5331937500.0,	0.0586090087890625,	0.057102203369140625
5331975000.0,	0.06224632263183594,	0.054821014404296875
5332012500.0,	0.06018638610839844,	0.05664825439453125
5332050000.0,	0.06060600280761719,	0.05515480041503906
5332087500.0,	0.05916595458984375,	0.056880950927734375
5332125000.0,	0.05948448181152344,	0.05459403991699219
5332162500.0,	0.06073188781738281,	0.05656623840332031
5332200000.0,	0.06098747253417969,	0.05598640441894531
5332237500.0,	0.0591888427734375,	0.05726814270019531
5332275000.0,	0.06267547607421875,	0.055301666259765625
5332312500.0,	0.0604248046875,	0.05358314514160156
5332350000.0,	0.06024932861328125,	0.05551910400390625
5332387500.0,	0.05954933166503906,	0.05459403991699219
5332425000.0,	0.06091117858886719,	0.055145263671875
5332462500.0,	0.05971717834472656,	0.05696678161621094
5332500000.0,	0.0595703125,	0.05730247497558594
5332537500.0,	0.05918693542480469,	0.05570411682128906
5332575000.0,	0.05957794189453125,	0.054988861083984375
5332612500.0,	0.059814453125,	0.05341911315917969
5332650000.0,	0.06104278564453125,	0.05245208740234375
5332687500.0,	0.05878448486328125,	0.0556640625
5332725000.0,	0.05898857116699219,	0.05449676513671875
5332762500.0,	0.05900382995605469,	0.05427742004394531
5332800000.0,	0.05954551696777344,	0.05666923522949219
5332837500.0,	0.059032440185546875,	0.05436134338378906
5332875000.0,	0.057819366455078125,	0.0551910400390625
5332912500.0,	0.05954933166503906,	0.055919647216796875
5332950000.0,	0.05944252014160156,	0.054561614990234375
5332987500.0,	0.05844688415527344,	0.05457496643066406
5333025000.0,	0.058361053466796875,	0.055324554443359375
5333062500.0,	0.058712005615234375,	0.05545997619628906
5333100000.0,	0.059482574462890625,	0.05372428894042969
5333137500.0,	0.05930900573730469,	0.053600311279296875
5333175000.0,	0.058536529541015625,	0.05298805236816406
5333212500.0,	0.05986976623535156,	0.05288505554199219
5333250000.0,	0.05930519104003906,	0.05415534973144531
5333287500.0,	0.0586395263671875,	0.05337333679199219
5333325000.0,	0.05938148498535156,	0.05365562438964844
5333362500.0,	0.059116363525390625,	0.052043914794921875
5333400000.0,	0.06048011779785156,	0.054046630859375
5333437500.0,	0.059665679931640625,	0.0538787841796875
5333475000.0,	0.059581756591796875,	0.05341529846191406
5333512500.0,	0.05978965759277344,	0.0537109375
5333550000.0,	0.05863380432128906,	0.05553245544433594
5333587500.0,	0.05729484558105469,	0.052234649658203125
5333625000.0,	0.05756378173828125,	0.05315399169921875
5333662500.0,	0.057659149169921875,	0.053714752197265625
5333700000.0,	0.060760498046875,	0.05247688293457031
5333737500.0,	0.0582275390625,	0.0525970458984375
5333775000.0,	0.05903053283691406,	0.05274391174316406
5333812500.0,	0.05844688415527344,	0.05366706848144531
5333850000.0,	0.05885887145996094,	0.05247306823730469
5333887500.0,	0.05843925476074219,	0.05062103271484375
5333925000.0,	0.057521820068359375,	0.05401802062988281
5333962500.0,	0.05854988098144531,	0.050525665283203125
5334000000.0,	0.05792808532714844,	0.05350685119628906
5334037500.0,	0.06060791015625,	0.05185127258300781
5334075000.0,	0.05777931213378906,	0.05425834655761719
5334112500.0,	0.058193206787109375,	0.05224037170410156
5334150000.0,	0.059230804443359375,	0.04965782165527344
5334187500.0,	0.05877876281738281,	0.0532379150390625
5334225000.0,	0.05765533447265625,	0.051258087158203125
5334262500.0,	0.059055328369140625,	0.05371665954589844
5334300000.0,	0.05690765380859375,	0.05101966857910156
5334337500.0,	0.05907440185546875,	0.052440643310546875
5334375000.0,	0.05651664733886719,	0.05257606506347656
5334412500.0,	0.059368133544921875,	0.052387237548828125
5334450000.0,	0.058971405029296875,	0.05155372619628906
5334487500.0,	0.05645942687988281,	0.047962188720703125
5334525000.0,	0.057041168212890625,	0.05015754699707031
5334562500.0,	0.05755424499511719,	0.049221038818359375
5334600000.0,	0.058246612548828125,	0.0488739013671875
5334637500.0,	0.05577659606933594,	0.05136680603027344
5334675000.0,	0.06074333190917969,	0.050235748291015625
5334712500.0,	0.05636405944824219,	0.050807952880859375
5334750000.0,	0.05796623229980469,	0.05145263671875
5334787500.0,	0.05865478515625,	0.04988288879394531
5334825000.0,	0.05828666687011719,	0.05081367492675781
5334862500.0,	0.058574676513671875,	0.04992485046386719
5334900000.0,	0.05835151672363281,	0.05013847351074219
5334937500.0,	0.05597496032714844,	0.04931068420410156
5334975000.0,	0.056278228759765625,	0.0511932373046875
5335012500.0,	0.05600929260253906,	0.04994010925292969
5335050000.0,	0.055988311767578125,	0.05005073547363281
5335087500.0,	0.055896759033203125,	0.05109596252441406
5335125000.0,	0.05650901794433594,	0.05019950866699219
5335162500.0,	0.056720733642578125,	0.04743385314941406
5335200000.0,	0.054996490478515625,	0.0486907958984375
5335237500.0,	0.05731201171875,	0.04865455627441406
5335275000.0,	0.05499076843261719,	0.04804039001464844
5335312500.0,	0.057117462158203125,	0.04780769348144531
5335350000.0,	0.055095672607421875,	0.047428131103515625
5335387500.0,	0.05548095703125,	0.0490264892578125
5335425000.0,	0.056476593017578125,	0.048748016357421875
5335462500.0,	0.05506706237792969,	0.04894447326660156
5335500000.0,	0.05534172058105469,	0.04798316955566406
5335537500.0,	0.055561065673828125,	0.048980712890625
5335575000.0,	0.05452728271484375,	0.04738426208496094
5335612500.0,	0.05686187744140625,	0.046695709228515625
5335650000.0,	0.05608940124511719,	0.04906272888183594
5335687500.0,	0.05362510681152344,	0.04884529113769531
5335725000.0,	0.05495643615722656,	0.04668998718261719
5335762500.0,	0.055896759033203125,	0.04586982727050781
5335800000.0,	0.053680419921875,	0.045989990234375
5335837500.0,	0.055419921875,	0.04901123046875
5335875000.0,	0.055835723876953125,	0.04897308349609375
5335912500.0,	0.05535697937011719,	0.04609107971191406
5335950000.0,	0.05381965637207031,	0.046916961669921875
5335987500.0,	0.05454063415527344,	0.04648017883300781
5336025000.0,	0.05217742919921875,	0.04552650451660156
5336062500.0,	0.056575775146484375,	0.04687690734863281
5336100000.0,	0.05600166320800781,	0.046192169189453125
5336137500.0,	0.05272865295410156,	0.045871734619140625
5336175000.0,	0.05312347412109375,	0.046581268310546875
5336212500.0,	0.052829742431640625,	0.04648780822753906
5336250000.0,	0.053577423095703125,	0.045215606689453125
5336287500.0,	0.053470611572265625,	0.04603004455566406
5336325000.0,	0.05265998840332031,	0.046051025390625
5336362500.0,	0.05236053466796875,	0.046810150146484375
5336400000.0,	0.04927635192871094,	0.04657936096191406
5336437500.0,	0.05252838134765625,	0.04380226135253906
5336475000.0,	0.05054283142089844,	0.046253204345703125
5336512500.0,	0.05097198486328125,	0.04503822326660156
5336550000.0,	0.050357818603515625,	0.045063018798828125
5336587500.0,	0.050128936767578125,	0.04411888122558594
5336625000.0,	0.05234718322753906,	0.0449676513671875
5336662500.0,	0.051174163818359375,	0.046924591064453125
5336700000.0,	0.05083274841308594,	0.04680061340332031
5336737500.0,	0.051601409912109375,	0.0430450439453125
5336775000.0,	0.050197601318359375,	0.04473114013671875
5336812500.0,	0.049549102783203125,	0.04305267333984375
5336850000.0,	0.05037879943847656,	0.04505348205566406
5336887500.0,	0.04752159118652344,	0.045623779296875
5336925000.0,	0.04884910583496094,	0.04373741149902344
5336962500.0,	0.05076408386230469,	0.04304695129394531
5337000000.0,	0.050113677978515625,	0.04506683349609375
5337037500.0,	0.04813194274902344,	0.04298210144042969
5337075000.0,	0.04696464538574219,	0.043430328369140625
5337112500.0,	0.04978179931640625,	0.043132781982421875
5337150000.0,	0.04935455322265625,	0.043964385986328125
5337187500.0,	0.04654884338378906,	0.04505157470703125
5337225000.0,	0.05008697509765625,	0.04615592956542969
5337262500.0,	0.04847526550292969,	0.04189872741699219
5337300000.0,	0.046276092529296875,	0.04335784912109375
5337337500.0,	0.046588897705078125,	0.04392433166503906
5337375000.0,	0.044025421142578125,	0.04505348205566406
5337412500.0,	0.04846954345703125,	0.0421905517578125
5337450000.0,	0.044483184814453125,	0.043247222900390625
5337487500.0,	0.045501708984375,	0.043243408203125
5337525000.0,	0.0424346923828125,	0.0429229736328125
5337562500.0,	0.04324150085449219,	0.043186187744140625
5337600000.0,	0.04329490661621094,	0.043689727783203125
5337637500.0,	0.04442405700683594,	0.04183769226074219
5337675000.0,	0.04262542724609375,	0.042724609375
5337712500.0,	0.04273223876953125,	0.04129219055175781
5337750000.0,	0.040515899658203125,	0.040752410888671875
5337787500.0,	0.04128074645996094,	0.0406646728515625
5337825000.0,	0.03903770446777344,	0.04345703125
5337862500.0,	0.0409088134765625,	0.04096412658691406
5337900000.0,	0.040920257568359375,	0.043521881103515625
5337937500.0,	0.04123687744140625,	0.041896820068359375
5337975000.0,	0.03964996337890625,	0.04375457763671875
5338012500.0,	0.03859138488769531,	0.04320335388183594
5338050000.0,	0.03836822509765625,	0.0440521240234375
5338087500.0,	0.041080474853515625,	0.04401206970214844
5338125000.0,	0.037281036376953125,	0.04431343078613281
5338162500.0,	0.03603553771972656,	0.042301177978515625
5338200000.0,	0.03581809997558594,	0.04327201843261719
5338237500.0,	0.03675651550292969,	0.043819427490234375
5338275000.0,	0.03486061096191406,	0.04538917541503906
5338312500.0,	0.0357666015625,	0.04193115234375
5338350000.0,	0.03461265563964844,	0.042266845703125
5338387500.0,	0.035701751708984375,	0.04532814025878906
5338425000.0,	0.03347587585449219,	0.04428863525390625
5338462500.0,	0.03482818603515625,	0.045963287353515625
5338500000.0,	0.03191566467285156,	0.044116973876953125
5338537500.0,	0.030302047729492188,	0.046680450439453125
5338575000.0,	0.032989501953125,	0.04452323913574219
5338612500.0,	0.030731201171875,	0.04472160339355469
5338650000.0,	0.032779693603515625,	0.04685020446777344
5338687500.0,	0.030454635620117188,	0.045635223388671875
5338725000.0,	0.0298004150390625,	0.046245574951171875
5338762500.0,	0.029222488403320312,	0.045131683349609375
5338800000.0,	0.027147293090820312,	0.04732704162597656
5338837500.0,	0.025157928466796875,	0.04711341857910156
5338875000.0,	0.0266265869140625,	0.04762458801269531
5338912500.0,	0.0253143310546875,	0.04671478271484375
5338950000.0,	0.026641845703125,	0.0483551025390625
5338987500.0,	0.025045394897460938,	0.04728126525878906
5339025000.0,	0.023775100708007812,	0.050579071044921875
5339062500.0,	0.024320602416992188,	0.05110359191894531
5339100000.0,	0.022581100463867188,	0.04908180236816406
5339137500.0,	0.02294158935546875,	0.04982185363769531
5339175000.0,	0.022714614868164062,	0.04996299743652344
5339212500.0,	0.024753570556640625,	0.054302215576171875
5339250000.0,	0.019992828369140625,	0.05152320861816406
5339287500.0,	0.022050857543945312,	0.053028106689453125
5339325000.0,	0.019823074340820312,	0.05315971374511719
5339362500.0,	0.019689559936523438,	0.0546722412109375
5339400000.0,	0.019113540649414062,	0.055118560791015625
5339437500.0,	0.017686843872070312,	0.05509185791015625
5339475000.0,	0.019388198852539062,	0.05575752258300781
5339512500.0,	0.016527175903320312,	0.05501556396484375
5339550000.0,	0.018480300903320312,	0.05723381042480469
5339587500.0,	0.018390655517578125,	0.05860710144042969
5339625000.0,	0.0165252685546875,	0.05889320373535156
5339662500.0,	0.017518997192382812,	0.0615234375
5339700000.0,	0.01528167724609375,	0.06172370910644531
5339737500.0,	0.01718902587890625,	0.062896728515625
5339775000.0,	0.013576507568359375,	0.06458663940429688
5339812500.0,	0.0168914794921875,	0.06454086303710938
5339850000.0,	0.013492584228515625,	0.06660079956054688
5339887500.0,	0.014801025390625,	0.06640243530273438
5339925000.0,	0.015716552734375,	0.06455230712890625
5339962500.0,	0.012958526611328125,	0.07014083862304688
5340000000.0,	0.01535797119140625,	0.068145751953125
5340037500.0,	0.01650238037109375,	0.06851577758789062
5340075000.0,	0.0154266357421875,	0.06778717041015625
5340112500.0,	0.0142669677734375,	0.06949996948242188
5340150000.0,	0.01496124267578125,	0.07258224487304688
5340187500.0,	0.015682220458984375,	0.07191085815429688
5340225000.0,	0.014476776123046875,	0.07463455200195312
5340262500.0,	0.014705657958984375,	0.07636642456054688
5340300000.0,	0.016216278076171875,	0.07898330688476562
5340337500.0,	0.01436614990234375,	0.0794830322265625
5340375000.0,	0.016307830810546875,	0.078369140625
5340412500.0,	0.0158843994140625,	0.0821075439453125
5340450000.0,	0.01578521728515625,	0.08102035522460938
5340487500.0,	0.0159454345703125,	0.082977294921875
5340525000.0,	0.01642608642578125,	0.08225631713867188
5340562500.0,	0.017002105712890625,	0.08355712890625
5340600000.0,	0.015613555908203125,	0.08526992797851562
5340637500.0,	0.01904296875,	0.08472442626953125
5340675000.0,	0.0199737548828125,	0.08807373046875
5340712500.0,	0.020931243896484375,	0.08779144287109375
5340750000.0,	0.020046234130859375,	0.08982086181640625
5340787500.0,	0.019359588623046875,	0.08698272705078125
5340825000.0,	0.020618438720703125,	0.0883941650390625
5340862500.0,	0.020832061767578125,	0.09104537963867188
5340900000.0,	0.020946502685546875,	0.0906982421875
5340937500.0,	0.021892547607421875,	0.0914459228515625
5340975000.0,	0.024097442626953125,	0.09214401245117188
5341012500.0,	0.024623870849609375,	0.09239959716796875
5341050000.0,	0.0256195068359375,	0.09236907958984375
5341087500.0,	0.023075103759765625,	0.09555816650390625
5341125000.0,	0.025531768798828125,	0.09437179565429688
5341162500.0,	0.02725982666015625,	0.0961761474609375
5341200000.0,	0.02754974365234375,	0.09561538696289062
5341237500.0,	0.0275726318359375,	0.09647750854492188
5341275000.0,	0.028141021728515625,	0.09932708740234375
5341312500.0,	0.02918243408203125,	0.09637451171875
5341350000.0,	0.029430389404296875,	0.09699249267578125
5341387500.0,	0.03045654296875,	0.09814453125
5341425000.0,	0.032207489013671875,	0.09790802001953125
5341462500.0,	0.033657073974609375,	0.0989990234375
5341500000.0,	0.033451080322265625,	0.09884262084960938
5341537500.0,	0.0343017578125,	0.098785400390625
5341575000.0,	0.0367279052734375,	0.0994873046875
5341612500.0,	0.0375518798828125,	0.10022735595703125
5341650000.0,	0.03509521484375,	0.10080337524414062
5341687500.0,	0.03701019287109375,	0.09869766235351562
5341725000.0,	0.0378875732421875,	0.100250244140625
5341762500.0,	0.03607940673828125,	0.10015106201171875
5341800000.0,	0.03984832763671875,	0.09988021850585938
5341837500.0,	0.04083251953125,	0.09986114501953125
5341875000.0,	0.040271759033203125,	0.10158157348632812
5341912500.0,	0.043163299560546875,	0.10191726684570312
5341950000.0,	0.041996002197265625,	0.10048294067382812
5341987500.0,	0.042514801025390625,	0.1003570556640625
5342025000.0,	0.04172515869140625,	0.10029220581054688
5342062500.0,	0.042713165283203125,	0.1023101806640625
5342100000.0,	0.04373931884765625,	0.10112380981445312
5342137500.0,	0.045368194580078125,	0.1026458740234375
5342175000.0,	0.046360015869140625,	0.10132598876953125
5342212500.0,	0.046512603759765625,	0.10114288330078125
5342250000.0,	0.047740936279296875,	0.10013198852539062
5342287500.0,	0.0474700927734375,	0.099945068359375
5342325000.0,	0.048641204833984375,	0.10261154174804688
5342362500.0,	0.05025482177734375,	0.10143280029296875
5342400000.0,	0.04978179931640625,	0.10020828247070312
5342437500.0,	0.05218505859375,	0.10079574584960938
5342475000.0,	0.051273345947265625,	0.10294723510742188
5342512500.0,	0.051509857177734375,	0.10209274291992188
5342550000.0,	0.051372528076171875,	0.10155868530273438
5342587500.0,	0.052005767822265625,	0.10046768188476562
5342625000.0,	0.05170440673828125,	0.1005401611328125
5342662500.0,	0.0547027587890625,	0.09979629516601562
5342700000.0,	0.054195404052734375,	0.10034561157226562
5342737500.0,	0.0536346435546875,	0.09882354736328125
5342775000.0,	0.053287506103515625,	0.10181427001953125
5342812500.0,	0.05615234375,	0.09923171997070312
5342850000.0,	0.055484771728515625,	0.10021591186523438
5342887500.0,	0.0568695068359375,	0.097686767578125
5342925000.0,	0.057582855224609375,	0.0990447998046875
5342962500.0,	0.05718994140625,	0.09844589233398438
5343000000.0,	0.0579833984375,	0.09913253784179688
5343037500.0,	0.058795928955078125,	0.09815216064453125
5343075000.0,	0.06060028076171875,	0.09639739990234375
5343112500.0,	0.06009674072265625,	0.09843826293945312
5343150000.0,	0.0582275390625,	0.09798049926757812
5343187500.0,	0.0605316162109375,	0.09768295288085938
5343225000.0,	0.061328887939453125,	0.09853363037109375
5343262500.0,	0.059391021728515625,	0.09859848022460938
5343300000.0,	0.06011199951171875,	0.09724807739257812
5343337500.0,	0.06073760986328125,	0.09730148315429688
5343375000.0,	0.06299209594726562,	0.09708786010742188
5343412500.0,	0.06428146362304688,	0.097930908203125
5343450000.0,	0.065155029296875,	0.09627914428710938
5343487500.0,	0.06376266479492188,	0.09627151489257812
5343525000.0,	0.060138702392578125,	0.09475326538085938
5343562500.0,	0.06274795532226562,	0.0963134765625
5343600000.0,	0.06438064575195312,	0.09404754638671875
5343637500.0,	0.06551742553710938,	0.09595108032226562
5343675000.0,	0.0650482177734375,	0.09548568725585938
5343712500.0,	0.06448745727539062,	0.09454727172851562
5343750000.0,	0.06453323364257812,	0.09492874145507812
5343787500.0,	0.06585311889648438,	0.09405899047851562
5343825000.0,	0.06584930419921875,	0.09538650512695312
5343862500.0,	0.06395339965820312,	0.09553909301757812
5343900000.0,	0.0650787353515625,	0.094268798828125
5343937500.0,	0.06694793701171875,	0.09170150756835938
5343975000.0,	0.06834030151367188,	0.0939178466796875
5344012500.0,	0.06642913818359375,	0.09386062622070312
5344050000.0,	0.0678863525390625,	0.09248733520507812
5344087500.0,	0.06997299194335938,	0.09157943725585938
5344125000.0,	0.0692901611328125,	0.0928497314453125
5344162500.0,	0.06840133666992188,	0.09071731567382812
5344200000.0,	0.070465087890625,	0.09053421020507812
5344237500.0,	0.0688018798828125,	0.0941619873046875
5344275000.0,	0.06869888305664062,	0.09457778930664062
5344312500.0,	0.06951522827148438,	0.09045028686523438
5344350000.0,	0.06872177124023438,	0.09053421020507812
5344387500.0,	0.0703887939453125,	0.09257888793945312
5344425000.0,	0.06790542602539062,	0.08955764770507812
5344462500.0,	0.06908416748046875,	0.09190750122070312
5344500000.0,	0.06972885131835938,	0.09227752685546875
5344537500.0,	0.07056808471679688,	0.0897216796875
5344575000.0,	0.06961822509765625,	0.0880126953125
5344612500.0,	0.06948471069335938,	0.09077072143554688
5344650000.0,	0.07021713256835938,	0.08908462524414062
5344687500.0,	0.07155227661132812,	0.09046554565429688
5344725000.0,	0.073211669921875,	0.08841323852539062
5344762500.0,	0.06922531127929688,	0.08881378173828125
5344800000.0,	0.07165145874023438,	0.08739471435546875
5344837500.0,	0.07233810424804688,	0.08768081665039062
5344875000.0,	0.07236862182617188,	0.08807754516601562
5344912500.0,	0.0707244873046875,	0.08858871459960938
5344950000.0,	0.07187271118164062,	0.09119415283203125
5344987500.0,	0.07386016845703125,	0.08946990966796875
5345025000.0,	0.07338714599609375,	0.08620452880859375
5345062500.0,	0.07156753540039062,	0.08776092529296875
5345100000.0,	0.07309341430664062,	0.08782958984375
5345137500.0,	0.07292938232421875,	0.08597183227539062
5345175000.0,	0.07320785522460938,	0.087249755859375
5345212500.0,	0.071075439453125,	0.08744049072265625
5345250000.0,	0.07265853881835938,	0.08643341064453125
5345287500.0,	0.07343292236328125,	0.08533859252929688
5345325000.0,	0.07544326782226562,	0.08510589599609375
5345362500.0,	0.07277679443359375,	0.08647537231445312
5345400000.0,	0.07468032836914062,	0.08606338500976562
5345437500.0,	0.07340240478515625,	0.08340835571289062
5345475000.0,	0.07569122314453125,	0.08587265014648438
5345512500.0,	0.07360076904296875,	0.08304595947265625
5345550000.0,	0.07398605346679688,	0.0840911865234375
5345587500.0,	0.07307052612304688,	0.08342361450195312
5345625000.0,	0.07452011108398438,	0.08447265625
5345662500.0,	0.07272720336914062,	0.08596420288085938
5345700000.0,	0.07674026489257812,	0.0848388671875
5345737500.0,	0.07635498046875,	0.08533477783203125
5345775000.0,	0.07495498657226562,	0.08481597900390625
5345812500.0,	0.07447433471679688,	0.083740234375
5345850000.0,	0.07429885864257812,	0.0835418701171875
5345887500.0,	0.07514190673828125,	0.08385467529296875
5345925000.0,	0.07390594482421875,	0.08324050903320312
5345962500.0,	0.0760955810546875,	0.08325958251953125
5346000000.0,	0.07389068603515625,	0.08229446411132812
5346037500.0,	0.07430648803710938,	0.08204269409179688
5346075000.0,	0.074951171875,	0.08282470703125
5346112500.0,	0.07509613037109375,	0.08131027221679688
5346150000.0,	0.07558059692382812,	0.08154678344726562
5346187500.0,	0.07546234130859375,	0.08333587646484375
5346225000.0,	0.07488632202148438,	0.08258056640625
5346262500.0,	0.07663726806640625,	0.08078384399414062
5346300000.0,	0.07616424560546875,	0.08049392700195312
5346337500.0,	0.07597732543945312,	0.080169677734375
5346375000.0,	0.076141357421875,	0.08061599731445312
5346412500.0,	0.07590866088867188,	0.08005142211914062
5346450000.0,	0.07588958740234375,	0.0829620361328125
5346487500.0,	0.07583999633789062,	0.08253860473632812
5346525000.0,	0.07709884643554688,	0.08310317993164062
5346562500.0,	0.07745361328125,	0.07971572875976562
5346600000.0,	0.07578277587890625,	0.08080291748046875
5346637500.0,	0.07744979858398438,	0.0809326171875
5346675000.0,	0.07773208618164062,	0.0813140869140625
5346712500.0,	0.076934814453125,	0.08143997192382812
5346750000.0,	0.077392578125,	0.07858657836914062
5346787500.0,	0.07810211181640625,	0.07990646362304688
5346825000.0,	0.07638168334960938,	0.07959747314453125
5346862500.0,	0.07643890380859375,	0.07981491088867188
5346900000.0,	0.07786941528320312,	0.08193206787109375
5346937500.0,	0.07733917236328125,	0.077880859375
5346975000.0,	0.07748794555664062,	0.080230712890625
5347012500.0,	0.0772857666015625,	0.07965850830078125
5347050000.0,	0.07558822631835938,	0.07668304443359375
5347087500.0,	0.07755661010742188,	0.07809829711914062
5347125000.0,	0.07667160034179688,	0.07798385620117188
5347162500.0,	0.0784912109375,	0.0773162841796875
5347200000.0,	0.07806396484375,	0.0760498046875
5347237500.0,	0.07698822021484375,	0.0772552490234375
5347275000.0,	0.07769393920898438,	0.0785980224609375
5347312500.0,	0.07762908935546875,	0.07747268676757812
5347350000.0,	0.078460693359375,	0.07724380493164062
5347387500.0,	0.07979202270507812,	0.07882308959960938
5347425000.0,	0.077606201171875,	0.07759857177734375
5347462500.0,	0.0768280029296875,	0.07857894897460938
5347500000.0,	0.0770721435546875,	0.07902145385742188
5347537500.0,	0.07839202880859375,	0.07773590087890625
5347575000.0,	0.07644271850585938,	0.07712554931640625
5347612500.0,	0.08034896850585938,	0.07841110229492188
5347650000.0,	0.07741546630859375,	0.07590484619140625
5347687500.0,	0.07780075073242188,	0.0755767822265625
5347725000.0,	0.07780838012695312,	0.07477188110351562
5347762500.0,	0.07819747924804688,	0.07572174072265625
5347800000.0,	0.07890701293945312,	0.07569503784179688
5347837500.0,	0.07810592651367188,	0.0756072998046875
5347875000.0,	0.07734298706054688,	0.07391738891601562
5347912500.0,	0.07777786254882812,	0.07576751708984375
5347950000.0,	0.08098983764648438,	0.07505035400390625
5347987500.0,	0.07873916625976562,	0.0754852294921875
5348025000.0,	0.0791015625,	0.07646942138671875
5348062500.0,	0.07623672485351562,	0.07531356811523438
5348100000.0,	0.07804489135742188,	0.07372283935546875
5348137500.0,	0.07828903198242188,	0.0744171142578125
5348175000.0,	0.07929229736328125,	0.07502365112304688
5348212500.0,	0.07986831665039062,	0.07468032836914062
5348250000.0,	0.07905960083007812,	0.07343673706054688
5348287500.0,	0.07979202270507812,	0.07314682006835938
5348325000.0,	0.07901382446289062,	0.07202529907226562
5348362500.0,	0.07796096801757812,	0.0726165771484375
5348400000.0,	0.08026504516601562,	0.07317733764648438
5348437500.0,	0.07764816284179688,	0.07432937622070312
5348475000.0,	0.07970428466796875,	0.07476043701171875
5348512500.0,	0.0788726806640625,	0.07329940795898438
5348550000.0,	0.08062362670898438,	0.0741424560546875
5348587500.0,	0.07781219482421875,	0.07300949096679688
5348625000.0,	0.07907485961914062,	0.07201004028320312
5348662500.0,	0.0777435302734375,	0.07366943359375
5348700000.0,	0.08011245727539062,	0.07445144653320312
5348737500.0,	0.08045196533203125,	0.07195663452148438
5348775000.0,	0.0795745849609375,	0.07367324829101562
5348812500.0,	0.07914352416992188,	0.07049179077148438
5348850000.0,	0.08049774169921875,	0.07108306884765625
5348887500.0,	0.07908248901367188,	0.0701141357421875
5348925000.0,	0.07766342163085938,	0.07243728637695312
5348962500.0,	0.07751083374023438,	0.07118606567382812
5349000000.0,	0.07838058471679688,	0.07343673706054688
5349037500.0,	0.07799148559570312,	0.0702056884765625
5349075000.0,	0.080780029296875,	0.07323074340820312
5349112500.0,	0.07714462280273438,	0.07084274291992188
5349150000.0,	0.08002853393554688,	0.07067108154296875
5349187500.0,	0.0802001953125,	0.0708160400390625
5349225000.0,	0.07868576049804688,	0.07259368896484375
5349262500.0,	0.0793914794921875,	0.07094955444335938
5349300000.0,	0.07924270629882812,	0.07153701782226562
5349337500.0,	0.07967376708984375,	0.07106781005859375
5349375000.0,	0.07900619506835938,	0.07104873657226562
5349412500.0,	0.07960891723632812,	0.06923675537109375
5349450000.0,	0.07767486572265625,	0.07238388061523438
5349487500.0,	0.07793045043945312,	0.07157135009765625
5349525000.0,	0.0786285400390625,	0.06904220581054688
5349562500.0,	0.07827377319335938,	0.0724029541015625
5349600000.0,	0.07944869995117188,	0.0697174072265625
5349637500.0,	0.080963134765625,	0.06983184814453125
5349675000.0,	0.07835769653320312,	0.07064437866210938
5349712500.0,	0.07808303833007812,	0.07017898559570312
5349750000.0,	0.07711410522460938,	0.06935882568359375
5349787500.0,	0.08029937744140625,	0.07054519653320312
5349825000.0,	0.07942581176757812,	0.0674285888671875
5349862500.0,	0.07834625244140625,	0.07102584838867188
5349900000.0,	0.07986831665039062,	0.07169723510742188
5349937500.0,	0.07759857177734375,	0.0697784423828125
5349975000.0,	0.0781707763671875,	0.06809616088867188
5350012500.0,	0.07889556884765625,	0.06705856323242188
5350050000.0,	0.08042526245117188,	0.06958389282226562
5350087500.0,	0.08171844482421875,	0.068634033203125
5350125000.0,	0.08071136474609375,	0.06845855712890625
5350162500.0,	0.0782928466796875,	0.06922149658203125
5350200000.0,	0.07894515991210938,	0.068328857421875
5350237500.0,	0.07840728759765625,	0.0681304931640625
5350275000.0,	0.08026123046875,	0.0676116943359375
5350312500.0,	0.07671356201171875,	0.07200241088867188
5350350000.0,	0.07780838012695312,	0.06853866577148438
5350387500.0,	0.07778167724609375,	0.06932830810546875
5350425000.0,	0.07961273193359375,	0.06760787963867188
5350462500.0,	0.07924652099609375,	0.06677627563476562
5350500000.0,	0.07661056518554688,	0.06910324096679688
5350537500.0,	0.07810592651367188,	0.066802978515625
5350575000.0,	0.076141357421875,	0.06760406494140625
5350612500.0,	0.08085250854492188,	0.06795883178710938
5350650000.0,	0.079986572265625,	0.0670013427734375
5350687500.0,	0.07965469360351562,	0.06753921508789062
5350725000.0,	0.07863998413085938,	0.06776046752929688
5350762500.0,	0.07993316650390625,	0.068695068359375
5350800000.0,	0.07799148559570312,	0.06964874267578125
5350837500.0,	0.07960891723632812,	0.0663299560546875
5350875000.0,	0.08073806762695312,	0.06730270385742188
5350912500.0,	0.0793304443359375,	0.0667266845703125
5350950000.0,	0.07955551147460938,	0.06586456298828125
5350987500.0,	0.07923126220703125,	0.0672607421875
5351025000.0,	0.08067703247070312,	0.0686492919921875
5351062500.0,	0.078948974609375,	0.06574249267578125
5351100000.0,	0.07913970947265625,	0.06729888916015625
5351137500.0,	0.07665252685546875,	0.06702041625976562
5351175000.0,	0.07902145385742188,	0.06568527221679688
5351212500.0,	0.077239990234375,	0.06780624389648438
5351250000.0,	0.07849502563476562,	0.0670623779296875
5351287500.0,	0.07745361328125,	0.0655975341796875
5351325000.0,	0.07896804809570312,	0.06535720825195312
5351362500.0,	0.07720947265625,	0.0642547607421875
5351400000.0,	0.077178955078125,	0.065948486328125
5351437500.0,	0.07763290405273438,	0.06667709350585938
5351475000.0,	0.07880783081054688,	0.064422607421875
5351512500.0,	0.08137893676757812,	0.06370925903320312
5351550000.0,	0.07840728759765625,	0.06345367431640625
5351587500.0,	0.07919692993164062,	0.06578826904296875
5351625000.0,	0.07790374755859375,	0.0662689208984375
5351662500.0,	0.07847213745117188,	0.06638717651367188
5351700000.0,	0.07759857177734375,	0.06625747680664062
5351737500.0,	0.0792236328125,	0.06403350830078125
5351775000.0,	0.07735443115234375,	0.06425857543945312
5351812500.0,	0.0771636962890625,	0.06634902954101562
5351850000.0,	0.07880783081054688,	0.06520462036132812
5351887500.0,	0.0790863037109375,	0.06659317016601562
5351925000.0,	0.08033370971679688,	0.06607437133789062
5351962500.0,	0.08072662353515625,	0.06634521484375
5352000000.0,	0.07939910888671875,	0.06428909301757812
5352037500.0,	0.08010101318359375,	0.06464767456054688
5352075000.0,	0.07862091064453125,	0.06311416625976562
5352112500.0,	0.07839202880859375,	0.06366348266601562
5352150000.0,	0.07947540283203125,	0.0623626708984375
5352187500.0,	0.07782363891601562,	0.06513214111328125
5352225000.0,	0.07770538330078125,	0.06458282470703125
5352262500.0,	0.08006668090820312,	0.06459808349609375
5352300000.0,	0.08076095581054688,	0.06648635864257812
5352337500.0,	0.07807540893554688,	0.062358856201171875
5352375000.0,	0.07741165161132812,	0.06378173828125
5352412500.0,	0.07928848266601562,	0.0642242431640625
5352450000.0,	0.08095550537109375,	0.0630340576171875
5352487500.0,	0.07946014404296875,	0.06305694580078125
5352525000.0,	0.0789794921875,	0.06528472900390625
5352562500.0,	0.0806884765625,	0.063201904296875
5352600000.0,	0.07814788818359375,	0.06460952758789062
5352637500.0,	0.07909393310546875,	0.06338882446289062
5352675000.0,	0.077545166015625,	0.065093994140625
5352712500.0,	0.07909011840820312,	0.06172943115234375
5352750000.0,	0.08028793334960938,	0.06444931030273438
5352787500.0,	0.07756423950195312,	0.06460189819335938
5352825000.0,	0.080078125,	0.06143951416015625
5352862500.0,	0.0777435302734375,	0.06388092041015625
5352900000.0,	0.07882308959960938,	0.062381744384765625
5352937500.0,	0.07826995849609375,	0.06373977661132812
5352975000.0,	0.07627487182617188,	0.06525421142578125
5353012500.0,	0.07906341552734375,	0.062286376953125
5353050000.0,	0.07854080200195312,	0.06487274169921875
5353087500.0,	0.07720565795898438,	0.061679840087890625
5353125000.0,	0.07592010498046875,	0.061351776123046875
5353162500.0,	0.07950973510742188,	0.060855865478515625
5353200000.0,	0.07787322998046875,	0.06254196166992188
5353237500.0,	0.07611083984375,	0.06299972534179688
5353275000.0,	0.07883834838867188,	0.06298828125
5353312500.0,	0.07757949829101562,	0.0626068115234375
5353350000.0,	0.07964324951171875,	0.061786651611328125
5353387500.0,	0.07819747924804688,	0.06146240234375
5353425000.0,	0.07896804809570312,	0.06277084350585938
5353462500.0,	0.076904296875,	0.061859130859375
5353500000.0,	0.07833480834960938,	0.061756134033203125
5353537500.0,	0.07923126220703125,	0.062744140625
5353575000.0,	0.07733154296875,	0.06136322021484375
5353612500.0,	0.07643508911132812,	0.06075286865234375
5353650000.0,	0.0781707763671875,	0.062255859375
5353687500.0,	0.07677078247070312,	0.06040191650390625
5353725000.0,	0.07836151123046875,	0.061031341552734375
5353762500.0,	0.07852935791015625,	0.06323623657226562
5353800000.0,	0.07901763916015625,	0.061679840087890625
5353837500.0,	0.07819366455078125,	0.06012725830078125
5353875000.0,	0.07706451416015625,	0.06285476684570312
5353912500.0,	0.07699203491210938,	0.060054779052734375
5353950000.0,	0.07776260375976562,	0.060779571533203125
5353987500.0,	0.07622909545898438,	0.061687469482421875
5354025000.0,	0.07913970947265625,	0.06201171875
5354062500.0,	0.07796859741210938,	0.059360504150390625
5354100000.0,	0.07809829711914062,	0.062168121337890625
5354137500.0,	0.07677078247070312,	0.060863494873046875
5354175000.0,	0.07749557495117188,	0.062030792236328125
5354212500.0,	0.07824325561523438,	0.05973052978515625
5354250000.0,	0.07727813720703125,	0.060565948486328125
5354287500.0,	0.07839202880859375,	0.062282562255859375
5354325000.0,	0.0774078369140625,	0.058025360107421875
5354362500.0,	0.07519912719726562,	0.060153961181640625
5354400000.0,	0.0763702392578125,	0.06058502197265625
5354437500.0,	0.07788848876953125,	0.060573577880859375
5354475000.0,	0.07767486572265625,	0.06163787841796875
5354512500.0,	0.0779266357421875,	0.059444427490234375
5354550000.0,	0.07576751708984375,	0.06053924560546875
5354587500.0,	0.07920455932617188,	0.06259918212890625
5354625000.0,	0.07674026489257812,	0.0594329833984375
5354662500.0,	0.077178955078125,	0.061084747314453125
5354700000.0,	0.07729721069335938,	0.05939483642578125
5354737500.0,	0.07936477661132812,	0.059139251708984375
5354775000.0,	0.07757949829101562,	0.0597686767578125
5354812500.0,	0.07703399658203125,	0.05950927734375
5354850000.0,	0.07724761962890625,	0.060455322265625
5354887500.0,	0.07611083984375,	0.0588836669921875
5354925000.0,	0.0786895751953125,	0.0592041015625
5354962500.0,	0.07837677001953125,	0.0599822998046875
5355000000.0,	0.07647705078125,	0.060581207275390625
5355037500.0,	0.07929611206054688,	0.061153411865234375
5355075000.0,	0.0785980224609375,	0.06182098388671875
5355112500.0,	0.07637405395507812,	0.058971405029296875
5355150000.0,	0.07659149169921875,	0.060276031494140625
5355187500.0,	0.07615280151367188,	0.0598602294921875
5355225000.0,	0.07733154296875,	0.05881500244140625
5355262500.0,	0.07863998413085938,	0.05782318115234375
5355300000.0,	0.07767486572265625,	0.0583953857421875
5355337500.0,	0.07550811767578125,	0.05854034423828125
5355375000.0,	0.07694625854492188,	0.059375762939453125
5355412500.0,	0.07777023315429688,	0.058345794677734375
5355450000.0,	0.0753936767578125,	0.057769775390625
5355487500.0,	0.07688140869140625,	0.0606689453125
5355525000.0,	0.07853317260742188,	0.06093597412109375
5355562500.0,	0.07983779907226562,	0.05938720703125
5355600000.0,	0.07804489135742188,	0.058292388916015625
5355637500.0,	0.0765380859375,	0.058010101318359375
5355675000.0,	0.07541275024414062,	0.06078338623046875
5355712500.0,	0.07622146606445312,	0.0585479736328125
5355750000.0,	0.07744979858398438,	0.05947113037109375
5355787500.0,	0.07587814331054688,	0.057651519775390625
5355825000.0,	0.07734298706054688,	0.058101654052734375
5355862500.0,	0.07728958129882812,	0.057781219482421875
5355900000.0,	0.07830047607421875,	0.06136322021484375
5355937500.0,	0.07520294189453125,	0.058010101318359375
5355975000.0,	0.07712173461914062,	0.059413909912109375
5356012500.0,	0.07580184936523438,	0.05948638916015625
5356050000.0,	0.07787704467773438,	0.058872222900390625
5356087500.0,	0.07572174072265625,	0.05683135986328125
5356125000.0,	0.07622528076171875,	0.0625152587890625
5356162500.0,	0.07529067993164062,	0.05884552001953125
5356200000.0,	0.07579421997070312,	0.060176849365234375
5356237500.0,	0.07556915283203125,	0.057147979736328125
5356275000.0,	0.07790374755859375,	0.057971954345703125
5356312500.0,	0.07637786865234375,	0.056697845458984375
5356350000.0,	0.07460403442382812,	0.059234619140625
5356387500.0,	0.07625579833984375,	0.060108184814453125
5356425000.0,	0.07467269897460938,	0.055797576904296875
5356462500.0,	0.07761764526367188,	0.058856964111328125
5356500000.0,	0.07596588134765625,	0.06060791015625
5356537500.0,	0.07527923583984375,	0.057399749755859375
5356575000.0,	0.0758514404296875,	0.05980682373046875
5356612500.0,	0.07775115966796875,	0.05524444580078125
5356650000.0,	0.0766448974609375,	0.05759429931640625
5356687500.0,	0.0742950439453125,	0.055034637451171875
5356725000.0,	0.07665634155273438,	0.05571746826171875
5356762500.0,	0.07548141479492188,	0.058818817138671875
5356800000.0,	0.07686233520507812,	0.058124542236328125
5356837500.0,	0.07654190063476562,	0.05850982666015625
5356875000.0,	0.07577133178710938,	0.057643890380859375
5356912500.0,	0.07587432861328125,	0.059329986572265625
5356950000.0,	0.077301025390625,	0.05643463134765625
5356987500.0,	0.0757904052734375,	0.056110382080078125
5357025000.0,	0.07546234130859375,	0.055492401123046875
5357062500.0,	0.07636260986328125,	0.05719757080078125
5357100000.0,	0.07633590698242188,	0.057155609130859375
5357137500.0,	0.07606124877929688,	0.0563507080078125
5357175000.0,	0.07678604125976562,	0.05837249755859375
5357212500.0,	0.07712173461914062,	0.057025909423828125
5357250000.0,	0.07509613037109375,	0.057220458984375
5357287500.0,	0.07550048828125,	0.05727386474609375
5357325000.0,	0.07675552368164062,	0.05727386474609375
5357362500.0,	0.07660293579101562,	0.057018280029296875
5357400000.0,	0.07630538940429688,	0.0576019287109375
5357437500.0,	0.078277587890625,	0.055263519287109375
5357475000.0,	0.0734710693359375,	0.05651092529296875
5357512500.0,	0.07548141479492188,	0.056499481201171875
5357550000.0,	0.07718658447265625,	0.0583343505859375
5357587500.0,	0.07407379150390625,	0.057861328125
5357625000.0,	0.07455062866210938,	0.054660797119140625
5357662500.0,	0.0738677978515625,	0.055206298828125
5357700000.0,	0.07393646240234375,	0.05593109130859375
5357737500.0,	0.0742034912109375,	0.057300567626953125
5357775000.0,	0.07669448852539062,	0.057621002197265625
5357812500.0,	0.07527923583984375,	0.05609130859375
5357850000.0,	0.07726287841796875,	0.0569610595703125
5357887500.0,	0.0753326416015625,	0.056575775146484375
5357925000.0,	0.07580184936523438,	0.05770111083984375
5357962500.0,	0.07629776000976562,	0.057647705078125
5358000000.0,	0.07551956176757812,	0.057628631591796875
5358037500.0,	0.0757904052734375,	0.05640411376953125
5358075000.0,	0.07456207275390625,	0.058193206787109375
5358112500.0,	0.07664108276367188,	0.0572509765625
5358150000.0,	0.0771636962890625,	0.055908203125
5358187500.0,	0.07455062866210938,	0.054218292236328125
5358225000.0,	0.07452392578125,	0.0550689697265625
5358262500.0,	0.07601165771484375,	0.05525970458984375
5358300000.0,	0.07587432861328125,	0.05731964111328125
5358337500.0,	0.075469970703125,	0.058315277099609375
5358375000.0,	0.07475662231445312,	0.054058074951171875
5358412500.0,	0.07578659057617188,	0.0551300048828125
5358450000.0,	0.07496261596679688,	0.05585479736328125
5358487500.0,	0.0757598876953125,	0.055103302001953125
5358525000.0,	0.07477951049804688,	0.05577850341796875
5358562500.0,	0.0746002197265625,	0.051753997802734375
5358600000.0,	0.07487869262695312,	0.055492401123046875
5358637500.0,	0.0757293701171875,	0.055782318115234375
5358675000.0,	0.0733795166015625,	0.05564117431640625
5358712500.0,	0.073699951171875,	0.05530548095703125
5358750000.0,	0.07616043090820312,	0.054187774658203125
5358787500.0,	0.07612991333007812,	0.057903289794921875
5358825000.0,	0.07403182983398438,	0.0556640625
5358862500.0,	0.0747833251953125,	0.0564727783203125
5358900000.0,	0.07648468017578125,	0.055034637451171875
5358937500.0,	0.07369232177734375,	0.056026458740234375
5358975000.0,	0.075164794921875,	0.055690765380859375
5359012500.0,	0.07439422607421875,	0.05464935302734375
5359050000.0,	0.076385498046875,	0.055904388427734375
5359087500.0,	0.07364273071289062,	0.054286956787109375
5359125000.0,	0.07501220703125,	0.0566864013671875
5359162500.0,	0.07387924194335938,	0.05590057373046875
5359200000.0,	0.0720672607421875,	0.055377960205078125
5359237500.0,	0.07358932495117188,	0.05440521240234375
5359275000.0,	0.0750579833984375,	0.053760528564453125
5359312500.0,	0.07447433471679688,	0.0556793212890625
5359350000.0,	0.073089599609375,	0.055690765380859375
5359387500.0,	0.07342147827148438,	0.056827545166015625
5359425000.0,	0.07357025146484375,	0.054988861083984375
5359462500.0,	0.07501602172851562,	0.0544891357421875
5359500000.0,	0.07268905639648438,	0.0527191162109375
5359537500.0,	0.07472991943359375,	0.05513763427734375
5359575000.0,	0.07444381713867188,	0.05454254150390625
5359612500.0,	0.07319259643554688,	0.0530548095703125
5359650000.0,	0.07388687133789062,	0.054752349853515625
5359687500.0,	0.07365798950195312,	0.054431915283203125
5359725000.0,	0.07261276245117188,	0.052967071533203125
5359762500.0,	0.07348251342773438,	0.054241180419921875
5359800000.0,	0.07270050048828125,	0.0528411865234375
5359837500.0,	0.07476806640625,	0.05722808837890625
5359875000.0,	0.07224655151367188,	0.05277252197265625
5359912500.0,	0.075347900390625,	0.056217193603515625
5359950000.0,	0.0731964111328125,	0.053936004638671875
5359987500.0,	0.07477188110351562,	0.05328369140625
5360025000.0,	0.07442474365234375,	0.05301666259765625
5360062500.0,	0.0739288330078125,	0.055240631103515625
5360100000.0,	0.07365798950195312,	0.052738189697265625
5360137500.0,	0.07311248779296875,	0.053920745849609375
5360175000.0,	0.0731201171875,	0.05504608154296875
5360212500.0,	0.07357406616210938,	0.0543365478515625
5360250000.0,	0.07242965698242188,	0.05403900146484375
5360287500.0,	0.07118606567382812,	0.053745269775390625
5360325000.0,	0.07571029663085938,	0.0538787841796875
5360362500.0,	0.07212448120117188,	0.053253173828125
5360400000.0,	0.07415008544921875,	0.053928375244140625
5360437500.0,	0.0738983154296875,	0.0532684326171875
5360475000.0,	0.0714874267578125,	0.05408477783203125
5360512500.0,	0.07390594482421875,	0.05294036865234375
5360550000.0,	0.07407379150390625,	0.05278778076171875
5360587500.0,	0.0743560791015625,	0.0521087646484375
5360625000.0,	0.07291793823242188,	0.051395416259765625
5360662500.0,	0.07326889038085938,	0.055553436279296875
5360700000.0,	0.07235336303710938,	0.051910400390625
5360737500.0,	0.07278060913085938,	0.053569793701171875
5360775000.0,	0.07097625732421875,	0.05382537841796875
5360812500.0,	0.07355117797851562,	0.054882049560546875
5360850000.0,	0.07147598266601562,	0.054443359375
5360887500.0,	0.07344436645507812,	0.052005767822265625
5360925000.0,	0.07128143310546875,	0.0554351806640625
5360962500.0,	0.07314682006835938,	0.049694061279296875
5361000000.0,	0.07184600830078125,	0.054107666015625
5361037500.0,	0.07451248168945312,	0.05464935302734375
5361075000.0,	0.07388687133789062,	0.05237579345703125
5361112500.0,	0.07374954223632812,	0.052703857421875
5361150000.0,	0.07368850708007812,	0.054111480712890625
5361187500.0,	0.07226943969726562,	0.05339813232421875
5361225000.0,	0.07431411743164062,	0.05124664306640625
5361262500.0,	0.07552337646484375,	0.054584503173828125
5361300000.0,	0.07273483276367188,	0.052593231201171875
5361337500.0,	0.07218551635742188,	0.053539276123046875
5361375000.0,	0.07294464111328125,	0.05167388916015625
5361412500.0,	0.07360076904296875,	0.0541229248046875
5361450000.0,	0.07308197021484375,	0.051494598388671875
5361487500.0,	0.07196807861328125,	0.05379486083984375
5361525000.0,	0.0740203857421875,	0.052051544189453125
5361562500.0,	0.0730743408203125,	0.05477142333984375
5361600000.0,	0.07225799560546875,	0.05382537841796875
5361637500.0,	0.07303237915039062,	0.054286956787109375
5361675000.0,	0.0722198486328125,	0.05271148681640625
5361712500.0,	0.0734100341796875,	0.052715301513671875
5361750000.0,	0.07336807250976562,	0.05199432373046875
5361787500.0,	0.07157516479492188,	0.05162811279296875
5361825000.0,	0.07101821899414062,	0.053192138671875
5361862500.0,	0.07244110107421875,	0.0510406494140625
5361900000.0,	0.07252883911132812,	0.053348541259765625
5361937500.0,	0.0745849609375,	0.05263519287109375
5361975000.0,	0.07391738891601562,	0.05350494384765625
5362012500.0,	0.07205581665039062,	0.053279876708984375
5362050000.0,	0.07090377807617188,	0.051876068115234375
5362087500.0,	0.06871795654296875,	0.05339813232421875
5362125000.0,	0.0727691650390625,	0.05446624755859375
5362162500.0,	0.07290267944335938,	0.0531768798828125
5362200000.0,	0.0712738037109375,	0.052547454833984375
5362237500.0,	0.07065963745117188,	0.052829742431640625
5362275000.0,	0.07360458374023438,	0.05284881591796875
5362312500.0,	0.07239913940429688,	0.0503692626953125
5362350000.0,	0.07257080078125,	0.05327606201171875
5362387500.0,	0.07442474365234375,	0.051578521728515625
5362425000.0,	0.07199859619140625,	0.051239013671875
5362462500.0,	0.07400131225585938,	0.052249908447265625
5362500000.0,	0.07076263427734375,	0.05329132080078125
5362537500.0,	0.07323837280273438,	0.052013397216796875
5362575000.0,	0.07472991943359375,	0.053302764892578125
5362612500.0,	0.07223129272460938,	0.053752899169921875
5362650000.0,	0.07097625732421875,	0.0515899658203125
5362687500.0,	0.07184219360351562,	0.052364349365234375
5362725000.0,	0.0728912353515625,	0.052829742431640625
5362762500.0,	0.07122802734375,	0.05263519287109375
5362800000.0,	0.07212448120117188,	0.052219390869140625
5362837500.0,	0.07011032104492188,	0.0538787841796875
5362875000.0,	0.07339096069335938,	0.0513916015625
5362912500.0,	0.07196807861328125,	0.050548553466796875
5362950000.0,	0.07294082641601562,	0.051151275634765625
5362987500.0,	0.07267379760742188,	0.052814483642578125
5363025000.0,	0.07176589965820312,	0.053089141845703125
5363062500.0,	0.07427215576171875,	0.050975799560546875
5363100000.0,	0.07064056396484375,	0.0530548095703125
5363137500.0,	0.07048797607421875,	0.05052947998046875
5363175000.0,	0.0736083984375,	0.053157806396484375
5363212500.0,	0.06894302368164062,	0.051116943359375
5363250000.0,	0.0720672607421875,	0.049777984619140625
5363287500.0,	0.07110595703125,	0.053424835205078125
5363325000.0,	0.070556640625,	0.05204010009765625
5363362500.0,	0.07404327392578125,	0.05255126953125
5363400000.0,	0.071685791015625,	0.051830291748046875
5363437500.0,	0.07088470458984375,	0.051891326904296875
5363475000.0,	0.06998062133789062,	0.053089141845703125
5363512500.0,	0.07177352905273438,	0.052753448486328125
5363550000.0,	0.07282257080078125,	0.0497283935546875
5363587500.0,	0.07112503051757812,	0.05181884765625
5363625000.0,	0.07131576538085938,	0.052005767822265625
5363662500.0,	0.06949996948242188,	0.052562713623046875
5363700000.0,	0.06902694702148438,	0.0530242919921875
5363737500.0,	0.07121658325195312,	0.050716400146484375
5363775000.0,	0.07077407836914062,	0.050495147705078125
5363812500.0,	0.07057571411132812,	0.05326080322265625
5363850000.0,	0.07282638549804688,	0.050899505615234375
5363887500.0,	0.07130813598632812,	0.052371978759765625
5363925000.0,	0.07001495361328125,	0.052303314208984375
5363962500.0,	0.07394790649414062,	0.053272247314453125
5364000000.0,	0.0707855224609375,	0.049686431884765625
5364037500.0,	0.07035064697265625,	0.05029296875
5364075000.0,	0.07099533081054688,	0.05078887939453125
5364112500.0,	0.07314682006835938,	0.05242156982421875
5364150000.0,	0.07146072387695312,	0.05278778076171875
5364187500.0,	0.06997299194335938,	0.052127838134765625
5364225000.0,	0.07205581665039062,	0.05213165283203125
5364262500.0,	0.0711822509765625,	0.049163818359375
5364300000.0,	0.07044219970703125,	0.051326751708984375
5364337500.0,	0.06990432739257812,	0.05316162109375
5364375000.0,	0.07030105590820312,	0.052921295166015625
5364412500.0,	0.06949996948242188,	0.0520782470703125
5364450000.0,	0.07066726684570312,	0.050312042236328125
5364487500.0,	0.07080078125,	0.051937103271484375
5364525000.0,	0.07161712646484375,	0.05164337158203125
5364562500.0,	0.07060623168945312,	0.0506134033203125
5364600000.0,	0.06883621215820312,	0.04950714111328125
5364637500.0,	0.07239532470703125,	0.0507049560546875
5364675000.0,	0.07154464721679688,	0.052387237548828125
5364712500.0,	0.06921005249023438,	0.0516510009765625
5364750000.0,	0.07108688354492188,	0.052654266357421875
5364787500.0,	0.07211685180664062,	0.0504302978515625
5364825000.0,	0.0716705322265625,	0.052402496337890625
5364862500.0,	0.0697479248046875,	0.049900054931640625
5364900000.0,	0.07048416137695312,	0.053089141845703125
5364937500.0,	0.070220947265625,	0.053020477294921875
5364975000.0,	0.07172012329101562,	0.051609039306640625
5365012500.0,	0.07058334350585938,	0.04965972900390625
5365050000.0,	0.07111358642578125,	0.052459716796875
5365087500.0,	0.06993865966796875,	0.049282073974609375
5365125000.0,	0.06818771362304688,	0.05170440673828125
5365162500.0,	0.06888961791992188,	0.048999786376953125
5365200000.0,	0.07123947143554688,	0.050205230712890625
5365237500.0,	0.0709228515625,	0.05205535888671875
5365275000.0,	0.07119369506835938,	0.047611236572265625
5365312500.0,	0.07099151611328125,	0.049846649169921875
5365350000.0,	0.068756103515625,	0.051784515380859375
5365387500.0,	0.07123947143554688,	0.05066680908203125
5365425000.0,	0.06840133666992188,	0.051013946533203125
5365462500.0,	0.07260894775390625,	0.05272674560546875
5365500000.0,	0.07035446166992188,	0.050045013427734375
5365537500.0,	0.07076263427734375,	0.04904937744140625
5365575000.0,	0.07159805297851562,	0.0512237548828125
5365612500.0,	0.06922149658203125,	0.048427581787109375
5365650000.0,	0.07004165649414062,	0.052516937255859375
5365687500.0,	0.07016372680664062,	0.049800872802734375
5365725000.0,	0.07030105590820312,	0.051177978515625
5365762500.0,	0.07102203369140625,	0.050334930419921875
5365800000.0,	0.06920623779296875,	0.051410675048828125
5365837500.0,	0.07150650024414062,	0.0489044189453125
5365875000.0,	0.07013320922851562,	0.05129241943359375
5365912500.0,	0.06879043579101562,	0.051403045654296875
5365950000.0,	0.07081222534179688,	0.049198150634765625
5365987500.0,	0.07020187377929688,	0.049541473388671875
5366025000.0,	0.07068252563476562,	0.050746917724609375
5366062500.0,	0.07057571411132812,	0.051326751708984375
5366100000.0,	0.0688934326171875,	0.050876617431640625
5366137500.0,	0.068328857421875,	0.053375244140625
5366175000.0,	0.067901611328125,	0.0488739013671875
5366212500.0,	0.0717926025390625,	0.051235198974609375
5366250000.0,	0.070709228515625,	0.050689697265625
5366287500.0,	0.0713348388671875,	0.05048370361328125
5366325000.0,	0.06962203979492188,	0.049884796142578125
5366362500.0,	0.07030868530273438,	0.0500030517578125
5366400000.0,	0.06890869140625,	0.049503326416015625
5366437500.0,	0.07187271118164062,	0.050750732421875
5366475000.0,	0.06889724731445312,	0.0534210205078125
5366512500.0,	0.06956863403320312,	0.051586151123046875
5366550000.0,	0.07070541381835938,	0.049823760986328125
5366587500.0,	0.06926727294921875,	0.049839019775390625
5366625000.0,	0.07225799560546875,	0.052562713623046875
5366662500.0,	0.06998062133789062,	0.0522308349609375
5366700000.0,	0.070404052734375,	0.0508270263671875
5366737500.0,	0.07223892211914062,	0.05106353759765625
5366775000.0,	0.07206344604492188,	0.051055908203125
5366812500.0,	0.07047653198242188,	0.051563262939453125
5366850000.0,	0.06966781616210938,	0.051300048828125
5366887500.0,	0.07071304321289062,	0.0503082275390625
5366925000.0,	0.06913375854492188,	0.05088043212890625
5366962500.0,	0.07045364379882812,	0.051746368408203125
5367000000.0,	0.06932830810546875,	0.05045318603515625
5367037500.0,	0.0691070556640625,	0.0490875244140625
5367075000.0,	0.06937789916992188,	0.050060272216796875
5367112500.0,	0.07024002075195312,	0.04909515380859375
5367150000.0,	0.06815719604492188,	0.0517730712890625
5367187500.0,	0.06946563720703125,	0.052703857421875
5367225000.0,	0.07054519653320312,	0.050899505615234375
5367262500.0,	0.0696563720703125,	0.050716400146484375
5367300000.0,	0.07000732421875,	0.0535736083984375
5367337500.0,	0.0692901611328125,	0.05059051513671875
5367375000.0,	0.069244384765625,	0.050182342529296875
5367412500.0,	0.0687713623046875,	0.0518341064453125
5367450000.0,	0.07071304321289062,	0.04875946044921875
5367487500.0,	0.06837081909179688,	0.051082611083984375
5367525000.0,	0.07061386108398438,	0.053058624267578125
5367562500.0,	0.06969451904296875,	0.050212860107421875
5367600000.0,	0.0689697265625,	0.051334381103515625
5367637500.0,	0.07110595703125,	0.051731109619140625
5367675000.0,	0.07141876220703125,	0.051197052001953125
5367712500.0,	0.0686187744140625,	0.05110931396484375
5367750000.0,	0.06941604614257812,	0.05107879638671875
5367787500.0,	0.06901931762695312,	0.050128936767578125
5367825000.0,	0.07020950317382812,	0.050876617431640625
5367862500.0,	0.06916046142578125,	0.049571990966796875
5367900000.0,	0.069915771484375,	0.050876617431640625
5367937500.0,	0.06864547729492188,	0.050380706787109375
5367975000.0,	0.06943511962890625,	0.050334930419921875
5368012500.0,	0.0681915283203125,	0.05035400390625
5368050000.0,	0.0690155029296875,	0.048908233642578125
5368087500.0,	0.06937026977539062,	0.051296234130859375
5368125000.0,	0.0695648193359375,	0.050380706787109375
5368162500.0,	0.0698089599609375,	0.04766845703125
5368200000.0,	0.0723114013671875,	0.05106353759765625
5368237500.0,	0.06865310668945312,	0.051174163818359375
5368275000.0,	0.06970977783203125,	0.05046844482421875
5368312500.0,	0.06991195678710938,	0.050716400146484375
5368350000.0,	0.07080459594726562,	0.0514373779296875
5368387500.0,	0.06932830810546875,	0.050876617431640625
5368425000.0,	0.06777572631835938,	0.053493499755859375
5368462500.0,	0.0698394775390625,	0.053043365478515625
5368500000.0,	0.07135391235351562,	0.050151824951171875
5368537500.0,	0.0691986083984375,	0.0492706298828125
5368575000.0,	0.06978607177734375,	0.050319671630859375
5368612500.0,	0.07149505615234375,	0.050380706787109375
5368650000.0,	0.06949996948242188,	0.05075836181640625
5368687500.0,	0.07024765014648438,	0.048686981201171875
5368725000.0,	0.0694580078125,	0.05152130126953125
5368762500.0,	0.07131576538085938,	0.04959869384765625
5368800000.0,	0.07025909423828125,	0.04907989501953125
5368837500.0,	0.07190704345703125,	0.04851531982421875
5368875000.0,	0.0681304931640625,	0.050304412841796875
5368912500.0,	0.06992340087890625,	0.050525665283203125
5368950000.0,	0.07068634033203125,	0.05095672607421875
5368987500.0,	0.06908416748046875,	0.049896240234375
5369025000.0,	0.06946563720703125,	0.048877716064453125
5369062500.0,	0.069671630859375,	0.04961395263671875
5369100000.0,	0.069549560546875,	0.050045013427734375
5369137500.0,	0.06878662109375,	0.04988861083984375
5369175000.0,	0.07136154174804688,	0.05245208740234375
5369212500.0,	0.06812286376953125,	0.0499725341796875
5369250000.0,	0.07032394409179688,	0.0496978759765625
5369287500.0,	0.07194137573242188,	0.0488739013671875
5369325000.0,	0.06734848022460938,	0.0510406494140625
5369362500.0,	0.06957626342773438,	0.050426483154296875
5369400000.0,	0.07068252563476562,	0.0519561767578125
5369437500.0,	0.06879425048828125,	0.050319671630859375
5369475000.0,	0.069793701171875,	0.0488739013671875
5369512500.0,	0.06834793090820312,	0.04978179931640625
5369550000.0,	0.06776046752929688,	0.049915313720703125
5369587500.0,	0.07030487060546875,	0.049938201904296875
5369625000.0,	0.07022857666015625,	0.050907135009765625
5369662500.0,	0.07142257690429688,	0.05072784423828125
5369700000.0,	0.06858444213867188,	0.050708770751953125
5369737500.0,	0.07149887084960938,	0.050006866455078125
5369775000.0,	0.06929397583007812,	0.04938507080078125
5369812500.0,	0.06917572021484375,	0.04947662353515625
5369850000.0,	0.07086181640625,	0.04962921142578125
5369887500.0,	0.07087326049804688,	0.048404693603515625
5369925000.0,	0.07181167602539062,	0.04813385009765625
5369962500.0,	0.07067108154296875,	0.050319671630859375
5370000000.0,	0.07018280029296875,	0.04981231689453125
