5837045625.0,	0.09160614013671875,	0.1345062255859375
5837091250.0,	0.09110260009765625,	0.1341552734375
5837136875.0,	0.0919647216796875,	0.13343048095703125
5837182500.0,	0.09044647216796875,	0.13525390625
5837228125.0,	0.09377288818359375,	0.132080078125
5837273750.0,	0.09107208251953125,	0.13379669189453125
5837319375.0,	0.09168243408203125,	0.13268280029296875
5837365000.0,	0.09325408935546875,	0.1342010498046875
5837410625.0,	0.0931549072265625,	0.1341400146484375
5837456250.0,	0.0914459228515625,	0.132171630859375
5837501875.0,	0.0899658203125,	0.13234710693359375
5837547500.0,	0.0927276611328125,	0.13348388671875
5837593125.0,	0.0918121337890625,	0.1331329345703125
5837638750.0,	0.0914764404296875,	0.13114166259765625
5837684375.0,	0.09384918212890625,	0.134674072265625
5837730000.0,	0.09120941162109375,	0.134368896484375
5837775625.0,	0.0923004150390625,	0.13314056396484375
5837821250.0,	0.09398651123046875,	0.13350677490234375
5837866875.0,	0.093505859375,	0.13253021240234375
5837912500.0,	0.09275054931640625,	0.132904052734375
5837958125.0,	0.09255218505859375,	0.1319122314453125
5838003750.0,	0.0930633544921875,	0.13117218017578125
5838049375.0,	0.09271240234375,	0.1304931640625
5838095000.0,	0.0935211181640625,	0.13260650634765625
5838140625.0,	0.09218597412109375,	0.1319122314453125
5838186250.0,	0.0917205810546875,	0.13094329833984375
5838231875.0,	0.09295654296875,	0.1334686279296875
5838277500.0,	0.09076690673828125,	0.13294219970703125
5838323125.0,	0.09510040283203125,	0.13227081298828125
5838368750.0,	0.09600067138671875,	0.13297271728515625
5838414375.0,	0.093536376953125,	0.13297271728515625
5838460000.0,	0.09334564208984375,	0.1309661865234375
5838505625.0,	0.09510040283203125,	0.1312103271484375
5838551250.0,	0.09380340576171875,	0.1301422119140625
5838596875.0,	0.09525299072265625,	0.13217926025390625
5838642500.0,	0.09624481201171875,	0.130279541015625
5838688125.0,	0.09517669677734375,	0.131378173828125
5838733750.0,	0.0953826904296875,	0.13181304931640625
5838779375.0,	0.09577178955078125,	0.13240814208984375
5838825000.0,	0.0948333740234375,	0.13172149658203125
5838870625.0,	0.0955810546875,	0.1325836181640625
5838916250.0,	0.09423828125,	0.1303863525390625
5838961875.0,	0.09447479248046875,	0.13120269775390625
5839007500.0,	0.09542083740234375,	0.13288116455078125
5839053125.0,	0.09625244140625,	0.13338470458984375
5839098750.0,	0.09290313720703125,	0.1308135986328125
5839144375.0,	0.09413909912109375,	0.13309478759765625
5839190000.0,	0.09595489501953125,	0.13089752197265625
5839235625.0,	0.0946807861328125,	0.1302490234375
5839281250.0,	0.09288787841796875,	0.130096435546875
5839326875.0,	0.0970458984375,	0.13184356689453125
5839372500.0,	0.095062255859375,	0.1310272216796875
5839418125.0,	0.09572601318359375,	0.130859375
5839463750.0,	0.09543609619140625,	0.13076019287109375
5839509375.0,	0.09587860107421875,	0.13130950927734375
5839555000.0,	0.09653472900390625,	0.13172149658203125
5839600625.0,	0.09610748291015625,	0.13165283203125
5839646250.0,	0.09600067138671875,	0.13126373291015625
5839691875.0,	0.094390869140625,	0.13042449951171875
5839737500.0,	0.097930908203125,	0.13053131103515625
5839783125.0,	0.095977783203125,	0.12929534912109375
5839828750.0,	0.0951995849609375,	0.13195037841796875
5839874375.0,	0.09580230712890625,	0.129180908203125
5839920000.0,	0.097442626953125,	0.1300201416015625
5839965625.0,	0.095611572265625,	0.13097381591796875
5840011250.0,	0.0973663330078125,	0.12969207763671875
5840056875.0,	0.0980072021484375,	0.12802886962890625
5840102500.0,	0.09712982177734375,	0.12896728515625
5840148125.0,	0.095428466796875,	0.129608154296875
5840193750.0,	0.09545135498046875,	0.1286468505859375
5840239375.0,	0.09606170654296875,	0.12953948974609375
5840285000.0,	0.09729766845703125,	0.13124847412109375
5840330625.0,	0.09770965576171875,	0.12880706787109375
5840376250.0,	0.0968475341796875,	0.12882232666015625
5840421875.0,	0.0982513427734375,	0.1292572021484375
5840467500.0,	0.0989227294921875,	0.12823486328125
5840513125.0,	0.0968475341796875,	0.1307525634765625
5840558750.0,	0.09716033935546875,	0.12835693359375
5840604375.0,	0.09735107421875,	0.1284332275390625
5840650000.0,	0.09621429443359375,	0.12751007080078125
5840695625.0,	0.0969085693359375,	0.13262939453125
5840741250.0,	0.097564697265625,	0.1288909912109375
5840786875.0,	0.09722900390625,	0.12888336181640625
5840832500.0,	0.09793853759765625,	0.1295318603515625
5840878125.0,	0.097625732421875,	0.13031768798828125
5840923750.0,	0.09468841552734375,	0.12656402587890625
5840969375.0,	0.09772491455078125,	0.1270751953125
5841015000.0,	0.09763336181640625,	0.12884521484375
5841060625.0,	0.0974884033203125,	0.12969207763671875
5841106250.0,	0.0969696044921875,	0.1278533935546875
5841151875.0,	0.097442626953125,	0.1286468505859375
5841197500.0,	0.09990692138671875,	0.13001251220703125
5841243125.0,	0.09781646728515625,	0.1285858154296875
5841288750.0,	0.0984039306640625,	0.12801361083984375
5841334375.0,	0.09973907470703125,	0.12892913818359375
5841380000.0,	0.0998077392578125,	0.1266021728515625
5841425625.0,	0.09906005859375,	0.12592315673828125
5841471250.0,	0.09969329833984375,	0.12886810302734375
5841516875.0,	0.098846435546875,	0.12865447998046875
5841562500.0,	0.09989166259765625,	0.12674713134765625
5841608125.0,	0.0975494384765625,	0.12923431396484375
5841653750.0,	0.10056304931640625,	0.12720489501953125
5841699375.0,	0.10005950927734375,	0.12837982177734375
5841745000.0,	0.09932708740234375,	0.1261444091796875
5841790625.0,	0.09899139404296875,	0.12767791748046875
5841836250.0,	0.09850311279296875,	0.12662506103515625
5841881875.0,	0.09906768798828125,	0.12679290771484375
5841927500.0,	0.10089874267578125,	0.1252593994140625
5841973125.0,	0.0995635986328125,	0.12552642822265625
5842018750.0,	0.10153961181640625,	0.12749481201171875
5842064375.0,	0.09868621826171875,	0.12508392333984375
5842110000.0,	0.0998992919921875,	0.12775421142578125
5842155625.0,	0.10013580322265625,	0.1285400390625
5842201250.0,	0.09830474853515625,	0.12847137451171875
5842246875.0,	0.09896087646484375,	0.1262359619140625
5842292500.0,	0.100341796875,	0.126922607421875
5842338125.0,	0.0981597900390625,	0.12619781494140625
5842383750.0,	0.0994110107421875,	0.12584686279296875
5842429375.0,	0.1013946533203125,	0.12682342529296875
5842475000.0,	0.10028076171875,	0.12541961669921875
5842520625.0,	0.099456787109375,	0.12628173828125
5842566250.0,	0.1000823974609375,	0.12714385986328125
5842611875.0,	0.10106658935546875,	0.12505340576171875
5842657500.0,	0.10019683837890625,	0.1281280517578125
5842703125.0,	0.100250244140625,	0.1254425048828125
5842748750.0,	0.09947967529296875,	0.1270751953125
5842794375.0,	0.101959228515625,	0.127716064453125
5842840000.0,	0.09944915771484375,	0.12625885009765625
5842885625.0,	0.1004638671875,	0.12408447265625
5842931250.0,	0.1006622314453125,	0.12459945678710938
5842976875.0,	0.0994110107421875,	0.1260528564453125
5843022500.0,	0.1002349853515625,	0.12654876708984375
5843068125.0,	0.10189056396484375,	0.12534332275390625
5843113750.0,	0.0995635986328125,	0.12520599365234375
5843159375.0,	0.1015167236328125,	0.12673187255859375
5843205000.0,	0.10160446166992188,	0.12451171875
5843250625.0,	0.10106277465820312,	0.12296295166015625
5843296250.0,	0.10148239135742188,	0.12461090087890625
5843341875.0,	0.1016693115234375,	0.127532958984375
5843387500.0,	0.10260009765625,	0.1272430419921875
5843433125.0,	0.100555419921875,	0.1259918212890625
5843478750.0,	0.10140228271484375,	0.126007080078125
5843524375.0,	0.102386474609375,	0.12325286865234375
5843570000.0,	0.10019302368164062,	0.12334442138671875
5843615625.0,	0.10260009765625,	0.12503814697265625
5843661250.0,	0.10083770751953125,	0.12299728393554688
5843706875.0,	0.1032562255859375,	0.1263427734375
5843752500.0,	0.10145950317382812,	0.12407684326171875
5843798125.0,	0.10052490234375,	0.1247711181640625
5843843750.0,	0.1033172607421875,	0.12483978271484375
5843889375.0,	0.10116195678710938,	0.12178421020507812
5843935000.0,	0.1030426025390625,	0.12438201904296875
5843980625.0,	0.09998703002929688,	0.1231536865234375
5844026250.0,	0.10248947143554688,	0.12235641479492188
5844071875.0,	0.10205459594726562,	0.12431716918945312
5844117500.0,	0.10254287719726562,	0.12469863891601562
5844163125.0,	0.10247802734375,	0.12205886840820312
5844208750.0,	0.10358428955078125,	0.1226806640625
5844254375.0,	0.10239791870117188,	0.1237640380859375
5844300000.0,	0.10383224487304688,	0.12363052368164062
5844345625.0,	0.10462570190429688,	0.1235198974609375
5844391250.0,	0.1029205322265625,	0.12281417846679688
5844436875.0,	0.10361862182617188,	0.12262344360351562
5844482500.0,	0.10326385498046875,	0.12201309204101562
5844528125.0,	0.10414505004882812,	0.12327957153320312
5844573750.0,	0.10485458374023438,	0.12229156494140625
5844619375.0,	0.10483169555664062,	0.12286376953125
5844665000.0,	0.10086822509765625,	0.12538909912109375
5844710625.0,	0.10424041748046875,	0.11952590942382812
5844756250.0,	0.10259246826171875,	0.12354660034179688
5844801875.0,	0.1028594970703125,	0.12231826782226562
5844847500.0,	0.10346603393554688,	0.12162399291992188
5844893125.0,	0.10147857666015625,	0.1226654052734375
5844938750.0,	0.1044158935546875,	0.12234878540039062
5844984375.0,	0.10443115234375,	0.12349319458007812
5845030000.0,	0.10408401489257812,	0.12176895141601562
5845075625.0,	0.1035919189453125,	0.121307373046875
5845121250.0,	0.10432052612304688,	0.12195205688476562
5845166875.0,	0.10272598266601562,	0.12200546264648438
5845212500.0,	0.10495376586914062,	0.12043380737304688
5845258125.0,	0.10670852661132812,	0.12112045288085938
5845303750.0,	0.1023101806640625,	0.11976242065429688
5845349375.0,	0.103271484375,	0.1221160888671875
5845395000.0,	0.10312271118164062,	0.12195968627929688
5845440625.0,	0.10374069213867188,	0.12093734741210938
5845486250.0,	0.10544967651367188,	0.12233734130859375
5845531875.0,	0.10389328002929688,	0.12067031860351562
5845577500.0,	0.103851318359375,	0.11865615844726562
5845623125.0,	0.1046142578125,	0.11972427368164062
5845668750.0,	0.10622787475585938,	0.12331390380859375
5845714375.0,	0.10598373413085938,	0.123199462890625
5845760000.0,	0.1054229736328125,	0.11838912963867188
5845805625.0,	0.10559844970703125,	0.12050628662109375
5845851250.0,	0.10390472412109375,	0.11962127685546875
5845896875.0,	0.10507583618164062,	0.12059783935546875
5845942500.0,	0.10370635986328125,	0.12076568603515625
5845988125.0,	0.10428619384765625,	0.12054061889648438
5846033750.0,	0.10385513305664062,	0.11754226684570312
5846079375.0,	0.10579681396484375,	0.11812591552734375
5846125000.0,	0.10556411743164062,	0.12072372436523438
5846170625.0,	0.10392379760742188,	0.1185760498046875
5846216250.0,	0.10355377197265625,	0.11834716796875
5846261875.0,	0.1046600341796875,	0.1195220947265625
5846307500.0,	0.10638427734375,	0.11789703369140625
5846353125.0,	0.10623550415039062,	0.11805343627929688
5846398750.0,	0.10495376586914062,	0.12111663818359375
5846444375.0,	0.10634231567382812,	0.11911773681640625
5846490000.0,	0.10478591918945312,	0.11957168579101562
5846535625.0,	0.1045989990234375,	0.11899566650390625
5846581250.0,	0.10546875,	0.12028121948242188
5846626875.0,	0.10490036010742188,	0.117828369140625
5846672500.0,	0.10638809204101562,	0.11885452270507812
5846718125.0,	0.10538864135742188,	0.11872482299804688
5846763750.0,	0.10457611083984375,	0.119232177734375
5846809375.0,	0.1046295166015625,	0.11796951293945312
5846855000.0,	0.10494613647460938,	0.1192626953125
5846900625.0,	0.10598373413085938,	0.11846160888671875
5846946250.0,	0.1063232421875,	0.1193084716796875
5846991875.0,	0.10561370849609375,	0.11975860595703125
5847037500.0,	0.10704803466796875,	0.11690521240234375
5847083125.0,	0.10394287109375,	0.11797714233398438
5847128750.0,	0.10526657104492188,	0.11719894409179688
5847174375.0,	0.10460281372070312,	0.11874771118164062
5847220000.0,	0.10544586181640625,	0.11887741088867188
5847265625.0,	0.10697555541992188,	0.11926651000976562
5847311250.0,	0.10686874389648438,	0.11596298217773438
5847356875.0,	0.10555648803710938,	0.11798095703125
5847402500.0,	0.10432815551757812,	0.118072509765625
5847448125.0,	0.10698318481445312,	0.11825180053710938
5847493750.0,	0.1080780029296875,	0.11691665649414062
5847539375.0,	0.10562515258789062,	0.11814117431640625
5847585000.0,	0.10406875610351562,	0.11754608154296875
5847630625.0,	0.10419464111328125,	0.11706924438476562
5847676250.0,	0.10606002807617188,	0.11632537841796875
5847721875.0,	0.1065826416015625,	0.1163482666015625
5847767500.0,	0.10581207275390625,	0.1177520751953125
5847813125.0,	0.107025146484375,	0.11881637573242188
5847858750.0,	0.106231689453125,	0.11528396606445312
5847904375.0,	0.10736465454101562,	0.1139678955078125
5847950000.0,	0.10564804077148438,	0.11670303344726562
5847995625.0,	0.10823822021484375,	0.116912841796875
5848041250.0,	0.10650253295898438,	0.11620712280273438
5848086875.0,	0.10808181762695312,	0.11764144897460938
5848132500.0,	0.10771942138671875,	0.1169281005859375
5848178125.0,	0.10610580444335938,	0.11606216430664062
5848223750.0,	0.10892486572265625,	0.11469268798828125
5848269375.0,	0.10680007934570312,	0.11604690551757812
5848315000.0,	0.10732269287109375,	0.11458206176757812
5848360625.0,	0.108062744140625,	0.11592864990234375
5848406250.0,	0.10663986206054688,	0.1154022216796875
5848451875.0,	0.105255126953125,	0.11757659912109375
5848497500.0,	0.10630035400390625,	0.11428451538085938
5848543125.0,	0.1069793701171875,	0.1150360107421875
5848588750.0,	0.106292724609375,	0.11503982543945312
5848634375.0,	0.10520553588867188,	0.1134796142578125
5848680000.0,	0.108062744140625,	0.11408233642578125
5848725625.0,	0.10932540893554688,	0.11314773559570312
5848771250.0,	0.1067657470703125,	0.11348342895507812
5848816875.0,	0.10854721069335938,	0.11641693115234375
5848862500.0,	0.10688018798828125,	0.11418533325195312
5848908125.0,	0.11011505126953125,	0.11472702026367188
5848953750.0,	0.10711669921875,	0.11467361450195312
5848999375.0,	0.1077728271484375,	0.11418914794921875
5849045000.0,	0.10828399658203125,	0.11591339111328125
5849090625.0,	0.11003875732421875,	0.11377334594726562
5849136250.0,	0.10869979858398438,	0.1149444580078125
5849181875.0,	0.10724639892578125,	0.11275482177734375
5849227500.0,	0.10714340209960938,	0.11278152465820312
5849273125.0,	0.10872268676757812,	0.11345291137695312
5849318750.0,	0.10940170288085938,	0.1121368408203125
5849364375.0,	0.10904312133789062,	0.11199569702148438
5849410000.0,	0.10880279541015625,	0.11483001708984375
5849455625.0,	0.10947036743164062,	0.11028289794921875
5849501250.0,	0.10835647583007812,	0.11309051513671875
5849546875.0,	0.10734939575195312,	0.11130142211914062
5849592500.0,	0.10896682739257812,	0.11395263671875
5849638125.0,	0.1070098876953125,	0.11394500732421875
5849683750.0,	0.10886001586914062,	0.11180496215820312
5849729375.0,	0.10719680786132812,	0.11354446411132812
5849775000.0,	0.10845184326171875,	0.1136932373046875
5849820625.0,	0.11013031005859375,	0.1119842529296875
5849866250.0,	0.10657882690429688,	0.11214828491210938
5849911875.0,	0.10820388793945312,	0.11142730712890625
5849957500.0,	0.10727691650390625,	0.11119842529296875
5850003125.0,	0.10878753662109375,	0.11184310913085938
5850048750.0,	0.10747909545898438,	0.11230850219726562
5850094375.0,	0.109405517578125,	0.11072921752929688
5850140000.0,	0.10927963256835938,	0.11166763305664062
5850185625.0,	0.11076736450195312,	0.11263656616210938
5850231250.0,	0.10900115966796875,	0.11203384399414062
5850276875.0,	0.1091766357421875,	0.111572265625
5850322500.0,	0.10955047607421875,	0.1112213134765625
5850368125.0,	0.1108551025390625,	0.11008453369140625
5850413750.0,	0.10869979858398438,	0.11247634887695312
5850459375.0,	0.1092071533203125,	0.11284637451171875
5850505000.0,	0.10649871826171875,	0.11111068725585938
5850550625.0,	0.10905075073242188,	0.11047744750976562
5850596250.0,	0.11026763916015625,	0.11179733276367188
5850641875.0,	0.1096954345703125,	0.11360931396484375
5850687500.0,	0.10858154296875,	0.109283447265625
5850733125.0,	0.1076812744140625,	0.11106491088867188
5850778750.0,	0.11009979248046875,	0.1115875244140625
5850824375.0,	0.10989761352539062,	0.10842132568359375
5850870000.0,	0.1085357666015625,	0.10853958129882812
5850915625.0,	0.11117172241210938,	0.10886383056640625
5850961250.0,	0.11049270629882812,	0.10817337036132812
5851006875.0,	0.1094512939453125,	0.11170196533203125
5851052500.0,	0.10903549194335938,	0.1097564697265625
5851098125.0,	0.10909271240234375,	0.11046981811523438
5851143750.0,	0.1103057861328125,	0.11029052734375
5851189375.0,	0.10931777954101562,	0.10771942138671875
5851235000.0,	0.11071014404296875,	0.109588623046875
5851280625.0,	0.10798263549804688,	0.10833740234375
5851326250.0,	0.10748291015625,	0.11021041870117188
5851371875.0,	0.10998916625976562,	0.10934829711914062
5851417500.0,	0.110748291015625,	0.10878753662109375
5851463125.0,	0.11040878295898438,	0.10837554931640625
5851508750.0,	0.10940170288085938,	0.10957717895507812
5851554375.0,	0.111968994140625,	0.109771728515625
5851600000.0,	0.11053085327148438,	0.10738372802734375
5851645625.0,	0.11096572875976562,	0.10821914672851562
5851691250.0,	0.1111602783203125,	0.10783004760742188
5851736875.0,	0.110504150390625,	0.10938644409179688
5851782500.0,	0.11095046997070312,	0.10955429077148438
5851828125.0,	0.1104278564453125,	0.10869216918945312
5851873750.0,	0.109588623046875,	0.11055374145507812
5851919375.0,	0.11061477661132812,	0.10776901245117188
5851965000.0,	0.110015869140625,	0.10796737670898438
5852010625.0,	0.10932540893554688,	0.10824966430664062
5852056250.0,	0.11302566528320312,	0.1058807373046875
5852101875.0,	0.10898971557617188,	0.10498428344726562
5852147500.0,	0.10919189453125,	0.10649490356445312
5852193125.0,	0.11090087890625,	0.1059722900390625
5852238750.0,	0.11107254028320312,	0.10757064819335938
5852284375.0,	0.11067962646484375,	0.1069488525390625
5852330000.0,	0.1110687255859375,	0.10756301879882812
5852375625.0,	0.11004257202148438,	0.10873794555664062
5852421250.0,	0.10953521728515625,	0.10697174072265625
5852466875.0,	0.1109771728515625,	0.10574722290039062
5852512500.0,	0.11097335815429688,	0.10642242431640625
5852558125.0,	0.11024093627929688,	0.10828018188476562
5852603750.0,	0.11029434204101562,	0.10549545288085938
5852649375.0,	0.1111907958984375,	0.10711669921875
5852695000.0,	0.11003875732421875,	0.10650634765625
5852740625.0,	0.1095123291015625,	0.10653305053710938
5852786250.0,	0.11061477661132812,	0.1056060791015625
5852831875.0,	0.11157608032226562,	0.105926513671875
5852877500.0,	0.11038970947265625,	0.10763931274414062
5852923125.0,	0.1118621826171875,	0.10659027099609375
5852968750.0,	0.10959243774414062,	0.10626983642578125
5853014375.0,	0.11008834838867188,	0.10328292846679688
5853060000.0,	0.10924911499023438,	0.10599899291992188
5853105625.0,	0.11084747314453125,	0.10557937622070312
5853151250.0,	0.11032867431640625,	0.10416412353515625
5853196875.0,	0.11214065551757812,	0.10441207885742188
5853242500.0,	0.11037826538085938,	0.10445022583007812
5853288125.0,	0.110198974609375,	0.10419464111328125
5853333750.0,	0.1098785400390625,	0.1058807373046875
5853379375.0,	0.11136627197265625,	0.105133056640625
5853425000.0,	0.11126327514648438,	0.1044769287109375
5853470625.0,	0.11149978637695312,	0.10407257080078125
5853516250.0,	0.1126556396484375,	0.10334396362304688
5853561875.0,	0.112396240234375,	0.10253143310546875
5853607500.0,	0.11063385009765625,	0.1039886474609375
5853653125.0,	0.11059951782226562,	0.10309600830078125
5853698750.0,	0.10965728759765625,	0.10528182983398438
5853744375.0,	0.1107940673828125,	0.103790283203125
5853790000.0,	0.11163711547851562,	0.10406494140625
5853835625.0,	0.11187362670898438,	0.10249710083007812
5853881250.0,	0.11301803588867188,	0.1034088134765625
5853926875.0,	0.110626220703125,	0.1031341552734375
5853972500.0,	0.1110382080078125,	0.1025390625
5854018125.0,	0.11306381225585938,	0.10229873657226562
5854063750.0,	0.11124801635742188,	0.10285568237304688
5854109375.0,	0.11396408081054688,	0.10258102416992188
5854155000.0,	0.11285018920898438,	0.1035919189453125
5854200625.0,	0.11183547973632812,	0.10203170776367188
5854246250.0,	0.11047744750976562,	0.10424041748046875
5854291875.0,	0.11231231689453125,	0.10150527954101562
5854337500.0,	0.11466598510742188,	0.10186386108398438
5854383125.0,	0.112091064453125,	0.101104736328125
5854428750.0,	0.11006546020507812,	0.10293960571289062
5854474375.0,	0.1124420166015625,	0.09862899780273438
5854520000.0,	0.1128692626953125,	0.1011505126953125
5854565625.0,	0.10962295532226562,	0.10296249389648438
5854611250.0,	0.11238479614257812,	0.10202407836914062
5854656875.0,	0.111480712890625,	0.1000823974609375
5854702500.0,	0.11448287963867188,	0.1033935546875
5854748125.0,	0.11236190795898438,	0.10193252563476562
5854793750.0,	0.11215972900390625,	0.10223388671875
5854839375.0,	0.11365127563476562,	0.09862518310546875
5854885000.0,	0.1136627197265625,	0.10110092163085938
5854930625.0,	0.11244964599609375,	0.100494384765625
5854976250.0,	0.10990142822265625,	0.09936904907226562
5855021875.0,	0.11229324340820312,	0.10010147094726562
5855067500.0,	0.11230850219726562,	0.10016632080078125
5855113125.0,	0.1114349365234375,	0.09994125366210938
5855158750.0,	0.11180496215820312,	0.09978866577148438
5855204375.0,	0.11377334594726562,	0.09781646728515625
5855250000.0,	0.11382675170898438,	0.1001129150390625
5855295625.0,	0.11265945434570312,	0.10087203979492188
5855341250.0,	0.11255645751953125,	0.09801483154296875
5855386875.0,	0.11252593994140625,	0.09947586059570312
5855432500.0,	0.1147613525390625,	0.0970916748046875
5855478125.0,	0.11162185668945312,	0.09706878662109375
5855523750.0,	0.11109542846679688,	0.09836578369140625
5855569375.0,	0.11106491088867188,	0.0984039306640625
5855615000.0,	0.11356735229492188,	0.09668350219726562
5855660625.0,	0.1130828857421875,	0.09888076782226562
5855706250.0,	0.11220169067382812,	0.09808731079101562
5855751875.0,	0.11277389526367188,	0.0961761474609375
5855797500.0,	0.11338043212890625,	0.09778976440429688
5855843125.0,	0.11351394653320312,	0.09616851806640625
5855888750.0,	0.11371994018554688,	0.09818649291992188
5855934375.0,	0.11391448974609375,	0.09665298461914062
5855980000.0,	0.11393356323242188,	0.09617233276367188
5856025625.0,	0.1150665283203125,	0.09598922729492188
5856071250.0,	0.11328125,	0.09502792358398438
5856116875.0,	0.11530303955078125,	0.09645843505859375
5856162500.0,	0.1151885986328125,	0.09505844116210938
5856208125.0,	0.113616943359375,	0.09499740600585938
5856253750.0,	0.11328887939453125,	0.09360885620117188
5856299375.0,	0.11426925659179688,	0.09432601928710938
5856345000.0,	0.11263656616210938,	0.09643173217773438
5856390625.0,	0.1142578125,	0.09387588500976562
5856436250.0,	0.11637496948242188,	0.09572982788085938
5856481875.0,	0.11403656005859375,	0.09479904174804688
5856527500.0,	0.11458969116210938,	0.0940704345703125
5856573125.0,	0.11334609985351562,	0.0933990478515625
5856618750.0,	0.11464691162109375,	0.09387969970703125
5856664375.0,	0.11603927612304688,	0.09369277954101562
5856710000.0,	0.11393356323242188,	0.09704971313476562
5856755625.0,	0.113739013671875,	0.09258270263671875
5856801250.0,	0.11525344848632812,	0.09071731567382812
5856846875.0,	0.11420440673828125,	0.09212875366210938
5856892500.0,	0.11435699462890625,	0.09225082397460938
5856938125.0,	0.1151275634765625,	0.09279632568359375
5856983750.0,	0.11550521850585938,	0.09112548828125
5857029375.0,	0.1139984130859375,	0.09085464477539062
5857075000.0,	0.113555908203125,	0.089691162109375
5857120625.0,	0.11309051513671875,	0.08877944946289062
5857166250.0,	0.11403274536132812,	0.09050750732421875
5857211875.0,	0.11616134643554688,	0.0887451171875
5857257500.0,	0.1150970458984375,	0.09064102172851562
5857303125.0,	0.11341476440429688,	0.09072494506835938
5857348750.0,	0.11533737182617188,	0.089813232421875
5857394375.0,	0.11421585083007812,	0.09043121337890625
5857440000.0,	0.11569976806640625,	0.08954620361328125
5857485625.0,	0.114898681640625,	0.08779525756835938
5857531250.0,	0.11588668823242188,	0.09040451049804688
5857576875.0,	0.11612319946289062,	0.088409423828125
5857622500.0,	0.115447998046875,	0.08862686157226562
5857668125.0,	0.11438369750976562,	0.0883026123046875
5857713750.0,	0.11587142944335938,	0.08838272094726562
5857759375.0,	0.115325927734375,	0.08806228637695312
5857805000.0,	0.11798858642578125,	0.08621597290039062
5857850625.0,	0.116119384765625,	0.0888214111328125
5857896250.0,	0.11521148681640625,	0.08489608764648438
5857941875.0,	0.1141815185546875,	0.08685302734375
5857987500.0,	0.11751174926757812,	0.08555221557617188
5858033125.0,	0.11688613891601562,	0.084808349609375
5858078750.0,	0.11651229858398438,	0.08774185180664062
5858124375.0,	0.11668014526367188,	0.08664321899414062
5858170000.0,	0.1147308349609375,	0.08436965942382812
5858215625.0,	0.11687088012695312,	0.0848846435546875
5858261250.0,	0.1132354736328125,	0.08279800415039062
5858306875.0,	0.11811065673828125,	0.08655929565429688
5858352500.0,	0.11676406860351562,	0.0826416015625
5858398125.0,	0.11572647094726562,	0.08138275146484375
5858443750.0,	0.11791229248046875,	0.08154678344726562
5858489375.0,	0.11705780029296875,	0.08168792724609375
5858535000.0,	0.11582183837890625,	0.08220291137695312
5858580625.0,	0.11692047119140625,	0.08120346069335938
5858626250.0,	0.11594009399414062,	0.08080291748046875
5858671875.0,	0.114044189453125,	0.08012008666992188
5858717500.0,	0.11463546752929688,	0.08076858520507812
5858763125.0,	0.11663055419921875,	0.0821075439453125
5858808750.0,	0.11684036254882812,	0.08034515380859375
5858854375.0,	0.11820602416992188,	0.07962799072265625
5858900000.0,	0.11480331420898438,	0.08034133911132812
5858945625.0,	0.11617279052734375,	0.07783889770507812
5858991250.0,	0.11451339721679688,	0.07814788818359375
5859036875.0,	0.11545181274414062,	0.07830810546875
5859082500.0,	0.11677932739257812,	0.07767105102539062
5859128125.0,	0.11635589599609375,	0.07604598999023438
5859173750.0,	0.11707305908203125,	0.07526397705078125
5859219375.0,	0.117950439453125,	0.07737350463867188
5859265000.0,	0.1157379150390625,	0.07603836059570312
5859310625.0,	0.11461257934570312,	0.07467269897460938
5859356250.0,	0.11536788940429688,	0.07532119750976562
5859401875.0,	0.11780548095703125,	0.07129287719726562
5859447500.0,	0.11641693115234375,	0.0731658935546875
5859493125.0,	0.11562728881835938,	0.07227325439453125
5859538750.0,	0.11555862426757812,	0.072235107421875
5859584375.0,	0.11664199829101562,	0.07262420654296875
5859630000.0,	0.11509323120117188,	0.07138442993164062
5859675625.0,	0.1137847900390625,	0.07095718383789062
5859721250.0,	0.11374282836914062,	0.07093048095703125
5859766875.0,	0.11417388916015625,	0.06910324096679688
5859812500.0,	0.11298751831054688,	0.06819915771484375
5859858125.0,	0.11380767822265625,	0.06744766235351562
5859903750.0,	0.11388397216796875,	0.067108154296875
5859949375.0,	0.11301422119140625,	0.06852340698242188
5859995000.0,	0.11150741577148438,	0.06666183471679688
5860040625.0,	0.11252593994140625,	0.0689544677734375
5860086250.0,	0.11397171020507812,	0.06676483154296875
5860131875.0,	0.11528396606445312,	0.06730270385742188
5860177500.0,	0.11181259155273438,	0.062351226806640625
5860223125.0,	0.11180877685546875,	0.06280136108398438
5860268750.0,	0.1136932373046875,	0.062374114990234375
5860314375.0,	0.11169052124023438,	0.06404495239257812
5860360000.0,	0.11167526245117188,	0.06292343139648438
5860405625.0,	0.11071395874023438,	0.062305450439453125
5860451250.0,	0.11309432983398438,	0.060420989990234375
5860496875.0,	0.11166000366210938,	0.060771942138671875
5860542500.0,	0.11132049560546875,	0.058380126953125
5860588125.0,	0.11181259155273438,	0.060985565185546875
5860633750.0,	0.11013031005859375,	0.058559417724609375
5860679375.0,	0.1087188720703125,	0.0569610595703125
5860725000.0,	0.11026382446289062,	0.059993743896484375
5860770625.0,	0.10948562622070312,	0.056781768798828125
5860816250.0,	0.1081390380859375,	0.05678558349609375
5860861875.0,	0.1090087890625,	0.055912017822265625
5860907500.0,	0.10761260986328125,	0.05620574951171875
5860953125.0,	0.10569000244140625,	0.054912567138671875
5860998750.0,	0.1060791015625,	0.055675506591796875
5861044375.0,	0.10651779174804688,	0.051410675048828125
5861090000.0,	0.103302001953125,	0.053234100341796875
5861135625.0,	0.10341262817382812,	0.051273345947265625
5861181250.0,	0.1032257080078125,	0.05120086669921875
5861226875.0,	0.10289382934570312,	0.05164337158203125
5861272500.0,	0.10363388061523438,	0.050251007080078125
5861318125.0,	0.1021575927734375,	0.0513458251953125
5861363750.0,	0.1019439697265625,	0.048595428466796875
5861409375.0,	0.10081100463867188,	0.0496063232421875
5861455000.0,	0.098236083984375,	0.04735565185546875
5861500625.0,	0.09921646118164062,	0.04846954345703125
5861546250.0,	0.09947967529296875,	0.0464324951171875
5861591875.0,	0.09671783447265625,	0.04677581787109375
5861637500.0,	0.09502792358398438,	0.045566558837890625
5861683125.0,	0.0944366455078125,	0.047748565673828125
5861728750.0,	0.09490203857421875,	0.046428680419921875
5861774375.0,	0.09321975708007812,	0.0457305908203125
5861820000.0,	0.09312820434570312,	0.0452728271484375
5861865625.0,	0.09173583984375,	0.04573822021484375
5861911250.0,	0.09232330322265625,	0.04238128662109375
5861956875.0,	0.09133148193359375,	0.045459747314453125
5862002500.0,	0.0893402099609375,	0.04299163818359375
5862048125.0,	0.08803939819335938,	0.042049407958984375
5862093750.0,	0.0850677490234375,	0.044158935546875
5862139375.0,	0.086029052734375,	0.041965484619140625
5862185000.0,	0.08533096313476562,	0.04345703125
5862230625.0,	0.08552932739257812,	0.043064117431640625
5862276250.0,	0.08433151245117188,	0.04331207275390625
5862321875.0,	0.0829315185546875,	0.043643951416015625
5862367500.0,	0.08119583129882812,	0.04212188720703125
5862413125.0,	0.08009719848632812,	0.0414886474609375
5862458750.0,	0.08011627197265625,	0.04201507568359375
5862504375.0,	0.07952499389648438,	0.04338836669921875
5862550000.0,	0.07700347900390625,	0.041500091552734375
5862595625.0,	0.0774078369140625,	0.0418548583984375
5862641250.0,	0.07567977905273438,	0.043849945068359375
5862686875.0,	0.07275772094726562,	0.041240692138671875
5862732500.0,	0.07233810424804688,	0.041683197021484375
5862778125.0,	0.07089996337890625,	0.042728424072265625
5862823750.0,	0.0716705322265625,	0.045444488525390625
5862869375.0,	0.07338333129882812,	0.043292999267578125
5862915000.0,	0.07012176513671875,	0.043148040771484375
5862960625.0,	0.0671234130859375,	0.043910980224609375
5863006250.0,	0.06682586669921875,	0.0430755615234375
5863051875.0,	0.06697845458984375,	0.044414520263671875
5863097500.0,	0.06628036499023438,	0.04578399658203125
5863143125.0,	0.06325531005859375,	0.0452423095703125
5863188750.0,	0.062774658203125,	0.04559326171875
5863234375.0,	0.06377792358398438,	0.046054840087890625
5863280000.0,	0.06454086303710938,	0.043880462646484375
5863325625.0,	0.06142234802246094,	0.04591178894042969
5863371250.0,	0.06164741516113281,	0.047267913818359375
5863416875.0,	0.05948066711425781,	0.04687309265136719
5863462500.0,	0.05834388732910156,	0.046146392822265625
5863508125.0,	0.05698585510253906,	0.04996490478515625
5863553750.0,	0.058589935302734375,	0.0484161376953125
5863599375.0,	0.05737495422363281,	0.04742431640625
5863645000.0,	0.054523468017578125,	0.049190521240234375
5863690625.0,	0.056583404541015625,	0.05088996887207031
5863736250.0,	0.053497314453125,	0.05135154724121094
5863781875.0,	0.05372810363769531,	0.0523681640625
5863827500.0,	0.05383491516113281,	0.052585601806640625
5863873125.0,	0.052234649658203125,	0.05302238464355469
5863918750.0,	0.050952911376953125,	0.05436897277832031
5863964375.0,	0.05224800109863281,	0.05502891540527344
5864010000.0,	0.0513153076171875,	0.05424690246582031
5864055625.0,	0.05164909362792969,	0.05423545837402344
5864101250.0,	0.04991340637207031,	0.056186676025390625
5864146875.0,	0.04854393005371094,	0.055744171142578125
5864192500.0,	0.04614448547363281,	0.057231903076171875
5864238125.0,	0.04990196228027344,	0.05746650695800781
5864283750.0,	0.04740142822265625,	0.05855560302734375
5864329375.0,	0.0494842529296875,	0.05953216552734375
5864375000.0,	0.05024528503417969,	0.0603179931640625
5864420625.0,	0.04854393005371094,	0.06186103820800781
5864466250.0,	0.046863555908203125,	0.05924415588378906
5864511875.0,	0.046192169189453125,	0.06264495849609375
5864557500.0,	0.0455322265625,	0.06373214721679688
5864603125.0,	0.046295166015625,	0.06328582763671875
5864648750.0,	0.0468292236328125,	0.06423568725585938
5864694375.0,	0.0467071533203125,	0.06428146362304688
5864740000.0,	0.0450439453125,	0.0648193359375
5864785625.0,	0.046344757080078125,	0.0673065185546875
5864831250.0,	0.046306610107421875,	0.06599044799804688
5864876875.0,	0.044097900390625,	0.06735992431640625
5864922500.0,	0.044219970703125,	0.06752777099609375
5864968125.0,	0.0447845458984375,	0.067230224609375
5865013750.0,	0.045032501220703125,	0.06896591186523438
5865059375.0,	0.044010162353515625,	0.069183349609375
5865105000.0,	0.043750762939453125,	0.0697784423828125
5865150625.0,	0.04345703125,	0.07088470458984375
5865196250.0,	0.042423248291015625,	0.07223892211914062
5865241875.0,	0.043903350830078125,	0.07332992553710938
5865287500.0,	0.042392730712890625,	0.07060623168945312
5865333125.0,	0.04378509521484375,	0.07466888427734375
5865378750.0,	0.041614532470703125,	0.07342910766601562
5865424375.0,	0.0427398681640625,	0.07444381713867188
5865470000.0,	0.04383087158203125,	0.07306289672851562
5865515625.0,	0.0435943603515625,	0.07707595825195312
5865561250.0,	0.042583465576171875,	0.07351303100585938
5865606875.0,	0.04345703125,	0.0767974853515625
5865652500.0,	0.04132843017578125,	0.0790557861328125
5865698125.0,	0.044452667236328125,	0.07877731323242188
5865743750.0,	0.04398345947265625,	0.07668304443359375
5865789375.0,	0.044925689697265625,	0.07657241821289062
5865835000.0,	0.042270660400390625,	0.07962417602539062
5865880625.0,	0.042755126953125,	0.08053970336914062
5865926250.0,	0.041248321533203125,	0.07909011840820312
5865971875.0,	0.044353485107421875,	0.0792236328125
5866017500.0,	0.0421295166015625,	0.0806884765625
5866063125.0,	0.042507171630859375,	0.08168792724609375
5866108750.0,	0.043712615966796875,	0.0811920166015625
5866154375.0,	0.04553985595703125,	0.08175277709960938
5866200000.0,	0.04339599609375,	0.08326339721679688
5866245625.0,	0.044158935546875,	0.08156204223632812
5866291250.0,	0.043209075927734375,	0.08478164672851562
5866336875.0,	0.04259490966796875,	0.08523178100585938
5866382500.0,	0.045314788818359375,	0.08491897583007812
5866428125.0,	0.045810699462890625,	0.0837554931640625
5866473750.0,	0.04174041748046875,	0.08667755126953125
5866519375.0,	0.0438995361328125,	0.08586883544921875
5866565000.0,	0.043689727783203125,	0.08646774291992188
5866610625.0,	0.0453338623046875,	0.08643722534179688
5866656250.0,	0.046077728271484375,	0.08693695068359375
5866701875.0,	0.044342041015625,	0.08767318725585938
5866747500.0,	0.0435638427734375,	0.08611297607421875
5866793125.0,	0.046417236328125,	0.08575820922851562
5866838750.0,	0.045909881591796875,	0.08687973022460938
5866884375.0,	0.045116424560546875,	0.08863449096679688
5866930000.0,	0.04297637939453125,	0.09004592895507812
5866975625.0,	0.044666290283203125,	0.08984756469726562
5867021250.0,	0.045543670654296875,	0.08874893188476562
5867066875.0,	0.046844482421875,	0.09033966064453125
5867112500.0,	0.04781341552734375,	0.09222793579101562
5867158125.0,	0.04615020751953125,	0.08938980102539062
5867203750.0,	0.048061370849609375,	0.0927276611328125
5867249375.0,	0.04555511474609375,	0.09067535400390625
5867295000.0,	0.0469970703125,	0.09258651733398438
5867340625.0,	0.04636383056640625,	0.09197235107421875
5867386250.0,	0.048431396484375,	0.09210586547851562
5867431875.0,	0.046688079833984375,	0.0928192138671875
5867477500.0,	0.044208526611328125,	0.09151458740234375
5867523125.0,	0.04625701904296875,	0.093902587890625
5867568750.0,	0.0474853515625,	0.09170150756835938
5867614375.0,	0.04610443115234375,	0.0915985107421875
5867660000.0,	0.04529571533203125,	0.09441757202148438
5867705625.0,	0.045787811279296875,	0.09316253662109375
5867751250.0,	0.046802520751953125,	0.09415817260742188
5867796875.0,	0.04660797119140625,	0.09227371215820312
5867842500.0,	0.047794342041015625,	0.09495162963867188
5867888125.0,	0.046844482421875,	0.09423065185546875
5867933750.0,	0.04782867431640625,	0.093963623046875
5867979375.0,	0.048625946044921875,	0.09415054321289062
5868025000.0,	0.04764556884765625,	0.09565353393554688
5868070625.0,	0.047534942626953125,	0.09659194946289062
5868116250.0,	0.04876708984375,	0.09420394897460938
5868161875.0,	0.047382354736328125,	0.09621810913085938
5868207500.0,	0.04923248291015625,	0.0955657958984375
5868253125.0,	0.04913330078125,	0.09520339965820312
5868298750.0,	0.048583984375,	0.09522628784179688
5868344375.0,	0.048969268798828125,	0.09908294677734375
5868390000.0,	0.04790496826171875,	0.096588134765625
5868435625.0,	0.049175262451171875,	0.098602294921875
5868481250.0,	0.050769805908203125,	0.09860992431640625
5868526875.0,	0.048328399658203125,	0.093994140625
5868572500.0,	0.047893524169921875,	0.09737396240234375
5868618125.0,	0.05170440673828125,	0.09838104248046875
5868663750.0,	0.047534942626953125,	0.09699249267578125
5868709375.0,	0.050098419189453125,	0.10006332397460938
5868755000.0,	0.05027008056640625,	0.0994415283203125
5868800625.0,	0.049526214599609375,	0.09765625
5868846250.0,	0.0523223876953125,	0.09827041625976562
5868891875.0,	0.048824310302734375,	0.09980392456054688
5868937500.0,	0.051418304443359375,	0.1010589599609375
5868983125.0,	0.050762176513671875,	0.09974288940429688
5869028750.0,	0.05005645751953125,	0.10132217407226562
5869074375.0,	0.050708770751953125,	0.098846435546875
5869120000.0,	0.051914215087890625,	0.09841156005859375
5869165625.0,	0.051666259765625,	0.100128173828125
5869211250.0,	0.052204132080078125,	0.0983428955078125
5869256875.0,	0.0509490966796875,	0.10059356689453125
5869302500.0,	0.049236297607421875,	0.099365234375
5869348125.0,	0.052318572998046875,	0.099334716796875
5869393750.0,	0.05010986328125,	0.10107421875
5869439375.0,	0.05258941650390625,	0.10107803344726562
5869485000.0,	0.051616668701171875,	0.10119247436523438
5869530625.0,	0.05347442626953125,	0.09989547729492188
5869576250.0,	0.05049896240234375,	0.09919357299804688
5869621875.0,	0.0527496337890625,	0.09950637817382812
5869667500.0,	0.05088043212890625,	0.10068893432617188
5869713125.0,	0.0514984130859375,	0.100860595703125
5869758750.0,	0.05344390869140625,	0.10332107543945312
5869804375.0,	0.052150726318359375,	0.102783203125
5869850000.0,	0.05196380615234375,	0.10150527954101562
5869895625.0,	0.053195953369140625,	0.10174560546875
5869941250.0,	0.0525665283203125,	0.10235214233398438
5869986875.0,	0.05542755126953125,	0.09932708740234375
5870032500.0,	0.0541839599609375,	0.10064315795898438
5870078125.0,	0.053028106689453125,	0.1007537841796875
5870123750.0,	0.05406951904296875,	0.09998321533203125
5870169375.0,	0.053104400634765625,	0.10088348388671875
5870215000.0,	0.052829742431640625,	0.1034393310546875
5870260625.0,	0.052219390869140625,	0.10312652587890625
5870306250.0,	0.052947998046875,	0.10316085815429688
5870351875.0,	0.0559539794921875,	0.10226821899414062
5870397500.0,	0.052326202392578125,	0.1044921875
5870443125.0,	0.052845001220703125,	0.10322189331054688
5870488750.0,	0.05643463134765625,	0.1025848388671875
5870534375.0,	0.055450439453125,	0.10301971435546875
5870580000.0,	0.05446624755859375,	0.10123443603515625
5870625625.0,	0.054813385009765625,	0.10138702392578125
5870671250.0,	0.056148529052734375,	0.102813720703125
5870716875.0,	0.055210113525390625,	0.10369491577148438
5870762500.0,	0.05492401123046875,	0.10347366333007812
5870808125.0,	0.055080413818359375,	0.10294723510742188
5870853750.0,	0.055362701416015625,	0.10487747192382812
5870899375.0,	0.053539276123046875,	0.10363006591796875
5870945000.0,	0.0549468994140625,	0.102508544921875
5870990625.0,	0.05663299560546875,	0.10279464721679688
5871036250.0,	0.055027008056640625,	0.1031646728515625
5871081875.0,	0.056369781494140625,	0.10542678833007812
5871127500.0,	0.055049896240234375,	0.1046295166015625
5871173125.0,	0.055797576904296875,	0.10406875610351562
5871218750.0,	0.054386138916015625,	0.10246658325195312
5871264375.0,	0.055774688720703125,	0.10461807250976562
5871310000.0,	0.05629730224609375,	0.103363037109375
5871355625.0,	0.0538787841796875,	0.10610198974609375
5871401250.0,	0.054035186767578125,	0.10519790649414062
5871446875.0,	0.05452728271484375,	0.1059417724609375
5871492500.0,	0.057422637939453125,	0.10277557373046875
5871538125.0,	0.05535125732421875,	0.10417938232421875
5871583750.0,	0.056316375732421875,	0.1059112548828125
5871629375.0,	0.056171417236328125,	0.1084747314453125
5871675000.0,	0.056453704833984375,	0.10346221923828125
5871720625.0,	0.055522918701171875,	0.10529708862304688
5871766250.0,	0.0551605224609375,	0.10713577270507812
5871811875.0,	0.0568389892578125,	0.10395431518554688
5871857500.0,	0.05609893798828125,	0.10446929931640625
5871903125.0,	0.058124542236328125,	0.10474777221679688
5871948750.0,	0.0587310791015625,	0.10616683959960938
5871994375.0,	0.057567596435546875,	0.10531234741210938
5872040000.0,	0.059444427490234375,	0.10729217529296875
5872085625.0,	0.055683135986328125,	0.10430145263671875
5872131250.0,	0.055957794189453125,	0.10822677612304688
5872176875.0,	0.05804443359375,	0.10746002197265625
5872222500.0,	0.05744171142578125,	0.10720443725585938
5872268125.0,	0.05904388427734375,	0.10491180419921875
5872313750.0,	0.056598663330078125,	0.1063690185546875
5872359375.0,	0.0585479736328125,	0.1059722900390625
5872405000.0,	0.0535430908203125,	0.1064453125
5872450625.0,	0.054248809814453125,	0.10515213012695312
5872496250.0,	0.059360504150390625,	0.10472869873046875
5872541875.0,	0.057102203369140625,	0.10782241821289062
5872587500.0,	0.058269500732421875,	0.10584640502929688
5872633125.0,	0.056964874267578125,	0.10555648803710938
5872678750.0,	0.05878448486328125,	0.10602569580078125
5872724375.0,	0.056644439697265625,	0.10644149780273438
5872770000.0,	0.059200286865234375,	0.10561752319335938
5872815625.0,	0.05792999267578125,	0.10707855224609375
5872861250.0,	0.05608367919921875,	0.10664749145507812
5872906875.0,	0.0581207275390625,	0.10654449462890625
5872952500.0,	0.05682373046875,	0.1060791015625
5872998125.0,	0.057689666748046875,	0.1077117919921875
5873043750.0,	0.057098388671875,	0.10759735107421875
5873089375.0,	0.05902862548828125,	0.10573196411132812
5873135000.0,	0.057651519775390625,	0.10699081420898438
5873180625.0,	0.0586395263671875,	0.10776138305664062
5873226250.0,	0.0582427978515625,	0.10762786865234375
5873271875.0,	0.0591278076171875,	0.10712814331054688
5873317500.0,	0.058353424072265625,	0.10711669921875
5873363125.0,	0.0591278076171875,	0.10770034790039062
5873408750.0,	0.0595703125,	0.10858917236328125
5873454375.0,	0.059391021728515625,	0.10960006713867188
5873500000.0,	0.05938720703125,	0.10770797729492188
5873545625.0,	0.0593109130859375,	0.10596084594726562
5873591250.0,	0.0588836669921875,	0.108001708984375
5873636875.0,	0.059360504150390625,	0.10703659057617188
5873682500.0,	0.057849884033203125,	0.10840988159179688
5873728125.0,	0.055561065673828125,	0.10686111450195312
5873773750.0,	0.056957244873046875,	0.10745620727539062
5873819375.0,	0.059749603271484375,	0.10960769653320312
5873865000.0,	0.05899810791015625,	0.10765838623046875
5873910625.0,	0.059635162353515625,	0.10885238647460938
5873956250.0,	0.058685302734375,	0.10925674438476562
5874001875.0,	0.058284759521484375,	0.1073760986328125
5874047500.0,	0.058086395263671875,	0.11017990112304688
5874093125.0,	0.059444427490234375,	0.10692977905273438
5874138750.0,	0.059112548828125,	0.10839080810546875
5874184375.0,	0.0595245361328125,	0.10747909545898438
5874230000.0,	0.061527252197265625,	0.10747528076171875
5874275625.0,	0.060070037841796875,	0.1084747314453125
5874321250.0,	0.05973052978515625,	0.10780715942382812
5874366875.0,	0.058895111083984375,	0.10858535766601562
5874412500.0,	0.059223175048828125,	0.107757568359375
5874458125.0,	0.0591278076171875,	0.10842514038085938
5874503750.0,	0.061420440673828125,	0.10678482055664062
5874549375.0,	0.060272216796875,	0.1085968017578125
5874595000.0,	0.059417724609375,	0.10805892944335938
5874640625.0,	0.05859375,	0.10918807983398438
5874686250.0,	0.0598602294921875,	0.10860443115234375
5874731875.0,	0.059051513671875,	0.10826873779296875
5874777500.0,	0.05904388427734375,	0.10875701904296875
5874823125.0,	0.06133270263671875,	0.10739517211914062
5874868750.0,	0.060375213623046875,	0.11111831665039062
5874914375.0,	0.06017303466796875,	0.10945510864257812
5874960000.0,	0.06011199951171875,	0.10905075073242188
5875005625.0,	0.058261871337890625,	0.11054229736328125
5875051250.0,	0.058025360107421875,	0.10908126831054688
5875096875.0,	0.059902191162109375,	0.10971450805664062
5875142500.0,	0.060962677001953125,	0.10903167724609375
5875188125.0,	0.06119537353515625,	0.107818603515625
5875233750.0,	0.060550689697265625,	0.1109619140625
5875279375.0,	0.0589141845703125,	0.11001968383789062
5875325000.0,	0.061626434326171875,	0.10865020751953125
5875370625.0,	0.061367034912109375,	0.11079788208007812
5875416250.0,	0.059825897216796875,	0.10902786254882812
5875461875.0,	0.06163787841796875,	0.11130905151367188
5875507500.0,	0.0617523193359375,	0.10943222045898438
5875553125.0,	0.0606536865234375,	0.110137939453125
5875598750.0,	0.06067657470703125,	0.10970687866210938
5875644375.0,	0.061656951904296875,	0.10908126831054688
5875690000.0,	0.06103515625,	0.10982513427734375
5875735625.0,	0.061748504638671875,	0.11011505126953125
5875781250.0,	0.061798095703125,	0.1091766357421875
5875826875.0,	0.06063079833984375,	0.109619140625
5875872500.0,	0.06345748901367188,	0.10944747924804688
5875918125.0,	0.06218719482421875,	0.11032867431640625
5875963750.0,	0.06278610229492188,	0.11009597778320312
5876009375.0,	0.061069488525390625,	0.10882186889648438
5876055000.0,	0.06099700927734375,	0.1099395751953125
5876100625.0,	0.061412811279296875,	0.11013412475585938
5876146250.0,	0.06043243408203125,	0.11008071899414062
5876191875.0,	0.06182861328125,	0.1117706298828125
5876237500.0,	0.06121826171875,	0.11096954345703125
5876283125.0,	0.060237884521484375,	0.110076904296875
5876328750.0,	0.059154510498046875,	0.11032485961914062
5876374375.0,	0.0604705810546875,	0.11010360717773438
5876420000.0,	0.061672210693359375,	0.1098785400390625
5876465625.0,	0.06133270263671875,	0.11114501953125
5876511250.0,	0.06282424926757812,	0.11051559448242188
5876556875.0,	0.06260299682617188,	0.10963821411132812
5876602500.0,	0.0625,	0.1103057861328125
5876648125.0,	0.06269454956054688,	0.10984420776367188
5876693750.0,	0.06170654296875,	0.10973739624023438
5876739375.0,	0.06194305419921875,	0.10974502563476562
5876785000.0,	0.062091827392578125,	0.11046218872070312
5876830625.0,	0.06257247924804688,	0.1114959716796875
5876876250.0,	0.061794281005859375,	0.10972976684570312
5876921875.0,	0.062255859375,	0.10981369018554688
5876967500.0,	0.06192779541015625,	0.11154556274414062
5877013125.0,	0.06157684326171875,	0.11072158813476562
5877058750.0,	0.061824798583984375,	0.11066818237304688
5877104375.0,	0.062007904052734375,	0.11124038696289062
5877150000.0,	0.059909820556640625,	0.11205291748046875
5877195625.0,	0.06221771240234375,	0.11327362060546875
5877241250.0,	0.060825347900390625,	0.11143875122070312
5877286875.0,	0.0606536865234375,	0.1110992431640625
5877332500.0,	0.0648956298828125,	0.11133956909179688
5877378125.0,	0.06266021728515625,	0.11264419555664062
5877423750.0,	0.061954498291015625,	0.10964202880859375
5877469375.0,	0.0618133544921875,	0.11034393310546875
5877515000.0,	0.06334686279296875,	0.1112823486328125
5877560625.0,	0.06280136108398438,	0.11088943481445312
5877606250.0,	0.0632171630859375,	0.11255264282226562
5877651875.0,	0.060886383056640625,	0.11251068115234375
5877697500.0,	0.06444931030273438,	0.11217117309570312
5877743125.0,	0.06433486938476562,	0.11029815673828125
5877788750.0,	0.06257247924804688,	0.11156845092773438
5877834375.0,	0.06253433227539062,	0.11158370971679688
5877880000.0,	0.06284713745117188,	0.11180496215820312
5877925625.0,	0.0621337890625,	0.11169052124023438
5877971250.0,	0.06447982788085938,	0.112213134765625
5878016875.0,	0.062957763671875,	0.1094207763671875
5878062500.0,	0.06358718872070312,	0.11074447631835938
5878108125.0,	0.0640106201171875,	0.11091232299804688
5878153750.0,	0.06366348266601562,	0.110260009765625
5878199375.0,	0.06297683715820312,	0.110565185546875
5878245000.0,	0.0634765625,	0.11377716064453125
5878290625.0,	0.0624237060546875,	0.11309814453125
5878336250.0,	0.06343460083007812,	0.11182785034179688
5878381875.0,	0.062038421630859375,	0.11191940307617188
5878427500.0,	0.0655975341796875,	0.11017990112304688
5878473125.0,	0.06523513793945312,	0.11213302612304688
5878518750.0,	0.0626983642578125,	0.11069107055664062
5878564375.0,	0.060520172119140625,	0.1121673583984375
5878610000.0,	0.06386566162109375,	0.11174774169921875
5878655625.0,	0.06346893310546875,	0.11104202270507812
5878701250.0,	0.0655670166015625,	0.11237335205078125
5878746875.0,	0.0645904541015625,	0.112213134765625
5878792500.0,	0.06320571899414062,	0.11102676391601562
5878838125.0,	0.06207275390625,	0.11157989501953125
5878883750.0,	0.06505966186523438,	0.1137847900390625
5878929375.0,	0.06362152099609375,	0.11171722412109375
5878975000.0,	0.063934326171875,	0.11268234252929688
5879020625.0,	0.06353378295898438,	0.11083221435546875
5879066250.0,	0.06488037109375,	0.11213302612304688
5879111875.0,	0.06303787231445312,	0.11112213134765625
5879157500.0,	0.06541061401367188,	0.11216354370117188
5879203125.0,	0.06468582153320312,	0.11211776733398438
5879248750.0,	0.0642547607421875,	0.1132049560546875
5879294375.0,	0.0645599365234375,	0.11166763305664062
5879340000.0,	0.062957763671875,	0.11255645751953125
5879385625.0,	0.06456375122070312,	0.11071014404296875
5879431250.0,	0.06447219848632812,	0.11199188232421875
5879476875.0,	0.06455612182617188,	0.11317062377929688
5879522500.0,	0.06431961059570312,	0.11391830444335938
5879568125.0,	0.06451416015625,	0.11582183837890625
5879613750.0,	0.06481552124023438,	0.11291122436523438
5879659375.0,	0.06496047973632812,	0.11252212524414062
5879705000.0,	0.0648956298828125,	0.11304092407226562
5879750625.0,	0.06582260131835938,	0.11282730102539062
5879796250.0,	0.064910888671875,	0.11388015747070312
5879841875.0,	0.06589126586914062,	0.11250686645507812
5879887500.0,	0.06475448608398438,	0.11125946044921875
5879933125.0,	0.0637054443359375,	0.11405563354492188
5879978750.0,	0.0645294189453125,	0.1111602783203125
5880024375.0,	0.06714248657226562,	0.11337661743164062
5880070000.0,	0.0662384033203125,	0.11516189575195312
5880115625.0,	0.06470108032226562,	0.11534881591796875
5880161250.0,	0.06348800659179688,	0.11440277099609375
5880206875.0,	0.06404876708984375,	0.11362838745117188
5880252500.0,	0.0667266845703125,	0.11449813842773438
5880298125.0,	0.063995361328125,	0.11291122436523438
5880343750.0,	0.06519699096679688,	0.11045455932617188
5880389375.0,	0.06485366821289062,	0.11348724365234375
5880435000.0,	0.0616302490234375,	0.11261749267578125
5880480625.0,	0.06398391723632812,	0.11189651489257812
5880526250.0,	0.06641387939453125,	0.11346817016601562
5880571875.0,	0.0639801025390625,	0.1127471923828125
5880617500.0,	0.06409454345703125,	0.11404037475585938
5880663125.0,	0.065093994140625,	0.11162567138671875
5880708750.0,	0.0676422119140625,	0.11342239379882812
5880754375.0,	0.06476593017578125,	0.11277008056640625
5880800000.0,	0.06652069091796875,	0.11275100708007812
5880845625.0,	0.06395721435546875,	0.11574554443359375
5880891250.0,	0.0649871826171875,	0.11556243896484375
5880936875.0,	0.0650787353515625,	0.11350631713867188
5880982500.0,	0.06500625610351562,	0.1146240234375
5881028125.0,	0.0619659423828125,	0.11403274536132812
5881073750.0,	0.06732177734375,	0.11259078979492188
5881119375.0,	0.06478118896484375,	0.11173248291015625
5881165000.0,	0.06296539306640625,	0.11435699462890625
5881210625.0,	0.062404632568359375,	0.113189697265625
5881256250.0,	0.06583023071289062,	0.11211395263671875
5881301875.0,	0.065887451171875,	0.1135711669921875
5881347500.0,	0.06489181518554688,	0.11116790771484375
5881393125.0,	0.0664825439453125,	0.11337661743164062
5881438750.0,	0.064483642578125,	0.11379623413085938
5881484375.0,	0.06501388549804688,	0.11399459838867188
5881530000.0,	0.06508636474609375,	0.11267471313476562
5881575625.0,	0.06615447998046875,	0.11351394653320312
5881621250.0,	0.06422042846679688,	0.11397933959960938
5881666875.0,	0.06431198120117188,	0.11446380615234375
5881712500.0,	0.0656585693359375,	0.115020751953125
5881758125.0,	0.06614303588867188,	0.1139984130859375
5881803750.0,	0.065582275390625,	0.11449432373046875
5881849375.0,	0.06658935546875,	0.11520767211914062
5881895000.0,	0.06460952758789062,	0.11312484741210938
5881940625.0,	0.06536865234375,	0.115386962890625
5881986250.0,	0.06549453735351562,	0.11438369750976562
5882031875.0,	0.06581497192382812,	0.11429595947265625
5882077500.0,	0.06687545776367188,	0.11359024047851562
5882123125.0,	0.06605911254882812,	0.11499786376953125
5882168750.0,	0.06430816650390625,	0.11512374877929688
5882214375.0,	0.06732940673828125,	0.11720657348632812
5882260000.0,	0.0672760009765625,	0.11572647094726562
5882305625.0,	0.06421279907226562,	0.11510467529296875
5882351250.0,	0.06622695922851562,	0.11307907104492188
5882396875.0,	0.0644378662109375,	0.11249160766601562
5882442500.0,	0.06573867797851562,	0.11468124389648438
5882488125.0,	0.06568145751953125,	0.11302566528320312
5882533750.0,	0.06638717651367188,	0.11243820190429688
5882579375.0,	0.06669235229492188,	0.11449432373046875
5882625000.0,	0.06737136840820312,	0.11431121826171875
5882670625.0,	0.06597137451171875,	0.11516189575195312
5882716250.0,	0.06646347045898438,	0.11267471313476562
5882761875.0,	0.06771469116210938,	0.1125030517578125
5882807500.0,	0.06603622436523438,	0.11687088012695312
5882853125.0,	0.06769180297851562,	0.11434173583984375
5882898750.0,	0.066864013671875,	0.11374664306640625
5882944375.0,	0.06739044189453125,	0.1139984130859375
5882990000.0,	0.06754684448242188,	0.11598968505859375
5883035625.0,	0.0673065185546875,	0.11537551879882812
5883081250.0,	0.06667327880859375,	0.1139373779296875
5883126875.0,	0.06503677368164062,	0.11463546752929688
5883172500.0,	0.0650787353515625,	0.11334609985351562
5883218125.0,	0.06630325317382812,	0.11500167846679688
5883263750.0,	0.06655120849609375,	0.1148529052734375
5883309375.0,	0.06589126586914062,	0.11522293090820312
5883355000.0,	0.06724166870117188,	0.11352920532226562
5883400625.0,	0.06557083129882812,	0.11607742309570312
5883446250.0,	0.06693267822265625,	0.115020751953125
5883491875.0,	0.06565475463867188,	0.11449813842773438
5883537500.0,	0.06624984741210938,	0.11306381225585938
5883583125.0,	0.06577682495117188,	0.11569976806640625
5883628750.0,	0.06960296630859375,	0.11416244506835938
5883674375.0,	0.06612014770507812,	0.11417007446289062
5883720000.0,	0.06870269775390625,	0.11492919921875
5883765625.0,	0.06656646728515625,	0.11775970458984375
5883811250.0,	0.066314697265625,	0.114837646484375
5883856875.0,	0.06679153442382812,	0.11459732055664062
5883902500.0,	0.06637954711914062,	0.11516952514648438
5883948125.0,	0.06813812255859375,	0.11527633666992188
5883993750.0,	0.06768417358398438,	0.1146087646484375
5884039375.0,	0.0685882568359375,	0.11492538452148438
5884085000.0,	0.06679153442382812,	0.11588668823242188
5884130625.0,	0.06915283203125,	0.11421585083007812
5884176250.0,	0.06754302978515625,	0.11523818969726562
5884221875.0,	0.06755828857421875,	0.11589813232421875
5884267500.0,	0.07024765014648438,	0.11602401733398438
5884313125.0,	0.068511962890625,	0.11500167846679688
5884358750.0,	0.06796646118164062,	0.11577224731445312
5884404375.0,	0.06753921508789062,	0.11398696899414062
5884450000.0,	0.06865692138671875,	0.11394500732421875
5884495625.0,	0.06519317626953125,	0.113372802734375
5884541250.0,	0.06599807739257812,	0.1162109375
5884586875.0,	0.06838607788085938,	0.11655044555664062
5884632500.0,	0.06909942626953125,	0.11626434326171875
5884678125.0,	0.06844711303710938,	0.11416244506835938
5884723750.0,	0.06737518310546875,	0.11428451538085938
5884769375.0,	0.06822586059570312,	0.1159210205078125
5884815000.0,	0.06832122802734375,	0.1154937744140625
5884860625.0,	0.06806182861328125,	0.11768722534179688
5884906250.0,	0.06957626342773438,	0.11596298217773438
5884951875.0,	0.06652069091796875,	0.11601638793945312
5884997500.0,	0.06673812866210938,	0.11728286743164062
5885043125.0,	0.0657806396484375,	0.11478424072265625
5885088750.0,	0.06865692138671875,	0.11566543579101562
5885134375.0,	0.06735610961914062,	0.11749267578125
5885180000.0,	0.0660247802734375,	0.11743545532226562
5885225625.0,	0.06859588623046875,	0.11610794067382812
5885271250.0,	0.06629180908203125,	0.11347198486328125
5885316875.0,	0.06873321533203125,	0.116180419921875
5885362500.0,	0.06878280639648438,	0.1160125732421875
5885408125.0,	0.06846237182617188,	0.11640548706054688
5885453750.0,	0.06605148315429688,	0.11722183227539062
5885499375.0,	0.06903076171875,	0.1154022216796875
5885545000.0,	0.06816482543945312,	0.11626434326171875
5885590625.0,	0.06750869750976562,	0.11873245239257812
5885636250.0,	0.06967926025390625,	0.11539077758789062
5885681875.0,	0.06870269775390625,	0.11696243286132812
5885727500.0,	0.06842041015625,	0.11665725708007812
5885773125.0,	0.067169189453125,	0.11409378051757812
5885818750.0,	0.06859207153320312,	0.1171875
5885864375.0,	0.06804275512695312,	0.11641693115234375
5885910000.0,	0.06806182861328125,	0.11589813232421875
5885955625.0,	0.0679779052734375,	0.11731338500976562
5886001250.0,	0.07143402099609375,	0.1172027587890625
5886046875.0,	0.06795120239257812,	0.11698532104492188
5886092500.0,	0.06986618041992188,	0.11526107788085938
5886138125.0,	0.06951522827148438,	0.11263656616210938
5886183750.0,	0.0689239501953125,	0.11592483520507812
5886229375.0,	0.06649398803710938,	0.11866378784179688
5886275000.0,	0.06898880004882812,	0.114532470703125
5886320625.0,	0.06880950927734375,	0.11771011352539062
5886366250.0,	0.06738662719726562,	0.1183929443359375
5886411875.0,	0.06819534301757812,	0.11671829223632812
5886457500.0,	0.06934738159179688,	0.11534881591796875
5886503125.0,	0.06952667236328125,	0.11666488647460938
5886548750.0,	0.06852340698242188,	0.11611557006835938
5886594375.0,	0.069915771484375,	0.1168060302734375
5886640000.0,	0.06896591186523438,	0.11586380004882812
5886685625.0,	0.068817138671875,	0.11483001708984375
5886731250.0,	0.06812667846679688,	0.11542892456054688
5886776875.0,	0.0691070556640625,	0.11881637573242188
5886822500.0,	0.06881332397460938,	0.11724472045898438
5886868125.0,	0.0698394775390625,	0.11452484130859375
5886913750.0,	0.067901611328125,	0.1182861328125
5886959375.0,	0.07041549682617188,	0.11561203002929688
5887005000.0,	0.06812286376953125,	0.11562728881835938
5887050625.0,	0.06628799438476562,	0.11555099487304688
5887096250.0,	0.0686492919921875,	0.11790084838867188
5887141875.0,	0.071014404296875,	0.11626815795898438
5887187500.0,	0.06879043579101562,	0.11651229858398438
5887233125.0,	0.06853485107421875,	0.114593505859375
5887278750.0,	0.06981658935546875,	0.117828369140625
5887324375.0,	0.06899642944335938,	0.11702346801757812
5887370000.0,	0.06995391845703125,	0.11735916137695312
5887415625.0,	0.06905746459960938,	0.115814208984375
5887461250.0,	0.0716400146484375,	0.1142578125
5887506875.0,	0.06972122192382812,	0.11710739135742188
5887552500.0,	0.06946182250976562,	0.11673355102539062
5887598125.0,	0.06941986083984375,	0.1168670654296875
5887643750.0,	0.0694122314453125,	0.1161346435546875
5887689375.0,	0.06805419921875,	0.1150054931640625
5887735000.0,	0.06921005249023438,	0.116943359375
5887780625.0,	0.069427490234375,	0.11562728881835938
5887826250.0,	0.06911849975585938,	0.1162567138671875
5887871875.0,	0.06952667236328125,	0.11645126342773438
5887917500.0,	0.06767654418945312,	0.11685562133789062
5887963125.0,	0.06880569458007812,	0.11586761474609375
5888008750.0,	0.06966018676757812,	0.11832427978515625
5888054375.0,	0.06879425048828125,	0.11948013305664062
5888100000.0,	0.07126235961914062,	0.11722564697265625
5888145625.0,	0.07019805908203125,	0.1165924072265625
5888191250.0,	0.06871414184570312,	0.11516189575195312
5888236875.0,	0.06910324096679688,	0.11471176147460938
5888282500.0,	0.07037734985351562,	0.11766815185546875
5888328125.0,	0.06940078735351562,	0.1172943115234375
5888373750.0,	0.06985092163085938,	0.1160888671875
5888419375.0,	0.06970596313476562,	0.11777877807617188
5888465000.0,	0.06982803344726562,	0.116943359375
5888510625.0,	0.06942367553710938,	0.11877822875976562
5888556250.0,	0.069061279296875,	0.11759185791015625
5888601875.0,	0.07114410400390625,	0.11624526977539062
5888647500.0,	0.07221603393554688,	0.11629104614257812
5888693125.0,	0.06792449951171875,	0.11569976806640625
5888738750.0,	0.0712890625,	0.11617279052734375
5888784375.0,	0.06871414184570312,	0.11936187744140625
5888830000.0,	0.06912994384765625,	0.11590194702148438
5888875625.0,	0.06902313232421875,	0.11696243286132812
5888921250.0,	0.06814193725585938,	0.11651611328125
5888966875.0,	0.06949615478515625,	0.11803436279296875
5889012500.0,	0.069580078125,	0.11591720581054688
5889058125.0,	0.0685882568359375,	0.11857986450195312
5889103750.0,	0.07118988037109375,	0.11640548706054688
5889149375.0,	0.07099151611328125,	0.11791229248046875
5889195000.0,	0.0720062255859375,	0.11606597900390625
5889240625.0,	0.070953369140625,	0.11773300170898438
5889286250.0,	0.06903076171875,	0.11661911010742188
5889331875.0,	0.0720672607421875,	0.11668777465820312
5889377500.0,	0.07085418701171875,	0.11707305908203125
5889423125.0,	0.06916427612304688,	0.11745452880859375
5889468750.0,	0.06962966918945312,	0.11753463745117188
5889514375.0,	0.06875228881835938,	0.117706298828125
5889560000.0,	0.07123947143554688,	0.11822891235351562
5889605625.0,	0.06996536254882812,	0.11809539794921875
5889651250.0,	0.072357177734375,	0.11877822875976562
5889696875.0,	0.071990966796875,	0.11992645263671875
5889742500.0,	0.0706634521484375,	0.11872100830078125
5889788125.0,	0.071380615234375,	0.11915969848632812
5889833750.0,	0.06940078735351562,	0.11736679077148438
5889879375.0,	0.07000732421875,	0.11705780029296875
5889925000.0,	0.071380615234375,	0.11688232421875
5889970625.0,	0.07161331176757812,	0.11679458618164062
5890016250.0,	0.07078933715820312,	0.11904525756835938
5890061875.0,	0.07155990600585938,	0.117645263671875
5890107500.0,	0.06935882568359375,	0.117218017578125
5890153125.0,	0.07157516479492188,	0.11803054809570312
5890198750.0,	0.07064056396484375,	0.1181488037109375
5890244375.0,	0.07151031494140625,	0.11775970458984375
5890290000.0,	0.07032012939453125,	0.11748886108398438
5890335625.0,	0.0701751708984375,	0.11802291870117188
5890381250.0,	0.07231521606445312,	0.11867141723632812
5890426875.0,	0.06969833374023438,	0.11815261840820312
5890472500.0,	0.07198715209960938,	0.11883163452148438
5890518125.0,	0.07091903686523438,	0.11856842041015625
5890563750.0,	0.07118988037109375,	0.118255615234375
5890609375.0,	0.07020187377929688,	0.118011474609375
5890655000.0,	0.06942367553710938,	0.11660385131835938
5890700625.0,	0.07202529907226562,	0.11690902709960938
5890746250.0,	0.06903076171875,	0.11833572387695312
5890791875.0,	0.07033538818359375,	0.11845779418945312
5890837500.0,	0.07091522216796875,	0.11865234375
5890883125.0,	0.07166290283203125,	0.11623382568359375
5890928750.0,	0.07137680053710938,	0.1183013916015625
5890974375.0,	0.07260894775390625,	0.11981201171875
5891020000.0,	0.07144927978515625,	0.11842727661132812
5891065625.0,	0.07047271728515625,	0.117706298828125
5891111250.0,	0.0709228515625,	0.11714935302734375
5891156875.0,	0.07206344604492188,	0.11700820922851562
5891202500.0,	0.07283401489257812,	0.11781692504882812
5891248125.0,	0.06936264038085938,	0.11742401123046875
5891293750.0,	0.07354736328125,	0.1191253662109375
5891339375.0,	0.07078933715820312,	0.11685943603515625
5891385000.0,	0.07262420654296875,	0.11819076538085938
5891430625.0,	0.07175827026367188,	0.11750030517578125
5891476250.0,	0.07173919677734375,	0.11754226684570312
5891521875.0,	0.06911087036132812,	0.1181793212890625
5891567500.0,	0.071807861328125,	0.1175384521484375
5891613125.0,	0.07048797607421875,	0.1174774169921875
5891658750.0,	0.07075881958007812,	0.11726760864257812
5891704375.0,	0.07045364379882812,	0.11936187744140625
5891750000.0,	0.071380615234375,	0.11791229248046875
5891795625.0,	0.07167816162109375,	0.11722564697265625
5891841250.0,	0.07114410400390625,	0.11874008178710938
5891886875.0,	0.07056427001953125,	0.11957931518554688
5891932500.0,	0.06981658935546875,	0.11700439453125
5891978125.0,	0.07180023193359375,	0.117950439453125
5892023750.0,	0.07111358642578125,	0.11724472045898438
5892069375.0,	0.07273101806640625,	0.11885452270507812
5892115000.0,	0.07024383544921875,	0.11869430541992188
5892160625.0,	0.07137298583984375,	0.11600875854492188
5892206250.0,	0.07256317138671875,	0.11908340454101562
5892251875.0,	0.0709075927734375,	0.11833953857421875
5892297500.0,	0.07326126098632812,	0.11831283569335938
5892343125.0,	0.07317733764648438,	0.11811065673828125
5892388750.0,	0.06995773315429688,	0.12133407592773438
5892434375.0,	0.07177734375,	0.11660003662109375
5892480000.0,	0.07265472412109375,	0.12129592895507812
5892525625.0,	0.0718231201171875,	0.11925125122070312
5892571250.0,	0.07312774658203125,	0.11887741088867188
5892616875.0,	0.072174072265625,	0.11700439453125
5892662500.0,	0.07297134399414062,	0.1197509765625
5892708125.0,	0.07152175903320312,	0.11957550048828125
5892753750.0,	0.07287979125976562,	0.11742019653320312
5892799375.0,	0.07466888427734375,	0.11815261840820312
5892845000.0,	0.07398223876953125,	0.11909103393554688
5892890625.0,	0.0717010498046875,	0.11859130859375
5892936250.0,	0.07264328002929688,	0.119415283203125
5892981875.0,	0.07171249389648438,	0.11562728881835938
5893027500.0,	0.07165908813476562,	0.11955642700195312
5893073125.0,	0.07300949096679688,	0.11934661865234375
5893118750.0,	0.07194137573242188,	0.11907577514648438
5893164375.0,	0.07370376586914062,	0.11843109130859375
5893210000.0,	0.07242202758789062,	0.11982345581054688
5893255625.0,	0.073394775390625,	0.117279052734375
5893301250.0,	0.07358169555664062,	0.12012863159179688
5893346875.0,	0.07418441772460938,	0.119842529296875
5893392500.0,	0.0749664306640625,	0.1195220947265625
5893438125.0,	0.07313919067382812,	0.11993408203125
5893483750.0,	0.07405853271484375,	0.1188507080078125
5893529375.0,	0.0726470947265625,	0.11942672729492188
5893575000.0,	0.07382583618164062,	0.119415283203125
5893620625.0,	0.0719146728515625,	0.11758041381835938
5893666250.0,	0.07428359985351562,	0.11844635009765625
5893711875.0,	0.0722198486328125,	0.1192169189453125
5893757500.0,	0.07458877563476562,	0.11947250366210938
5893803125.0,	0.07228469848632812,	0.11811447143554688
5893848750.0,	0.07397079467773438,	0.11893463134765625
5893894375.0,	0.07250213623046875,	0.11839675903320312
5893940000.0,	0.07252883911132812,	0.11880874633789062
5893985625.0,	0.07597732543945312,	0.11865615844726562
5894031250.0,	0.07250595092773438,	0.1196136474609375
5894076875.0,	0.07448577880859375,	0.11879730224609375
5894122500.0,	0.072845458984375,	0.11682891845703125
5894168125.0,	0.07346725463867188,	0.11800003051757812
5894213750.0,	0.07403945922851562,	0.12049102783203125
5894259375.0,	0.07218551635742188,	0.11769485473632812
5894305000.0,	0.07404327392578125,	0.11794281005859375
5894350625.0,	0.07096099853515625,	0.11951446533203125
5894396250.0,	0.07303619384765625,	0.11856460571289062
5894441875.0,	0.0739593505859375,	0.11930465698242188
5894487500.0,	0.07163238525390625,	0.11827850341796875
5894533125.0,	0.07358551025390625,	0.11938858032226562
5894578750.0,	0.0718536376953125,	0.12114334106445312
5894624375.0,	0.07309341430664062,	0.11626434326171875
5894670000.0,	0.07564926147460938,	0.11960220336914062
5894715625.0,	0.07318878173828125,	0.11960601806640625
5894761250.0,	0.0723114013671875,	0.12032318115234375
5894806875.0,	0.07456588745117188,	0.1188507080078125
5894852500.0,	0.07291412353515625,	0.11940765380859375
5894898125.0,	0.0744171142578125,	0.11811447143554688
5894943750.0,	0.07379150390625,	0.12047958374023438
5894989375.0,	0.0725860595703125,	0.11883544921875
5895035000.0,	0.07645416259765625,	0.11871337890625
5895080625.0,	0.07523727416992188,	0.11715316772460938
5895126250.0,	0.07438278198242188,	0.12022018432617188
5895171875.0,	0.07526779174804688,	0.11969757080078125
5895217500.0,	0.07371139526367188,	0.11795806884765625
5895263125.0,	0.07395172119140625,	0.11969757080078125
5895308750.0,	0.07621383666992188,	0.11798477172851562
5895354375.0,	0.07132720947265625,	0.12015533447265625
5895400000.0,	0.07271957397460938,	0.12126922607421875
5895445625.0,	0.07390975952148438,	0.12004470825195312
5895491250.0,	0.07469558715820312,	0.11898422241210938
5895536875.0,	0.07463455200195312,	0.12090301513671875
5895582500.0,	0.07305908203125,	0.11795425415039062
5895628125.0,	0.0746917724609375,	0.118896484375
5895673750.0,	0.07421112060546875,	0.11769485473632812
5895719375.0,	0.07274627685546875,	0.11931991577148438
5895765000.0,	0.07292938232421875,	0.11792755126953125
5895810625.0,	0.07583236694335938,	0.11951065063476562
5895856250.0,	0.07509994506835938,	0.11924362182617188
5895901875.0,	0.07316970825195312,	0.11959075927734375
5895947500.0,	0.074127197265625,	0.11835861206054688
5895993125.0,	0.07507705688476562,	0.11823654174804688
5896038750.0,	0.07506561279296875,	0.11895370483398438
5896084375.0,	0.07268905639648438,	0.11865997314453125
5896130000.0,	0.07439422607421875,	0.1182708740234375
5896175625.0,	0.07382965087890625,	0.11980819702148438
5896221250.0,	0.07411956787109375,	0.12067413330078125
5896266875.0,	0.07445907592773438,	0.11710357666015625
5896312500.0,	0.07395172119140625,	0.119171142578125
5896358125.0,	0.07468032836914062,	0.11825942993164062
5896403750.0,	0.07371902465820312,	0.11891555786132812
5896449375.0,	0.0763397216796875,	0.11777496337890625
5896495000.0,	0.07390213012695312,	0.1208343505859375
5896540625.0,	0.07413101196289062,	0.11820220947265625
5896586250.0,	0.07397842407226562,	0.12275314331054688
5896631875.0,	0.07592391967773438,	0.11881637573242188
5896677500.0,	0.07273483276367188,	0.11867523193359375
5896723125.0,	0.07628631591796875,	0.11982345581054688
5896768750.0,	0.07476425170898438,	0.11878204345703125
5896814375.0,	0.07363510131835938,	0.11968994140625
5896860000.0,	0.074310302734375,	0.12083816528320312
5896905625.0,	0.07617568969726562,	0.11937713623046875
5896951250.0,	0.07546234130859375,	0.12000656127929688
5896996875.0,	0.07445526123046875,	0.12068939208984375
5897042500.0,	0.07458877563476562,	0.12051010131835938
5897088125.0,	0.07519149780273438,	0.12010955810546875
5897133750.0,	0.07599639892578125,	0.11895370483398438
5897179375.0,	0.075439453125,	0.12160873413085938
5897225000.0,	0.07406997680664062,	0.11804580688476562
5897270625.0,	0.07425689697265625,	0.11909103393554688
5897316250.0,	0.07563400268554688,	0.1195831298828125
5897361875.0,	0.07332992553710938,	0.11865997314453125
5897407500.0,	0.0751953125,	0.12087631225585938
5897453125.0,	0.07544708251953125,	0.11942291259765625
5897498750.0,	0.07267379760742188,	0.12102508544921875
5897544375.0,	0.07577133178710938,	0.12050247192382812
5897590000.0,	0.07476043701171875,	0.11867141723632812
5897635625.0,	0.07425689697265625,	0.12076187133789062
5897681250.0,	0.07495880126953125,	0.12057876586914062
5897726875.0,	0.0749359130859375,	0.11857986450195312
5897772500.0,	0.07576370239257812,	0.1202239990234375
5897818125.0,	0.0746002197265625,	0.12031936645507812
5897863750.0,	0.0732574462890625,	0.11884689331054688
5897909375.0,	0.07470321655273438,	0.12030029296875
5897955000.0,	0.07479095458984375,	0.12143325805664062
5898000625.0,	0.07346725463867188,	0.11834335327148438
5898046250.0,	0.07592010498046875,	0.121551513671875
5898091875.0,	0.07522964477539062,	0.11970138549804688
5898137500.0,	0.07573699951171875,	0.11944961547851562
5898183125.0,	0.07512664794921875,	0.12104415893554688
5898228750.0,	0.07691192626953125,	0.12100601196289062
5898274375.0,	0.07540130615234375,	0.120086669921875
5898320000.0,	0.07607269287109375,	0.11884307861328125
5898365625.0,	0.07464981079101562,	0.1200103759765625
5898411250.0,	0.07760238647460938,	0.11946487426757812
5898456875.0,	0.07757186889648438,	0.12122726440429688
5898502500.0,	0.07491302490234375,	0.12099075317382812
5898548125.0,	0.0752410888671875,	0.11917877197265625
5898593750.0,	0.07366180419921875,	0.11867141723632812
5898639375.0,	0.0748138427734375,	0.12098312377929688
5898685000.0,	0.0769500732421875,	0.1199951171875
5898730625.0,	0.07430648803710938,	0.12048721313476562
5898776250.0,	0.07516860961914062,	0.11778640747070312
5898821875.0,	0.07697296142578125,	0.12050247192382812
5898867500.0,	0.07501602172851562,	0.1218109130859375
5898913125.0,	0.07607269287109375,	0.11940765380859375
5898958750.0,	0.0767974853515625,	0.12020111083984375
5899004375.0,	0.0739288330078125,	0.11973953247070312
5899050000.0,	0.075714111328125,	0.12107467651367188
5899095625.0,	0.07680892944335938,	0.12060165405273438
5899141250.0,	0.07575607299804688,	0.12115097045898438
5899186875.0,	0.07624435424804688,	0.11933135986328125
5899232500.0,	0.07663726806640625,	0.12067413330078125
5899278125.0,	0.07719802856445312,	0.12039947509765625
5899323750.0,	0.07646560668945312,	0.12089157104492188
5899369375.0,	0.07472610473632812,	0.11998367309570312
5899415000.0,	0.07514190673828125,	0.12105560302734375
5899460625.0,	0.07608795166015625,	0.11890411376953125
5899506250.0,	0.0775604248046875,	0.12039947509765625
5899551875.0,	0.07649612426757812,	0.12034988403320312
5899597500.0,	0.07676315307617188,	0.12135696411132812
5899643125.0,	0.07527542114257812,	0.1197509765625
5899688750.0,	0.07710647583007812,	0.1199798583984375
5899734375.0,	0.0771636962890625,	0.1183013916015625
5899780000.0,	0.0758056640625,	0.12018585205078125
5899825625.0,	0.07663726806640625,	0.12144088745117188
5899871250.0,	0.07560348510742188,	0.119232177734375
5899916875.0,	0.07569122314453125,	0.11793899536132812
5899962500.0,	0.07631683349609375,	0.1197662353515625
5900008125.0,	0.07643508911132812,	0.12112808227539062
5900053750.0,	0.07631301879882812,	0.1205291748046875
5900099375.0,	0.07638168334960938,	0.12073135375976562
5900145000.0,	0.07756423950195312,	0.12032318115234375
5900190625.0,	0.07838058471679688,	0.11933135986328125
5900236250.0,	0.07839202880859375,	0.12077713012695312
5900281875.0,	0.07510757446289062,	0.12064743041992188
5900327500.0,	0.07625961303710938,	0.12081527709960938
5900373125.0,	0.0777740478515625,	0.12129592895507812
5900418750.0,	0.07708740234375,	0.12220001220703125
5900464375.0,	0.07616806030273438,	0.11891937255859375
5900510000.0,	0.0753173828125,	0.12072372436523438
5900555625.0,	0.07574081420898438,	0.11988449096679688
5900601250.0,	0.0754547119140625,	0.11882781982421875
5900646875.0,	0.07833099365234375,	0.11983489990234375
5900692500.0,	0.0777740478515625,	0.12215423583984375
5900738125.0,	0.07579803466796875,	0.12155532836914062
5900783750.0,	0.0774078369140625,	0.12033462524414062
5900829375.0,	0.07845306396484375,	0.12184906005859375
5900875000.0,	0.07641983032226562,	0.12363433837890625
5900920625.0,	0.0767059326171875,	0.11978530883789062
5900966250.0,	0.07759475708007812,	0.12000656127929688
5901011875.0,	0.078704833984375,	0.12076187133789062
5901057500.0,	0.07870864868164062,	0.12223434448242188
5901103125.0,	0.0752410888671875,	0.12012100219726562
5901148750.0,	0.07675552368164062,	0.1206512451171875
5901194375.0,	0.07686614990234375,	0.12141799926757812
5901240000.0,	0.07838821411132812,	0.11899185180664062
5901285625.0,	0.07776641845703125,	0.119293212890625
5901331250.0,	0.07878875732421875,	0.11852645874023438
5901376875.0,	0.07646560668945312,	0.12012100219726562
5901422500.0,	0.07621383666992188,	0.12184524536132812
5901468125.0,	0.07699966430664062,	0.1193084716796875
5901513750.0,	0.07623291015625,	0.12134170532226562
5901559375.0,	0.07664108276367188,	0.121734619140625
5901605000.0,	0.07615280151367188,	0.11884307861328125
5901650625.0,	0.07863235473632812,	0.12166976928710938
5901696250.0,	0.07801437377929688,	0.1225738525390625
5901741875.0,	0.07776260375976562,	0.11922454833984375
5901787500.0,	0.0788116455078125,	0.1212615966796875
5901833125.0,	0.07481002807617188,	0.12192153930664062
5901878750.0,	0.07761764526367188,	0.11877059936523438
5901924375.0,	0.08132553100585938,	0.12149429321289062
5901970000.0,	0.0781097412109375,	0.12018203735351562
5902015625.0,	0.077911376953125,	0.1214447021484375
5902061250.0,	0.08003616333007812,	0.12090682983398438
5902106875.0,	0.07633209228515625,	0.12257766723632812
5902152500.0,	0.07737350463867188,	0.11962127685546875
5902198125.0,	0.07799148559570312,	0.12026214599609375
5902243750.0,	0.0762939453125,	0.12165069580078125
5902289375.0,	0.0780487060546875,	0.11969375610351562
5902335000.0,	0.07618331909179688,	0.12076187133789062
5902380625.0,	0.07729721069335938,	0.12172317504882812
5902426250.0,	0.0785064697265625,	0.12029266357421875
5902471875.0,	0.07675933837890625,	0.12103652954101562
5902517500.0,	0.07677078247070312,	0.1197967529296875
5902563125.0,	0.07840347290039062,	0.12044143676757812
5902608750.0,	0.07785797119140625,	0.12191009521484375
5902654375.0,	0.078277587890625,	0.12101364135742188
5902700000.0,	0.07878494262695312,	0.12303543090820312
5902745625.0,	0.07902145385742188,	0.11983871459960938
5902791250.0,	0.07807540893554688,	0.120819091796875
5902836875.0,	0.07746124267578125,	0.12050247192382812
5902882500.0,	0.07895278930664062,	0.12199020385742188
5902928125.0,	0.07807540893554688,	0.11968612670898438
5902973750.0,	0.07700729370117188,	0.12054443359375
5903019375.0,	0.076629638671875,	0.1201171875
5903065000.0,	0.07834625244140625,	0.1212615966796875
5903110625.0,	0.0781707763671875,	0.12009048461914062
5903156250.0,	0.07694244384765625,	0.12000656127929688
5903201875.0,	0.07833099365234375,	0.12090682983398438
5903247500.0,	0.07781600952148438,	0.118560791015625
5903293125.0,	0.07757949829101562,	0.1214599609375
5903338750.0,	0.07961273193359375,	0.12157821655273438
5903384375.0,	0.08011245727539062,	0.12176132202148438
5903430000.0,	0.07812881469726562,	0.12116241455078125
5903475625.0,	0.07791900634765625,	0.11964797973632812
5903521250.0,	0.07929229736328125,	0.12114334106445312
5903566875.0,	0.07801437377929688,	0.12088394165039062
5903612500.0,	0.07809829711914062,	0.12018585205078125
5903658125.0,	0.07996368408203125,	0.12019729614257812
5903703750.0,	0.0768280029296875,	0.12103271484375
5903749375.0,	0.0763702392578125,	0.12082672119140625
5903795000.0,	0.0803070068359375,	0.118621826171875
5903840625.0,	0.07846450805664062,	0.12201309204101562
5903886250.0,	0.0790252685546875,	0.11923599243164062
5903931875.0,	0.08039093017578125,	0.12109375
5903977500.0,	0.07992172241210938,	0.11878585815429688
5904023125.0,	0.07891464233398438,	0.12043380737304688
5904068750.0,	0.07807159423828125,	0.1220703125
5904114375.0,	0.07938766479492188,	0.11997604370117188
5904160000.0,	0.07894515991210938,	0.12218856811523438
5904205625.0,	0.08042144775390625,	0.12009429931640625
5904251250.0,	0.07868194580078125,	0.120819091796875
5904296875.0,	0.08062744140625,	0.1204833984375
5904342500.0,	0.07855606079101562,	0.12151718139648438
5904388125.0,	0.0784454345703125,	0.12082290649414062
5904433750.0,	0.07921981811523438,	0.12096023559570312
5904479375.0,	0.07651901245117188,	0.12021255493164062
5904525000.0,	0.07984161376953125,	0.12342071533203125
5904570625.0,	0.07817840576171875,	0.12099838256835938
5904616250.0,	0.07889938354492188,	0.12027359008789062
5904661875.0,	0.080230712890625,	0.12070465087890625
5904707500.0,	0.07654953002929688,	0.12035369873046875
5904753125.0,	0.07933807373046875,	0.1197509765625
5904798750.0,	0.07944869995117188,	0.12101364135742188
5904844375.0,	0.07774734497070312,	0.12122344970703125
5904890000.0,	0.0780487060546875,	0.12171554565429688
5904935625.0,	0.07961273193359375,	0.1206512451171875
5904981250.0,	0.07923507690429688,	0.12098312377929688
5905026875.0,	0.07897567749023438,	0.11980438232421875
5905072500.0,	0.08041763305664062,	0.12192916870117188
5905118125.0,	0.08044815063476562,	0.12163543701171875
5905163750.0,	0.08028793334960938,	0.12051773071289062
5905209375.0,	0.08063125610351562,	0.12035751342773438
5905255000.0,	0.08069992065429688,	0.12084579467773438
5905300625.0,	0.07726669311523438,	0.12110519409179688
5905346250.0,	0.08156204223632812,	0.12122726440429688
5905391875.0,	0.0782928466796875,	0.12332916259765625
5905437500.0,	0.079132080078125,	0.12115478515625
5905483125.0,	0.079132080078125,	0.12169265747070312
5905528750.0,	0.07764053344726562,	0.12170791625976562
5905574375.0,	0.08179855346679688,	0.11985397338867188
5905620000.0,	0.08149337768554688,	0.12099838256835938
5905665625.0,	0.07936859130859375,	0.11933517456054688
5905711250.0,	0.07934188842773438,	0.12110519409179688
5905756875.0,	0.07958602905273438,	0.11890792846679688
5905802500.0,	0.07979583740234375,	0.12229156494140625
5905848125.0,	0.07910537719726562,	0.12010574340820312
5905893750.0,	0.07995223999023438,	0.12026214599609375
5905939375.0,	0.08004379272460938,	0.12052154541015625
5905985000.0,	0.07901763916015625,	0.12254714965820312
5906030625.0,	0.07794570922851562,	0.12084197998046875
5906076250.0,	0.0797271728515625,	0.12040328979492188
5906121875.0,	0.08069610595703125,	0.12403488159179688
5906167500.0,	0.08150482177734375,	0.12250518798828125
5906213125.0,	0.07946014404296875,	0.121185302734375
5906258750.0,	0.07957077026367188,	0.122406005859375
5906304375.0,	0.08017730712890625,	0.1215667724609375
5906350000.0,	0.0811614990234375,	0.1214599609375
5906395625.0,	0.0808258056640625,	0.1207275390625
5906441250.0,	0.08022308349609375,	0.12126922607421875
5906486875.0,	0.08147811889648438,	0.1206817626953125
5906532500.0,	0.0810089111328125,	0.1209716796875
5906578125.0,	0.07984542846679688,	0.11870193481445312
5906623750.0,	0.07965850830078125,	0.12250900268554688
5906669375.0,	0.08142471313476562,	0.11968231201171875
5906715000.0,	0.08106613159179688,	0.12340927124023438
5906760625.0,	0.08079910278320312,	0.12060546875
5906806250.0,	0.08086776733398438,	0.12334060668945312
5906851875.0,	0.08132171630859375,	0.12015533447265625
5906897500.0,	0.07965850830078125,	0.11997222900390625
5906943125.0,	0.08023452758789062,	0.12085342407226562
5906988750.0,	0.08203887939453125,	0.12125396728515625
5907034375.0,	0.08071517944335938,	0.12270355224609375
5907080000.0,	0.07758712768554688,	0.1228485107421875
5907125625.0,	0.07933425903320312,	0.12259674072265625
5907171250.0,	0.08063888549804688,	0.11939620971679688
5907216875.0,	0.08046340942382812,	0.12073135375976562
5907262500.0,	0.081787109375,	0.12235641479492188
5907308125.0,	0.0802001953125,	0.12014007568359375
5907353750.0,	0.08244705200195312,	0.12188720703125
5907399375.0,	0.08277511596679688,	0.11944580078125
5907445000.0,	0.08302688598632812,	0.12176132202148438
5907490625.0,	0.08155441284179688,	0.11922454833984375
5907536250.0,	0.0827178955078125,	0.11986541748046875
5907581875.0,	0.08131027221679688,	0.12120819091796875
5907627500.0,	0.07957077026367188,	0.12138748168945312
5907673125.0,	0.08300018310546875,	0.12218475341796875
5907718750.0,	0.08125686645507812,	0.1214141845703125
5907764375.0,	0.08159637451171875,	0.1219635009765625
5907810000.0,	0.0811614990234375,	0.12270736694335938
5907855625.0,	0.08063888549804688,	0.119354248046875
5907901250.0,	0.0799407958984375,	0.12112045288085938
5907946875.0,	0.0836639404296875,	0.11954116821289062
5907992500.0,	0.08311843872070312,	0.12125015258789062
5908038125.0,	0.08182907104492188,	0.12218856811523438
5908083750.0,	0.08148956298828125,	0.12049484252929688
5908129375.0,	0.0818634033203125,	0.12123870849609375
5908175000.0,	0.08309555053710938,	0.12062835693359375
5908220625.0,	0.08277130126953125,	0.11951065063476562
5908266250.0,	0.08324813842773438,	0.12320327758789062
5908311875.0,	0.08292770385742188,	0.11913681030273438
5908357500.0,	0.081146240234375,	0.1201324462890625
5908403125.0,	0.08174514770507812,	0.12118911743164062
5908448750.0,	0.08057403564453125,	0.123504638671875
5908494375.0,	0.08092880249023438,	0.12166213989257812
5908540000.0,	0.0825653076171875,	0.12064361572265625
5908585625.0,	0.08477020263671875,	0.12062454223632812
5908631250.0,	0.08154296875,	0.12005996704101562
5908676875.0,	0.08298873901367188,	0.12078094482421875
5908722500.0,	0.08158493041992188,	0.1204071044921875
5908768125.0,	0.08292770385742188,	0.12344741821289062
5908813750.0,	0.0839385986328125,	0.12037277221679688
5908859375.0,	0.0812225341796875,	0.1227264404296875
5908905000.0,	0.08209609985351562,	0.11814117431640625
5908950625.0,	0.08414459228515625,	0.12070465087890625
5908996250.0,	0.08389663696289062,	0.12157821655273438
5909041875.0,	0.084259033203125,	0.12211227416992188
5909087500.0,	0.083282470703125,	0.12047576904296875
5909133125.0,	0.08214950561523438,	0.12113571166992188
5909178750.0,	0.0831146240234375,	0.1202239990234375
5909224375.0,	0.08132171630859375,	0.12306594848632812
5909270000.0,	0.08322525024414062,	0.12321090698242188
5909315625.0,	0.08132171630859375,	0.12224960327148438
5909361250.0,	0.08277511596679688,	0.12099838256835938
5909406875.0,	0.08317184448242188,	0.12174224853515625
5909452500.0,	0.08357620239257812,	0.11989593505859375
5909498125.0,	0.08164596557617188,	0.12042236328125
5909543750.0,	0.08475112915039062,	0.12018585205078125
5909589375.0,	0.08210372924804688,	0.12174224853515625
5909635000.0,	0.08279037475585938,	0.12066268920898438
5909680625.0,	0.08417510986328125,	0.12080001831054688
5909726250.0,	0.08384323120117188,	0.12060928344726562
5909771875.0,	0.08450698852539062,	0.12024688720703125
5909817500.0,	0.08121490478515625,	0.12160110473632812
5909863125.0,	0.08236312866210938,	0.12119674682617188
5909908750.0,	0.08339691162109375,	0.12094497680664062
5909954375.0,	0.08359527587890625,	0.1200408935546875
5910000000.0,	0.08231735229492188,	0.1210479736328125
