5360018750.0,	0.07578277587890625,	0.050823211669921875
5360037500.0,	0.07354354858398438,	0.054279327392578125
5360056250.0,	0.07574462890625,	0.054447174072265625
5360075000.0,	0.0732574462890625,	0.05406951904296875
5360093750.0,	0.075592041015625,	0.054958343505859375
5360112500.0,	0.07511520385742188,	0.052295684814453125
5360131250.0,	0.076202392578125,	0.052581787109375
5360150000.0,	0.07435989379882812,	0.053867340087890625
5360168750.0,	0.07515716552734375,	0.0543212890625
5360187500.0,	0.0740509033203125,	0.052814483642578125
5360206250.0,	0.07221221923828125,	0.0540313720703125
5360225000.0,	0.0732879638671875,	0.052272796630859375
5360243750.0,	0.07326889038085938,	0.0544281005859375
5360262500.0,	0.07444381713867188,	0.05290985107421875
5360281250.0,	0.07519149780273438,	0.05347442626953125
5360300000.0,	0.07292938232421875,	0.052776336669921875
5360318750.0,	0.07244110107421875,	0.053462982177734375
5360337500.0,	0.07346725463867188,	0.052661895751953125
5360356250.0,	0.07520675659179688,	0.0538787841796875
5360375000.0,	0.0732421875,	0.05300140380859375
5360393750.0,	0.07232666015625,	0.05326080322265625
5360412500.0,	0.0736083984375,	0.054412841796875
5360431250.0,	0.07328033447265625,	0.05419921875
5360450000.0,	0.07462692260742188,	0.055042266845703125
5360468750.0,	0.07558822631835938,	0.05220794677734375
5360487500.0,	0.07529830932617188,	0.0539093017578125
5360506250.0,	0.07538223266601562,	0.054843902587890625
5360525000.0,	0.07416915893554688,	0.053600311279296875
5360543750.0,	0.07556533813476562,	0.053066253662109375
5360562500.0,	0.07223892211914062,	0.05231475830078125
5360581250.0,	0.07195281982421875,	0.051483154296875
5360600000.0,	0.07378387451171875,	0.05042266845703125
5360618750.0,	0.07407379150390625,	0.052501678466796875
5360637500.0,	0.0742034912109375,	0.05059051513671875
5360656250.0,	0.07260513305664062,	0.05265045166015625
5360675000.0,	0.07353591918945312,	0.053234100341796875
5360693750.0,	0.07379913330078125,	0.053524017333984375
5360712500.0,	0.0748138427734375,	0.055416107177734375
5360731250.0,	0.0757598876953125,	0.05399322509765625
5360750000.0,	0.07280731201171875,	0.054141998291015625
5360768750.0,	0.07206344604492188,	0.053279876708984375
5360787500.0,	0.07223129272460938,	0.053760528564453125
5360806250.0,	0.07283401489257812,	0.0521240234375
5360825000.0,	0.07488632202148438,	0.054065704345703125
5360843750.0,	0.07364654541015625,	0.054737091064453125
5360862500.0,	0.07088470458984375,	0.054615020751953125
5360881250.0,	0.0723876953125,	0.052425384521484375
5360900000.0,	0.07455062866210938,	0.05126953125
5360918750.0,	0.07482147216796875,	0.053691864013671875
5360937500.0,	0.0720062255859375,	0.055210113525390625
5360956250.0,	0.07311248779296875,	0.054134368896484375
5360975000.0,	0.07396316528320312,	0.05316925048828125
5360993750.0,	0.07120132446289062,	0.052539825439453125
5361012500.0,	0.073638916015625,	0.052555084228515625
5361031250.0,	0.07379531860351562,	0.052959442138671875
5361050000.0,	0.07428359985351562,	0.052555084228515625
5361068750.0,	0.07131195068359375,	0.051105499267578125
5361087500.0,	0.07204818725585938,	0.0541229248046875
5361106250.0,	0.07273483276367188,	0.051525115966796875
5361125000.0,	0.07382965087890625,	0.05065155029296875
5361143750.0,	0.0739898681640625,	0.05533599853515625
5361162500.0,	0.07283782958984375,	0.0523529052734375
5361181250.0,	0.07518386840820312,	0.053600311279296875
5361200000.0,	0.0709228515625,	0.051990509033203125
5361218750.0,	0.07363128662109375,	0.051372528076171875
5361237500.0,	0.07354354858398438,	0.05417633056640625
5361256250.0,	0.07414627075195312,	0.05336761474609375
5361275000.0,	0.0740814208984375,	0.053150177001953125
5361293750.0,	0.07160568237304688,	0.053081512451171875
5361312500.0,	0.073944091796875,	0.053577423095703125
5361331250.0,	0.07292938232421875,	0.05230712890625
5361350000.0,	0.0731964111328125,	0.052219390869140625
5361368750.0,	0.0725555419921875,	0.05258941650390625
5361387500.0,	0.07616424560546875,	0.054080963134765625
5361406250.0,	0.07450103759765625,	0.05245208740234375
5361425000.0,	0.0729827880859375,	0.051494598388671875
5361443750.0,	0.07530593872070312,	0.05376434326171875
5361462500.0,	0.07376861572265625,	0.0523223876953125
5361481250.0,	0.075836181640625,	0.053058624267578125
5361500000.0,	0.07139205932617188,	0.054046630859375
5361518750.0,	0.07133102416992188,	0.052265167236328125
5361537500.0,	0.07158660888671875,	0.05214691162109375
5361556250.0,	0.074371337890625,	0.05356597900390625
5361575000.0,	0.07369613647460938,	0.050994873046875
5361593750.0,	0.07197189331054688,	0.053005218505859375
5361612500.0,	0.07394027709960938,	0.051105499267578125
5361631250.0,	0.07157516479492188,	0.051746368408203125
5361650000.0,	0.0714263916015625,	0.0532989501953125
5361668750.0,	0.07233047485351562,	0.05197906494140625
5361687500.0,	0.07564163208007812,	0.05246734619140625
5361706250.0,	0.07123565673828125,	0.0519866943359375
5361725000.0,	0.07493209838867188,	0.05191802978515625
5361743750.0,	0.07328033447265625,	0.050914764404296875
5361762500.0,	0.0717620849609375,	0.05283355712890625
5361781250.0,	0.073150634765625,	0.052001953125
5361800000.0,	0.07242202758789062,	0.054126739501953125
5361818750.0,	0.0726318359375,	0.05239105224609375
5361837500.0,	0.07201766967773438,	0.052459716796875
5361856250.0,	0.07337188720703125,	0.04970550537109375
5361875000.0,	0.07140350341796875,	0.052978515625
5361893750.0,	0.0717010498046875,	0.051685333251953125
5361912500.0,	0.07297515869140625,	0.05251312255859375
5361931250.0,	0.0744781494140625,	0.05233001708984375
5361950000.0,	0.07312393188476562,	0.050037384033203125
5361968750.0,	0.07073974609375,	0.053211212158203125
5361987500.0,	0.07120132446289062,	0.051849365234375
5362006250.0,	0.0719146728515625,	0.0506591796875
5362025000.0,	0.07198715209960938,	0.052448272705078125
5362043750.0,	0.07331466674804688,	0.0525970458984375
5362062500.0,	0.07375717163085938,	0.052364349365234375
5362081250.0,	0.07231521606445312,	0.05145263671875
5362100000.0,	0.07416915893554688,	0.049755096435546875
5362118750.0,	0.07225418090820312,	0.051883697509765625
5362137500.0,	0.07375717163085938,	0.051525115966796875
5362156250.0,	0.07212448120117188,	0.050201416015625
5362175000.0,	0.07342910766601562,	0.053203582763671875
5362193750.0,	0.07044219970703125,	0.053466796875
5362212500.0,	0.07245635986328125,	0.05101776123046875
5362231250.0,	0.07140350341796875,	0.052288055419921875
5362250000.0,	0.0731353759765625,	0.05130767822265625
5362268750.0,	0.0728607177734375,	0.0521392822265625
5362287500.0,	0.0716400146484375,	0.05055999755859375
5362306250.0,	0.073089599609375,	0.0500335693359375
5362325000.0,	0.07184219360351562,	0.05377960205078125
5362343750.0,	0.07226943969726562,	0.05030059814453125
5362362500.0,	0.07146453857421875,	0.0533599853515625
5362381250.0,	0.07198715209960938,	0.052463531494140625
5362400000.0,	0.07279205322265625,	0.0549468994140625
5362418750.0,	0.07206344604492188,	0.051143646240234375
5362437500.0,	0.07192230224609375,	0.050701141357421875
5362456250.0,	0.07270050048828125,	0.05339813232421875
5362475000.0,	0.072357177734375,	0.051624298095703125
5362493750.0,	0.0726470947265625,	0.04875946044921875
5362512500.0,	0.0732421875,	0.05072784423828125
5362531250.0,	0.0736236572265625,	0.0528717041015625
5362550000.0,	0.07112884521484375,	0.05107879638671875
5362568750.0,	0.07395172119140625,	0.053043365478515625
5362587500.0,	0.07018280029296875,	0.052829742431640625
5362606250.0,	0.07132720947265625,	0.052581787109375
5362625000.0,	0.07168197631835938,	0.050731658935546875
5362643750.0,	0.07396697998046875,	0.052036285400390625
5362662500.0,	0.07202911376953125,	0.050567626953125
5362681250.0,	0.07114410400390625,	0.049961090087890625
5362700000.0,	0.07194137573242188,	0.051189422607421875
5362718750.0,	0.07036590576171875,	0.052581787109375
5362737500.0,	0.07303237915039062,	0.0519256591796875
5362756250.0,	0.07231521606445312,	0.05206298828125
5362775000.0,	0.0729522705078125,	0.05164337158203125
5362793750.0,	0.07057571411132812,	0.050312042236328125
5362812500.0,	0.0709686279296875,	0.0515289306640625
5362831250.0,	0.073394775390625,	0.05130767822265625
5362850000.0,	0.07030105590820312,	0.05225372314453125
5362868750.0,	0.0728302001953125,	0.052181243896484375
5362887500.0,	0.07390213012695312,	0.051570892333984375
5362906250.0,	0.07125091552734375,	0.0513763427734375
5362925000.0,	0.07294082641601562,	0.0510711669921875
5362943750.0,	0.07221603393554688,	0.05258941650390625
5362962500.0,	0.0745391845703125,	0.05107879638671875
5362981250.0,	0.07174301147460938,	0.050685882568359375
5363000000.0,	0.07245254516601562,	0.051483154296875
5363018750.0,	0.07292556762695312,	0.051296234130859375
5363037500.0,	0.07252883911132812,	0.052005767822265625
5363056250.0,	0.0728912353515625,	0.050205230712890625
5363075000.0,	0.07071304321289062,	0.05121612548828125
5363093750.0,	0.07113265991210938,	0.052490234375
5363112500.0,	0.07358551025390625,	0.050441741943359375
5363131250.0,	0.07099151611328125,	0.0511627197265625
5363150000.0,	0.07122039794921875,	0.05310821533203125
5363168750.0,	0.07126617431640625,	0.05303955078125
5363187500.0,	0.07205581665039062,	0.05005645751953125
5363206250.0,	0.07223892211914062,	0.051906585693359375
5363225000.0,	0.07299041748046875,	0.051525115966796875
5363243750.0,	0.0703887939453125,	0.05165863037109375
5363262500.0,	0.07201766967773438,	0.05110931396484375
5363281250.0,	0.0716094970703125,	0.04931640625
5363300000.0,	0.07361602783203125,	0.0516204833984375
5363318750.0,	0.07171249389648438,	0.05126190185546875
5363337500.0,	0.07365798950195312,	0.051464080810546875
5363356250.0,	0.07259750366210938,	0.05071258544921875
5363375000.0,	0.07105636596679688,	0.05266571044921875
5363393750.0,	0.07238388061523438,	0.05175018310546875
5363412500.0,	0.07100296020507812,	0.053070068359375
5363431250.0,	0.0721435546875,	0.049419403076171875
5363450000.0,	0.07064056396484375,	0.051334381103515625
5363468750.0,	0.07027053833007812,	0.052600860595703125
5363487500.0,	0.070892333984375,	0.05065155029296875
5363506250.0,	0.07387924194335938,	0.052669525146484375
5363525000.0,	0.072845458984375,	0.0525054931640625
5363543750.0,	0.07178115844726562,	0.049835205078125
5363562500.0,	0.07247543334960938,	0.050159454345703125
5363581250.0,	0.07221221923828125,	0.050647735595703125
5363600000.0,	0.0740814208984375,	0.050983428955078125
5363618750.0,	0.07061386108398438,	0.050350189208984375
5363637500.0,	0.07252883911132812,	0.052120208740234375
5363656250.0,	0.07168960571289062,	0.052188873291015625
5363675000.0,	0.06974411010742188,	0.0505218505859375
5363693750.0,	0.0716705322265625,	0.052013397216796875
5363712500.0,	0.07276535034179688,	0.052593231201171875
5363731250.0,	0.07132339477539062,	0.050296783447265625
5363750000.0,	0.07105255126953125,	0.0514678955078125
5363768750.0,	0.07323074340820312,	0.04920196533203125
5363787500.0,	0.07052993774414062,	0.052265167236328125
5363806250.0,	0.07188034057617188,	0.0516815185546875
5363825000.0,	0.07342529296875,	0.05147552490234375
5363843750.0,	0.070709228515625,	0.052459716796875
5363862500.0,	0.07140731811523438,	0.050884246826171875
5363881250.0,	0.07182693481445312,	0.051513671875
5363900000.0,	0.07115554809570312,	0.04846954345703125
5363918750.0,	0.07171630859375,	0.050540924072265625
5363937500.0,	0.0720672607421875,	0.052257537841796875
5363956250.0,	0.07219314575195312,	0.0507354736328125
5363975000.0,	0.07258224487304688,	0.051616668701171875
5363993750.0,	0.071258544921875,	0.04895782470703125
5364012500.0,	0.0710296630859375,	0.050952911376953125
5364031250.0,	0.07147979736328125,	0.0501556396484375
5364050000.0,	0.0720062255859375,	0.050384521484375
5364068750.0,	0.07081985473632812,	0.051891326904296875
5364087500.0,	0.07176971435546875,	0.050327301025390625
5364106250.0,	0.07165145874023438,	0.05075836181640625
5364125000.0,	0.07279205322265625,	0.050182342529296875
5364143750.0,	0.07149887084960938,	0.052936553955078125
5364162500.0,	0.07062911987304688,	0.052661895751953125
5364181250.0,	0.0712432861328125,	0.05120849609375
5364200000.0,	0.07170486450195312,	0.04921722412109375
5364218750.0,	0.06926345825195312,	0.0517578125
5364237500.0,	0.06899261474609375,	0.051639556884765625
5364256250.0,	0.06981277465820312,	0.05054473876953125
5364275000.0,	0.07262039184570312,	0.052318572998046875
5364293750.0,	0.06976699829101562,	0.04923248291015625
5364312500.0,	0.071746826171875,	0.05023193359375
5364331250.0,	0.07334136962890625,	0.0515899658203125
5364350000.0,	0.0712738037109375,	0.048603057861328125
5364368750.0,	0.07069778442382812,	0.05027008056640625
5364387500.0,	0.07082366943359375,	0.05109405517578125
5364406250.0,	0.07223129272460938,	0.05185699462890625
5364425000.0,	0.072052001953125,	0.051544189453125
5364443750.0,	0.07086181640625,	0.050579071044921875
5364462500.0,	0.0692291259765625,	0.05016326904296875
5364481250.0,	0.07079315185546875,	0.05074310302734375
5364500000.0,	0.0716705322265625,	0.051326751708984375
5364518750.0,	0.06901931762695312,	0.050838470458984375
5364537500.0,	0.07051849365234375,	0.050327301025390625
5364556250.0,	0.07098770141601562,	0.049663543701171875
5364575000.0,	0.07165908813476562,	0.048961639404296875
5364593750.0,	0.07104873657226562,	0.05039215087890625
5364612500.0,	0.07123565673828125,	0.0520172119140625
5364631250.0,	0.07101821899414062,	0.052425384521484375
5364650000.0,	0.06953048706054688,	0.0525360107421875
5364668750.0,	0.07232284545898438,	0.05260467529296875
5364687500.0,	0.0724945068359375,	0.0503692626953125
5364706250.0,	0.0712127685546875,	0.0521240234375
5364725000.0,	0.07230377197265625,	0.051025390625
5364743750.0,	0.06937408447265625,	0.047328948974609375
5364762500.0,	0.07178878784179688,	0.052181243896484375
5364781250.0,	0.07276535034179688,	0.050449371337890625
5364800000.0,	0.07158660888671875,	0.05191802978515625
5364818750.0,	0.07280731201171875,	0.05094146728515625
5364837500.0,	0.070709228515625,	0.050136566162109375
5364856250.0,	0.07187271118164062,	0.050785064697265625
5364875000.0,	0.07179641723632812,	0.050662994384765625
5364893750.0,	0.07277679443359375,	0.04998779296875
5364912500.0,	0.07435989379882812,	0.050319671630859375
5364931250.0,	0.06970977783203125,	0.052021026611328125
5364950000.0,	0.07253646850585938,	0.050655364990234375
5364968750.0,	0.07220840454101562,	0.050762176513671875
5364987500.0,	0.07146835327148438,	0.050540924072265625
5365006250.0,	0.07125091552734375,	0.0504150390625
5365025000.0,	0.06882476806640625,	0.051082611083984375
5365043750.0,	0.07104873657226562,	0.04986572265625
5365062500.0,	0.07081985473632812,	0.051971435546875
5365081250.0,	0.072418212890625,	0.050907135009765625
5365100000.0,	0.07309341430664062,	0.0496673583984375
5365118750.0,	0.07002639770507812,	0.052371978759765625
5365137500.0,	0.0709686279296875,	0.050220489501953125
5365156250.0,	0.07092666625976562,	0.051860809326171875
5365175000.0,	0.06880950927734375,	0.05141448974609375
5365193750.0,	0.07110977172851562,	0.051540374755859375
5365212500.0,	0.0711212158203125,	0.050357818603515625
5365231250.0,	0.0715789794921875,	0.0517425537109375
5365250000.0,	0.07425308227539062,	0.049221038818359375
5365268750.0,	0.07148361206054688,	0.05055999755859375
5365287500.0,	0.06756210327148438,	0.0498046875
5365306250.0,	0.07200241088867188,	0.0520477294921875
5365325000.0,	0.06823348999023438,	0.051280975341796875
5365343750.0,	0.07220077514648438,	0.048919677734375
5365362500.0,	0.07182693481445312,	0.0490875244140625
5365381250.0,	0.07370758056640625,	0.05068206787109375
5365400000.0,	0.07068634033203125,	0.0522613525390625
5365418750.0,	0.071533203125,	0.050304412841796875
5365437500.0,	0.0719451904296875,	0.049030303955078125
5365456250.0,	0.07027435302734375,	0.0512542724609375
5365475000.0,	0.07112884521484375,	0.050258636474609375
5365493750.0,	0.06963729858398438,	0.050441741943359375
5365512500.0,	0.06965255737304688,	0.0513916015625
5365531250.0,	0.0710906982421875,	0.05069732666015625
5365550000.0,	0.071136474609375,	0.050281524658203125
5365568750.0,	0.07118988037109375,	0.050506591796875
5365587500.0,	0.07193756103515625,	0.049602508544921875
5365606250.0,	0.07103729248046875,	0.05118560791015625
5365625000.0,	0.06977081298828125,	0.049083709716796875
5365643750.0,	0.07012557983398438,	0.051258087158203125
5365662500.0,	0.07039642333984375,	0.05062103271484375
5365681250.0,	0.0696563720703125,	0.049526214599609375
5365700000.0,	0.07040023803710938,	0.0510101318359375
5365718750.0,	0.06952285766601562,	0.04865264892578125
5365737500.0,	0.06983184814453125,	0.04889678955078125
5365756250.0,	0.06870651245117188,	0.0520172119140625
5365775000.0,	0.06899642944335938,	0.048206329345703125
5365793750.0,	0.07043075561523438,	0.048740386962890625
5365812500.0,	0.07072067260742188,	0.051727294921875
5365831250.0,	0.07015228271484375,	0.050060272216796875
5365850000.0,	0.068939208984375,	0.05086517333984375
5365868750.0,	0.07211685180664062,	0.049037933349609375
5365887500.0,	0.07068634033203125,	0.04949951171875
5365906250.0,	0.0726776123046875,	0.0506439208984375
5365925000.0,	0.07015609741210938,	0.051357269287109375
5365943750.0,	0.07141494750976562,	0.049976348876953125
5365962500.0,	0.07160568237304688,	0.0512542724609375
5365981250.0,	0.06945419311523438,	0.04831695556640625
5366000000.0,	0.06915283203125,	0.051311492919921875
5366018750.0,	0.07169723510742188,	0.050502777099609375
5366037500.0,	0.0712890625,	0.047515869140625
5366056250.0,	0.07226181030273438,	0.049503326416015625
5366075000.0,	0.07059097290039062,	0.05062103271484375
5366093750.0,	0.07011032104492188,	0.04897308349609375
5366112500.0,	0.06884002685546875,	0.04903411865234375
5366131250.0,	0.06993865966796875,	0.050556182861328125
5366150000.0,	0.07205581665039062,	0.052639007568359375
5366168750.0,	0.06948089599609375,	0.0499114990234375
5366187500.0,	0.06964874267578125,	0.048091888427734375
5366206250.0,	0.07007598876953125,	0.049076080322265625
5366225000.0,	0.07196044921875,	0.05173492431640625
5366243750.0,	0.07099533081054688,	0.05169677734375
5366262500.0,	0.07204437255859375,	0.048534393310546875
5366281250.0,	0.07216644287109375,	0.050258636474609375
5366300000.0,	0.07131195068359375,	0.049945831298828125
5366318750.0,	0.07188796997070312,	0.0507049560546875
5366337500.0,	0.06937789916992188,	0.049869537353515625
5366356250.0,	0.0703125,	0.05083465576171875
5366375000.0,	0.07093048095703125,	0.0489501953125
5366393750.0,	0.07201004028320312,	0.047924041748046875
5366412500.0,	0.07076644897460938,	0.050235748291015625
5366431250.0,	0.07122421264648438,	0.050212860107421875
5366450000.0,	0.07045364379882812,	0.050899505615234375
5366468750.0,	0.06957626342773438,	0.05001068115234375
5366487500.0,	0.07226181030273438,	0.048885345458984375
5366506250.0,	0.06888961791992188,	0.04897308349609375
5366525000.0,	0.0720672607421875,	0.051731109619140625
5366543750.0,	0.07241058349609375,	0.047412872314453125
5366562500.0,	0.07014846801757812,	0.05008697509765625
5366581250.0,	0.06975936889648438,	0.0517120361328125
5366600000.0,	0.07023239135742188,	0.050136566162109375
5366618750.0,	0.06906509399414062,	0.048492431640625
5366637500.0,	0.07053756713867188,	0.048702239990234375
5366656250.0,	0.07143402099609375,	0.051448822021484375
5366675000.0,	0.07038116455078125,	0.049541473388671875
5366693750.0,	0.07221221923828125,	0.054351806640625
5366712500.0,	0.06800079345703125,	0.049388885498046875
5366731250.0,	0.071502685546875,	0.050365447998046875
5366750000.0,	0.069091796875,	0.050457000732421875
5366768750.0,	0.07228469848632812,	0.04901123046875
5366787500.0,	0.07019805908203125,	0.047916412353515625
5366806250.0,	0.07034683227539062,	0.049160003662109375
5366825000.0,	0.07106781005859375,	0.05072784423828125
5366843750.0,	0.07052993774414062,	0.050022125244140625
5366862500.0,	0.071197509765625,	0.05043792724609375
5366881250.0,	0.07177734375,	0.048297882080078125
5366900000.0,	0.07260513305664062,	0.049526214599609375
5366918750.0,	0.07030105590820312,	0.05051422119140625
5366937500.0,	0.07007980346679688,	0.0488128662109375
5366956250.0,	0.07010650634765625,	0.0513458251953125
5366975000.0,	0.0686187744140625,	0.048824310302734375
5366993750.0,	0.07114028930664062,	0.050098419189453125
5367012500.0,	0.0722503662109375,	0.049945831298828125
5367031250.0,	0.07206344604492188,	0.048061370849609375
5367050000.0,	0.06978225708007812,	0.05014801025390625
5367068750.0,	0.07060623168945312,	0.049495697021484375
5367087500.0,	0.069976806640625,	0.05088043212890625
5367106250.0,	0.06956863403320312,	0.049678802490234375
5367125000.0,	0.07003021240234375,	0.049160003662109375
5367143750.0,	0.0709686279296875,	0.051166534423828125
5367162500.0,	0.07009506225585938,	0.04985809326171875
5367181250.0,	0.0709381103515625,	0.050899505615234375
5367200000.0,	0.07088470458984375,	0.049228668212890625
5367218750.0,	0.07250595092773438,	0.050449371337890625
5367237500.0,	0.06933212280273438,	0.04825592041015625
5367256250.0,	0.07188034057617188,	0.048885345458984375
5367275000.0,	0.07159423828125,	0.0503387451171875
5367293750.0,	0.07045364379882812,	0.04828643798828125
5367312500.0,	0.07157135009765625,	0.04862213134765625
5367331250.0,	0.06920623779296875,	0.049678802490234375
5367350000.0,	0.0716094970703125,	0.0488739013671875
5367368750.0,	0.071868896484375,	0.052326202392578125
5367387500.0,	0.0692291259765625,	0.05008697509765625
5367406250.0,	0.07048797607421875,	0.0492401123046875
5367425000.0,	0.07077789306640625,	0.050189971923828125
5367443750.0,	0.07081985473632812,	0.050968170166015625
5367462500.0,	0.07048797607421875,	0.049724578857421875
5367481250.0,	0.07143783569335938,	0.0489959716796875
5367500000.0,	0.07049179077148438,	0.051685333251953125
5367518750.0,	0.07086563110351562,	0.05046844482421875
5367537500.0,	0.07135009765625,	0.049434661865234375
5367556250.0,	0.07119369506835938,	0.04909515380859375
5367575000.0,	0.0704193115234375,	0.048656463623046875
5367593750.0,	0.06946945190429688,	0.050159454345703125
5367612500.0,	0.07270431518554688,	0.05047607421875
5367631250.0,	0.07065582275390625,	0.05016326904296875
5367650000.0,	0.07114791870117188,	0.048915863037109375
5367668750.0,	0.07009506225585938,	0.050144195556640625
5367687500.0,	0.07101821899414062,	0.049533843994140625
5367706250.0,	0.06979751586914062,	0.04851531982421875
5367725000.0,	0.07065582275390625,	0.0505523681640625
5367743750.0,	0.07094955444335938,	0.049381256103515625
5367762500.0,	0.06978607177734375,	0.050479888916015625
5367781250.0,	0.06903457641601562,	0.048480987548828125
5367800000.0,	0.07018280029296875,	0.04718780517578125
5367818750.0,	0.06995391845703125,	0.049945831298828125
5367837500.0,	0.07423019409179688,	0.04685211181640625
5367856250.0,	0.07017898559570312,	0.049007415771484375
5367875000.0,	0.07270050048828125,	0.050174713134765625
5367893750.0,	0.071044921875,	0.049167633056640625
5367912500.0,	0.06919097900390625,	0.05045318603515625
5367931250.0,	0.06816482543945312,	0.049976348876953125
5367950000.0,	0.07190322875976562,	0.048999786376953125
5367968750.0,	0.07298660278320312,	0.04738616943359375
5367987500.0,	0.07166290283203125,	0.049648284912109375
5368006250.0,	0.07075119018554688,	0.047969818115234375
5368025000.0,	0.0693511962890625,	0.04871368408203125
5368043750.0,	0.07103347778320312,	0.050914764404296875
5368062500.0,	0.07105255126953125,	0.050022125244140625
5368081250.0,	0.07218551635742188,	0.049716949462890625
5368100000.0,	0.07178115844726562,	0.050441741943359375
5368118750.0,	0.07034683227539062,	0.049137115478515625
5368137500.0,	0.07036972045898438,	0.04964447021484375
5368156250.0,	0.0720062255859375,	0.0496063232421875
5368175000.0,	0.07110977172851562,	0.048824310302734375
5368193750.0,	0.07122039794921875,	0.048587799072265625
5368212500.0,	0.070770263671875,	0.050197601318359375
5368231250.0,	0.07117080688476562,	0.04742431640625
5368250000.0,	0.07042312622070312,	0.049365997314453125
5368268750.0,	0.07104110717773438,	0.049137115478515625
5368287500.0,	0.07230377197265625,	0.050418853759765625
5368306250.0,	0.06865310668945312,	0.04782867431640625
5368325000.0,	0.0714263916015625,	0.048694610595703125
5368343750.0,	0.07175445556640625,	0.0490570068359375
5368362500.0,	0.070892333984375,	0.05019378662109375
5368381250.0,	0.07176971435546875,	0.047641754150390625
5368400000.0,	0.07096481323242188,	0.048358917236328125
5368418750.0,	0.07109451293945312,	0.04750823974609375
5368437500.0,	0.070526123046875,	0.048946380615234375
5368456250.0,	0.06998443603515625,	0.048595428466796875
5368475000.0,	0.07133102416992188,	0.049785614013671875
5368493750.0,	0.07154083251953125,	0.04886627197265625
5368512500.0,	0.07091903686523438,	0.046566009521484375
5368531250.0,	0.07246017456054688,	0.0489349365234375
5368550000.0,	0.07007980346679688,	0.049495697021484375
5368568750.0,	0.0699615478515625,	0.048564910888671875
5368587500.0,	0.07152557373046875,	0.0491943359375
5368606250.0,	0.0703125,	0.047069549560546875
5368625000.0,	0.07269287109375,	0.050243377685546875
5368643750.0,	0.07063674926757812,	0.04753875732421875
5368662500.0,	0.0721588134765625,	0.046787261962890625
5368681250.0,	0.07051849365234375,	0.048007965087890625
5368700000.0,	0.07254791259765625,	0.0486907958984375
5368718750.0,	0.07123947143554688,	0.048595428466796875
5368737500.0,	0.07083511352539062,	0.048763275146484375
5368756250.0,	0.07199859619140625,	0.050395965576171875
5368775000.0,	0.07187652587890625,	0.048442840576171875
5368793750.0,	0.0724334716796875,	0.0481719970703125
5368812500.0,	0.07155227661132812,	0.04865264892578125
5368831250.0,	0.07120513916015625,	0.047882080078125
5368850000.0,	0.07101821899414062,	0.049518585205078125
5368868750.0,	0.07361221313476562,	0.047145843505859375
5368887500.0,	0.070892333984375,	0.046504974365234375
5368906250.0,	0.07329940795898438,	0.04813385009765625
5368925000.0,	0.07101058959960938,	0.04825592041015625
5368943750.0,	0.07120895385742188,	0.04937744140625
5368962500.0,	0.07027816772460938,	0.049236297607421875
5368981250.0,	0.07199478149414062,	0.0472412109375
5369000000.0,	0.06943893432617188,	0.04891204833984375
5369018750.0,	0.07067108154296875,	0.047328948974609375
5369037500.0,	0.0708160400390625,	0.048397064208984375
5369056250.0,	0.07265472412109375,	0.04959869384765625
5369075000.0,	0.07159423828125,	0.04608154296875
5369093750.0,	0.07075881958007812,	0.047237396240234375
5369112500.0,	0.0710601806640625,	0.047687530517578125
5369131250.0,	0.07167816162109375,	0.04750823974609375
5369150000.0,	0.07123947143554688,	0.04766082763671875
5369168750.0,	0.0709381103515625,	0.04891204833984375
5369187500.0,	0.07168197631835938,	0.04752349853515625
5369206250.0,	0.06997299194335938,	0.049427032470703125
5369225000.0,	0.07110977172851562,	0.047252655029296875
5369243750.0,	0.06821060180664062,	0.0480499267578125
5369262500.0,	0.07127761840820312,	0.047023773193359375
5369281250.0,	0.07209396362304688,	0.048755645751953125
5369300000.0,	0.06972122192382812,	0.047443389892578125
5369318750.0,	0.07039260864257812,	0.048442840576171875
5369337500.0,	0.0709075927734375,	0.0478973388671875
5369356250.0,	0.07202911376953125,	0.04840850830078125
5369375000.0,	0.0694122314453125,	0.047420501708984375
5369393750.0,	0.07016372680664062,	0.04764556884765625
5369412500.0,	0.07099533081054688,	0.049526214599609375
5369431250.0,	0.07088088989257812,	0.0486602783203125
5369450000.0,	0.07068252563476562,	0.04900360107421875
5369468750.0,	0.07314682006835938,	0.04744720458984375
5369487500.0,	0.07208251953125,	0.047519683837890625
5369506250.0,	0.07225418090820312,	0.046833038330078125
5369525000.0,	0.07137680053710938,	0.048221588134765625
5369543750.0,	0.07195281982421875,	0.047481536865234375
5369562500.0,	0.07153701782226562,	0.0483245849609375
5369581250.0,	0.07372665405273438,	0.047687530517578125
5369600000.0,	0.07268524169921875,	0.047077178955078125
5369618750.0,	0.07088088989257812,	0.04665374755859375
5369637500.0,	0.07074356079101562,	0.047321319580078125
5369656250.0,	0.0723724365234375,	0.046504974365234375
5369675000.0,	0.07164764404296875,	0.04764556884765625
5369693750.0,	0.06926345825195312,	0.0491790771484375
5369712500.0,	0.07262420654296875,	0.04752349853515625
5369731250.0,	0.07159042358398438,	0.0481414794921875
5369750000.0,	0.07170867919921875,	0.04644012451171875
5369768750.0,	0.0726165771484375,	0.046661376953125
5369787500.0,	0.07321548461914062,	0.0446014404296875
5369806250.0,	0.07270431518554688,	0.04633331298828125
5369825000.0,	0.07055282592773438,	0.047451019287109375
5369843750.0,	0.07123565673828125,	0.04742431640625
5369862500.0,	0.07142257690429688,	0.045166015625
5369881250.0,	0.0708160400390625,	0.047679901123046875
5369900000.0,	0.07262420654296875,	0.0493927001953125
5369918750.0,	0.07133865356445312,	0.04689788818359375
5369937500.0,	0.07195281982421875,	0.048976898193359375
5369956250.0,	0.07120895385742188,	0.04620361328125
5369975000.0,	0.0723876953125,	0.04639434814453125
5369993750.0,	0.07193374633789062,	0.048450469970703125
5370012500.0,	0.07191848754882812,	0.047206878662109375
5370031250.0,	0.0722503662109375,	0.04697418212890625
5370050000.0,	0.07365036010742188,	0.04599761962890625
5370068750.0,	0.07211685180664062,	0.047214508056640625
5370087500.0,	0.07234573364257812,	0.048572540283203125
5370106250.0,	0.07305908203125,	0.046916961669921875
5370125000.0,	0.07030105590820312,	0.04682159423828125
5370143750.0,	0.07154464721679688,	0.04456329345703125
5370162500.0,	0.07233047485351562,	0.0473785400390625
5370181250.0,	0.07133865356445312,	0.04772186279296875
5370200000.0,	0.07253265380859375,	0.04558563232421875
5370218750.0,	0.07093429565429688,	0.04633331298828125
5370237500.0,	0.07261276245117188,	0.046779632568359375
5370256250.0,	0.06966400146484375,	0.04494476318359375
5370275000.0,	0.07236862182617188,	0.045215606689453125
5370293750.0,	0.0720977783203125,	0.044422149658203125
5370312500.0,	0.07141494750976562,	0.046894073486328125
5370331250.0,	0.07257080078125,	0.04633331298828125
5370350000.0,	0.07341384887695312,	0.0465087890625
5370368750.0,	0.07258987426757812,	0.046108245849609375
5370387500.0,	0.07300949096679688,	0.0455474853515625
5370406250.0,	0.0709075927734375,	0.04473876953125
5370425000.0,	0.07204437255859375,	0.0437469482421875
5370443750.0,	0.07099533081054688,	0.0446624755859375
5370462500.0,	0.07229995727539062,	0.04566192626953125
5370481250.0,	0.07191848754882812,	0.044879913330078125
5370500000.0,	0.07384872436523438,	0.045581817626953125
5370518750.0,	0.0719451904296875,	0.046321868896484375
5370537500.0,	0.07303237915039062,	0.046543121337890625
5370556250.0,	0.07024002075195312,	0.04488372802734375
5370575000.0,	0.0708770751953125,	0.044696807861328125
5370593750.0,	0.07177352905273438,	0.04436492919921875
5370612500.0,	0.07197189331054688,	0.04673004150390625
5370631250.0,	0.07102203369140625,	0.04560089111328125
5370650000.0,	0.07403564453125,	0.04352569580078125
5370668750.0,	0.07322311401367188,	0.043811798095703125
5370687500.0,	0.0720672607421875,	0.046581268310546875
5370706250.0,	0.0721282958984375,	0.0420379638671875
5370725000.0,	0.07468414306640625,	0.0453948974609375
5370743750.0,	0.07281875610351562,	0.044544219970703125
5370762500.0,	0.07238388061523438,	0.0458984375
5370781250.0,	0.07357025146484375,	0.044586181640625
5370800000.0,	0.07101058959960938,	0.045047760009765625
5370818750.0,	0.07275009155273438,	0.04576873779296875
5370837500.0,	0.07120513916015625,	0.0447998046875
5370856250.0,	0.07283401489257812,	0.04306793212890625
5370875000.0,	0.0715484619140625,	0.044223785400390625
5370893750.0,	0.07195663452148438,	0.043476104736328125
5370912500.0,	0.0729217529296875,	0.042205810546875
5370931250.0,	0.0713348388671875,	0.044158935546875
5370950000.0,	0.07236480712890625,	0.044803619384765625
5370968750.0,	0.07513809204101562,	0.04449462890625
5370987500.0,	0.0733795166015625,	0.043365478515625
5371006250.0,	0.07335281372070312,	0.0430755615234375
5371025000.0,	0.072509765625,	0.0421600341796875
5371043750.0,	0.07429885864257812,	0.0442352294921875
5371062500.0,	0.07320785522460938,	0.045825958251953125
5371081250.0,	0.07381820678710938,	0.045215606689453125
5371100000.0,	0.076019287109375,	0.04508209228515625
5371118750.0,	0.0727081298828125,	0.043575286865234375
5371137500.0,	0.07246780395507812,	0.042942047119140625
5371156250.0,	0.07283782958984375,	0.043437957763671875
5371175000.0,	0.07071685791015625,	0.044139862060546875
5371193750.0,	0.071136474609375,	0.0424957275390625
5371212500.0,	0.07214736938476562,	0.04203033447265625
5371231250.0,	0.07293701171875,	0.04248809814453125
5371250000.0,	0.07297897338867188,	0.044956207275390625
5371268750.0,	0.07297897338867188,	0.041019439697265625
5371287500.0,	0.07291793823242188,	0.04239654541015625
5371306250.0,	0.07234954833984375,	0.04361724853515625
5371325000.0,	0.07384490966796875,	0.041484832763671875
5371343750.0,	0.0735015869140625,	0.042263031005859375
5371362500.0,	0.0708465576171875,	0.040653228759765625
5371381250.0,	0.0726165771484375,	0.044708251953125
5371400000.0,	0.0715789794921875,	0.0410003662109375
5371418750.0,	0.0716705322265625,	0.040958404541015625
5371437500.0,	0.07213973999023438,	0.04219818115234375
5371456250.0,	0.07126235961914062,	0.04241180419921875
5371475000.0,	0.07284927368164062,	0.040462493896484375
5371493750.0,	0.07295608520507812,	0.03942108154296875
5371512500.0,	0.07226181030273438,	0.0413818359375
5371531250.0,	0.07292556762695312,	0.041751861572265625
5371550000.0,	0.0738983154296875,	0.04184722900390625
5371568750.0,	0.07484054565429688,	0.038860321044921875
5371587500.0,	0.07314300537109375,	0.043285369873046875
5371606250.0,	0.07256317138671875,	0.041004180908203125
5371625000.0,	0.07347869873046875,	0.040706634521484375
5371643750.0,	0.071868896484375,	0.041759490966796875
5371662500.0,	0.07204818725585938,	0.0403594970703125
5371681250.0,	0.07228469848632812,	0.038768768310546875
5371700000.0,	0.07147216796875,	0.036357879638671875
5371718750.0,	0.07291030883789062,	0.041385650634765625
5371737500.0,	0.07106399536132812,	0.040904998779296875
5371756250.0,	0.0727386474609375,	0.038410186767578125
5371775000.0,	0.0740203857421875,	0.039669036865234375
5371793750.0,	0.07160568237304688,	0.038112640380859375
5371812500.0,	0.07195281982421875,	0.04151153564453125
5371831250.0,	0.07384490966796875,	0.03945159912109375
5371850000.0,	0.07178878784179688,	0.039592742919921875
5371868750.0,	0.07227325439453125,	0.039714813232421875
5371887500.0,	0.0703277587890625,	0.039913177490234375
5371906250.0,	0.07262039184570312,	0.03812408447265625
5371925000.0,	0.070953369140625,	0.0363006591796875
5371943750.0,	0.07098770141601562,	0.03696441650390625
5371962500.0,	0.07175064086914062,	0.0388031005859375
5371981250.0,	0.07173919677734375,	0.03902435302734375
5372000000.0,	0.07182693481445312,	0.03876495361328125
5372018750.0,	0.07338714599609375,	0.038486480712890625
5372037500.0,	0.07226181030273438,	0.037303924560546875
5372056250.0,	0.07147216796875,	0.037029266357421875
5372075000.0,	0.07251739501953125,	0.03814697265625
5372093750.0,	0.07324981689453125,	0.038578033447265625
5372112500.0,	0.07221603393554688,	0.036930084228515625
5372131250.0,	0.07305526733398438,	0.039791107177734375
5372150000.0,	0.07200241088867188,	0.038799285888671875
5372168750.0,	0.07069778442382812,	0.038135528564453125
5372187500.0,	0.06933975219726562,	0.036617279052734375
5372206250.0,	0.07180404663085938,	0.038135528564453125
5372225000.0,	0.07378005981445312,	0.036144256591796875
5372243750.0,	0.07365798950195312,	0.035938262939453125
5372262500.0,	0.06972503662109375,	0.0379180908203125
5372281250.0,	0.06975173950195312,	0.035919189453125
5372300000.0,	0.07053756713867188,	0.034610748291015625
5372318750.0,	0.07115936279296875,	0.0348663330078125
5372337500.0,	0.06937789916992188,	0.033786773681640625
5372356250.0,	0.07013320922851562,	0.033473968505859375
5372375000.0,	0.06990814208984375,	0.0327301025390625
5372393750.0,	0.070892333984375,	0.034313201904296875
5372412500.0,	0.07199478149414062,	0.035564422607421875
5372431250.0,	0.07068252563476562,	0.032665252685546875
5372450000.0,	0.068511962890625,	0.03318023681640625
5372468750.0,	0.068206787109375,	0.03287506103515625
5372487500.0,	0.069732666015625,	0.035030364990234375
5372506250.0,	0.07037734985351562,	0.03496551513671875
5372525000.0,	0.07073593139648438,	0.033039093017578125
5372543750.0,	0.067718505859375,	0.035839080810546875
5372562500.0,	0.069854736328125,	0.032337188720703125
5372581250.0,	0.06793975830078125,	0.032512664794921875
5372600000.0,	0.06925201416015625,	0.03311920166015625
5372618750.0,	0.06716156005859375,	0.033847808837890625
5372637500.0,	0.0685882568359375,	0.03411865234375
5372656250.0,	0.06885910034179688,	0.032474517822265625
5372675000.0,	0.06901931762695312,	0.031337738037109375
5372693750.0,	0.06801223754882812,	0.031307220458984375
5372712500.0,	0.06693649291992188,	0.031490325927734375
5372731250.0,	0.0671234130859375,	0.032024383544921875
5372750000.0,	0.06672286987304688,	0.03263092041015625
5372768750.0,	0.06734466552734375,	0.033008575439453125
5372787500.0,	0.06787490844726562,	0.033252716064453125
5372806250.0,	0.06838607788085938,	0.030849456787109375
5372825000.0,	0.06769943237304688,	0.03176116943359375
5372843750.0,	0.06574249267578125,	0.031768798828125
5372862500.0,	0.06585693359375,	0.03278350830078125
5372881250.0,	0.06597900390625,	0.031871795654296875
5372900000.0,	0.06578445434570312,	0.031375885009765625
5372918750.0,	0.06478500366210938,	0.03093719482421875
5372937500.0,	0.06438064575195312,	0.031276702880859375
5372956250.0,	0.06686782836914062,	0.03212738037109375
5372975000.0,	0.06598281860351562,	0.030029296875
5372993750.0,	0.06446075439453125,	0.0323944091796875
5373012500.0,	0.06505203247070312,	0.030364990234375
5373031250.0,	0.06604385375976562,	0.03223419189453125
5373050000.0,	0.06367874145507812,	0.032131195068359375
5373068750.0,	0.06443023681640625,	0.0306549072265625
5373087500.0,	0.064361572265625,	0.033428192138671875
5373106250.0,	0.06412887573242188,	0.030635833740234375
5373125000.0,	0.06306076049804688,	0.031757354736328125
5373143750.0,	0.06419754028320312,	0.031177520751953125
5373162500.0,	0.06358718872070312,	0.02999114990234375
5373181250.0,	0.06510543823242188,	0.02999114990234375
5373200000.0,	0.06493377685546875,	0.030498504638671875
5373218750.0,	0.0606536865234375,	0.029613494873046875
5373237500.0,	0.06293869018554688,	0.031284332275390625
5373256250.0,	0.0639190673828125,	0.029468536376953125
5373275000.0,	0.0635833740234375,	0.029911041259765625
5373293750.0,	0.06468963623046875,	0.029987335205078125
5373312500.0,	0.0634307861328125,	0.030590057373046875
5373331250.0,	0.06312179565429688,	0.031894683837890625
5373350000.0,	0.06156730651855469,	0.03197669982910156
5373368750.0,	0.061069488525390625,	0.028697967529296875
5373387500.0,	0.060871124267578125,	0.030193328857421875
5373406250.0,	0.062458038330078125,	0.031627655029296875
5373425000.0,	0.06058692932128906,	0.030073165893554688
5373443750.0,	0.06051445007324219,	0.028497695922851562
5373462500.0,	0.059635162353515625,	0.028972625732421875
5373481250.0,	0.059848785400390625,	0.03133583068847656
5373500000.0,	0.06000709533691406,	0.03257179260253906
5373518750.0,	0.05994987487792969,	0.0299835205078125
5373537500.0,	0.05927085876464844,	0.029962539672851562
5373556250.0,	0.06122016906738281,	0.030130386352539062
5373575000.0,	0.057804107666015625,	0.029790878295898438
5373593750.0,	0.059604644775390625,	0.029859542846679688
5373612500.0,	0.05959510803222656,	0.030256271362304688
5373631250.0,	0.060009002685546875,	0.03215980529785156
5373650000.0,	0.05813407897949219,	0.030004501342773438
5373668750.0,	0.058414459228515625,	0.031015396118164062
5373687500.0,	0.058300018310546875,	0.030534744262695312
5373706250.0,	0.0561065673828125,	0.030853271484375
5373725000.0,	0.057529449462890625,	0.02948760986328125
5373743750.0,	0.05771827697753906,	0.030134201049804688
5373762500.0,	0.059406280517578125,	0.03214073181152344
5373781250.0,	0.05506134033203125,	0.029275894165039062
5373800000.0,	0.055004119873046875,	0.03180694580078125
5373818750.0,	0.057281494140625,	0.029205322265625
5373837500.0,	0.05821418762207031,	0.03045654296875
5373856250.0,	0.05649566650390625,	0.03240203857421875
5373875000.0,	0.055667877197265625,	0.030040740966796875
5373893750.0,	0.05503654479980469,	0.030336380004882812
5373912500.0,	0.054996490478515625,	0.028547286987304688
5373931250.0,	0.055934906005859375,	0.03315162658691406
5373950000.0,	0.05322074890136719,	0.031183242797851562
5373968750.0,	0.056549072265625,	0.030055999755859375
5373987500.0,	0.05556678771972656,	0.03289604187011719
5374006250.0,	0.05565452575683594,	0.030714035034179688
5374025000.0,	0.05345344543457031,	0.032581329345703125
5374043750.0,	0.055328369140625,	0.03369712829589844
5374062500.0,	0.05436515808105469,	0.03144264221191406
5374081250.0,	0.05497169494628906,	0.031236648559570312
5374100000.0,	0.05575370788574219,	0.03209877014160156
5374118750.0,	0.05429267883300781,	0.03302001953125
5374137500.0,	0.05247306823730469,	0.032833099365234375
5374156250.0,	0.05303192138671875,	0.03361701965332031
5374175000.0,	0.05347633361816406,	0.033718109130859375
5374193750.0,	0.05359077453613281,	0.0326385498046875
5374212500.0,	0.052684783935546875,	0.032253265380859375
5374231250.0,	0.054416656494140625,	0.033809661865234375
5374250000.0,	0.053012847900390625,	0.03208160400390625
5374268750.0,	0.05227088928222656,	0.03248405456542969
5374287500.0,	0.0525970458984375,	0.033519744873046875
5374306250.0,	0.05413246154785156,	0.033840179443359375
5374325000.0,	0.052021026611328125,	0.0337982177734375
5374343750.0,	0.053558349609375,	0.03497314453125
5374362500.0,	0.05351829528808594,	0.033115386962890625
5374381250.0,	0.054523468017578125,	0.03349113464355469
5374400000.0,	0.052791595458984375,	0.03447532653808594
5374418750.0,	0.05120658874511719,	0.03550148010253906
5374437500.0,	0.05245018005371094,	0.0355072021484375
5374456250.0,	0.05289459228515625,	0.03527259826660156
5374475000.0,	0.050006866455078125,	0.03439140319824219
5374493750.0,	0.05077934265136719,	0.03493690490722656
5374512500.0,	0.05266571044921875,	0.034465789794921875
5374531250.0,	0.05249977111816406,	0.03587913513183594
5374550000.0,	0.05241584777832031,	0.03533744812011719
5374568750.0,	0.051422119140625,	0.035945892333984375
5374587500.0,	0.05224800109863281,	0.03443717956542969
5374606250.0,	0.051067352294921875,	0.03510093688964844
5374625000.0,	0.04955863952636719,	0.0364837646484375
5374643750.0,	0.05079460144042969,	0.033435821533203125
5374662500.0,	0.052013397216796875,	0.03536224365234375
5374681250.0,	0.05212974548339844,	0.0362548828125
5374700000.0,	0.05122566223144531,	0.037563323974609375
5374718750.0,	0.04860115051269531,	0.03503227233886719
5374737500.0,	0.0474853515625,	0.034191131591796875
5374756250.0,	0.04985809326171875,	0.03627586364746094
5374775000.0,	0.05023002624511719,	0.037139892578125
5374793750.0,	0.05085182189941406,	0.03852272033691406
5374812500.0,	0.04977607727050781,	0.03616142272949219
5374831250.0,	0.0523681640625,	0.03797149658203125
5374850000.0,	0.051876068115234375,	0.03795814514160156
5374868750.0,	0.04771995544433594,	0.03716087341308594
5374887500.0,	0.04992866516113281,	0.03852081298828125
5374906250.0,	0.0507049560546875,	0.03647041320800781
5374925000.0,	0.048000335693359375,	0.03709220886230469
5374943750.0,	0.05084991455078125,	0.03848075866699219
5374962500.0,	0.05090904235839844,	0.03620719909667969
5374981250.0,	0.0492095947265625,	0.037628173828125
5375000000.0,	0.048625946044921875,	0.03865623474121094
5375018750.0,	0.04761505126953125,	0.03663063049316406
5375037500.0,	0.049198150634765625,	0.0389862060546875
5375056250.0,	0.05161094665527344,	0.03869819641113281
5375075000.0,	0.04931640625,	0.03744316101074219
5375093750.0,	0.048816680908203125,	0.03837013244628906
5375112500.0,	0.047748565673828125,	0.038654327392578125
5375131250.0,	0.05041313171386719,	0.03677940368652344
5375150000.0,	0.049236297607421875,	0.03907012939453125
5375168750.0,	0.04895782470703125,	0.03803062438964844
5375187500.0,	0.04897308349609375,	0.035480499267578125
5375206250.0,	0.049839019775390625,	0.039905548095703125
5375225000.0,	0.04709815979003906,	0.03636741638183594
5375243750.0,	0.05042457580566406,	0.03870201110839844
5375262500.0,	0.047119140625,	0.03940773010253906
5375281250.0,	0.04510498046875,	0.04113960266113281
5375300000.0,	0.046886444091796875,	0.03868293762207031
5375318750.0,	0.04877662658691406,	0.03840827941894531
5375337500.0,	0.04860115051269531,	0.04188346862792969
5375356250.0,	0.04694938659667969,	0.03768348693847656
5375375000.0,	0.04741668701171875,	0.040981292724609375
5375393750.0,	0.0470733642578125,	0.03980064392089844
5375412500.0,	0.046733856201171875,	0.03857994079589844
5375431250.0,	0.047039031982421875,	0.03940010070800781
5375450000.0,	0.047084808349609375,	0.0401153564453125
5375468750.0,	0.04667854309082031,	0.03934288024902344
5375487500.0,	0.04735374450683594,	0.04150390625
5375506250.0,	0.04791831970214844,	0.039234161376953125
5375525000.0,	0.047161102294921875,	0.03938865661621094
5375543750.0,	0.04731178283691406,	0.04014015197753906
5375562500.0,	0.049442291259765625,	0.04023933410644531
5375581250.0,	0.05063629150390625,	0.04134178161621094
5375600000.0,	0.04659843444824219,	0.04157829284667969
5375618750.0,	0.049503326416015625,	0.040676116943359375
5375637500.0,	0.047672271728515625,	0.042205810546875
5375656250.0,	0.048831939697265625,	0.04244232177734375
5375675000.0,	0.048126220703125,	0.040699005126953125
5375693750.0,	0.04888343811035156,	0.04246330261230469
5375712500.0,	0.04368782043457031,	0.04146575927734375
5375731250.0,	0.04724693298339844,	0.04157447814941406
5375750000.0,	0.047576904296875,	0.03932380676269531
5375768750.0,	0.04656410217285156,	0.0423583984375
5375787500.0,	0.049228668212890625,	0.04052734375
5375806250.0,	0.04787254333496094,	0.04249000549316406
5375825000.0,	0.04630851745605469,	0.0435943603515625
5375843750.0,	0.04786872863769531,	0.04248809814453125
5375862500.0,	0.05088043212890625,	0.04126930236816406
5375881250.0,	0.04735565185546875,	0.0409088134765625
5375900000.0,	0.04659461975097656,	0.04143524169921875
5375918750.0,	0.04844474792480469,	0.04222869873046875
5375937500.0,	0.04886817932128906,	0.04207611083984375
5375956250.0,	0.049213409423828125,	0.04329872131347656
5375975000.0,	0.04650115966796875,	0.041439056396484375
5375993750.0,	0.04874420166015625,	0.043407440185546875
5376012500.0,	0.04771232604980469,	0.04343223571777344
5376031250.0,	0.04539680480957031,	0.042957305908203125
5376050000.0,	0.049320220947265625,	0.04313468933105469
5376068750.0,	0.04777336120605469,	0.04148101806640625
5376087500.0,	0.04802131652832031,	0.04290771484375
5376106250.0,	0.04712486267089844,	0.04526710510253906
5376125000.0,	0.04972648620605469,	0.044673919677734375
5376143750.0,	0.04663658142089844,	0.04223442077636719
5376162500.0,	0.04891395568847656,	0.04187202453613281
5376181250.0,	0.04726982116699219,	0.04288482666015625
5376200000.0,	0.04766654968261719,	0.04572486877441406
5376218750.0,	0.0464935302734375,	0.04408454895019531
5376237500.0,	0.046070098876953125,	0.04350471496582031
5376256250.0,	0.04535484313964844,	0.04203224182128906
5376275000.0,	0.045719146728515625,	0.042011260986328125
5376293750.0,	0.04662322998046875,	0.0451202392578125
5376312500.0,	0.04685211181640625,	0.04321861267089844
5376331250.0,	0.04642295837402344,	0.04477119445800781
5376350000.0,	0.0467529296875,	0.04205513000488281
5376368750.0,	0.04899406433105469,	0.042522430419921875
5376387500.0,	0.04763031005859375,	0.04482841491699219
5376406250.0,	0.04674720764160156,	0.04334068298339844
5376425000.0,	0.04505348205566406,	0.04474067687988281
5376443750.0,	0.04757881164550781,	0.044788360595703125
5376462500.0,	0.0472869873046875,	0.04730987548828125
5376481250.0,	0.04900360107421875,	0.04408073425292969
5376500000.0,	0.04796409606933594,	0.04405784606933594
5376518750.0,	0.044437408447265625,	0.04438018798828125
5376537500.0,	0.04619407653808594,	0.044719696044921875
5376556250.0,	0.04968070983886719,	0.04500007629394531
5376575000.0,	0.04604148864746094,	0.045917510986328125
5376593750.0,	0.04643821716308594,	0.04587554931640625
5376612500.0,	0.046909332275390625,	0.04478263854980469
5376631250.0,	0.045436859130859375,	0.04555511474609375
5376650000.0,	0.048252105712890625,	0.0458984375
5376668750.0,	0.047718048095703125,	0.04647636413574219
5376687500.0,	0.046234130859375,	0.04685401916503906
5376706250.0,	0.049266815185546875,	0.04633522033691406
5376725000.0,	0.047031402587890625,	0.044361114501953125
5376743750.0,	0.04737663269042969,	0.046661376953125
5376762500.0,	0.04701805114746094,	0.04555511474609375
5376781250.0,	0.0478057861328125,	0.04487800598144531
5376800000.0,	0.04621124267578125,	0.0469207763671875
5376818750.0,	0.04887962341308594,	0.04319953918457031
5376837500.0,	0.048320770263671875,	0.04543495178222656
5376856250.0,	0.04785346984863281,	0.04596519470214844
5376875000.0,	0.04702186584472656,	0.04400825500488281
5376893750.0,	0.04957389831542969,	0.047237396240234375
5376912500.0,	0.04696846008300781,	0.04641532897949219
5376931250.0,	0.05059051513671875,	0.04742431640625
5376950000.0,	0.04875755310058594,	0.04473304748535156
5376968750.0,	0.04740142822265625,	0.04633140563964844
5376987500.0,	0.0477142333984375,	0.046276092529296875
5377006250.0,	0.04674339294433594,	0.04694366455078125
5377025000.0,	0.0458984375,	0.04616355895996094
5377043750.0,	0.04861259460449219,	0.044033050537109375
5377062500.0,	0.04553413391113281,	0.047626495361328125
5377081250.0,	0.046741485595703125,	0.04724884033203125
5377100000.0,	0.04712486267089844,	0.04800605773925781
5377118750.0,	0.048526763916015625,	0.04688262939453125
5377137500.0,	0.04796791076660156,	0.04611396789550781
5377156250.0,	0.04955291748046875,	0.04752540588378906
5377175000.0,	0.04844093322753906,	0.045726776123046875
5377193750.0,	0.047168731689453125,	0.046413421630859375
5377212500.0,	0.04522705078125,	0.04669189453125
5377231250.0,	0.04842567443847656,	0.0478363037109375
5377250000.0,	0.04660606384277344,	0.04858589172363281
5377268750.0,	0.04762840270996094,	0.04552268981933594
5377287500.0,	0.048358917236328125,	0.04452705383300781
5377306250.0,	0.04709625244140625,	0.048534393310546875
5377325000.0,	0.04867744445800781,	0.04587554931640625
5377343750.0,	0.04656982421875,	0.048412322998046875
5377362500.0,	0.045497894287109375,	0.04707527160644531
5377381250.0,	0.04701423645019531,	0.04631614685058594
5377400000.0,	0.04978370666503906,	0.047290802001953125
5377418750.0,	0.0482330322265625,	0.04670143127441406
5377437500.0,	0.04677391052246094,	0.0461883544921875
5377456250.0,	0.047454833984375,	0.04556083679199219
5377475000.0,	0.0465240478515625,	0.047946929931640625
5377493750.0,	0.048496246337890625,	0.047847747802734375
5377512500.0,	0.04918861389160156,	0.04876518249511719
5377531250.0,	0.04835700988769531,	0.04425621032714844
5377550000.0,	0.048248291015625,	0.046772003173828125
5377568750.0,	0.047748565673828125,	0.05005073547363281
5377587500.0,	0.0487518310546875,	0.04636573791503906
5377606250.0,	0.04755592346191406,	0.047206878662109375
5377625000.0,	0.04482460021972656,	0.04681396484375
5377643750.0,	0.047061920166015625,	0.0491180419921875
5377662500.0,	0.0474853515625,	0.04607200622558594
5377681250.0,	0.048503875732421875,	0.04709625244140625
5377700000.0,	0.04843330383300781,	0.04817962646484375
5377718750.0,	0.04567909240722656,	0.04918861389160156
5377737500.0,	0.04822540283203125,	0.04944610595703125
5377756250.0,	0.0467681884765625,	0.048198699951171875
5377775000.0,	0.048778533935546875,	0.05029106140136719
5377793750.0,	0.047611236572265625,	0.04984855651855469
5377812500.0,	0.048046112060546875,	0.04556083679199219
5377831250.0,	0.04728126525878906,	0.04830360412597656
5377850000.0,	0.04833793640136719,	0.04924201965332031
5377868750.0,	0.04633903503417969,	0.047901153564453125
5377887500.0,	0.047824859619140625,	0.046947479248046875
5377906250.0,	0.0494232177734375,	0.048702239990234375
5377925000.0,	0.04893302917480469,	0.049102783203125
5377943750.0,	0.04775047302246094,	0.04820442199707031
5377962500.0,	0.04512786865234375,	0.047641754150390625
5377981250.0,	0.04524803161621094,	0.04818916320800781
5378000000.0,	0.04946136474609375,	0.048282623291015625
5378018750.0,	0.048511505126953125,	0.048923492431640625
5378037500.0,	0.04770660400390625,	0.046619415283203125
5378056250.0,	0.047962188720703125,	0.04958152770996094
5378075000.0,	0.04723167419433594,	0.04806327819824219
5378093750.0,	0.04878807067871094,	0.04995155334472656
5378112500.0,	0.04821014404296875,	0.04767799377441406
5378131250.0,	0.04840850830078125,	0.048015594482421875
5378150000.0,	0.048046112060546875,	0.04837608337402344
5378168750.0,	0.04760932922363281,	0.048824310302734375
5378187500.0,	0.04722404479980469,	0.047954559326171875
5378206250.0,	0.04659271240234375,	0.04974555969238281
5378225000.0,	0.04813957214355469,	0.04882049560546875
5378243750.0,	0.04877662658691406,	0.04885673522949219
5378262500.0,	0.04755592346191406,	0.0485687255859375
5378281250.0,	0.046535491943359375,	0.0487060546875
5378300000.0,	0.047969818115234375,	0.04961967468261719
5378318750.0,	0.04647254943847656,	0.0488128662109375
5378337500.0,	0.04919624328613281,	0.04932212829589844
5378356250.0,	0.046001434326171875,	0.04751396179199219
5378375000.0,	0.05009269714355469,	0.05163002014160156
5378393750.0,	0.0487518310546875,	0.04898834228515625
5378412500.0,	0.04669761657714844,	0.049236297607421875
5378431250.0,	0.047119140625,	0.04918861389160156
5378450000.0,	0.050739288330078125,	0.04953193664550781
5378468750.0,	0.04840087890625,	0.04912757873535156
5378487500.0,	0.0492401123046875,	0.04852485656738281
5378506250.0,	0.04647064208984375,	0.049877166748046875
5378525000.0,	0.04817008972167969,	0.04980659484863281
5378543750.0,	0.04764366149902344,	0.04885101318359375
5378562500.0,	0.04722023010253906,	0.04964637756347656
5378581250.0,	0.0482177734375,	0.051967620849609375
5378600000.0,	0.047168731689453125,	0.04955101013183594
5378618750.0,	0.04873466491699219,	0.05050086975097656
5378637500.0,	0.04871368408203125,	0.050983428955078125
5378656250.0,	0.048412322998046875,	0.04843902587890625
5378675000.0,	0.048343658447265625,	0.05066680908203125
5378693750.0,	0.04968833923339844,	0.04914093017578125
5378712500.0,	0.04651451110839844,	0.05043983459472656
5378731250.0,	0.04622077941894531,	0.05181312561035156
5378750000.0,	0.04706001281738281,	0.05031394958496094
5378768750.0,	0.04740142822265625,	0.05049896240234375
5378787500.0,	0.04676628112792969,	0.049396514892578125
5378806250.0,	0.04946708679199219,	0.04894447326660156
5378825000.0,	0.04808807373046875,	0.050189971923828125
5378843750.0,	0.04945564270019531,	0.04866981506347656
5378862500.0,	0.04659843444824219,	0.05025291442871094
5378881250.0,	0.04432868957519531,	0.04920387268066406
5378900000.0,	0.04778099060058594,	0.051822662353515625
5378918750.0,	0.046977996826171875,	0.050327301025390625
5378937500.0,	0.046909332275390625,	0.05047416687011719
5378956250.0,	0.04862213134765625,	0.049884796142578125
5378975000.0,	0.049404144287109375,	0.05068397521972656
5378993750.0,	0.05121040344238281,	0.05012321472167969
5379012500.0,	0.045558929443359375,	0.0505218505859375
5379031250.0,	0.04783821105957031,	0.051349639892578125
5379050000.0,	0.04858207702636719,	0.051250457763671875
5379068750.0,	0.04762077331542969,	0.05059814453125
5379087500.0,	0.049053192138671875,	0.047946929931640625
5379106250.0,	0.04871559143066406,	0.048831939697265625
5379125000.0,	0.04937553405761719,	0.05121040344238281
5379143750.0,	0.047138214111328125,	0.05097389221191406
5379162500.0,	0.04760169982910156,	0.05219268798828125
5379181250.0,	0.04796791076660156,	0.05222511291503906
5379200000.0,	0.04677009582519531,	0.052276611328125
5379218750.0,	0.0480804443359375,	0.0514984130859375
5379237500.0,	0.04840278625488281,	0.05138587951660156
5379256250.0,	0.04940032958984375,	0.05201530456542969
5379275000.0,	0.048183441162109375,	0.04928016662597656
5379293750.0,	0.04634284973144531,	0.05089569091796875
5379312500.0,	0.04629707336425781,	0.05118370056152344
5379331250.0,	0.04737091064453125,	0.049041748046875
5379350000.0,	0.04805755615234375,	0.04940032958984375
5379368750.0,	0.04731559753417969,	0.05150032043457031
5379387500.0,	0.04836082458496094,	0.050716400146484375
5379406250.0,	0.04657936096191406,	0.05058479309082031
5379425000.0,	0.049411773681640625,	0.05142974853515625
5379443750.0,	0.049045562744140625,	0.051731109619140625
5379462500.0,	0.04878425598144531,	0.05308341979980469
5379481250.0,	0.047069549560546875,	0.0506439208984375
5379500000.0,	0.0488739013671875,	0.05057525634765625
5379518750.0,	0.04844093322753906,	0.04990196228027344
5379537500.0,	0.04675865173339844,	0.05152130126953125
5379556250.0,	0.04948997497558594,	0.05184364318847656
5379575000.0,	0.046955108642578125,	0.0523529052734375
5379593750.0,	0.04842185974121094,	0.0518035888671875
5379612500.0,	0.04810523986816406,	0.05145072937011719
5379631250.0,	0.04791259765625,	0.05250358581542969
5379650000.0,	0.04869270324707031,	0.05123138427734375
5379668750.0,	0.0462646484375,	0.05179023742675781
5379687500.0,	0.04907989501953125,	0.05135917663574219
5379706250.0,	0.04921913146972656,	0.05276679992675781
5379725000.0,	0.04768180847167969,	0.05282783508300781
5379743750.0,	0.049396514892578125,	0.05142021179199219
5379762500.0,	0.04827690124511719,	0.05224418640136719
5379781250.0,	0.04958343505859375,	0.04757499694824219
5379800000.0,	0.04658317565917969,	0.05018043518066406
5379818750.0,	0.046802520751953125,	0.054111480712890625
5379837500.0,	0.04777336120605469,	0.051513671875
5379856250.0,	0.0490570068359375,	0.051128387451171875
5379875000.0,	0.05127143859863281,	0.05128288269042969
5379893750.0,	0.04718780517578125,	0.05117225646972656
5379912500.0,	0.048488616943359375,	0.05134010314941406
5379931250.0,	0.046077728271484375,	0.053333282470703125
5379950000.0,	0.04856109619140625,	0.05251121520996094
5379968750.0,	0.04929161071777344,	0.05197715759277344
5379987500.0,	0.0498504638671875,	0.05088043212890625
5380006250.0,	0.047603607177734375,	0.0522308349609375
5380025000.0,	0.046802520751953125,	0.05242729187011719
5380043750.0,	0.046390533447265625,	0.052227020263671875
5380062500.0,	0.047882080078125,	0.04941368103027344
5380081250.0,	0.049037933349609375,	0.04956245422363281
5380100000.0,	0.04722785949707031,	0.05425834655761719
5380118750.0,	0.04735565185546875,	0.050228118896484375
5380137500.0,	0.04887580871582031,	0.05161857604980469
5380156250.0,	0.04836273193359375,	0.05267906188964844
5380175000.0,	0.04739189147949219,	0.052104949951171875
5380193750.0,	0.04758453369140625,	0.05083656311035156
5380212500.0,	0.04823493957519531,	0.05288887023925781
5380231250.0,	0.05035400390625,	0.05279541015625
5380250000.0,	0.049045562744140625,	0.053943634033203125
5380268750.0,	0.047908782958984375,	0.05393409729003906
5380287500.0,	0.047607421875,	0.05148506164550781
5380306250.0,	0.04857826232910156,	0.05142021179199219
5380325000.0,	0.046356201171875,	0.05115318298339844
5380343750.0,	0.048675537109375,	0.05245018005371094
5380362500.0,	0.047611236572265625,	0.051006317138671875
5380381250.0,	0.04715728759765625,	0.052028656005859375
5380400000.0,	0.04677581787109375,	0.05135917663574219
5380418750.0,	0.047779083251953125,	0.05169105529785156
5380437500.0,	0.04725074768066406,	0.052837371826171875
5380456250.0,	0.04758453369140625,	0.05223274230957031
5380475000.0,	0.04903221130371094,	0.05228996276855469
5380493750.0,	0.04810142517089844,	0.05151939392089844
5380512500.0,	0.04866600036621094,	0.05451011657714844
5380531250.0,	0.04897117614746094,	0.050762176513671875
5380550000.0,	0.049289703369140625,	0.051788330078125
5380568750.0,	0.048084259033203125,	0.05335235595703125
5380587500.0,	0.048191070556640625,	0.05097770690917969
5380606250.0,	0.04733467102050781,	0.052555084228515625
5380625000.0,	0.04795265197753906,	0.05287361145019531
5380643750.0,	0.049236297607421875,	0.052471160888671875
5380662500.0,	0.04866981506347656,	0.0509490966796875
5380681250.0,	0.047153472900390625,	0.05002593994140625
5380700000.0,	0.049442291259765625,	0.05178070068359375
5380718750.0,	0.04839324951171875,	0.05198860168457031
5380737500.0,	0.047328948974609375,	0.05352020263671875
5380756250.0,	0.04785919189453125,	0.0531768798828125
5380775000.0,	0.04981040954589844,	0.05190277099609375
5380793750.0,	0.0468902587890625,	0.051761627197265625
5380812500.0,	0.0484619140625,	0.05111122131347656
5380831250.0,	0.04861640930175781,	0.05328178405761719
5380850000.0,	0.04826545715332031,	0.05148124694824219
5380868750.0,	0.04932975769042969,	0.0531463623046875
5380887500.0,	0.04617500305175781,	0.053050994873046875
5380906250.0,	0.050079345703125,	0.05187797546386719
5380925000.0,	0.04548835754394531,	0.0532989501953125
5380943750.0,	0.0498504638671875,	0.0540771484375
5380962500.0,	0.04897117614746094,	0.05314445495605469
5380981250.0,	0.04724311828613281,	0.0541229248046875
5381000000.0,	0.047306060791015625,	0.05301856994628906
5381018750.0,	0.05006217956542969,	0.05276298522949219
5381037500.0,	0.04800224304199219,	0.053131103515625
5381056250.0,	0.048858642578125,	0.0528564453125
5381075000.0,	0.047271728515625,	0.055255889892578125
5381093750.0,	0.048107147216796875,	0.05099296569824219
5381112500.0,	0.04801750183105469,	0.052463531494140625
5381131250.0,	0.0484619140625,	0.053226470947265625
5381150000.0,	0.046665191650390625,	0.055511474609375
5381168750.0,	0.04845237731933594,	0.05437278747558594
5381187500.0,	0.04754447937011719,	0.05385589599609375
5381206250.0,	0.04861259460449219,	0.05045890808105469
5381225000.0,	0.04880714416503906,	0.05162239074707031
5381243750.0,	0.04807853698730469,	0.05257987976074219
5381262500.0,	0.04815483093261719,	0.053192138671875
5381281250.0,	0.04877281188964844,	0.052776336669921875
5381300000.0,	0.04826545715332031,	0.05317497253417969
5381318750.0,	0.048152923583984375,	0.054515838623046875
5381337500.0,	0.0485382080078125,	0.05233192443847656
5381356250.0,	0.04898834228515625,	0.053585052490234375
5381375000.0,	0.04870414733886719,	0.05303764343261719
5381393750.0,	0.04808998107910156,	0.0519866943359375
5381412500.0,	0.047679901123046875,	0.053096771240234375
5381431250.0,	0.046276092529296875,	0.05421257019042969
5381450000.0,	0.047550201416015625,	0.054168701171875
5381468750.0,	0.04689598083496094,	0.053882598876953125
5381487500.0,	0.047943115234375,	0.05352973937988281
5381506250.0,	0.04826927185058594,	0.054473876953125
5381525000.0,	0.04975318908691406,	0.053623199462890625
5381543750.0,	0.04929351806640625,	0.053226470947265625
5381562500.0,	0.04826927185058594,	0.053203582763671875
5381581250.0,	0.048412322998046875,	0.053955078125
5381600000.0,	0.04926872253417969,	0.05202293395996094
5381618750.0,	0.04791450500488281,	0.05407905578613281
5381637500.0,	0.04841804504394531,	0.05142402648925781
5381656250.0,	0.04658699035644531,	0.0511322021484375
5381675000.0,	0.04824256896972656,	0.05566978454589844
5381693750.0,	0.047733306884765625,	0.05352020263671875
5381712500.0,	0.04885101318359375,	0.05233955383300781
5381731250.0,	0.04580879211425781,	0.05210304260253906
5381750000.0,	0.04888725280761719,	0.05470466613769531
5381768750.0,	0.048458099365234375,	0.05497932434082031
5381787500.0,	0.04722785949707031,	0.055271148681640625
5381806250.0,	0.047550201416015625,	0.05348014831542969
5381825000.0,	0.04638862609863281,	0.05499267578125
5381843750.0,	0.04862785339355469,	0.05286216735839844
5381862500.0,	0.0483856201171875,	0.0538177490234375
5381881250.0,	0.04877281188964844,	0.05383110046386719
5381900000.0,	0.049213409423828125,	0.052120208740234375
5381918750.0,	0.049182891845703125,	0.05215263366699219
5381937500.0,	0.049686431884765625,	0.05345726013183594
5381956250.0,	0.04660987854003906,	0.054290771484375
5381975000.0,	0.04973030090332031,	0.05284881591796875
5381993750.0,	0.047893524169921875,	0.0511322021484375
5382012500.0,	0.04799652099609375,	0.056247711181640625
5382031250.0,	0.04596710205078125,	0.05039405822753906
5382050000.0,	0.048915863037109375,	0.05343055725097656
5382068750.0,	0.04687690734863281,	0.05547904968261719
5382087500.0,	0.04726600646972656,	0.053836822509765625
5382106250.0,	0.04963493347167969,	0.05432319641113281
5382125000.0,	0.04787635803222656,	0.054107666015625
5382143750.0,	0.04420280456542969,	0.05348777770996094
5382162500.0,	0.04768562316894531,	0.055553436279296875
5382181250.0,	0.04921150207519531,	0.05301666259765625
5382200000.0,	0.04773712158203125,	0.05547332763671875
5382218750.0,	0.04791259765625,	0.05437660217285156
5382237500.0,	0.04808616638183594,	0.052722930908203125
5382256250.0,	0.04914283752441406,	0.05337333679199219
5382275000.0,	0.04770088195800781,	0.05257415771484375
5382293750.0,	0.046764373779296875,	0.05525016784667969
5382312500.0,	0.04965782165527344,	0.05251121520996094
5382331250.0,	0.04754638671875,	0.05299186706542969
5382350000.0,	0.050136566162109375,	0.05398368835449219
5382368750.0,	0.0488128662109375,	0.0538330078125
5382387500.0,	0.048282623291015625,	0.053379058837890625
5382406250.0,	0.047061920166015625,	0.05327033996582031
5382425000.0,	0.046718597412109375,	0.056468963623046875
5382443750.0,	0.04891777038574219,	0.055469512939453125
5382462500.0,	0.045562744140625,	0.05434989929199219
5382481250.0,	0.049190521240234375,	0.05570220947265625
5382500000.0,	0.0501708984375,	0.05228614807128906
5382518750.0,	0.04833030700683594,	0.05286407470703125
5382537500.0,	0.048770904541015625,	0.05237770080566406
5382556250.0,	0.04866600036621094,	0.052215576171875
5382575000.0,	0.04857444763183594,	0.05405616760253906
5382593750.0,	0.048770904541015625,	0.05258369445800781
5382612500.0,	0.04498291015625,	0.05167961120605469
5382631250.0,	0.047763824462890625,	0.053985595703125
5382650000.0,	0.048877716064453125,	0.053989410400390625
5382668750.0,	0.04899024963378906,	0.05347442626953125
5382687500.0,	0.04792594909667969,	0.052150726318359375
5382706250.0,	0.04734230041503906,	0.05503273010253906
5382725000.0,	0.04898643493652344,	0.05417823791503906
5382743750.0,	0.048526763916015625,	0.053741455078125
5382762500.0,	0.0488128662109375,	0.04999732971191406
5382781250.0,	0.04536247253417969,	0.055339813232421875
5382800000.0,	0.04741096496582031,	0.055011749267578125
5382818750.0,	0.0465850830078125,	0.05226707458496094
5382837500.0,	0.047389984130859375,	0.05443382263183594
5382856250.0,	0.04766654968261719,	0.054046630859375
5382875000.0,	0.048679351806640625,	0.054340362548828125
5382893750.0,	0.04617118835449219,	0.05531883239746094
5382912500.0,	0.04722023010253906,	0.054492950439453125
5382931250.0,	0.04804801940917969,	0.054019927978515625
5382950000.0,	0.04705810546875,	0.05457496643066406
5382968750.0,	0.047939300537109375,	0.05320167541503906
5382987500.0,	0.04798698425292969,	0.0537261962890625
5383006250.0,	0.048870086669921875,	0.05430793762207031
5383025000.0,	0.04706764221191406,	0.05434226989746094
5383043750.0,	0.04772186279296875,	0.05572319030761719
5383062500.0,	0.04815483093261719,	0.0509185791015625
5383081250.0,	0.04837799072265625,	0.054050445556640625
5383100000.0,	0.04963874816894531,	0.05266380310058594
5383118750.0,	0.049121856689453125,	0.05332756042480469
5383137500.0,	0.04850959777832031,	0.0555877685546875
5383156250.0,	0.047943115234375,	0.05454444885253906
5383175000.0,	0.048976898193359375,	0.0541534423828125
5383193750.0,	0.04522514343261719,	0.0534210205078125
5383212500.0,	0.04720497131347656,	0.05336952209472656
5383231250.0,	0.04795074462890625,	0.05374336242675781
5383250000.0,	0.04679679870605469,	0.05423927307128906
5383268750.0,	0.047161102294921875,	0.05528831481933594
5383287500.0,	0.049266815185546875,	0.05431938171386719
5383306250.0,	0.04961395263671875,	0.05342674255371094
5383325000.0,	0.04777717590332031,	0.05451011657714844
5383343750.0,	0.04805755615234375,	0.054065704345703125
5383362500.0,	0.04728507995605469,	0.05336761474609375
5383381250.0,	0.046863555908203125,	0.053867340087890625
5383400000.0,	0.04755401611328125,	0.053295135498046875
5383418750.0,	0.04851341247558594,	0.05426979064941406
5383437500.0,	0.04760932922363281,	0.05628013610839844
5383456250.0,	0.0487060546875,	0.05400848388671875
5383475000.0,	0.04581260681152344,	0.055816650390625
5383493750.0,	0.04898643493652344,	0.05483818054199219
5383512500.0,	0.04758262634277344,	0.055431365966796875
5383531250.0,	0.04667854309082031,	0.05265617370605469
5383550000.0,	0.04937934875488281,	0.05460548400878906
5383568750.0,	0.0489501953125,	0.052463531494140625
5383587500.0,	0.0474700927734375,	0.0525970458984375
5383606250.0,	0.048309326171875,	0.053615570068359375
5383625000.0,	0.04783058166503906,	0.05466270446777344
5383643750.0,	0.04737663269042969,	0.05716896057128906
5383662500.0,	0.04684257507324219,	0.0543060302734375
5383681250.0,	0.046112060546875,	0.05414772033691406
5383700000.0,	0.04860687255859375,	0.05534172058105469
5383718750.0,	0.04917144775390625,	0.0556488037109375
5383737500.0,	0.04629325866699219,	0.054264068603515625
5383756250.0,	0.04572486877441406,	0.05490684509277344
5383775000.0,	0.0484466552734375,	0.05301666259765625
5383793750.0,	0.04991912841796875,	0.05383110046386719
5383812500.0,	0.047046661376953125,	0.054645538330078125
5383831250.0,	0.04832267761230469,	0.05241584777832031
5383850000.0,	0.0454254150390625,	0.05322265625
5383868750.0,	0.04645729064941406,	0.05434608459472656
5383887500.0,	0.04564476013183594,	0.05387687683105469
5383906250.0,	0.049312591552734375,	0.05532646179199219
5383925000.0,	0.04975318908691406,	0.05543327331542969
5383943750.0,	0.0471954345703125,	0.05403327941894531
5383962500.0,	0.0500335693359375,	0.05521583557128906
5383981250.0,	0.04752159118652344,	0.054836273193359375
5384000000.0,	0.049915313720703125,	0.05283927917480469
5384018750.0,	0.04537200927734375,	0.05419349670410156
5384037500.0,	0.04625701904296875,	0.05471992492675781
5384056250.0,	0.04716300964355469,	0.056430816650390625
5384075000.0,	0.04912757873535156,	0.053409576416015625
5384093750.0,	0.04931449890136719,	0.054355621337890625
5384112500.0,	0.04829216003417969,	0.0546112060546875
5384131250.0,	0.04691123962402344,	0.055145263671875
5384150000.0,	0.048877716064453125,	0.05631256103515625
5384168750.0,	0.046588897705078125,	0.055500030517578125
5384187500.0,	0.04899024963378906,	0.0530242919921875
5384206250.0,	0.04589271545410156,	0.05537986755371094
5384225000.0,	0.04627227783203125,	0.05445289611816406
5384243750.0,	0.046855926513671875,	0.05562019348144531
5384262500.0,	0.04864311218261719,	0.05326080322265625
5384281250.0,	0.049953460693359375,	0.05408287048339844
5384300000.0,	0.04815483093261719,	0.054027557373046875
5384318750.0,	0.048191070556640625,	0.05422019958496094
5384337500.0,	0.0484466552734375,	0.05634498596191406
5384356250.0,	0.046680450439453125,	0.055217742919921875
5384375000.0,	0.04791831970214844,	0.05554389953613281
5384393750.0,	0.04682731628417969,	0.055450439453125
5384412500.0,	0.04892921447753906,	0.058139801025390625
5384431250.0,	0.0464324951171875,	0.055408477783203125
5384450000.0,	0.047393798828125,	0.055789947509765625
5384468750.0,	0.047821044921875,	0.05263519287109375
5384487500.0,	0.045986175537109375,	0.05615425109863281
5384506250.0,	0.04936981201171875,	0.0560760498046875
5384525000.0,	0.04751396179199219,	0.05572509765625
5384543750.0,	0.04876136779785156,	0.05661964416503906
5384562500.0,	0.04697608947753906,	0.05459022521972656
5384581250.0,	0.046573638916015625,	0.05460929870605469
5384600000.0,	0.04951286315917969,	0.055446624755859375
5384618750.0,	0.047527313232421875,	0.05602073669433594
5384637500.0,	0.04836845397949219,	0.055633544921875
5384656250.0,	0.04689788818359375,	0.055973052978515625
5384675000.0,	0.04828071594238281,	0.05650138854980469
5384693750.0,	0.048412322998046875,	0.052707672119140625
5384712500.0,	0.05108451843261719,	0.056324005126953125
5384731250.0,	0.0468597412109375,	0.055950164794921875
5384750000.0,	0.048320770263671875,	0.05397796630859375
5384768750.0,	0.04769134521484375,	0.056674957275390625
5384787500.0,	0.04638099670410156,	0.05590248107910156
5384806250.0,	0.04820060729980469,	0.05554771423339844
5384825000.0,	0.048828125,	0.05573081970214844
5384843750.0,	0.04826927185058594,	0.0564727783203125
5384862500.0,	0.047954559326171875,	0.05815696716308594
5384881250.0,	0.047641754150390625,	0.056850433349609375
5384900000.0,	0.04837989807128906,	0.055240631103515625
5384918750.0,	0.047515869140625,	0.05486297607421875
5384937500.0,	0.04849433898925781,	0.05560874938964844
5384956250.0,	0.047611236572265625,	0.05777549743652344
5384975000.0,	0.047344207763671875,	0.055500030517578125
5384993750.0,	0.049022674560546875,	0.05463409423828125
5385012500.0,	0.04693794250488281,	0.056354522705078125
5385031250.0,	0.048069000244140625,	0.05365562438964844
5385050000.0,	0.047779083251953125,	0.05542182922363281
5385068750.0,	0.047451019287109375,	0.056957244873046875
5385087500.0,	0.049579620361328125,	0.05882835388183594
5385106250.0,	0.04680633544921875,	0.055149078369140625
5385125000.0,	0.046833038330078125,	0.05589866638183594
5385143750.0,	0.046054840087890625,	0.0557098388671875
5385162500.0,	0.04779624938964844,	0.0547943115234375
5385181250.0,	0.046779632568359375,	0.056537628173828125
5385200000.0,	0.04585456848144531,	0.05576896667480469
5385218750.0,	0.04710578918457031,	0.05696868896484375
5385237500.0,	0.045917510986328125,	0.05745124816894531
5385256250.0,	0.04825592041015625,	0.05621910095214844
5385275000.0,	0.04606437683105469,	0.05536079406738281
5385293750.0,	0.04798316955566406,	0.057712554931640625
5385312500.0,	0.04721260070800781,	0.05436897277832031
5385331250.0,	0.04848480224609375,	0.05591011047363281
5385350000.0,	0.04664802551269531,	0.05677986145019531
5385368750.0,	0.04714393615722656,	0.05571556091308594
5385387500.0,	0.04650306701660156,	0.05523109436035156
5385406250.0,	0.04706382751464844,	0.056003570556640625
5385425000.0,	0.04803657531738281,	0.056476593017578125
5385443750.0,	0.04823493957519531,	0.05475044250488281
5385462500.0,	0.04715538024902344,	0.05457305908203125
5385481250.0,	0.04894065856933594,	0.05476188659667969
5385500000.0,	0.0475311279296875,	0.05462074279785156
5385518750.0,	0.047473907470703125,	0.05576324462890625
5385537500.0,	0.0492095947265625,	0.056606292724609375
5385556250.0,	0.047210693359375,	0.05617332458496094
5385575000.0,	0.04678916931152344,	0.05648040771484375
5385593750.0,	0.04918098449707031,	0.0569000244140625
5385612500.0,	0.048046112060546875,	0.057147979736328125
5385631250.0,	0.04648590087890625,	0.05836677551269531
5385650000.0,	0.04537391662597656,	0.054996490478515625
5385668750.0,	0.04892158508300781,	0.05537605285644531
5385687500.0,	0.04724693298339844,	0.0581512451171875
5385706250.0,	0.04791069030761719,	0.05386161804199219
5385725000.0,	0.04949378967285156,	0.05438232421875
5385743750.0,	0.04823875427246094,	0.05763053894042969
5385762500.0,	0.048038482666015625,	0.05606269836425781
5385781250.0,	0.04974555969238281,	0.057037353515625
5385800000.0,	0.047382354736328125,	0.0556182861328125
5385818750.0,	0.04697608947753906,	0.056598663330078125
5385837500.0,	0.04609107971191406,	0.05507087707519531
5385856250.0,	0.048549652099609375,	0.05718040466308594
5385875000.0,	0.04889869689941406,	0.0572967529296875
5385893750.0,	0.04563331604003906,	0.055812835693359375
5385912500.0,	0.049167633056640625,	0.05550956726074219
5385931250.0,	0.046611785888671875,	0.05840301513671875
5385950000.0,	0.046092987060546875,	0.05564117431640625
5385968750.0,	0.04770660400390625,	0.05549430847167969
5385987500.0,	0.04808616638183594,	0.05497550964355469
5386006250.0,	0.047443389892578125,	0.05802345275878906
5386025000.0,	0.05006599426269531,	0.057216644287109375
5386043750.0,	0.04834938049316406,	0.05687713623046875
5386062500.0,	0.04779052734375,	0.05640411376953125
5386081250.0,	0.047313690185546875,	0.055881500244140625
5386100000.0,	0.049770355224609375,	0.05552482604980469
5386118750.0,	0.04791450500488281,	0.057586669921875
5386137500.0,	0.04916572570800781,	0.0568695068359375
5386156250.0,	0.04650688171386719,	0.0562286376953125
5386175000.0,	0.048625946044921875,	0.057552337646484375
5386193750.0,	0.0465545654296875,	0.05644798278808594
5386212500.0,	0.04683876037597656,	0.05644798278808594
5386231250.0,	0.04760551452636719,	0.05629920959472656
5386250000.0,	0.04837226867675781,	0.058391571044921875
5386268750.0,	0.04784202575683594,	0.05588340759277344
5386287500.0,	0.04784393310546875,	0.0554351806640625
5386306250.0,	0.04723167419433594,	0.057464599609375
5386325000.0,	0.04763603210449219,	0.0571136474609375
5386343750.0,	0.047222137451171875,	0.05879783630371094
5386362500.0,	0.04631614685058594,	0.05498313903808594
5386381250.0,	0.048519134521484375,	0.056629180908203125
5386400000.0,	0.046291351318359375,	0.057811737060546875
5386418750.0,	0.045795440673828125,	0.056987762451171875
5386437500.0,	0.046722412109375,	0.0581207275390625
5386456250.0,	0.048488616943359375,	0.05452537536621094
5386475000.0,	0.04735565185546875,	0.058719635009765625
5386493750.0,	0.0460052490234375,	0.056751251220703125
5386512500.0,	0.04983711242675781,	0.05611610412597656
5386531250.0,	0.047771453857421875,	0.05755615234375
5386550000.0,	0.04803657531738281,	0.05584144592285156
5386568750.0,	0.04656028747558594,	0.055850982666015625
5386587500.0,	0.046062469482421875,	0.05809593200683594
5386606250.0,	0.048091888427734375,	0.05558967590332031
5386625000.0,	0.04731941223144531,	0.05623817443847656
5386643750.0,	0.048152923583984375,	0.057598114013671875
5386662500.0,	0.04656410217285156,	0.05838966369628906
5386681250.0,	0.04782295227050781,	0.05760002136230469
5386700000.0,	0.04681205749511719,	0.05694007873535156
5386718750.0,	0.0489959716796875,	0.05639457702636719
5386737500.0,	0.04865264892578125,	0.05851936340332031
5386756250.0,	0.04890251159667969,	0.05629730224609375
5386775000.0,	0.04862785339355469,	0.057460784912109375
5386793750.0,	0.045806884765625,	0.05648040771484375
5386812500.0,	0.047183990478515625,	0.05562400817871094
5386831250.0,	0.047794342041015625,	0.058002471923828125
5386850000.0,	0.0455169677734375,	0.05771446228027344
5386868750.0,	0.048397064208984375,	0.0565032958984375
5386887500.0,	0.04844093322753906,	0.057422637939453125
5386906250.0,	0.047039031982421875,	0.05713653564453125
5386925000.0,	0.04660224914550781,	0.058101654052734375
5386943750.0,	0.04741477966308594,	0.05663871765136719
5386962500.0,	0.04690742492675781,	0.05853080749511719
5386981250.0,	0.04730224609375,	0.05718803405761719
5387000000.0,	0.04817962646484375,	0.0570526123046875
5387018750.0,	0.045932769775390625,	0.055065155029296875
5387037500.0,	0.048198699951171875,	0.05626678466796875
5387056250.0,	0.047252655029296875,	0.056980133056640625
5387075000.0,	0.0493316650390625,	0.057071685791015625
5387093750.0,	0.047229766845703125,	0.057170867919921875
5387112500.0,	0.04650306701660156,	0.05716133117675781
5387131250.0,	0.04725837707519531,	0.05824089050292969
5387150000.0,	0.04730987548828125,	0.05832099914550781
5387168750.0,	0.046413421630859375,	0.05659294128417969
5387187500.0,	0.046909332275390625,	0.056606292724609375
5387206250.0,	0.04892921447753906,	0.05764579772949219
5387225000.0,	0.04833984375,	0.05699920654296875
5387243750.0,	0.04718780517578125,	0.05542945861816406
5387262500.0,	0.04761695861816406,	0.05722999572753906
5387281250.0,	0.04770469665527344,	0.05465507507324219
5387300000.0,	0.0482330322265625,	0.05796241760253906
5387318750.0,	0.04953765869140625,	0.059032440185546875
5387337500.0,	0.049041748046875,	0.0575408935546875
5387356250.0,	0.0467529296875,	0.0569915771484375
5387375000.0,	0.046871185302734375,	0.05592155456542969
5387393750.0,	0.047763824462890625,	0.05769920349121094
5387412500.0,	0.04846382141113281,	0.057392120361328125
5387431250.0,	0.0469207763671875,	0.05629920959472656
5387450000.0,	0.047641754150390625,	0.05653953552246094
5387468750.0,	0.047740936279296875,	0.05719757080078125
5387487500.0,	0.04341888427734375,	0.05865478515625
5387506250.0,	0.0488739013671875,	0.05721473693847656
5387525000.0,	0.04818153381347656,	0.056293487548828125
5387543750.0,	0.04539299011230469,	0.05763816833496094
5387562500.0,	0.04679298400878906,	0.05679893493652344
5387581250.0,	0.04714012145996094,	0.054965972900390625
5387600000.0,	0.04683685302734375,	0.05960845947265625
5387618750.0,	0.04579925537109375,	0.05692291259765625
5387637500.0,	0.04657173156738281,	0.057399749755859375
5387656250.0,	0.04872894287109375,	0.057903289794921875
5387675000.0,	0.04632568359375,	0.057872772216796875
5387693750.0,	0.04658317565917969,	0.05589103698730469
5387712500.0,	0.04839324951171875,	0.05666542053222656
5387731250.0,	0.04860877990722656,	0.05706024169921875
5387750000.0,	0.04717063903808594,	0.05694770812988281
5387768750.0,	0.0478973388671875,	0.058246612548828125
5387787500.0,	0.04824066162109375,	0.05890846252441406
5387806250.0,	0.047191619873046875,	0.05851554870605469
5387825000.0,	0.0468292236328125,	0.058315277099609375
5387843750.0,	0.04759788513183594,	0.0561065673828125
5387862500.0,	0.04563331604003906,	0.05867958068847656
5387881250.0,	0.04605865478515625,	0.05657005310058594
5387900000.0,	0.04684257507324219,	0.05933189392089844
5387918750.0,	0.04746437072753906,	0.05709075927734375
5387937500.0,	0.0467071533203125,	0.05709075927734375
5387956250.0,	0.046031951904296875,	0.05718803405761719
5387975000.0,	0.04534149169921875,	0.05915069580078125
5387993750.0,	0.04651451110839844,	0.05808067321777344
5388012500.0,	0.04864692687988281,	0.056976318359375
5388031250.0,	0.04778480529785156,	0.05684089660644531
5388050000.0,	0.04950141906738281,	0.05804634094238281
5388068750.0,	0.04796600341796875,	0.05880928039550781
5388087500.0,	0.04734992980957031,	0.056545257568359375
5388106250.0,	0.045093536376953125,	0.05692100524902344
5388125000.0,	0.04753875732421875,	0.060405731201171875
5388143750.0,	0.04820060729980469,	0.057529449462890625
5388162500.0,	0.04581451416015625,	0.05657958984375
5388181250.0,	0.04838371276855469,	0.05876922607421875
5388200000.0,	0.046688079833984375,	0.05507087707519531
5388218750.0,	0.04678153991699219,	0.057476043701171875
5388237500.0,	0.04741096496582031,	0.057926177978515625
5388256250.0,	0.04705810546875,	0.056758880615234375
5388275000.0,	0.046428680419921875,	0.05626869201660156
5388293750.0,	0.0486602783203125,	0.05687522888183594
5388312500.0,	0.046924591064453125,	0.05952644348144531
5388331250.0,	0.04793739318847656,	0.058536529541015625
5388350000.0,	0.04798698425292969,	0.058071136474609375
5388368750.0,	0.04646492004394531,	0.05916786193847656
5388387500.0,	0.047664642333984375,	0.057636260986328125
5388406250.0,	0.046459197998046875,	0.05539703369140625
5388425000.0,	0.04752349853515625,	0.05834770202636719
5388443750.0,	0.04647254943847656,	0.05828666687011719
5388462500.0,	0.04497718811035156,	0.0566864013671875
5388481250.0,	0.04818916320800781,	0.05664253234863281
5388500000.0,	0.047306060791015625,	0.05706214904785156
5388518750.0,	0.04721260070800781,	0.059528350830078125
5388537500.0,	0.04735565185546875,	0.0560760498046875
5388556250.0,	0.046375274658203125,	0.05607032775878906
5388575000.0,	0.046985626220703125,	0.05708885192871094
5388593750.0,	0.04640960693359375,	0.05620765686035156
5388612500.0,	0.04738044738769531,	0.05721473693847656
5388631250.0,	0.04700279235839844,	0.05919647216796875
5388650000.0,	0.04493141174316406,	0.05742835998535156
5388668750.0,	0.04826164245605469,	0.05782127380371094
5388687500.0,	0.04876136779785156,	0.05739402770996094
5388706250.0,	0.04705619812011719,	0.05758857727050781
5388725000.0,	0.047393798828125,	0.05698394775390625
5388743750.0,	0.04630851745605469,	0.05725288391113281
5388762500.0,	0.04807281494140625,	0.057010650634765625
5388781250.0,	0.04886817932128906,	0.05740165710449219
5388800000.0,	0.04409217834472656,	0.05696296691894531
5388818750.0,	0.047634124755859375,	0.055759429931640625
5388837500.0,	0.045757293701171875,	0.0579071044921875
5388856250.0,	0.045928955078125,	0.05775642395019531
5388875000.0,	0.04728507995605469,	0.05833244323730469
5388893750.0,	0.049114227294921875,	0.059566497802734375
5388912500.0,	0.046520233154296875,	0.05844306945800781
5388931250.0,	0.04901123046875,	0.057159423828125
5388950000.0,	0.046966552734375,	0.05686759948730469
5388968750.0,	0.04733467102050781,	0.05797576904296875
5388987500.0,	0.04744529724121094,	0.059009552001953125
5389006250.0,	0.04862403869628906,	0.05886650085449219
5389025000.0,	0.04722023010253906,	0.05867958068847656
5389043750.0,	0.04592704772949219,	0.05700492858886719
5389062500.0,	0.046276092529296875,	0.05954551696777344
5389081250.0,	0.04480934143066406,	0.05903434753417969
5389100000.0,	0.04759788513183594,	0.058551788330078125
5389118750.0,	0.046703338623046875,	0.059803009033203125
5389137500.0,	0.04913902282714844,	0.05615043640136719
5389156250.0,	0.048091888427734375,	0.058086395263671875
5389175000.0,	0.04665374755859375,	0.057842254638671875
5389193750.0,	0.048618316650390625,	0.05767250061035156
5389212500.0,	0.04784965515136719,	0.05846977233886719
5389231250.0,	0.04643058776855469,	0.05807685852050781
5389250000.0,	0.04731559753417969,	0.05663871765136719
5389268750.0,	0.04709434509277344,	0.05570030212402344
5389287500.0,	0.04790687561035156,	0.057453155517578125
5389306250.0,	0.04665374755859375,	0.05805778503417969
5389325000.0,	0.047702789306640625,	0.056560516357421875
5389343750.0,	0.04463958740234375,	0.059162139892578125
5389362500.0,	0.047454833984375,	0.05726051330566406
5389381250.0,	0.044952392578125,	0.061450958251953125
5389400000.0,	0.04759788513183594,	0.060077667236328125
5389418750.0,	0.0466156005859375,	0.05796623229980469
5389437500.0,	0.04823112487792969,	0.05728912353515625
5389456250.0,	0.04876899719238281,	0.05927467346191406
5389475000.0,	0.044708251953125,	0.05931282043457031
5389493750.0,	0.04569244384765625,	0.05951499938964844
5389512500.0,	0.04564666748046875,	0.05904960632324219
5389531250.0,	0.04566001892089844,	0.058994293212890625
5389550000.0,	0.048084259033203125,	0.0583038330078125
5389568750.0,	0.048069000244140625,	0.05697822570800781
5389587500.0,	0.046772003173828125,	0.05930137634277344
5389606250.0,	0.04845428466796875,	0.059734344482421875
5389625000.0,	0.046413421630859375,	0.057071685791015625
5389643750.0,	0.04839897155761719,	0.057647705078125
5389662500.0,	0.04739570617675781,	0.05893898010253906
5389681250.0,	0.04472541809082031,	0.056041717529296875
5389700000.0,	0.047840118408203125,	0.05960845947265625
5389718750.0,	0.048183441162109375,	0.060443878173828125
5389737500.0,	0.04695320129394531,	0.059680938720703125
5389756250.0,	0.0471038818359375,	0.05914878845214844
5389775000.0,	0.04549980163574219,	0.05939674377441406
5389793750.0,	0.04806709289550781,	0.056316375732421875
5389812500.0,	0.04642677307128906,	0.05754661560058594
5389831250.0,	0.04684638977050781,	0.05810356140136719
5389850000.0,	0.04729461669921875,	0.05811500549316406
5389868750.0,	0.046314239501953125,	0.057842254638671875
5389887500.0,	0.04721641540527344,	0.05730438232421875
5389906250.0,	0.047748565673828125,	0.06144905090332031
5389925000.0,	0.04693603515625,	0.0586090087890625
5389943750.0,	0.0455322265625,	0.05822944641113281
5389962500.0,	0.04562568664550781,	0.05892753601074219
5389981250.0,	0.04609870910644531,	0.05819892883300781
5390000000.0,	0.04788970947265625,	0.05968666076660156
