5610031250.0,	0.0696868896484375,	0.09340286254882812
5610062500.0,	0.07082366943359375,	0.09326934814453125
5610093750.0,	0.07149124145507812,	0.09393692016601562
5610125000.0,	0.07123184204101562,	0.09203338623046875
5610156250.0,	0.07220458984375,	0.09286117553710938
5610187500.0,	0.07078933715820312,	0.09223175048828125
5610218750.0,	0.07166290283203125,	0.09333419799804688
5610250000.0,	0.07211685180664062,	0.09246444702148438
5610281250.0,	0.0706024169921875,	0.09391021728515625
5610312500.0,	0.07041549682617188,	0.093902587890625
5610343750.0,	0.07108688354492188,	0.09087371826171875
5610375000.0,	0.06954193115234375,	0.097625732421875
5610406250.0,	0.071533203125,	0.09339523315429688
5610437500.0,	0.07167816162109375,	0.09549713134765625
5610468750.0,	0.07185745239257812,	0.0930328369140625
5610500000.0,	0.06988525390625,	0.090789794921875
5610531250.0,	0.07198715209960938,	0.09155654907226562
5610562500.0,	0.06999969482421875,	0.09289169311523438
5610593750.0,	0.07219696044921875,	0.09326934814453125
5610625000.0,	0.07178497314453125,	0.09331130981445312
5610656250.0,	0.07236099243164062,	0.09354782104492188
5610687500.0,	0.07163619995117188,	0.0947113037109375
5610718750.0,	0.07295989990234375,	0.09458541870117188
5610750000.0,	0.0721282958984375,	0.09438323974609375
5610781250.0,	0.07253265380859375,	0.09330368041992188
5610812500.0,	0.07205581665039062,	0.09455490112304688
5610843750.0,	0.0709075927734375,	0.09316253662109375
5610875000.0,	0.07144546508789062,	0.09334945678710938
5610906250.0,	0.07004547119140625,	0.09290313720703125
5610937500.0,	0.070526123046875,	0.09247970581054688
5610968750.0,	0.07145309448242188,	0.09197998046875
5611000000.0,	0.0710906982421875,	0.09412765502929688
5611031250.0,	0.0720367431640625,	0.094940185546875
5611062500.0,	0.07188034057617188,	0.09292221069335938
5611093750.0,	0.07052993774414062,	0.09429550170898438
5611125000.0,	0.071807861328125,	0.09527969360351562
5611156250.0,	0.07012176513671875,	0.09496688842773438
5611187500.0,	0.07117462158203125,	0.09427642822265625
5611218750.0,	0.074188232421875,	0.09293365478515625
5611250000.0,	0.07245635986328125,	0.09569549560546875
5611281250.0,	0.07172393798828125,	0.09318923950195312
5611312500.0,	0.07047653198242188,	0.09480667114257812
5611343750.0,	0.07263946533203125,	0.09378814697265625
5611375000.0,	0.07188034057617188,	0.09497451782226562
5611406250.0,	0.07289505004882812,	0.09622573852539062
5611437500.0,	0.07286453247070312,	0.09238433837890625
5611468750.0,	0.07160568237304688,	0.095489501953125
5611500000.0,	0.07137680053710938,	0.09342193603515625
5611531250.0,	0.07464218139648438,	0.0937652587890625
5611562500.0,	0.071136474609375,	0.09444046020507812
5611593750.0,	0.07020187377929688,	0.09389877319335938
5611625000.0,	0.0699920654296875,	0.09523391723632812
5611656250.0,	0.0713348388671875,	0.09603500366210938
5611687500.0,	0.07184219360351562,	0.094451904296875
5611718750.0,	0.071929931640625,	0.09567642211914062
5611750000.0,	0.072509765625,	0.09580612182617188
5611781250.0,	0.07269287109375,	0.09476470947265625
5611812500.0,	0.074066162109375,	0.0930023193359375
5611843750.0,	0.07320404052734375,	0.09411239624023438
5611875000.0,	0.07268905639648438,	0.09585952758789062
5611906250.0,	0.072509765625,	0.09641647338867188
5611937500.0,	0.07400131225585938,	0.09566116333007812
5611968750.0,	0.07212448120117188,	0.09415817260742188
5612000000.0,	0.071197509765625,	0.09487533569335938
5612031250.0,	0.07023239135742188,	0.09344863891601562
5612062500.0,	0.07292938232421875,	0.0970306396484375
5612093750.0,	0.07245635986328125,	0.09429168701171875
5612125000.0,	0.074432373046875,	0.09642791748046875
5612156250.0,	0.0728607177734375,	0.09423065185546875
5612187500.0,	0.07249832153320312,	0.09117889404296875
5612218750.0,	0.0731658935546875,	0.09518814086914062
5612250000.0,	0.073394775390625,	0.0966796875
5612281250.0,	0.07260513305664062,	0.09505462646484375
5612312500.0,	0.07080841064453125,	0.09530258178710938
5612343750.0,	0.07308197021484375,	0.09329986572265625
5612375000.0,	0.07292938232421875,	0.09556198120117188
5612406250.0,	0.07053375244140625,	0.09495925903320312
5612437500.0,	0.07223892211914062,	0.09608840942382812
5612468750.0,	0.07175064086914062,	0.09444808959960938
5612500000.0,	0.070648193359375,	0.09466552734375
5612531250.0,	0.07509613037109375,	0.0966949462890625
5612562500.0,	0.07261276245117188,	0.09589767456054688
5612593750.0,	0.07345962524414062,	0.09555435180664062
5612625000.0,	0.07236862182617188,	0.09601974487304688
5612656250.0,	0.07262420654296875,	0.09676742553710938
5612687500.0,	0.07126617431640625,	0.09581375122070312
5612718750.0,	0.0750732421875,	0.097869873046875
5612750000.0,	0.07073593139648438,	0.09615707397460938
5612781250.0,	0.07238006591796875,	0.09578323364257812
5612812500.0,	0.0734100341796875,	0.09698867797851562
5612843750.0,	0.07332611083984375,	0.09505844116210938
5612875000.0,	0.07357406616210938,	0.095916748046875
5612906250.0,	0.07137298583984375,	0.09558868408203125
5612937500.0,	0.07405853271484375,	0.09668731689453125
5612968750.0,	0.07218170166015625,	0.09653854370117188
5613000000.0,	0.07378768920898438,	0.09733963012695312
5613031250.0,	0.07279586791992188,	0.0959930419921875
5613062500.0,	0.070159912109375,	0.09580230712890625
5613093750.0,	0.07455062866210938,	0.09748458862304688
5613125000.0,	0.07385635375976562,	0.09479522705078125
5613156250.0,	0.07231903076171875,	0.095855712890625
5613187500.0,	0.07262802124023438,	0.09584426879882812
5613218750.0,	0.07459259033203125,	0.09747695922851562
5613250000.0,	0.07139205932617188,	0.09715652465820312
5613281250.0,	0.07197189331054688,	0.09625244140625
5613312500.0,	0.072174072265625,	0.09636306762695312
5613343750.0,	0.073150634765625,	0.0971221923828125
5613375000.0,	0.07463455200195312,	0.09655380249023438
5613406250.0,	0.07209396362304688,	0.09610366821289062
5613437500.0,	0.07179641723632812,	0.09711456298828125
5613468750.0,	0.07456207275390625,	0.09571075439453125
5613500000.0,	0.0737152099609375,	0.09682464599609375
5613531250.0,	0.07274627685546875,	0.0964813232421875
5613562500.0,	0.07394027709960938,	0.09753799438476562
5613593750.0,	0.07144927978515625,	0.09891510009765625
5613625000.0,	0.07453536987304688,	0.09581756591796875
5613656250.0,	0.07323455810546875,	0.09647750854492188
5613687500.0,	0.0703125,	0.09929656982421875
5613718750.0,	0.07397079467773438,	0.09685134887695312
5613750000.0,	0.07366943359375,	0.09466552734375
5613781250.0,	0.072662353515625,	0.09482955932617188
5613812500.0,	0.07398605346679688,	0.0973052978515625
5613843750.0,	0.07415390014648438,	0.09928131103515625
5613875000.0,	0.07468414306640625,	0.09747314453125
5613906250.0,	0.07309341430664062,	0.0960235595703125
5613937500.0,	0.0741424560546875,	0.09527969360351562
5613968750.0,	0.07289505004882812,	0.09774017333984375
5614000000.0,	0.07124710083007812,	0.09777450561523438
5614031250.0,	0.07182693481445312,	0.09679794311523438
5614062500.0,	0.07563018798828125,	0.09757614135742188
5614093750.0,	0.07370758056640625,	0.09708786010742188
5614125000.0,	0.07162857055664062,	0.09869003295898438
5614156250.0,	0.07434463500976562,	0.0967254638671875
5614187500.0,	0.07609176635742188,	0.09817886352539062
5614218750.0,	0.07136154174804688,	0.09750747680664062
5614250000.0,	0.07352066040039062,	0.09825897216796875
5614281250.0,	0.07236480712890625,	0.09662628173828125
5614312500.0,	0.07525253295898438,	0.09564208984375
5614343750.0,	0.0750732421875,	0.0974578857421875
5614375000.0,	0.07588958740234375,	0.09940719604492188
5614406250.0,	0.07409286499023438,	0.0996551513671875
5614437500.0,	0.07431793212890625,	0.09836578369140625
5614468750.0,	0.0736846923828125,	0.096038818359375
5614500000.0,	0.07291412353515625,	0.09846115112304688
5614531250.0,	0.07512664794921875,	0.09695053100585938
5614562500.0,	0.07332229614257812,	0.09883880615234375
5614593750.0,	0.07295608520507812,	0.09704208374023438
5614625000.0,	0.07430267333984375,	0.09814453125
5614656250.0,	0.07318496704101562,	0.09878158569335938
5614687500.0,	0.0745849609375,	0.09812545776367188
5614718750.0,	0.075286865234375,	0.0966033935546875
5614750000.0,	0.07513427734375,	0.09868240356445312
5614781250.0,	0.07661819458007812,	0.098724365234375
5614812500.0,	0.0732574462890625,	0.09666824340820312
5614843750.0,	0.07601547241210938,	0.0969085693359375
5614875000.0,	0.074310302734375,	0.09937667846679688
5614906250.0,	0.07484054565429688,	0.0980072021484375
5614937500.0,	0.07518768310546875,	0.09635162353515625
5614968750.0,	0.0732421875,	0.09878921508789062
5615000000.0,	0.073699951171875,	0.09625625610351562
5615031250.0,	0.07354736328125,	0.09820938110351562
5615062500.0,	0.0754241943359375,	0.09949111938476562
5615093750.0,	0.0736541748046875,	0.09865570068359375
5615125000.0,	0.07358551025390625,	0.098480224609375
5615156250.0,	0.0747833251953125,	0.10033798217773438
5615187500.0,	0.07369232177734375,	0.09886932373046875
5615218750.0,	0.0737152099609375,	0.09787750244140625
5615250000.0,	0.07603073120117188,	0.09966659545898438
5615281250.0,	0.07653045654296875,	0.09924697875976562
5615312500.0,	0.0732269287109375,	0.09887313842773438
5615343750.0,	0.07625198364257812,	0.09698867797851562
5615375000.0,	0.07478713989257812,	0.0973968505859375
5615406250.0,	0.0749969482421875,	0.09799957275390625
5615437500.0,	0.07421112060546875,	0.097930908203125
5615468750.0,	0.07442855834960938,	0.10104751586914062
5615500000.0,	0.07526779174804688,	0.09965896606445312
5615531250.0,	0.07551956176757812,	0.10060882568359375
5615562500.0,	0.07462310791015625,	0.1007843017578125
5615593750.0,	0.0738677978515625,	0.09864425659179688
5615625000.0,	0.0745391845703125,	0.09848403930664062
5615656250.0,	0.0737152099609375,	0.09858322143554688
5615687500.0,	0.076263427734375,	0.10141372680664062
5615718750.0,	0.07384109497070312,	0.10132598876953125
5615750000.0,	0.07499313354492188,	0.09680557250976562
5615781250.0,	0.075958251953125,	0.10091400146484375
5615812500.0,	0.07492446899414062,	0.09836959838867188
5615843750.0,	0.0744781494140625,	0.10031890869140625
5615875000.0,	0.074981689453125,	0.09928131103515625
5615906250.0,	0.07413482666015625,	0.09893798828125
5615937500.0,	0.07513046264648438,	0.098541259765625
5615968750.0,	0.07633209228515625,	0.1016845703125
5616000000.0,	0.07326889038085938,	0.09830474853515625
5616031250.0,	0.07557296752929688,	0.09878158569335938
5616062500.0,	0.073150634765625,	0.09990692138671875
5616093750.0,	0.07646942138671875,	0.098388671875
5616125000.0,	0.0756683349609375,	0.09991073608398438
5616156250.0,	0.07558441162109375,	0.09997177124023438
5616187500.0,	0.07767486572265625,	0.099029541015625
5616218750.0,	0.07337570190429688,	0.0982208251953125
5616250000.0,	0.07602310180664062,	0.09828948974609375
5616281250.0,	0.0772552490234375,	0.10105514526367188
5616312500.0,	0.07713699340820312,	0.1001739501953125
5616343750.0,	0.07558441162109375,	0.10139846801757812
5616375000.0,	0.07480621337890625,	0.09968185424804688
5616406250.0,	0.0772247314453125,	0.099395751953125
5616437500.0,	0.07561111450195312,	0.09972763061523438
5616468750.0,	0.0748291015625,	0.10039901733398438
5616500000.0,	0.07621383666992188,	0.10087966918945312
5616531250.0,	0.07484817504882812,	0.10175323486328125
5616562500.0,	0.075653076171875,	0.10123825073242188
5616593750.0,	0.07695388793945312,	0.10083770751953125
5616625000.0,	0.07469558715820312,	0.09998321533203125
5616656250.0,	0.07598495483398438,	0.09954071044921875
5616687500.0,	0.07564926147460938,	0.10022735595703125
5616718750.0,	0.07473373413085938,	0.09941482543945312
5616750000.0,	0.07702255249023438,	0.1011199951171875
5616781250.0,	0.07593536376953125,	0.10124969482421875
5616812500.0,	0.07490158081054688,	0.1031646728515625
5616843750.0,	0.0748748779296875,	0.0997314453125
5616875000.0,	0.0759735107421875,	0.10112380981445312
5616906250.0,	0.07501983642578125,	0.100555419921875
5616937500.0,	0.07803726196289062,	0.09994888305664062
5616968750.0,	0.07717132568359375,	0.09885025024414062
5617000000.0,	0.0770416259765625,	0.10171127319335938
5617031250.0,	0.0735321044921875,	0.1003875732421875
5617062500.0,	0.07561111450195312,	0.100555419921875
5617093750.0,	0.07601165771484375,	0.09993362426757812
5617125000.0,	0.07781600952148438,	0.10146713256835938
5617156250.0,	0.0765533447265625,	0.10048294067382812
5617187500.0,	0.07767486572265625,	0.09979629516601562
5617218750.0,	0.0761260986328125,	0.10026931762695312
5617250000.0,	0.07720184326171875,	0.0991973876953125
5617281250.0,	0.076202392578125,	0.10416030883789062
5617312500.0,	0.07666397094726562,	0.10110092163085938
5617343750.0,	0.07777023315429688,	0.10161209106445312
5617375000.0,	0.07642745971679688,	0.10149002075195312
5617406250.0,	0.07459640502929688,	0.10153579711914062
5617437500.0,	0.07681655883789062,	0.09969329833984375
5617468750.0,	0.0771636962890625,	0.102294921875
5617500000.0,	0.07676315307617188,	0.10082626342773438
5617531250.0,	0.07738494873046875,	0.10028457641601562
5617562500.0,	0.07816314697265625,	0.10118865966796875
5617593750.0,	0.07724761962890625,	0.10238265991210938
5617625000.0,	0.079345703125,	0.09899139404296875
5617656250.0,	0.07610702514648438,	0.09980010986328125
5617687500.0,	0.0767059326171875,	0.1013946533203125
5617718750.0,	0.07637405395507812,	0.10208892822265625
5617750000.0,	0.07497024536132812,	0.10009384155273438
5617781250.0,	0.077423095703125,	0.10085296630859375
5617812500.0,	0.07553863525390625,	0.1026458740234375
5617843750.0,	0.07854461669921875,	0.10086822509765625
5617875000.0,	0.07743072509765625,	0.1026763916015625
5617906250.0,	0.07828903198242188,	0.101898193359375
5617937500.0,	0.07675933837890625,	0.0993804931640625
5617968750.0,	0.07871627807617188,	0.1011962890625
5618000000.0,	0.077972412109375,	0.10117340087890625
5618031250.0,	0.07875823974609375,	0.10304641723632812
5618062500.0,	0.07989120483398438,	0.1017913818359375
5618093750.0,	0.0782318115234375,	0.10334396362304688
5618125000.0,	0.07808303833007812,	0.101593017578125
5618156250.0,	0.0770416259765625,	0.10162734985351562
5618187500.0,	0.07896804809570312,	0.1026763916015625
5618218750.0,	0.07720947265625,	0.102996826171875
5618250000.0,	0.0766448974609375,	0.10146713256835938
5618281250.0,	0.0787811279296875,	0.10135650634765625
5618312500.0,	0.07861709594726562,	0.10193252563476562
5618343750.0,	0.07962417602539062,	0.10103607177734375
5618375000.0,	0.07884979248046875,	0.10162353515625
5618406250.0,	0.0772552490234375,	0.10242843627929688
5618437500.0,	0.07787322998046875,	0.09986114501953125
5618468750.0,	0.07969284057617188,	0.1040496826171875
5618500000.0,	0.07857131958007812,	0.10260391235351562
5618531250.0,	0.07651138305664062,	0.10119247436523438
5618562500.0,	0.07821273803710938,	0.10083389282226562
5618593750.0,	0.07790374755859375,	0.10097503662109375
5618625000.0,	0.07697677612304688,	0.1025238037109375
5618656250.0,	0.079742431640625,	0.10314559936523438
5618687500.0,	0.07835769653320312,	0.10234832763671875
5618718750.0,	0.07871627807617188,	0.10181045532226562
5618750000.0,	0.07822799682617188,	0.10279464721679688
5618781250.0,	0.07800674438476562,	0.10125732421875
5618812500.0,	0.079559326171875,	0.10270309448242188
5618843750.0,	0.0809478759765625,	0.10173797607421875
5618875000.0,	0.0788726806640625,	0.1049041748046875
5618906250.0,	0.07997894287109375,	0.1014404296875
5618937500.0,	0.08039474487304688,	0.10265731811523438
5618968750.0,	0.08003616333007812,	0.103118896484375
5619000000.0,	0.08221817016601562,	0.10396194458007812
5619031250.0,	0.078216552734375,	0.10340499877929688
5619062500.0,	0.07863235473632812,	0.1041412353515625
5619093750.0,	0.07876205444335938,	0.10357666015625
5619125000.0,	0.07903289794921875,	0.104156494140625
5619156250.0,	0.0789947509765625,	0.10269927978515625
5619187500.0,	0.08081817626953125,	0.1014404296875
5619218750.0,	0.0797882080078125,	0.10391616821289062
5619250000.0,	0.07883834838867188,	0.10429000854492188
5619281250.0,	0.0792388916015625,	0.10262298583984375
5619312500.0,	0.07880401611328125,	0.102630615234375
5619343750.0,	0.0786895751953125,	0.10297393798828125
5619375000.0,	0.07982635498046875,	0.10394668579101562
5619406250.0,	0.08143997192382812,	0.10217666625976562
5619437500.0,	0.07704925537109375,	0.10418701171875
5619468750.0,	0.08038330078125,	0.1023712158203125
5619500000.0,	0.08023452758789062,	0.10353469848632812
5619531250.0,	0.0803070068359375,	0.10348129272460938
5619562500.0,	0.08062362670898438,	0.10257720947265625
5619593750.0,	0.07781982421875,	0.103363037109375
5619625000.0,	0.07987594604492188,	0.10253143310546875
5619656250.0,	0.08031463623046875,	0.10280990600585938
5619687500.0,	0.07983779907226562,	0.10434722900390625
5619718750.0,	0.07999038696289062,	0.10297775268554688
5619750000.0,	0.08191299438476562,	0.10150909423828125
5619781250.0,	0.08066177368164062,	0.10132217407226562
5619812500.0,	0.0789794921875,	0.10440444946289062
5619843750.0,	0.08127975463867188,	0.10308837890625
5619875000.0,	0.08062744140625,	0.1038665771484375
5619906250.0,	0.07950592041015625,	0.10522079467773438
5619937500.0,	0.0804443359375,	0.10281753540039062
5619968750.0,	0.08380126953125,	0.10278701782226562
5620000000.0,	0.08398056030273438,	0.103240966796875
5620031250.0,	0.08195114135742188,	0.10303878784179688
5620062500.0,	0.08192062377929688,	0.103057861328125
5620093750.0,	0.08150482177734375,	0.10414886474609375
5620125000.0,	0.0822296142578125,	0.10381317138671875
5620156250.0,	0.082489013671875,	0.1031494140625
5620187500.0,	0.0823974609375,	0.10501861572265625
5620218750.0,	0.08115768432617188,	0.1044921875
5620250000.0,	0.08305740356445312,	0.1031494140625
5620281250.0,	0.08052825927734375,	0.10344696044921875
5620312500.0,	0.08067703247070312,	0.10378646850585938
5620343750.0,	0.08100128173828125,	0.1031494140625
5620375000.0,	0.08164215087890625,	0.10208892822265625
5620406250.0,	0.082916259765625,	0.1030426025390625
5620437500.0,	0.08256149291992188,	0.10264205932617188
5620468750.0,	0.08208465576171875,	0.10408782958984375
5620500000.0,	0.08113861083984375,	0.10236740112304688
5620531250.0,	0.08219146728515625,	0.1054840087890625
5620562500.0,	0.08279800415039062,	0.10293960571289062
5620593750.0,	0.08139419555664062,	0.104217529296875
5620625000.0,	0.085174560546875,	0.10401535034179688
5620656250.0,	0.08132553100585938,	0.1031036376953125
5620687500.0,	0.08130264282226562,	0.10338592529296875
5620718750.0,	0.08336257934570312,	0.10303878784179688
5620750000.0,	0.08032608032226562,	0.10297775268554688
5620781250.0,	0.08428955078125,	0.10430526733398438
5620812500.0,	0.08177947998046875,	0.10320663452148438
5620843750.0,	0.08200454711914062,	0.10507583618164062
5620875000.0,	0.08301544189453125,	0.10470962524414062
5620906250.0,	0.08303451538085938,	0.103607177734375
5620937500.0,	0.08187484741210938,	0.10334014892578125
5620968750.0,	0.08449172973632812,	0.10406875610351562
5621000000.0,	0.08139801025390625,	0.10274124145507812
5621031250.0,	0.08441543579101562,	0.10348892211914062
5621062500.0,	0.08365631103515625,	0.10460662841796875
5621093750.0,	0.08469390869140625,	0.1045074462890625
5621125000.0,	0.08373641967773438,	0.10358428955078125
5621156250.0,	0.08147811889648438,	0.10367584228515625
5621187500.0,	0.08399200439453125,	0.10486984252929688
5621218750.0,	0.08425140380859375,	0.10334396362304688
5621250000.0,	0.08240127563476562,	0.10287094116210938
5621281250.0,	0.08434677124023438,	0.1038360595703125
5621312500.0,	0.08333587646484375,	0.10383987426757812
5621343750.0,	0.0839996337890625,	0.10317230224609375
5621375000.0,	0.08366775512695312,	0.10400772094726562
5621406250.0,	0.08513641357421875,	0.10338973999023438
5621437500.0,	0.0821990966796875,	0.10575103759765625
5621468750.0,	0.08382797241210938,	0.1038665771484375
5621500000.0,	0.0851287841796875,	0.10385513305664062
5621531250.0,	0.08268356323242188,	0.1035308837890625
5621562500.0,	0.08345413208007812,	0.10424423217773438
5621593750.0,	0.083770751953125,	0.10274887084960938
5621625000.0,	0.08365249633789062,	0.10566329956054688
5621656250.0,	0.08432769775390625,	0.10266876220703125
5621687500.0,	0.08458709716796875,	0.1036224365234375
5621718750.0,	0.08440780639648438,	0.10620880126953125
5621750000.0,	0.08408737182617188,	0.10112762451171875
5621781250.0,	0.08716201782226562,	0.10559463500976562
5621812500.0,	0.08456802368164062,	0.10427474975585938
5621843750.0,	0.08538436889648438,	0.1046600341796875
5621875000.0,	0.08439254760742188,	0.10640335083007812
5621906250.0,	0.08483505249023438,	0.10289764404296875
5621937500.0,	0.08528900146484375,	0.10225296020507812
5621968750.0,	0.084320068359375,	0.1043548583984375
5622000000.0,	0.08823394775390625,	0.10132598876953125
5622031250.0,	0.08595657348632812,	0.10335159301757812
5622062500.0,	0.08533477783203125,	0.10387802124023438
5622093750.0,	0.08665847778320312,	0.1056365966796875
5622125000.0,	0.08713912963867188,	0.10540390014648438
5622156250.0,	0.08511734008789062,	0.1034393310546875
5622187500.0,	0.08971786499023438,	0.10443115234375
5622218750.0,	0.08852386474609375,	0.10312271118164062
5622250000.0,	0.08701705932617188,	0.1043548583984375
5622281250.0,	0.08687210083007812,	0.10137557983398438
5622312500.0,	0.08645248413085938,	0.10329818725585938
5622343750.0,	0.08656692504882812,	0.104248046875
5622375000.0,	0.08617782592773438,	0.1045379638671875
5622406250.0,	0.08574295043945312,	0.10490036010742188
5622437500.0,	0.08718109130859375,	0.10506057739257812
5622468750.0,	0.08626556396484375,	0.1038665771484375
5622500000.0,	0.08636856079101562,	0.1037750244140625
5622531250.0,	0.08803176879882812,	0.10465621948242188
5622562500.0,	0.08722305297851562,	0.10454559326171875
5622593750.0,	0.08734130859375,	0.10551071166992188
5622625000.0,	0.08665847778320312,	0.10280227661132812
5622656250.0,	0.08763504028320312,	0.10683822631835938
5622687500.0,	0.08887100219726562,	0.10613250732421875
5622718750.0,	0.08889389038085938,	0.10605621337890625
5622750000.0,	0.08658981323242188,	0.10199356079101562
5622781250.0,	0.08826446533203125,	0.10435867309570312
5622812500.0,	0.08707427978515625,	0.10466384887695312
5622843750.0,	0.08719253540039062,	0.10580825805664062
5622875000.0,	0.08841323852539062,	0.10408401489257812
5622906250.0,	0.08872604370117188,	0.10326004028320312
5622937500.0,	0.08792877197265625,	0.10259246826171875
5622968750.0,	0.087860107421875,	0.10306549072265625
5623000000.0,	0.09047698974609375,	0.10344696044921875
5623031250.0,	0.08829116821289062,	0.10483169555664062
5623062500.0,	0.0883331298828125,	0.10350418090820312
5623093750.0,	0.08867645263671875,	0.10432815551757812
5623125000.0,	0.08993148803710938,	0.10478973388671875
5623156250.0,	0.08861160278320312,	0.10544586181640625
5623187500.0,	0.0896759033203125,	0.10468292236328125
5623218750.0,	0.08889007568359375,	0.10395431518554688
5623250000.0,	0.08978652954101562,	0.10212326049804688
5623281250.0,	0.08931350708007812,	0.10322952270507812
5623312500.0,	0.08868408203125,	0.10351943969726562
5623343750.0,	0.08787155151367188,	0.10486221313476562
5623375000.0,	0.09174728393554688,	0.10526657104492188
5623406250.0,	0.08840179443359375,	0.10409164428710938
5623437500.0,	0.09009933471679688,	0.10431289672851562
5623468750.0,	0.09163665771484375,	0.10491943359375
5623500000.0,	0.08742141723632812,	0.10478591918945312
5623531250.0,	0.09203720092773438,	0.1053619384765625
5623562500.0,	0.09063720703125,	0.10479354858398438
5623593750.0,	0.08926773071289062,	0.10448455810546875
5623625000.0,	0.0901336669921875,	0.10581207275390625
5623656250.0,	0.0911712646484375,	0.10425949096679688
5623687500.0,	0.08980941772460938,	0.10332870483398438
5623718750.0,	0.08997726440429688,	0.10367584228515625
5623750000.0,	0.09000396728515625,	0.10543060302734375
5623781250.0,	0.09138870239257812,	0.10142898559570312
5623812500.0,	0.09071731567382812,	0.10324859619140625
5623843750.0,	0.0927581787109375,	0.10433197021484375
5623875000.0,	0.09199905395507812,	0.10585403442382812
5623906250.0,	0.09059524536132812,	0.10540771484375
5623937500.0,	0.09128189086914062,	0.10327911376953125
5623968750.0,	0.09189224243164062,	0.10333633422851562
5624000000.0,	0.09155654907226562,	0.10496902465820312
5624031250.0,	0.09131240844726562,	0.10418701171875
5624062500.0,	0.09062576293945312,	0.10401153564453125
5624093750.0,	0.09323883056640625,	0.1036529541015625
5624125000.0,	0.09392166137695312,	0.10486602783203125
5624156250.0,	0.09104156494140625,	0.10424423217773438
5624187500.0,	0.09178543090820312,	0.1026153564453125
5624218750.0,	0.09386062622070312,	0.10565185546875
5624250000.0,	0.09193038940429688,	0.10395050048828125
5624281250.0,	0.09205245971679688,	0.10314559936523438
5624312500.0,	0.09333419799804688,	0.10477828979492188
5624343750.0,	0.090667724609375,	0.10192108154296875
5624375000.0,	0.09264373779296875,	0.10404586791992188
5624406250.0,	0.09109115600585938,	0.10364151000976562
5624437500.0,	0.09352874755859375,	0.10271072387695312
5624468750.0,	0.093170166015625,	0.10345077514648438
5624500000.0,	0.09342575073242188,	0.10309600830078125
5624531250.0,	0.09408187866210938,	0.10478973388671875
5624562500.0,	0.09264373779296875,	0.10271072387695312
5624593750.0,	0.0951690673828125,	0.10468292236328125
5624625000.0,	0.09500885009765625,	0.10327911376953125
5624656250.0,	0.09377288818359375,	0.10161590576171875
5624687500.0,	0.09292221069335938,	0.10216522216796875
5624718750.0,	0.0944366455078125,	0.10297012329101562
5624750000.0,	0.09418487548828125,	0.1035308837890625
5624781250.0,	0.09542083740234375,	0.10474777221679688
5624812500.0,	0.09679031372070312,	0.10465240478515625
5624843750.0,	0.0943603515625,	0.10182571411132812
5624875000.0,	0.094818115234375,	0.10277175903320312
5624906250.0,	0.09619140625,	0.10371017456054688
5624937500.0,	0.09499359130859375,	0.10139846801757812
5624968750.0,	0.09430694580078125,	0.10470962524414062
5625000000.0,	0.09471511840820312,	0.10504150390625
5625031250.0,	0.09531402587890625,	0.10306167602539062
5625062500.0,	0.09755706787109375,	0.10438919067382812
5625093750.0,	0.09349822998046875,	0.10302734375
5625125000.0,	0.09721755981445312,	0.10434341430664062
5625156250.0,	0.09823989868164062,	0.1019134521484375
5625187500.0,	0.09632492065429688,	0.101837158203125
5625218750.0,	0.09730911254882812,	0.102783203125
5625250000.0,	0.09521865844726562,	0.10248565673828125
5625281250.0,	0.09775161743164062,	0.10170364379882812
5625312500.0,	0.09793853759765625,	0.10003662109375
5625343750.0,	0.0974578857421875,	0.10108566284179688
5625375000.0,	0.098236083984375,	0.10363388061523438
5625406250.0,	0.0963592529296875,	0.10166168212890625
5625437500.0,	0.0984039306640625,	0.10200881958007812
5625468750.0,	0.0968170166015625,	0.10289764404296875
5625500000.0,	0.09685897827148438,	0.10023117065429688
5625531250.0,	0.0967254638671875,	0.10170364379882812
5625562500.0,	0.0973968505859375,	0.10225296020507812
5625593750.0,	0.099609375,	0.10088729858398438
5625625000.0,	0.09865188598632812,	0.10139846801757812
5625656250.0,	0.09822463989257812,	0.1029052734375
5625687500.0,	0.09923934936523438,	0.10027313232421875
5625718750.0,	0.0986785888671875,	0.10202789306640625
5625750000.0,	0.09661865234375,	0.10206222534179688
5625781250.0,	0.099761962890625,	0.09968185424804688
5625812500.0,	0.0970611572265625,	0.09971237182617188
5625843750.0,	0.09857177734375,	0.10157394409179688
5625875000.0,	0.0998992919921875,	0.10117721557617188
5625906250.0,	0.09917068481445312,	0.09914016723632812
5625937500.0,	0.09914398193359375,	0.10069656372070312
5625968750.0,	0.09949111938476562,	0.0990142822265625
5626000000.0,	0.09876251220703125,	0.10170364379882812
5626031250.0,	0.09984207153320312,	0.10202407836914062
5626062500.0,	0.10337448120117188,	0.09933090209960938
5626093750.0,	0.09978866577148438,	0.10182952880859375
5626125000.0,	0.1003265380859375,	0.09914779663085938
5626156250.0,	0.10123825073242188,	0.10019302368164062
5626187500.0,	0.09920120239257812,	0.1018218994140625
5626218750.0,	0.09990310668945312,	0.09888839721679688
5626250000.0,	0.102264404296875,	0.1001129150390625
5626281250.0,	0.10129547119140625,	0.099456787109375
5626312500.0,	0.10139846801757812,	0.09878921508789062
5626343750.0,	0.10194015502929688,	0.09778976440429688
5626375000.0,	0.10230636596679688,	0.0982666015625
5626406250.0,	0.10234451293945312,	0.09907150268554688
5626437500.0,	0.10314178466796875,	0.0990447998046875
5626468750.0,	0.10221481323242188,	0.10002899169921875
5626500000.0,	0.10132598876953125,	0.09729385375976562
5626531250.0,	0.10314178466796875,	0.09835433959960938
5626562500.0,	0.10216522216796875,	0.09369277954101562
5626593750.0,	0.10394287109375,	0.09790420532226562
5626625000.0,	0.1027984619140625,	0.09891128540039062
5626656250.0,	0.103179931640625,	0.09954071044921875
5626687500.0,	0.106048583984375,	0.09949111938476562
5626718750.0,	0.10314178466796875,	0.09650421142578125
5626750000.0,	0.1043853759765625,	0.0967864990234375
5626781250.0,	0.10332107543945312,	0.09641647338867188
5626812500.0,	0.10376739501953125,	0.09521484375
5626843750.0,	0.10229873657226562,	0.09533309936523438
5626875000.0,	0.10364151000976562,	0.09628677368164062
5626906250.0,	0.10361862182617188,	0.0965423583984375
5626937500.0,	0.103515625,	0.09569931030273438
5626968750.0,	0.10239791870117188,	0.09406280517578125
5627000000.0,	0.10356521606445312,	0.09543991088867188
5627031250.0,	0.10509109497070312,	0.0947113037109375
5627062500.0,	0.10579299926757812,	0.093902587890625
5627093750.0,	0.10741043090820312,	0.09718704223632812
5627125000.0,	0.1046295166015625,	0.09451675415039062
5627156250.0,	0.10636520385742188,	0.091888427734375
5627187500.0,	0.10517501831054688,	0.09355545043945312
5627218750.0,	0.10576248168945312,	0.09443283081054688
5627250000.0,	0.10636520385742188,	0.09297561645507812
5627281250.0,	0.10446548461914062,	0.09346771240234375
5627312500.0,	0.108001708984375,	0.09231185913085938
5627343750.0,	0.10591506958007812,	0.09020614624023438
5627375000.0,	0.107086181640625,	0.09196853637695312
5627406250.0,	0.10615158081054688,	0.09192276000976562
5627437500.0,	0.10533905029296875,	0.09228897094726562
5627468750.0,	0.10596084594726562,	0.09188461303710938
5627500000.0,	0.10587692260742188,	0.09270477294921875
5627531250.0,	0.10602951049804688,	0.08898544311523438
5627562500.0,	0.10569381713867188,	0.09075546264648438
5627593750.0,	0.10693359375,	0.09352874755859375
5627625000.0,	0.10532379150390625,	0.08999252319335938
5627656250.0,	0.1065673828125,	0.0909423828125
5627687500.0,	0.10729217529296875,	0.0901947021484375
5627718750.0,	0.10778427124023438,	0.090118408203125
5627750000.0,	0.10625076293945312,	0.08846664428710938
5627781250.0,	0.10747909545898438,	0.08883285522460938
5627812500.0,	0.10639190673828125,	0.08873748779296875
5627843750.0,	0.1080322265625,	0.0854644775390625
5627875000.0,	0.10919952392578125,	0.08739852905273438
5627906250.0,	0.10682296752929688,	0.08769607543945312
5627937500.0,	0.10774612426757812,	0.08665084838867188
5627968750.0,	0.10647964477539062,	0.08559417724609375
5628000000.0,	0.1067047119140625,	0.08660507202148438
5628031250.0,	0.10766220092773438,	0.08512115478515625
5628062500.0,	0.10741424560546875,	0.08485031127929688
5628093750.0,	0.10760116577148438,	0.08539199829101562
5628125000.0,	0.10822677612304688,	0.084442138671875
5628156250.0,	0.10905838012695312,	0.08516693115234375
5628187500.0,	0.10810089111328125,	0.08586883544921875
5628218750.0,	0.10860061645507812,	0.08420181274414062
5628250000.0,	0.1085662841796875,	0.08150100708007812
5628281250.0,	0.10980224609375,	0.08356857299804688
5628312500.0,	0.1087646484375,	0.08354568481445312
5628343750.0,	0.1070556640625,	0.08075714111328125
5628375000.0,	0.1090240478515625,	0.08075714111328125
5628406250.0,	0.1079559326171875,	0.08185195922851562
5628437500.0,	0.10759353637695312,	0.081268310546875
5628468750.0,	0.1055450439453125,	0.08083343505859375
5628500000.0,	0.10814666748046875,	0.07982254028320312
5628531250.0,	0.10802078247070312,	0.07886123657226562
5628562500.0,	0.10700225830078125,	0.0788421630859375
5628593750.0,	0.10524368286132812,	0.07880783081054688
5628625000.0,	0.10699081420898438,	0.079986572265625
5628656250.0,	0.10533523559570312,	0.077911376953125
5628687500.0,	0.10873031616210938,	0.07793426513671875
5628718750.0,	0.10884857177734375,	0.07772445678710938
5628750000.0,	0.10712814331054688,	0.07532501220703125
5628781250.0,	0.10623931884765625,	0.07694625854492188
5628812500.0,	0.10683822631835938,	0.07364273071289062
5628843750.0,	0.10814666748046875,	0.0759735107421875
5628875000.0,	0.1053466796875,	0.0734100341796875
5628906250.0,	0.10536575317382812,	0.07387924194335938
5628937500.0,	0.10524368286132812,	0.07260513305664062
5628968750.0,	0.10504531860351562,	0.07222747802734375
5629000000.0,	0.104827880859375,	0.07107925415039062
5629031250.0,	0.10706710815429688,	0.07025909423828125
5629062500.0,	0.10532379150390625,	0.072998046875
5629093750.0,	0.10357284545898438,	0.0720062255859375
5629125000.0,	0.10443878173828125,	0.0711669921875
5629156250.0,	0.104248046875,	0.07126617431640625
5629187500.0,	0.1024932861328125,	0.07099151611328125
5629218750.0,	0.10166549682617188,	0.0704345703125
5629250000.0,	0.10350799560546875,	0.070220947265625
5629281250.0,	0.10334396362304688,	0.06742095947265625
5629312500.0,	0.09949111938476562,	0.06576919555664062
5629343750.0,	0.10324478149414062,	0.06732940673828125
5629375000.0,	0.10279083251953125,	0.06795501708984375
5629406250.0,	0.10098648071289062,	0.06853485107421875
5629437500.0,	0.10277938842773438,	0.06578445434570312
5629468750.0,	0.10186767578125,	0.0688018798828125
5629500000.0,	0.09954833984375,	0.065338134765625
5629531250.0,	0.09932327270507812,	0.06573104858398438
5629562500.0,	0.09952926635742188,	0.06504440307617188
5629593750.0,	0.10039901733398438,	0.06479644775390625
5629625000.0,	0.09906005859375,	0.06436538696289062
5629656250.0,	0.09843826293945312,	0.06418228149414062
5629687500.0,	0.09789657592773438,	0.06262969970703125
5629718750.0,	0.09638214111328125,	0.06373214721679688
5629750000.0,	0.09746170043945312,	0.06264877319335938
5629781250.0,	0.09616851806640625,	0.06296539306640625
5629812500.0,	0.09589385986328125,	0.06307601928710938
5629843750.0,	0.09501266479492188,	0.06304168701171875
5629875000.0,	0.09464263916015625,	0.0634918212890625
5629906250.0,	0.09476089477539062,	0.061359405517578125
5629937500.0,	0.09564971923828125,	0.05974578857421875
5629968750.0,	0.09372329711914062,	0.0600738525390625
5630000000.0,	0.09437179565429688,	0.060581207275390625
5630031250.0,	0.09232711791992188,	0.06166839599609375
5630062500.0,	0.09287261962890625,	0.060375213623046875
5630093750.0,	0.09214019775390625,	0.0610198974609375
5630125000.0,	0.09080123901367188,	0.062320709228515625
5630156250.0,	0.08956527709960938,	0.05902862548828125
5630187500.0,	0.08906173706054688,	0.059429168701171875
5630218750.0,	0.08758926391601562,	0.059253692626953125
5630250000.0,	0.08759689331054688,	0.06415557861328125
5630281250.0,	0.0902862548828125,	0.05975341796875
5630312500.0,	0.08603668212890625,	0.05938720703125
5630343750.0,	0.0855712890625,	0.059665679931640625
5630375000.0,	0.08779525756835938,	0.06098175048828125
5630406250.0,	0.08658981323242188,	0.058502197265625
5630437500.0,	0.08597564697265625,	0.0601654052734375
5630468750.0,	0.08551025390625,	0.0604400634765625
5630500000.0,	0.08420944213867188,	0.061321258544921875
5630531250.0,	0.08249664306640625,	0.060230255126953125
5630562500.0,	0.0835418701171875,	0.0591583251953125
5630593750.0,	0.08268356323242188,	0.060123443603515625
5630625000.0,	0.081756591796875,	0.057750701904296875
5630656250.0,	0.08266448974609375,	0.06085205078125
5630687500.0,	0.08020401000976562,	0.062347412109375
5630718750.0,	0.0813751220703125,	0.059688568115234375
5630750000.0,	0.08163070678710938,	0.061290740966796875
5630781250.0,	0.0792083740234375,	0.06177520751953125
5630812500.0,	0.07973480224609375,	0.0597381591796875
5630843750.0,	0.080535888671875,	0.0623016357421875
5630875000.0,	0.07837677001953125,	0.059955596923828125
5630906250.0,	0.0775909423828125,	0.06072235107421875
5630937500.0,	0.07621383666992188,	0.06076812744140625
5630968750.0,	0.07656097412109375,	0.061527252197265625
5631000000.0,	0.07555007934570312,	0.0611724853515625
5631031250.0,	0.07754898071289062,	0.061756134033203125
5631062500.0,	0.07655715942382812,	0.0591278076171875
5631093750.0,	0.0741424560546875,	0.059154510498046875
5631125000.0,	0.07213211059570312,	0.060131072998046875
5631156250.0,	0.074798583984375,	0.06244659423828125
5631187500.0,	0.07527923583984375,	0.061641693115234375
5631218750.0,	0.0743865966796875,	0.06357192993164062
5631250000.0,	0.07256698608398438,	0.06393051147460938
5631281250.0,	0.0717010498046875,	0.06393814086914062
5631312500.0,	0.07188034057617188,	0.06370162963867188
5631343750.0,	0.07436752319335938,	0.06406021118164062
5631375000.0,	0.0721893310546875,	0.06562423706054688
5631406250.0,	0.07088470458984375,	0.06465911865234375
5631437500.0,	0.07039642333984375,	0.0661773681640625
5631468750.0,	0.07134246826171875,	0.06597900390625
5631500000.0,	0.06987762451171875,	0.06472396850585938
5631531250.0,	0.06891632080078125,	0.06449127197265625
5631562500.0,	0.07069015502929688,	0.06512451171875
5631593750.0,	0.06954193115234375,	0.06502532958984375
5631625000.0,	0.06943130493164062,	0.06837844848632812
5631656250.0,	0.06964874267578125,	0.06558990478515625
5631687500.0,	0.07136154174804688,	0.06626510620117188
5631718750.0,	0.07016372680664062,	0.06642532348632812
5631750000.0,	0.06811141967773438,	0.06589508056640625
5631781250.0,	0.06822586059570312,	0.06979751586914062
5631812500.0,	0.06937026977539062,	0.06757736206054688
5631843750.0,	0.0653076171875,	0.0681304931640625
5631875000.0,	0.06928253173828125,	0.06778717041015625
5631906250.0,	0.06806182861328125,	0.06903839111328125
5631937500.0,	0.06555938720703125,	0.0695343017578125
5631968750.0,	0.06502151489257812,	0.06941604614257812
5632000000.0,	0.06565093994140625,	0.068511962890625
5632031250.0,	0.06514739990234375,	0.067779541015625
5632062500.0,	0.06505203247070312,	0.07083511352539062
5632093750.0,	0.06573867797851562,	0.07247543334960938
5632125000.0,	0.06531143188476562,	0.07069778442382812
5632156250.0,	0.06783294677734375,	0.07139205932617188
5632187500.0,	0.06444168090820312,	0.07146072387695312
5632218750.0,	0.06641769409179688,	0.07332229614257812
5632250000.0,	0.06360244750976562,	0.07149124145507812
5632281250.0,	0.06429290771484375,	0.07379913330078125
5632312500.0,	0.06508255004882812,	0.07422256469726562
5632343750.0,	0.06381607055664062,	0.07346343994140625
5632375000.0,	0.06482315063476562,	0.07329177856445312
5632406250.0,	0.06582260131835938,	0.0727386474609375
5632437500.0,	0.062038421630859375,	0.07307815551757812
5632468750.0,	0.06390762329101562,	0.07499313354492188
5632500000.0,	0.06412506103515625,	0.07339096069335938
5632531250.0,	0.06400680541992188,	0.07358551025390625
5632562500.0,	0.0633392333984375,	0.07431793212890625
5632593750.0,	0.06367111206054688,	0.07823562622070312
5632625000.0,	0.06499481201171875,	0.07527923583984375
5632656250.0,	0.06395339965820312,	0.07640457153320312
5632687500.0,	0.06316757202148438,	0.07654953002929688
5632718750.0,	0.0642547607421875,	0.0789031982421875
5632750000.0,	0.06336212158203125,	0.0771331787109375
5632781250.0,	0.062297821044921875,	0.077301025390625
5632812500.0,	0.061626434326171875,	0.07803726196289062
5632843750.0,	0.061679840087890625,	0.07966995239257812
5632875000.0,	0.06266021728515625,	0.07904052734375
5632906250.0,	0.061229705810546875,	0.07776641845703125
5632937500.0,	0.063568115234375,	0.07921600341796875
5632968750.0,	0.06474685668945312,	0.07927703857421875
5633000000.0,	0.061641693115234375,	0.0790557861328125
5633031250.0,	0.062023162841796875,	0.08022689819335938
5633062500.0,	0.06464004516601562,	0.07847976684570312
5633093750.0,	0.06240081787109375,	0.08044815063476562
5633125000.0,	0.06276321411132812,	0.08068466186523438
5633156250.0,	0.0625457763671875,	0.08055496215820312
5633187500.0,	0.06366348266601562,	0.08154296875
5633218750.0,	0.06362533569335938,	0.08217239379882812
5633250000.0,	0.061046600341796875,	0.07970428466796875
5633281250.0,	0.06252670288085938,	0.08062362670898438
5633312500.0,	0.0626373291015625,	0.08226394653320312
5633343750.0,	0.061779022216796875,	0.08279800415039062
5633375000.0,	0.06410980224609375,	0.08336257934570312
5633406250.0,	0.06361007690429688,	0.08213043212890625
5633437500.0,	0.06069183349609375,	0.08268356323242188
5633468750.0,	0.06182861328125,	0.082489013671875
5633500000.0,	0.06365966796875,	0.08457565307617188
5633531250.0,	0.06309127807617188,	0.08497238159179688
5633562500.0,	0.06422805786132812,	0.08416366577148438
5633593750.0,	0.062107086181640625,	0.08446121215820312
5633625000.0,	0.06243133544921875,	0.08533859252929688
5633656250.0,	0.0613250732421875,	0.0836029052734375
5633687500.0,	0.062038421630859375,	0.08538055419921875
5633718750.0,	0.06159210205078125,	0.08350372314453125
5633750000.0,	0.06253433227539062,	0.08688735961914062
5633781250.0,	0.06047821044921875,	0.08400726318359375
5633812500.0,	0.06356430053710938,	0.08645248413085938
5633843750.0,	0.064239501953125,	0.08590316772460938
5633875000.0,	0.0643157958984375,	0.08801651000976562
5633906250.0,	0.06334304809570312,	0.08609390258789062
5633937500.0,	0.06290817260742188,	0.08746337890625
5633968750.0,	0.06340408325195312,	0.08786773681640625
5634000000.0,	0.06443023681640625,	0.08826065063476562
5634031250.0,	0.06463241577148438,	0.08767318725585938
5634062500.0,	0.06389236450195312,	0.08889007568359375
5634093750.0,	0.06154632568359375,	0.08660888671875
5634125000.0,	0.06499099731445312,	0.0886688232421875
5634156250.0,	0.062343597412109375,	0.08883285522460938
5634187500.0,	0.0643310546875,	0.08769607543945312
5634218750.0,	0.06392288208007812,	0.08795547485351562
5634250000.0,	0.06349563598632812,	0.09117507934570312
5634281250.0,	0.06491470336914062,	0.09144973754882812
5634312500.0,	0.06313705444335938,	0.08876800537109375
5634343750.0,	0.06322479248046875,	0.08948516845703125
5634375000.0,	0.0644989013671875,	0.0885162353515625
5634406250.0,	0.06424331665039062,	0.08794784545898438
5634437500.0,	0.0626068115234375,	0.090118408203125
5634468750.0,	0.06554412841796875,	0.09078598022460938
5634500000.0,	0.06266021728515625,	0.09289169311523438
5634531250.0,	0.06550979614257812,	0.08995437622070312
5634562500.0,	0.06391143798828125,	0.08911514282226562
5634593750.0,	0.06475067138671875,	0.0906524658203125
5634625000.0,	0.06423568725585938,	0.09165573120117188
5634656250.0,	0.0649261474609375,	0.09056472778320312
5634687500.0,	0.06495285034179688,	0.09026718139648438
5634718750.0,	0.063751220703125,	0.09260177612304688
5634750000.0,	0.06584930419921875,	0.09345626831054688
5634781250.0,	0.06497573852539062,	0.08967971801757812
5634812500.0,	0.0660552978515625,	0.09150314331054688
5634843750.0,	0.06473541259765625,	0.09250259399414062
5634875000.0,	0.06635665893554688,	0.09227752685546875
5634906250.0,	0.06697463989257812,	0.09234237670898438
5634937500.0,	0.06601333618164062,	0.09185028076171875
5634968750.0,	0.0654296875,	0.09326171875
5635000000.0,	0.06456756591796875,	0.09329605102539062
5635031250.0,	0.06592559814453125,	0.0940093994140625
5635062500.0,	0.06564712524414062,	0.09504318237304688
5635093750.0,	0.06666183471679688,	0.09633636474609375
5635125000.0,	0.06570053100585938,	0.09417343139648438
5635156250.0,	0.06674575805664062,	0.09306716918945312
5635187500.0,	0.0677337646484375,	0.0936431884765625
5635218750.0,	0.06417083740234375,	0.092498779296875
5635250000.0,	0.06565475463867188,	0.09296417236328125
5635281250.0,	0.06676483154296875,	0.0957183837890625
5635312500.0,	0.06522750854492188,	0.09661483764648438
5635343750.0,	0.067352294921875,	0.0961151123046875
5635375000.0,	0.068115234375,	0.0949859619140625
5635406250.0,	0.06695175170898438,	0.09650421142578125
5635437500.0,	0.06744384765625,	0.09246444702148438
5635468750.0,	0.06662750244140625,	0.09666061401367188
5635500000.0,	0.06580734252929688,	0.09617996215820312
5635531250.0,	0.06742477416992188,	0.09457778930664062
5635562500.0,	0.06746292114257812,	0.09601593017578125
5635593750.0,	0.06565093994140625,	0.09572601318359375
5635625000.0,	0.06868743896484375,	0.09421157836914062
5635656250.0,	0.0668487548828125,	0.09613418579101562
5635687500.0,	0.06734466552734375,	0.09424591064453125
5635718750.0,	0.06929397583007812,	0.09581375122070312
5635750000.0,	0.06652450561523438,	0.09806060791015625
5635781250.0,	0.06798934936523438,	0.09506607055664062
5635812500.0,	0.065765380859375,	0.09788894653320312
5635843750.0,	0.06908798217773438,	0.0972900390625
5635875000.0,	0.06744384765625,	0.0963592529296875
5635906250.0,	0.06794357299804688,	0.09571075439453125
5635937500.0,	0.06766510009765625,	0.09772872924804688
5635968750.0,	0.0678863525390625,	0.09626007080078125
5636000000.0,	0.06825637817382812,	0.09495925903320312
5636031250.0,	0.069915771484375,	0.09824371337890625
5636062500.0,	0.0688934326171875,	0.09852218627929688
5636093750.0,	0.067291259765625,	0.09716033935546875
5636125000.0,	0.06814193725585938,	0.09619903564453125
5636156250.0,	0.07147979736328125,	0.097259521484375
5636187500.0,	0.07077407836914062,	0.09651947021484375
5636218750.0,	0.07120895385742188,	0.09667205810546875
5636250000.0,	0.0713043212890625,	0.09709930419921875
5636281250.0,	0.06975555419921875,	0.09913253784179688
5636312500.0,	0.06912994384765625,	0.09759140014648438
5636343750.0,	0.06919479370117188,	0.09565353393554688
5636375000.0,	0.07131195068359375,	0.0981292724609375
5636406250.0,	0.07044601440429688,	0.09759140014648438
5636437500.0,	0.06969451904296875,	0.09682846069335938
5636468750.0,	0.0712127685546875,	0.10015106201171875
5636500000.0,	0.069671630859375,	0.09849929809570312
5636531250.0,	0.06858062744140625,	0.09817886352539062
5636562500.0,	0.07016372680664062,	0.1010589599609375
5636593750.0,	0.0718994140625,	0.10007476806640625
5636625000.0,	0.0707855224609375,	0.09807205200195312
5636656250.0,	0.0698699951171875,	0.09986495971679688
5636687500.0,	0.0717620849609375,	0.09932327270507812
5636718750.0,	0.0705413818359375,	0.09816741943359375
5636750000.0,	0.07140350341796875,	0.1003570556640625
5636781250.0,	0.07155227661132812,	0.1007843017578125
5636812500.0,	0.07091140747070312,	0.09868621826171875
5636843750.0,	0.07110977172851562,	0.09874343872070312
5636875000.0,	0.07194900512695312,	0.100311279296875
5636906250.0,	0.0722198486328125,	0.09894561767578125
5636937500.0,	0.07142257690429688,	0.09991455078125
5636968750.0,	0.0722808837890625,	0.09968948364257812
5637000000.0,	0.07437896728515625,	0.099273681640625
5637031250.0,	0.07197952270507812,	0.09745025634765625
5637062500.0,	0.07160568237304688,	0.10199737548828125
5637093750.0,	0.07152938842773438,	0.09956741333007812
5637125000.0,	0.07294082641601562,	0.101318359375
5637156250.0,	0.07286834716796875,	0.10063552856445312
5637187500.0,	0.07094955444335938,	0.09804534912109375
5637218750.0,	0.07244873046875,	0.1016387939453125
5637250000.0,	0.0736083984375,	0.10077667236328125
5637281250.0,	0.07241439819335938,	0.10111236572265625
5637312500.0,	0.07163238525390625,	0.09983062744140625
5637343750.0,	0.07301712036132812,	0.09962844848632812
5637375000.0,	0.0732269287109375,	0.10089492797851562
5637406250.0,	0.07227706909179688,	0.09912490844726562
5637437500.0,	0.07312774658203125,	0.10198593139648438
5637468750.0,	0.07471084594726562,	0.10100173950195312
5637500000.0,	0.07259368896484375,	0.10076904296875
5637531250.0,	0.07476806640625,	0.10060882568359375
5637562500.0,	0.07291412353515625,	0.09954833984375
5637593750.0,	0.07355499267578125,	0.10195159912109375
5637625000.0,	0.07344436645507812,	0.10161209106445312
5637656250.0,	0.07366943359375,	0.1007537841796875
5637687500.0,	0.074737548828125,	0.101318359375
5637718750.0,	0.07362747192382812,	0.10110855102539062
5637750000.0,	0.07479476928710938,	0.10086441040039062
5637781250.0,	0.07060623168945312,	0.10142135620117188
5637812500.0,	0.07360458374023438,	0.09951400756835938
5637843750.0,	0.07501983642578125,	0.10211563110351562
5637875000.0,	0.07381439208984375,	0.1005706787109375
5637906250.0,	0.07361221313476562,	0.10102081298828125
5637937500.0,	0.0758209228515625,	0.1014251708984375
5637968750.0,	0.075225830078125,	0.10053634643554688
5638000000.0,	0.07393264770507812,	0.10206985473632812
5638031250.0,	0.07421112060546875,	0.10094833374023438
5638062500.0,	0.07603073120117188,	0.10009384155273438
5638093750.0,	0.07361602783203125,	0.10139083862304688
5638125000.0,	0.07442092895507812,	0.1009063720703125
5638156250.0,	0.075103759765625,	0.10063552856445312
5638187500.0,	0.07476425170898438,	0.09876632690429688
5638218750.0,	0.076324462890625,	0.09981155395507812
5638250000.0,	0.07451248168945312,	0.101531982421875
5638281250.0,	0.07772445678710938,	0.10384368896484375
5638312500.0,	0.0755157470703125,	0.10046005249023438
5638343750.0,	0.0748748779296875,	0.10356521606445312
5638375000.0,	0.07640838623046875,	0.10168075561523438
5638406250.0,	0.07421112060546875,	0.10245513916015625
5638437500.0,	0.07672882080078125,	0.1021270751953125
5638468750.0,	0.0745697021484375,	0.1028594970703125
5638500000.0,	0.07578659057617188,	0.10128402709960938
5638531250.0,	0.0791168212890625,	0.10149383544921875
5638562500.0,	0.07654953002929688,	0.09912109375
5638593750.0,	0.07723617553710938,	0.10143661499023438
5638625000.0,	0.0760498046875,	0.1022491455078125
5638656250.0,	0.0765838623046875,	0.101348876953125
5638687500.0,	0.07696914672851562,	0.10079574584960938
5638718750.0,	0.07683181762695312,	0.10084915161132812
5638750000.0,	0.07574844360351562,	0.10196685791015625
5638781250.0,	0.07781982421875,	0.10102462768554688
5638812500.0,	0.07622146606445312,	0.09914779663085938
5638843750.0,	0.08044052124023438,	0.10194015502929688
5638875000.0,	0.0769805908203125,	0.10165023803710938
5638906250.0,	0.07871246337890625,	0.10167694091796875
5638937500.0,	0.07566452026367188,	0.09959793090820312
5638968750.0,	0.07728195190429688,	0.09981155395507812
5639000000.0,	0.07700347900390625,	0.1016693115234375
5639031250.0,	0.07752227783203125,	0.1020965576171875
5639062500.0,	0.07778549194335938,	0.10268783569335938
5639093750.0,	0.07770156860351562,	0.10242843627929688
5639125000.0,	0.076904296875,	0.1009521484375
5639156250.0,	0.07845306396484375,	0.10282135009765625
5639187500.0,	0.07796859741210938,	0.10205078125
5639218750.0,	0.076019287109375,	0.10314178466796875
5639250000.0,	0.07712936401367188,	0.10437393188476562
5639281250.0,	0.07727432250976562,	0.10248565673828125
5639312500.0,	0.07738494873046875,	0.10178756713867188
5639343750.0,	0.0779571533203125,	0.10103607177734375
5639375000.0,	0.07884979248046875,	0.10248947143554688
5639406250.0,	0.07909774780273438,	0.1009674072265625
5639437500.0,	0.07715225219726562,	0.103363037109375
5639468750.0,	0.07802963256835938,	0.104248046875
5639500000.0,	0.07950973510742188,	0.10152435302734375
5639531250.0,	0.08135604858398438,	0.10288619995117188
5639562500.0,	0.07851791381835938,	0.10120773315429688
5639593750.0,	0.07747268676757812,	0.1009368896484375
5639625000.0,	0.07775497436523438,	0.1008148193359375
5639656250.0,	0.079986572265625,	0.102081298828125
5639687500.0,	0.07793045043945312,	0.10312652587890625
5639718750.0,	0.07928848266601562,	0.10325241088867188
5639750000.0,	0.07923507690429688,	0.10229873657226562
5639781250.0,	0.07955169677734375,	0.10071563720703125
5639812500.0,	0.0807952880859375,	0.10104751586914062
5639843750.0,	0.07967758178710938,	0.1025848388671875
5639875000.0,	0.07889938354492188,	0.1031494140625
5639906250.0,	0.08037948608398438,	0.1018829345703125
5639937500.0,	0.07875823974609375,	0.10247421264648438
5639968750.0,	0.0804290771484375,	0.09912490844726562
5640000000.0,	0.0797882080078125,	0.10226821899414062
5640031250.0,	0.07648086547851562,	0.1027984619140625
5640062500.0,	0.08077621459960938,	0.10225677490234375
5640093750.0,	0.080352783203125,	0.1011810302734375
5640125000.0,	0.0805511474609375,	0.102783203125
5640156250.0,	0.08012771606445312,	0.10277557373046875
5640187500.0,	0.07810592651367188,	0.10298538208007812
5640218750.0,	0.08057022094726562,	0.10324478149414062
5640250000.0,	0.07909393310546875,	0.10103225708007812
5640281250.0,	0.08102798461914062,	0.10238265991210938
5640312500.0,	0.08209609985351562,	0.10258102416992188
5640343750.0,	0.08043289184570312,	0.10203933715820312
5640375000.0,	0.08284759521484375,	0.10340118408203125
5640406250.0,	0.07995986938476562,	0.10036849975585938
5640437500.0,	0.08056259155273438,	0.10350418090820312
5640468750.0,	0.0788726806640625,	0.1015472412109375
5640500000.0,	0.08198165893554688,	0.10247039794921875
5640531250.0,	0.079345703125,	0.10237503051757812
5640562500.0,	0.08127593994140625,	0.10453033447265625
5640593750.0,	0.08022689819335938,	0.10222244262695312
5640625000.0,	0.08234786987304688,	0.10199356079101562
5640656250.0,	0.08120346069335938,	0.10126876831054688
5640687500.0,	0.08216476440429688,	0.10250091552734375
5640718750.0,	0.07992172241210938,	0.1014404296875
5640750000.0,	0.08141708374023438,	0.1036834716796875
5640781250.0,	0.08177947998046875,	0.10330581665039062
5640812500.0,	0.08309555053710938,	0.10303497314453125
5640843750.0,	0.08251571655273438,	0.1019134521484375
5640875000.0,	0.08156967163085938,	0.1018829345703125
5640906250.0,	0.08155059814453125,	0.10312652587890625
5640937500.0,	0.08156585693359375,	0.10048675537109375
5640968750.0,	0.08283615112304688,	0.102508544921875
5641000000.0,	0.08133697509765625,	0.10270309448242188
5641031250.0,	0.08052825927734375,	0.10262680053710938
5641062500.0,	0.08222579956054688,	0.10327911376953125
5641093750.0,	0.08137130737304688,	0.10435104370117188
5641125000.0,	0.0821685791015625,	0.10226821899414062
5641156250.0,	0.08366775512695312,	0.099273681640625
5641187500.0,	0.07947158813476562,	0.10471725463867188
5641218750.0,	0.08298492431640625,	0.10289764404296875
5641250000.0,	0.08321762084960938,	0.10290145874023438
5641281250.0,	0.08370208740234375,	0.1029205322265625
5641312500.0,	0.08127212524414062,	0.0995941162109375
5641343750.0,	0.08306884765625,	0.10337066650390625
5641375000.0,	0.08220291137695312,	0.1015167236328125
5641406250.0,	0.08299636840820312,	0.10399627685546875
5641437500.0,	0.08404922485351562,	0.10176467895507812
5641468750.0,	0.08554840087890625,	0.10312652587890625
5641500000.0,	0.08256149291992188,	0.10239028930664062
5641531250.0,	0.08431243896484375,	0.10335159301757812
5641562500.0,	0.08158111572265625,	0.10418701171875
5641593750.0,	0.08381271362304688,	0.10179901123046875
5641625000.0,	0.08174514770507812,	0.10157012939453125
5641656250.0,	0.08436203002929688,	0.10232925415039062
5641687500.0,	0.08301162719726562,	0.1034698486328125
5641718750.0,	0.0837554931640625,	0.10132598876953125
5641750000.0,	0.08346176147460938,	0.10272216796875
5641781250.0,	0.08193206787109375,	0.10193252563476562
5641812500.0,	0.08429718017578125,	0.10211181640625
5641843750.0,	0.0845489501953125,	0.10084915161132812
5641875000.0,	0.08343887329101562,	0.09987640380859375
5641906250.0,	0.08213043212890625,	0.1026153564453125
5641937500.0,	0.08673095703125,	0.1026458740234375
5641968750.0,	0.08379364013671875,	0.10206985473632812
5642000000.0,	0.08335113525390625,	0.10467147827148438
5642031250.0,	0.08498001098632812,	0.1024017333984375
5642062500.0,	0.084808349609375,	0.1015777587890625
5642093750.0,	0.08473587036132812,	0.1025848388671875
5642125000.0,	0.08340072631835938,	0.10248947143554688
5642156250.0,	0.0859375,	0.10115432739257812
5642187500.0,	0.08562850952148438,	0.10232162475585938
5642218750.0,	0.0858154296875,	0.10233306884765625
5642250000.0,	0.08514404296875,	0.1031951904296875
5642281250.0,	0.086822509765625,	0.10187911987304688
5642312500.0,	0.08420181274414062,	0.10329055786132812
5642343750.0,	0.08489608764648438,	0.1006011962890625
5642375000.0,	0.0862579345703125,	0.10265731811523438
5642406250.0,	0.08542633056640625,	0.10374832153320312
5642437500.0,	0.08498001098632812,	0.1014404296875
5642468750.0,	0.08254623413085938,	0.10206985473632812
5642500000.0,	0.08397293090820312,	0.10077285766601562
5642531250.0,	0.08555221557617188,	0.10157012939453125
5642562500.0,	0.08668899536132812,	0.10102462768554688
5642593750.0,	0.08614349365234375,	0.10382080078125
5642625000.0,	0.085296630859375,	0.10198593139648438
5642656250.0,	0.0837860107421875,	0.09936141967773438
5642687500.0,	0.08712387084960938,	0.10367584228515625
5642718750.0,	0.0842132568359375,	0.10284805297851562
5642750000.0,	0.08639144897460938,	0.10031890869140625
5642781250.0,	0.0869598388671875,	0.10242462158203125
5642812500.0,	0.08698654174804688,	0.1013336181640625
5642843750.0,	0.08578872680664062,	0.10270309448242188
5642875000.0,	0.08567428588867188,	0.10036087036132812
5642906250.0,	0.08460235595703125,	0.101959228515625
5642937500.0,	0.08548736572265625,	0.09943008422851562
5642968750.0,	0.08548355102539062,	0.10152435302734375
5643000000.0,	0.08531951904296875,	0.10213470458984375
5643031250.0,	0.08636093139648438,	0.10162734985351562
5643062500.0,	0.08478164672851562,	0.10284805297851562
5643093750.0,	0.08613204956054688,	0.10449981689453125
5643125000.0,	0.086212158203125,	0.10350799560546875
5643156250.0,	0.08805465698242188,	0.10262298583984375
5643187500.0,	0.0868377685546875,	0.10128402709960938
5643218750.0,	0.087799072265625,	0.10309219360351562
5643250000.0,	0.0848846435546875,	0.10048294067382812
5643281250.0,	0.08514785766601562,	0.10286712646484375
5643312500.0,	0.08533477783203125,	0.10264968872070312
5643343750.0,	0.08829116821289062,	0.1004486083984375
5643375000.0,	0.08494186401367188,	0.10295867919921875
5643406250.0,	0.08749771118164062,	0.10000991821289062
5643437500.0,	0.0866546630859375,	0.10206985473632812
5643468750.0,	0.08515167236328125,	0.101409912109375
5643500000.0,	0.08709716796875,	0.09959030151367188
5643531250.0,	0.08623504638671875,	0.1028900146484375
5643562500.0,	0.08760833740234375,	0.10233306884765625
5643593750.0,	0.08744430541992188,	0.10058975219726562
5643625000.0,	0.08692169189453125,	0.100433349609375
5643656250.0,	0.08497238159179688,	0.10189437866210938
5643687500.0,	0.08742141723632812,	0.10117721557617188
5643718750.0,	0.0858917236328125,	0.10346603393554688
5643750000.0,	0.08736419677734375,	0.10140228271484375
5643781250.0,	0.08909225463867188,	0.10219573974609375
5643812500.0,	0.08795166015625,	0.1027069091796875
5643843750.0,	0.08438491821289062,	0.1003875732421875
5643875000.0,	0.08638763427734375,	0.10126876831054688
5643906250.0,	0.08629608154296875,	0.10295486450195312
5643937500.0,	0.0872802734375,	0.10224151611328125
5643968750.0,	0.0863189697265625,	0.09984970092773438
5644000000.0,	0.08725738525390625,	0.10121917724609375
5644031250.0,	0.08737564086914062,	0.10155868530273438
5644062500.0,	0.087554931640625,	0.10064315795898438
5644093750.0,	0.08856582641601562,	0.1004486083984375
5644125000.0,	0.0892791748046875,	0.10125732421875
5644156250.0,	0.08512496948242188,	0.09990310668945312
5644187500.0,	0.08594894409179688,	0.100494384765625
5644218750.0,	0.08782577514648438,	0.10176849365234375
5644250000.0,	0.08827972412109375,	0.10143280029296875
5644281250.0,	0.08824920654296875,	0.10049819946289062
5644312500.0,	0.08795547485351562,	0.10142135620117188
5644343750.0,	0.0875396728515625,	0.101531982421875
5644375000.0,	0.08805084228515625,	0.1006927490234375
5644406250.0,	0.08893585205078125,	0.10060882568359375
5644437500.0,	0.08903121948242188,	0.09901046752929688
5644468750.0,	0.08794784545898438,	0.1043548583984375
5644500000.0,	0.08849334716796875,	0.10041427612304688
5644531250.0,	0.08822250366210938,	0.10187911987304688
5644562500.0,	0.08787918090820312,	0.10253143310546875
5644593750.0,	0.08689498901367188,	0.10071945190429688
5644625000.0,	0.08782196044921875,	0.10039520263671875
5644656250.0,	0.08760452270507812,	0.10123825073242188
5644687500.0,	0.0880279541015625,	0.10005569458007812
5644718750.0,	0.08745574951171875,	0.1006622314453125
5644750000.0,	0.087310791015625,	0.10182571411132812
5644781250.0,	0.08553695678710938,	0.10100936889648438
5644812500.0,	0.0876312255859375,	0.0994110107421875
5644843750.0,	0.08872222900390625,	0.10047149658203125
5644875000.0,	0.09055709838867188,	0.10137939453125
5644906250.0,	0.09043502807617188,	0.0994110107421875
5644937500.0,	0.08702468872070312,	0.10049819946289062
5644968750.0,	0.090484619140625,	0.10048675537109375
5645000000.0,	0.08770370483398438,	0.10125350952148438
5645031250.0,	0.08768844604492188,	0.10102081298828125
5645062500.0,	0.09066009521484375,	0.100372314453125
5645093750.0,	0.08846664428710938,	0.10351181030273438
5645125000.0,	0.0887298583984375,	0.09935379028320312
5645156250.0,	0.088531494140625,	0.10170364379882812
5645187500.0,	0.08984375,	0.10041046142578125
5645218750.0,	0.0894927978515625,	0.09990310668945312
5645250000.0,	0.09175491333007812,	0.09967422485351562
5645281250.0,	0.0908966064453125,	0.10102462768554688
5645312500.0,	0.09083938598632812,	0.10062026977539062
5645343750.0,	0.09039306640625,	0.09918975830078125
5645375000.0,	0.08811569213867188,	0.09897232055664062
5645406250.0,	0.09130859375,	0.101715087890625
5645437500.0,	0.08913040161132812,	0.10074234008789062
5645468750.0,	0.09100723266601562,	0.09976577758789062
5645500000.0,	0.08832931518554688,	0.1014556884765625
5645531250.0,	0.088897705078125,	0.1015777587890625
5645562500.0,	0.08925247192382812,	0.09987258911132812
5645593750.0,	0.09089279174804688,	0.09893417358398438
5645625000.0,	0.0883636474609375,	0.09875869750976562
5645656250.0,	0.0900726318359375,	0.100677490234375
5645687500.0,	0.0893096923828125,	0.09993743896484375
5645718750.0,	0.08870315551757812,	0.099212646484375
5645750000.0,	0.09166717529296875,	0.10066604614257812
5645781250.0,	0.09067916870117188,	0.09963607788085938
5645812500.0,	0.08997726440429688,	0.09981536865234375
5645843750.0,	0.0916900634765625,	0.10161972045898438
5645875000.0,	0.090606689453125,	0.1000823974609375
5645906250.0,	0.09089279174804688,	0.10012054443359375
5645937500.0,	0.09166336059570312,	0.1013946533203125
5645968750.0,	0.08992767333984375,	0.0994873046875
5646000000.0,	0.09067535400390625,	0.09919357299804688
5646031250.0,	0.0894317626953125,	0.10084152221679688
5646062500.0,	0.09136962890625,	0.09845352172851562
5646093750.0,	0.087738037109375,	0.09960556030273438
5646125000.0,	0.08936691284179688,	0.101470947265625
5646156250.0,	0.09048843383789062,	0.09932708740234375
5646187500.0,	0.09112167358398438,	0.10202789306640625
5646218750.0,	0.090911865234375,	0.10064315795898438
5646250000.0,	0.0912628173828125,	0.10119247436523438
5646281250.0,	0.09015655517578125,	0.0987548828125
5646312500.0,	0.09126663208007812,	0.09902191162109375
5646343750.0,	0.0901641845703125,	0.09893798828125
5646375000.0,	0.0904693603515625,	0.10190963745117188
5646406250.0,	0.09082412719726562,	0.09930038452148438
5646437500.0,	0.0893707275390625,	0.10010528564453125
5646468750.0,	0.09068679809570312,	0.10016632080078125
5646500000.0,	0.09089279174804688,	0.09991455078125
5646531250.0,	0.09041976928710938,	0.0986328125
5646562500.0,	0.09012985229492188,	0.09825515747070312
5646593750.0,	0.09226608276367188,	0.1008453369140625
5646625000.0,	0.09070968627929688,	0.09939193725585938
5646656250.0,	0.09017562866210938,	0.09845733642578125
5646687500.0,	0.09181976318359375,	0.10049819946289062
5646718750.0,	0.08982086181640625,	0.09832763671875
5646750000.0,	0.09045028686523438,	0.09980010986328125
5646781250.0,	0.0893707275390625,	0.09933853149414062
5646812500.0,	0.09186935424804688,	0.098846435546875
5646843750.0,	0.09102249145507812,	0.0988922119140625
5646875000.0,	0.09022140502929688,	0.0983123779296875
5646906250.0,	0.09151077270507812,	0.09978103637695312
5646937500.0,	0.09117889404296875,	0.098480224609375
5646968750.0,	0.09198760986328125,	0.09982681274414062
5647000000.0,	0.0932159423828125,	0.09740066528320312
5647031250.0,	0.09129714965820312,	0.09689712524414062
5647062500.0,	0.08945083618164062,	0.09885406494140625
5647093750.0,	0.089691162109375,	0.10065841674804688
5647125000.0,	0.09119033813476562,	0.10054397583007812
5647156250.0,	0.09128952026367188,	0.09914779663085938
5647187500.0,	0.09122085571289062,	0.097564697265625
5647218750.0,	0.09092330932617188,	0.09924697875976562
5647250000.0,	0.0909576416015625,	0.098419189453125
5647281250.0,	0.09131240844726562,	0.09839630126953125
5647312500.0,	0.09103775024414062,	0.09794235229492188
5647343750.0,	0.0923919677734375,	0.099853515625
5647375000.0,	0.0928802490234375,	0.0974884033203125
5647406250.0,	0.09217071533203125,	0.0995635986328125
5647437500.0,	0.09169769287109375,	0.0982513427734375
5647468750.0,	0.09063720703125,	0.09930419921875
5647500000.0,	0.0934295654296875,	0.0983428955078125
5647531250.0,	0.0927581787109375,	0.09828567504882812
5647562500.0,	0.0899658203125,	0.0986175537109375
5647593750.0,	0.08980178833007812,	0.09847640991210938
5647625000.0,	0.09330368041992188,	0.09772109985351562
5647656250.0,	0.09418106079101562,	0.09899520874023438
5647687500.0,	0.0911102294921875,	0.0982818603515625
5647718750.0,	0.09040451049804688,	0.09844970703125
5647750000.0,	0.0924835205078125,	0.09733963012695312
5647781250.0,	0.090911865234375,	0.0979156494140625
5647812500.0,	0.09319305419921875,	0.09753036499023438
5647843750.0,	0.09080886840820312,	0.09784317016601562
5647875000.0,	0.09234619140625,	0.09772872924804688
5647906250.0,	0.09299468994140625,	0.09793472290039062
5647937500.0,	0.09488296508789062,	0.09712982177734375
5647968750.0,	0.09238433837890625,	0.0986328125
5648000000.0,	0.09070587158203125,	0.09724807739257812
5648031250.0,	0.09416961669921875,	0.09646224975585938
5648062500.0,	0.09369659423828125,	0.096649169921875
5648093750.0,	0.09220504760742188,	0.097869873046875
5648125000.0,	0.08987808227539062,	0.09877777099609375
5648156250.0,	0.09311676025390625,	0.097991943359375
5648187500.0,	0.09336090087890625,	0.09682846069335938
5648218750.0,	0.0926513671875,	0.09563446044921875
5648250000.0,	0.09210205078125,	0.09740447998046875
5648281250.0,	0.09424591064453125,	0.09752273559570312
5648312500.0,	0.09375,	0.09666824340820312
5648343750.0,	0.09342193603515625,	0.09882354736328125
5648375000.0,	0.09271621704101562,	0.09781265258789062
5648406250.0,	0.09079360961914062,	0.09793853759765625
5648437500.0,	0.09265518188476562,	0.09720611572265625
5648468750.0,	0.09389495849609375,	0.09673309326171875
5648500000.0,	0.09230422973632812,	0.09572982788085938
5648531250.0,	0.09290313720703125,	0.09858322143554688
5648562500.0,	0.09285354614257812,	0.09787368774414062
5648593750.0,	0.09244918823242188,	0.09680938720703125
5648625000.0,	0.09260177612304688,	0.09780120849609375
5648656250.0,	0.09380340576171875,	0.09800338745117188
5648687500.0,	0.09322357177734375,	0.09506988525390625
5648718750.0,	0.09254074096679688,	0.09780502319335938
5648750000.0,	0.09295272827148438,	0.09748458862304688
5648781250.0,	0.09339141845703125,	0.09726715087890625
5648812500.0,	0.08972930908203125,	0.09625244140625
5648843750.0,	0.09112548828125,	0.09630966186523438
5648875000.0,	0.09335708618164062,	0.0962371826171875
5648906250.0,	0.09258651733398438,	0.0962677001953125
5648937500.0,	0.09267044067382812,	0.09586715698242188
5648968750.0,	0.09146881103515625,	0.09719085693359375
5649000000.0,	0.09328460693359375,	0.09715652465820312
5649031250.0,	0.09237289428710938,	0.0963287353515625
5649062500.0,	0.0937042236328125,	0.09740829467773438
5649093750.0,	0.09395217895507812,	0.0977630615234375
5649125000.0,	0.09291839599609375,	0.09642410278320312
5649156250.0,	0.09172821044921875,	0.09538650512695312
5649187500.0,	0.09324264526367188,	0.0974578857421875
5649218750.0,	0.09293746948242188,	0.09594345092773438
5649250000.0,	0.09273910522460938,	0.0976104736328125
5649281250.0,	0.09373855590820312,	0.09595489501953125
5649312500.0,	0.09497451782226562,	0.09761810302734375
5649343750.0,	0.09270095825195312,	0.09542083740234375
5649375000.0,	0.09195709228515625,	0.09684371948242188
5649406250.0,	0.09371185302734375,	0.0949859619140625
5649437500.0,	0.0938720703125,	0.09652328491210938
5649468750.0,	0.0937957763671875,	0.09738922119140625
5649500000.0,	0.09335708618164062,	0.09437942504882812
5649531250.0,	0.09299087524414062,	0.09648513793945312
5649562500.0,	0.0924530029296875,	0.09677505493164062
5649593750.0,	0.0938720703125,	0.09579086303710938
5649625000.0,	0.09498214721679688,	0.09807968139648438
5649656250.0,	0.09528350830078125,	0.09564208984375
5649687500.0,	0.09349822998046875,	0.09527969360351562
5649718750.0,	0.09276199340820312,	0.09571456909179688
5649750000.0,	0.09456253051757812,	0.09609603881835938
5649781250.0,	0.09282302856445312,	0.09639739990234375
5649812500.0,	0.09441757202148438,	0.09525299072265625
5649843750.0,	0.09275436401367188,	0.09492111206054688
5649875000.0,	0.09210586547851562,	0.09736251831054688
5649906250.0,	0.092742919921875,	0.09492111206054688
5649937500.0,	0.09230422973632812,	0.0956573486328125
5649968750.0,	0.09622955322265625,	0.09680938720703125
5650000000.0,	0.09440994262695312,	0.09534835815429688
5650031250.0,	0.09372711181640625,	0.094757080078125
5650062500.0,	0.09505844116210938,	0.09548187255859375
5650093750.0,	0.0935211181640625,	0.096282958984375
5650125000.0,	0.09333038330078125,	0.0955047607421875
5650156250.0,	0.09354400634765625,	0.09712982177734375
5650187500.0,	0.0946807861328125,	0.09643936157226562
5650218750.0,	0.09490585327148438,	0.09664535522460938
5650250000.0,	0.092803955078125,	0.09609222412109375
5650281250.0,	0.09336471557617188,	0.09420013427734375
5650312500.0,	0.09540939331054688,	0.09627151489257812
5650343750.0,	0.09486770629882812,	0.09572601318359375
5650375000.0,	0.0933837890625,	0.09525299072265625
5650406250.0,	0.09563064575195312,	0.09439468383789062
5650437500.0,	0.09467697143554688,	0.09410476684570312
5650468750.0,	0.09485626220703125,	0.097900390625
5650500000.0,	0.09352493286132812,	0.09519195556640625
5650531250.0,	0.09468460083007812,	0.09607315063476562
5650562500.0,	0.09440231323242188,	0.09510040283203125
5650593750.0,	0.09304046630859375,	0.096282958984375
5650625000.0,	0.09360504150390625,	0.09380722045898438
5650656250.0,	0.09454727172851562,	0.09381866455078125
5650687500.0,	0.09202194213867188,	0.09728622436523438
5650718750.0,	0.09319305419921875,	0.09374618530273438
5650750000.0,	0.094696044921875,	0.09557723999023438
5650781250.0,	0.09397506713867188,	0.09580612182617188
5650812500.0,	0.09363937377929688,	0.09267044067382812
5650843750.0,	0.0951690673828125,	0.09257125854492188
5650875000.0,	0.09439468383789062,	0.09528732299804688
5650906250.0,	0.09305572509765625,	0.09405136108398438
5650937500.0,	0.09503936767578125,	0.09449005126953125
5650968750.0,	0.09445953369140625,	0.09407424926757812
5651000000.0,	0.09551620483398438,	0.0948028564453125
5651031250.0,	0.095367431640625,	0.09476852416992188
5651062500.0,	0.09369277954101562,	0.0946807861328125
5651093750.0,	0.093048095703125,	0.09453964233398438
5651125000.0,	0.0930328369140625,	0.09429931640625
5651156250.0,	0.09505844116210938,	0.09443283081054688
5651187500.0,	0.09465408325195312,	0.0947265625
5651218750.0,	0.0940399169921875,	0.09458541870117188
5651250000.0,	0.09550857543945312,	0.09177780151367188
5651281250.0,	0.09688186645507812,	0.09599685668945312
5651312500.0,	0.09423446655273438,	0.09598922729492188
5651343750.0,	0.09533309936523438,	0.09351348876953125
5651375000.0,	0.09609222412109375,	0.09253692626953125
5651406250.0,	0.0940399169921875,	0.09360122680664062
5651437500.0,	0.095306396484375,	0.09469985961914062
5651468750.0,	0.09424591064453125,	0.09530258178710938
5651500000.0,	0.0943603515625,	0.09473419189453125
5651531250.0,	0.09305191040039062,	0.09517669677734375
5651562500.0,	0.09347152709960938,	0.09453582763671875
5651593750.0,	0.09521865844726562,	0.0943603515625
5651625000.0,	0.0952301025390625,	0.09294509887695312
5651656250.0,	0.094482421875,	0.09392547607421875
5651687500.0,	0.09259033203125,	0.09369659423828125
5651718750.0,	0.09400177001953125,	0.09449005126953125
5651750000.0,	0.09351730346679688,	0.092681884765625
5651781250.0,	0.095184326171875,	0.09407424926757812
5651812500.0,	0.09405899047851562,	0.09222030639648438
5651843750.0,	0.09323883056640625,	0.09367752075195312
5651875000.0,	0.09337615966796875,	0.0936737060546875
5651906250.0,	0.09464645385742188,	0.0928955078125
5651937500.0,	0.09588623046875,	0.092864990234375
5651968750.0,	0.094268798828125,	0.09251785278320312
5652000000.0,	0.09374618530273438,	0.093963623046875
5652031250.0,	0.093658447265625,	0.093353271484375
5652062500.0,	0.0966033935546875,	0.09280776977539062
5652093750.0,	0.09384918212890625,	0.09375
5652125000.0,	0.09343338012695312,	0.09356307983398438
5652156250.0,	0.09697341918945312,	0.09337615966796875
5652187500.0,	0.09384918212890625,	0.09258651733398438
5652218750.0,	0.09566879272460938,	0.09025955200195312
5652250000.0,	0.0928802490234375,	0.09531402587890625
5652281250.0,	0.09684371948242188,	0.09248733520507812
5652312500.0,	0.0962982177734375,	0.09339141845703125
5652343750.0,	0.09633255004882812,	0.09404373168945312
5652375000.0,	0.09590911865234375,	0.09436416625976562
5652406250.0,	0.09645843505859375,	0.094207763671875
5652437500.0,	0.0948638916015625,	0.09467315673828125
5652468750.0,	0.0955047607421875,	0.09019088745117188
5652500000.0,	0.09400177001953125,	0.09238052368164062
5652531250.0,	0.09557342529296875,	0.091949462890625
5652562500.0,	0.09405899047851562,	0.09449005126953125
5652593750.0,	0.09651947021484375,	0.09070205688476562
5652625000.0,	0.0945892333984375,	0.09343338012695312
5652656250.0,	0.09498977661132812,	0.09339523315429688
5652687500.0,	0.09410476684570312,	0.09325027465820312
5652718750.0,	0.097015380859375,	0.091949462890625
5652750000.0,	0.09420013427734375,	0.09177017211914062
5652781250.0,	0.09555435180664062,	0.092254638671875
5652812500.0,	0.09683990478515625,	0.0925140380859375
5652843750.0,	0.09652328491210938,	0.09265899658203125
5652875000.0,	0.09445953369140625,	0.09378433227539062
5652906250.0,	0.09566116333007812,	0.09289169311523438
5652937500.0,	0.0962982177734375,	0.09244918823242188
5652968750.0,	0.09444427490234375,	0.0927734375
5653000000.0,	0.09485244750976562,	0.09120941162109375
5653031250.0,	0.09565353393554688,	0.09407424926757812
5653062500.0,	0.09720993041992188,	0.09276199340820312
5653093750.0,	0.09547805786132812,	0.092132568359375
5653125000.0,	0.09331512451171875,	0.0922088623046875
5653156250.0,	0.09478378295898438,	0.09049606323242188
5653187500.0,	0.0948486328125,	0.09183120727539062
5653218750.0,	0.0962066650390625,	0.09064102172851562
5653250000.0,	0.09423828125,	0.09261703491210938
5653281250.0,	0.09342193603515625,	0.09235000610351562
5653312500.0,	0.0962677001953125,	0.09229278564453125
5653343750.0,	0.09503936767578125,	0.0906982421875
5653375000.0,	0.09706878662109375,	0.09012603759765625
5653406250.0,	0.09405899047851562,	0.092529296875
5653437500.0,	0.09288406372070312,	0.09233856201171875
5653468750.0,	0.0941162109375,	0.09057998657226562
5653500000.0,	0.09511947631835938,	0.09339523315429688
5653531250.0,	0.09533309936523438,	0.09405136108398438
5653562500.0,	0.0957489013671875,	0.09267807006835938
5653593750.0,	0.09501266479492188,	0.09176254272460938
5653625000.0,	0.0948638916015625,	0.09019088745117188
5653656250.0,	0.09609222412109375,	0.09206771850585938
5653687500.0,	0.09423446655273438,	0.0927734375
5653718750.0,	0.09276962280273438,	0.0904388427734375
5653750000.0,	0.09637451171875,	0.09196090698242188
5653781250.0,	0.09586334228515625,	0.09419631958007812
5653812500.0,	0.094970703125,	0.09083175659179688
5653843750.0,	0.094757080078125,	0.0929718017578125
5653875000.0,	0.09531021118164062,	0.09173965454101562
5653906250.0,	0.09307098388671875,	0.09169769287109375
5653937500.0,	0.09424972534179688,	0.09168624877929688
5653968750.0,	0.096282958984375,	0.09213638305664062
5654000000.0,	0.09476470947265625,	0.09088134765625
5654031250.0,	0.09393692016601562,	0.0911865234375
5654062500.0,	0.09397506713867188,	0.0902099609375
5654093750.0,	0.09230804443359375,	0.09151840209960938
5654125000.0,	0.09556961059570312,	0.09351348876953125
5654156250.0,	0.09358596801757812,	0.09091567993164062
5654187500.0,	0.0951995849609375,	0.09084320068359375
5654218750.0,	0.09512710571289062,	0.09057998657226562
5654250000.0,	0.09333419799804688,	0.09408950805664062
5654281250.0,	0.0954742431640625,	0.09020233154296875
5654312500.0,	0.09442138671875,	0.0904541015625
5654343750.0,	0.09447097778320312,	0.09080123901367188
5654375000.0,	0.0953521728515625,	0.09267044067382812
5654406250.0,	0.09672927856445312,	0.08953857421875
5654437500.0,	0.09415054321289062,	0.09087753295898438
5654468750.0,	0.09595489501953125,	0.090087890625
5654500000.0,	0.09311294555664062,	0.090911865234375
5654531250.0,	0.09427642822265625,	0.09147262573242188
5654562500.0,	0.09734344482421875,	0.093231201171875
5654593750.0,	0.09552383422851562,	0.09014511108398438
5654625000.0,	0.09477615356445312,	0.0885772705078125
5654656250.0,	0.09589767456054688,	0.0924530029296875
5654687500.0,	0.09564590454101562,	0.0928955078125
5654718750.0,	0.09510040283203125,	0.09074783325195312
5654750000.0,	0.09574508666992188,	0.09177017211914062
5654781250.0,	0.09613037109375,	0.091278076171875
5654812500.0,	0.09364700317382812,	0.09104537963867188
5654843750.0,	0.09530258178710938,	0.09029769897460938
5654875000.0,	0.0934295654296875,	0.09136962890625
5654906250.0,	0.09543228149414062,	0.09115219116210938
5654937500.0,	0.09586715698242188,	0.08984375
5654968750.0,	0.09513092041015625,	0.09055328369140625
5655000000.0,	0.09453582763671875,	0.09149551391601562
5655031250.0,	0.0948638916015625,	0.08955001831054688
5655062500.0,	0.09549331665039062,	0.09088897705078125
5655093750.0,	0.09606170654296875,	0.08885574340820312
5655125000.0,	0.09490966796875,	0.0904388427734375
5655156250.0,	0.0956268310546875,	0.08734512329101562
5655187500.0,	0.095458984375,	0.09142303466796875
5655218750.0,	0.09555435180664062,	0.08896255493164062
5655250000.0,	0.09676742553710938,	0.09030532836914062
5655281250.0,	0.09560394287109375,	0.088775634765625
5655312500.0,	0.09589004516601562,	0.08887863159179688
5655343750.0,	0.09458541870117188,	0.09066390991210938
5655375000.0,	0.09592437744140625,	0.08940887451171875
5655406250.0,	0.09338760375976562,	0.09003067016601562
5655437500.0,	0.09442901611328125,	0.08881378173828125
5655468750.0,	0.0944671630859375,	0.09101104736328125
5655500000.0,	0.09652328491210938,	0.08975982666015625
5655531250.0,	0.09590530395507812,	0.08841705322265625
5655562500.0,	0.09615707397460938,	0.08924102783203125
5655593750.0,	0.09387969970703125,	0.08785247802734375
5655625000.0,	0.09568405151367188,	0.08890151977539062
5655656250.0,	0.09765243530273438,	0.09096145629882812
5655687500.0,	0.09526824951171875,	0.08991241455078125
5655718750.0,	0.09585189819335938,	0.09127426147460938
5655750000.0,	0.0957794189453125,	0.08976364135742188
5655781250.0,	0.0967254638671875,	0.08917617797851562
5655812500.0,	0.09511184692382812,	0.08867263793945312
5655843750.0,	0.09297943115234375,	0.08974075317382812
5655875000.0,	0.096923828125,	0.09020233154296875
5655906250.0,	0.09511566162109375,	0.0876617431640625
5655937500.0,	0.0945281982421875,	0.08870697021484375
5655968750.0,	0.09407806396484375,	0.09033203125
5656000000.0,	0.09579849243164062,	0.08980178833007812
5656031250.0,	0.09649658203125,	0.09086990356445312
5656062500.0,	0.09505462646484375,	0.08950424194335938
5656093750.0,	0.09434890747070312,	0.09024429321289062
5656125000.0,	0.09531784057617188,	0.08951187133789062
5656156250.0,	0.0955810546875,	0.08964920043945312
5656187500.0,	0.09569931030273438,	0.08898162841796875
5656218750.0,	0.09586715698242188,	0.09136581420898438
5656250000.0,	0.09742355346679688,	0.0891876220703125
5656281250.0,	0.09354782104492188,	0.08820343017578125
5656312500.0,	0.09548187255859375,	0.08904266357421875
5656343750.0,	0.09666061401367188,	0.08987808227539062
5656375000.0,	0.09521484375,	0.08870315551757812
5656406250.0,	0.094818115234375,	0.0899810791015625
5656437500.0,	0.0977020263671875,	0.0881805419921875
5656468750.0,	0.09652328491210938,	0.08914947509765625
5656500000.0,	0.0948944091796875,	0.08837890625
5656531250.0,	0.09578704833984375,	0.08718490600585938
5656562500.0,	0.09526443481445312,	0.08922958374023438
5656593750.0,	0.0952606201171875,	0.08745956420898438
5656625000.0,	0.09543609619140625,	0.08953857421875
5656656250.0,	0.094207763671875,	0.08580398559570312
5656687500.0,	0.09366226196289062,	0.08821487426757812
5656718750.0,	0.09571075439453125,	0.08769607543945312
5656750000.0,	0.09586334228515625,	0.08720779418945312
5656781250.0,	0.09478378295898438,	0.08934402465820312
5656812500.0,	0.0946044921875,	0.09086227416992188
5656843750.0,	0.09542083740234375,	0.0877532958984375
5656875000.0,	0.097412109375,	0.088775634765625
5656906250.0,	0.094879150390625,	0.08853912353515625
5656937500.0,	0.0946807861328125,	0.0900726318359375
5656968750.0,	0.09389114379882812,	0.08755111694335938
5657000000.0,	0.09439849853515625,	0.08867645263671875
5657031250.0,	0.09601974487304688,	0.08703231811523438
5657062500.0,	0.09449386596679688,	0.0886383056640625
5657093750.0,	0.09287643432617188,	0.08647918701171875
5657125000.0,	0.09505081176757812,	0.08765792846679688
5657156250.0,	0.0966796875,	0.08718109130859375
5657187500.0,	0.09223175048828125,	0.08753204345703125
5657218750.0,	0.09629440307617188,	0.08939361572265625
5657250000.0,	0.0969085693359375,	0.08935546875
5657281250.0,	0.09503555297851562,	0.08919906616210938
5657312500.0,	0.09700393676757812,	0.08679962158203125
5657343750.0,	0.09423065185546875,	0.08591461181640625
5657375000.0,	0.0944366455078125,	0.08675765991210938
5657406250.0,	0.09600067138671875,	0.08673095703125
5657437500.0,	0.09685897827148438,	0.08922576904296875
5657468750.0,	0.09490585327148438,	0.08752059936523438
5657500000.0,	0.09615325927734375,	0.08695602416992188
5657531250.0,	0.0960235595703125,	0.086700439453125
5657562500.0,	0.09522247314453125,	0.08663177490234375
5657593750.0,	0.0943450927734375,	0.08611297607421875
5657625000.0,	0.09564971923828125,	0.08723831176757812
5657656250.0,	0.09447860717773438,	0.088836669921875
5657687500.0,	0.0937652587890625,	0.08864593505859375
5657718750.0,	0.09385299682617188,	0.08790969848632812
5657750000.0,	0.09601974487304688,	0.086669921875
5657781250.0,	0.09539031982421875,	0.0884552001953125
5657812500.0,	0.09669876098632812,	0.0884552001953125
5657843750.0,	0.09651565551757812,	0.08946609497070312
5657875000.0,	0.09597015380859375,	0.08603668212890625
5657906250.0,	0.0948944091796875,	0.08599472045898438
5657937500.0,	0.09550857543945312,	0.0848541259765625
5657968750.0,	0.09329986572265625,	0.08674240112304688
5658000000.0,	0.09498977661132812,	0.08710861206054688
5658031250.0,	0.09397125244140625,	0.08843612670898438
5658062500.0,	0.0942840576171875,	0.0867462158203125
5658093750.0,	0.09561538696289062,	0.08723831176757812
5658125000.0,	0.09490203857421875,	0.0877532958984375
5658156250.0,	0.09500503540039062,	0.08687210083007812
5658187500.0,	0.09332656860351562,	0.0858612060546875
5658218750.0,	0.09456634521484375,	0.08880615234375
5658250000.0,	0.0970916748046875,	0.08586883544921875
5658281250.0,	0.09257125854492188,	0.08668136596679688
5658312500.0,	0.09486007690429688,	0.08618545532226562
5658343750.0,	0.0941925048828125,	0.0882720947265625
5658375000.0,	0.09392547607421875,	0.087249755859375
5658406250.0,	0.09520339965820312,	0.0855560302734375
5658437500.0,	0.0941009521484375,	0.0875091552734375
5658468750.0,	0.094573974609375,	0.08700180053710938
5658500000.0,	0.09789657592773438,	0.08684539794921875
5658531250.0,	0.09438705444335938,	0.08544158935546875
5658562500.0,	0.097259521484375,	0.08635330200195312
5658593750.0,	0.09333038330078125,	0.08572769165039062
5658625000.0,	0.09387588500976562,	0.08620834350585938
5658656250.0,	0.09468841552734375,	0.08653640747070312
5658687500.0,	0.09421157836914062,	0.08654403686523438
5658718750.0,	0.0932769775390625,	0.08586502075195312
5658750000.0,	0.09621810913085938,	0.08718490600585938
5658781250.0,	0.09395217895507812,	0.08816146850585938
5658812500.0,	0.0963134765625,	0.08862686157226562
5658843750.0,	0.09417343139648438,	0.0845794677734375
5658875000.0,	0.09398269653320312,	0.08606338500976562
5658906250.0,	0.09712600708007812,	0.08623123168945312
5658937500.0,	0.094635009765625,	0.08599090576171875
5658968750.0,	0.09464645385742188,	0.08888626098632812
5659000000.0,	0.09542465209960938,	0.08684921264648438
5659031250.0,	0.09381866455078125,	0.08710098266601562
5659062500.0,	0.0947723388671875,	0.08723831176757812
5659093750.0,	0.09601593017578125,	0.08705520629882812
5659125000.0,	0.09374237060546875,	0.08472061157226562
5659156250.0,	0.094635009765625,	0.08732223510742188
5659187500.0,	0.09505081176757812,	0.08632278442382812
5659218750.0,	0.09463119506835938,	0.08578872680664062
5659250000.0,	0.09334945678710938,	0.08557891845703125
5659281250.0,	0.095458984375,	0.08662033081054688
5659312500.0,	0.09506607055664062,	0.08755874633789062
5659343750.0,	0.094207763671875,	0.0853271484375
5659375000.0,	0.09450912475585938,	0.08501434326171875
5659406250.0,	0.09678268432617188,	0.0879669189453125
5659437500.0,	0.09381103515625,	0.08612823486328125
5659468750.0,	0.0942230224609375,	0.08285903930664062
5659500000.0,	0.09326553344726562,	0.08378982543945312
5659531250.0,	0.09400177001953125,	0.08512115478515625
5659562500.0,	0.09355545043945312,	0.08473587036132812
5659593750.0,	0.09458541870117188,	0.085662841796875
5659625000.0,	0.09295654296875,	0.08589935302734375
5659656250.0,	0.09675979614257812,	0.08533096313476562
5659687500.0,	0.0951690673828125,	0.08489990234375
5659718750.0,	0.09511566162109375,	0.08584976196289062
5659750000.0,	0.09309005737304688,	0.08443069458007812
5659781250.0,	0.09534835815429688,	0.083343505859375
5659812500.0,	0.09640884399414062,	0.08565521240234375
5659843750.0,	0.09428787231445312,	0.08714675903320312
5659875000.0,	0.093170166015625,	0.08352279663085938
5659906250.0,	0.09339523315429688,	0.0842742919921875
5659937500.0,	0.09473419189453125,	0.08394241333007812
5659968750.0,	0.09442520141601562,	0.085601806640625
5660000000.0,	0.09452438354492188,	0.08617019653320312
