5310037500.0,	0.044445037841796875,	0.05450439453125
5310075000.0,	0.04737663269042969,	0.05357170104980469
5310112500.0,	0.04943084716796875,	0.05517768859863281
5310150000.0,	0.04717445373535156,	0.05402374267578125
5310187500.0,	0.04594993591308594,	0.05404090881347656
5310225000.0,	0.049591064453125,	0.05508613586425781
5310262500.0,	0.047603607177734375,	0.05333518981933594
5310300000.0,	0.04770088195800781,	0.055110931396484375
5310337500.0,	0.04833793640136719,	0.055141448974609375
5310375000.0,	0.04815101623535156,	0.0564422607421875
5310412500.0,	0.04843902587890625,	0.05462455749511719
5310450000.0,	0.04993438720703125,	0.05602836608886719
5310487500.0,	0.0468902587890625,	0.05634880065917969
5310525000.0,	0.047176361083984375,	0.054412841796875
5310562500.0,	0.04490470886230469,	0.05511283874511719
5310600000.0,	0.04804229736328125,	0.05593109130859375
5310637500.0,	0.04897117614746094,	0.05380821228027344
5310675000.0,	0.047389984130859375,	0.05483436584472656
5310712500.0,	0.04872703552246094,	0.05501556396484375
5310750000.0,	0.04674530029296875,	0.05454063415527344
5310787500.0,	0.04390716552734375,	0.052783966064453125
5310825000.0,	0.045085906982421875,	0.05486297607421875
5310862500.0,	0.04853248596191406,	0.05362129211425781
5310900000.0,	0.046047210693359375,	0.05594635009765625
5310937500.0,	0.047756195068359375,	0.053600311279296875
5310975000.0,	0.049655914306640625,	0.055816650390625
5311012500.0,	0.04520988464355469,	0.05525398254394531
5311050000.0,	0.04894447326660156,	0.05520057678222656
5311087500.0,	0.04738044738769531,	0.05390739440917969
5311125000.0,	0.04690742492675781,	0.05471038818359375
5311162500.0,	0.04721641540527344,	0.05267524719238281
5311200000.0,	0.04672050476074219,	0.05672645568847656
5311237500.0,	0.04757118225097656,	0.0555419921875
5311275000.0,	0.04820442199707031,	0.054767608642578125
5311312500.0,	0.0494232177734375,	0.05543708801269531
5311350000.0,	0.047084808349609375,	0.056430816650390625
5311387500.0,	0.04691123962402344,	0.05538177490234375
5311425000.0,	0.048183441162109375,	0.05538177490234375
5311462500.0,	0.048374176025390625,	0.054393768310546875
5311500000.0,	0.04758644104003906,	0.05574989318847656
5311537500.0,	0.04751396179199219,	0.05692100524902344
5311575000.0,	0.04696464538574219,	0.0560302734375
5311612500.0,	0.047458648681640625,	0.05672645568847656
5311650000.0,	0.04923439025878906,	0.05517005920410156
5311687500.0,	0.04874610900878906,	0.05499458312988281
5311725000.0,	0.04528999328613281,	0.05332374572753906
5311762500.0,	0.04624366760253906,	0.05646705627441406
5311800000.0,	0.049198150634765625,	0.0578155517578125
5311837500.0,	0.04645347595214844,	0.05675315856933594
5311875000.0,	0.04706382751464844,	0.056461334228515625
5311912500.0,	0.04709625244140625,	0.055511474609375
5311950000.0,	0.04743003845214844,	0.05515861511230469
5311987500.0,	0.048412322998046875,	0.05690765380859375
5312025000.0,	0.045665740966796875,	0.05434226989746094
5312062500.0,	0.049800872802734375,	0.05533409118652344
5312100000.0,	0.047260284423828125,	0.056140899658203125
5312137500.0,	0.04742240905761719,	0.05686759948730469
5312175000.0,	0.04799842834472656,	0.056041717529296875
5312212500.0,	0.04757118225097656,	0.05425453186035156
5312250000.0,	0.04933929443359375,	0.05668449401855469
5312287500.0,	0.04749298095703125,	0.057086944580078125
5312325000.0,	0.04929542541503906,	0.05580902099609375
5312362500.0,	0.0513763427734375,	0.057159423828125
5312400000.0,	0.0474853515625,	0.05419731140136719
5312437500.0,	0.04622840881347656,	0.0560150146484375
5312475000.0,	0.048252105712890625,	0.05549049377441406
5312512500.0,	0.049114227294921875,	0.056758880615234375
5312550000.0,	0.0466156005859375,	0.055858612060546875
5312587500.0,	0.047664642333984375,	0.05714988708496094
5312625000.0,	0.0471038818359375,	0.056919097900390625
5312662500.0,	0.0484619140625,	0.05426216125488281
5312700000.0,	0.0479736328125,	0.05825996398925781
5312737500.0,	0.046848297119140625,	0.054874420166015625
5312775000.0,	0.04840278625488281,	0.05498695373535156
5312812500.0,	0.04660987854003906,	0.056186676025390625
5312850000.0,	0.04816627502441406,	0.05587959289550781
5312887500.0,	0.048511505126953125,	0.05680656433105469
5312925000.0,	0.048717498779296875,	0.05528450012207031
5312962500.0,	0.046596527099609375,	0.05633735656738281
5313000000.0,	0.04875946044921875,	0.05567741394042969
5313037500.0,	0.047054290771484375,	0.05588531494140625
5313075000.0,	0.04700279235839844,	0.05573844909667969
5313112500.0,	0.048583984375,	0.05570411682128906
5313150000.0,	0.05058097839355469,	0.055133819580078125
5313187500.0,	0.0471954345703125,	0.05629730224609375
5313225000.0,	0.05032539367675781,	0.05558586120605469
5313262500.0,	0.05007171630859375,	0.056392669677734375
5313300000.0,	0.04728126525878906,	0.056148529052734375
5313337500.0,	0.04784202575683594,	0.05483055114746094
5313375000.0,	0.05003929138183594,	0.05653190612792969
5313412500.0,	0.04678535461425781,	0.056812286376953125
5313450000.0,	0.0483551025390625,	0.054962158203125
5313487500.0,	0.047405242919921875,	0.05774497985839844
5313525000.0,	0.04711151123046875,	0.0569610595703125
5313562500.0,	0.05168342590332031,	0.055400848388671875
5313600000.0,	0.04989051818847656,	0.05678749084472656
5313637500.0,	0.04932212829589844,	0.055858612060546875
5313675000.0,	0.04862213134765625,	0.054172515869140625
5313712500.0,	0.04665374755859375,	0.05689239501953125
5313750000.0,	0.04738044738769531,	0.0558624267578125
5313787500.0,	0.04823112487792969,	0.056644439697265625
5313825000.0,	0.04891395568847656,	0.0551910400390625
5313862500.0,	0.049041748046875,	0.055934906005859375
5313900000.0,	0.047374725341796875,	0.055622100830078125
5313937500.0,	0.04884910583496094,	0.05768394470214844
5313975000.0,	0.04758453369140625,	0.05739593505859375
5314012500.0,	0.04841041564941406,	0.05780220031738281
5314050000.0,	0.04820823669433594,	0.056766510009765625
5314087500.0,	0.04917335510253906,	0.055629730224609375
5314125000.0,	0.048084259033203125,	0.05558586120605469
5314162500.0,	0.048709869384765625,	0.0552825927734375
5314200000.0,	0.04830169677734375,	0.058559417724609375
5314237500.0,	0.04824066162109375,	0.05793952941894531
5314275000.0,	0.04764556884765625,	0.05785179138183594
5314312500.0,	0.04872703552246094,	0.05752754211425781
5314350000.0,	0.04905509948730469,	0.05571746826171875
5314387500.0,	0.0476531982421875,	0.056407928466796875
5314425000.0,	0.0506439208984375,	0.056812286376953125
5314462500.0,	0.0487213134765625,	0.057403564453125
5314500000.0,	0.05146026611328125,	0.05866241455078125
5314537500.0,	0.04842948913574219,	0.05612754821777344
5314575000.0,	0.048732757568359375,	0.05660820007324219
5314612500.0,	0.049068450927734375,	0.056423187255859375
5314650000.0,	0.047832489013671875,	0.05585670471191406
5314687500.0,	0.047801971435546875,	0.05516815185546875
5314725000.0,	0.04863548278808594,	0.057842254638671875
5314762500.0,	0.05094718933105469,	0.056976318359375
5314800000.0,	0.05000495910644531,	0.055206298828125
5314837500.0,	0.04869270324707031,	0.056728363037109375
5314875000.0,	0.04669761657714844,	0.05724906921386719
5314912500.0,	0.05081748962402344,	0.05850410461425781
5314950000.0,	0.04789543151855469,	0.05915069580078125
5314987500.0,	0.049724578857421875,	0.05475616455078125
5315025000.0,	0.04732704162597656,	0.05870246887207031
5315062500.0,	0.05064582824707031,	0.05566596984863281
5315100000.0,	0.04924583435058594,	0.05856895446777344
5315137500.0,	0.04885673522949219,	0.059101104736328125
5315175000.0,	0.04723167419433594,	0.05714225769042969
5315212500.0,	0.049102783203125,	0.05706977844238281
5315250000.0,	0.046489715576171875,	0.05703163146972656
5315287500.0,	0.04929924011230469,	0.057781219482421875
5315325000.0,	0.05066108703613281,	0.058300018310546875
5315362500.0,	0.049762725830078125,	0.05764579772949219
5315400000.0,	0.049266815185546875,	0.05798912048339844
5315437500.0,	0.04924774169921875,	0.057098388671875
5315475000.0,	0.051239013671875,	0.057308197021484375
5315512500.0,	0.05192756652832031,	0.057403564453125
5315550000.0,	0.049221038818359375,	0.05779457092285156
5315587500.0,	0.04949188232421875,	0.05772590637207031
5315625000.0,	0.04905509948730469,	0.05838775634765625
5315662500.0,	0.048381805419921875,	0.0574188232421875
5315700000.0,	0.04728889465332031,	0.05666351318359375
5315737500.0,	0.0491485595703125,	0.05718421936035156
5315775000.0,	0.04964637756347656,	0.05531501770019531
5315812500.0,	0.04883003234863281,	0.05601692199707031
5315850000.0,	0.04940986633300781,	0.05451011657714844
5315887500.0,	0.04844474792480469,	0.05861663818359375
5315925000.0,	0.051494598388671875,	0.059970855712890625
5315962500.0,	0.04883003234863281,	0.057384490966796875
5316000000.0,	0.04973030090332031,	0.05774116516113281
5316037500.0,	0.05035209655761719,	0.0585479736328125
5316075000.0,	0.04914093017578125,	0.05895233154296875
5316112500.0,	0.050617218017578125,	0.05869483947753906
5316150000.0,	0.04880332946777344,	0.05522918701171875
5316187500.0,	0.04923820495605469,	0.058582305908203125
5316225000.0,	0.04704475402832031,	0.057708740234375
5316262500.0,	0.052276611328125,	0.05776786804199219
5316300000.0,	0.05060768127441406,	0.05791664123535156
5316337500.0,	0.04895591735839844,	0.05943107604980469
5316375000.0,	0.05039024353027344,	0.05710029602050781
5316412500.0,	0.049068450927734375,	0.05789947509765625
5316450000.0,	0.05040931701660156,	0.058536529541015625
5316487500.0,	0.05028724670410156,	0.05690956115722656
5316525000.0,	0.04780006408691406,	0.05842399597167969
5316562500.0,	0.04827308654785156,	0.05881309509277344
5316600000.0,	0.05092048645019531,	0.05771827697753906
5316637500.0,	0.0490570068359375,	0.05776786804199219
5316675000.0,	0.050792694091796875,	0.057292938232421875
5316712500.0,	0.04987144470214844,	0.057048797607421875
5316750000.0,	0.0486297607421875,	0.05843162536621094
5316787500.0,	0.048618316650390625,	0.056850433349609375
5316825000.0,	0.05020713806152344,	0.05750083923339844
5316862500.0,	0.05237388610839844,	0.05734443664550781
5316900000.0,	0.0520477294921875,	0.05767631530761719
5316937500.0,	0.04960060119628906,	0.059825897216796875
5316975000.0,	0.0496978759765625,	0.05812263488769531
5317012500.0,	0.05084991455078125,	0.0588836669921875
5317050000.0,	0.04925346374511719,	0.05760765075683594
5317087500.0,	0.0496826171875,	0.056858062744140625
5317125000.0,	0.0498809814453125,	0.05780792236328125
5317162500.0,	0.049846649169921875,	0.057491302490234375
5317200000.0,	0.051105499267578125,	0.056640625
5317237500.0,	0.05220985412597656,	0.05829429626464844
5317275000.0,	0.04913139343261719,	0.057582855224609375
5317312500.0,	0.050273895263671875,	0.05813789367675781
5317350000.0,	0.05047035217285156,	0.05799293518066406
5317387500.0,	0.0509796142578125,	0.05715179443359375
5317425000.0,	0.05112457275390625,	0.055965423583984375
5317462500.0,	0.049591064453125,	0.05971336364746094
5317500000.0,	0.05068206787109375,	0.05858421325683594
5317537500.0,	0.052581787109375,	0.05731773376464844
5317575000.0,	0.05019569396972656,	0.0592193603515625
5317612500.0,	0.05002403259277344,	0.056636810302734375
5317650000.0,	0.04965019226074219,	0.05732917785644531
5317687500.0,	0.049739837646484375,	0.058444976806640625
5317725000.0,	0.04694557189941406,	0.055553436279296875
5317762500.0,	0.050220489501953125,	0.06043434143066406
5317800000.0,	0.052463531494140625,	0.05876731872558594
5317837500.0,	0.05099296569824219,	0.057415008544921875
5317875000.0,	0.052577972412109375,	0.059085845947265625
5317912500.0,	0.049312591552734375,	0.05742835998535156
5317950000.0,	0.05023193359375,	0.058834075927734375
5317987500.0,	0.0500640869140625,	0.0600738525390625
5318025000.0,	0.05207061767578125,	0.058841705322265625
5318062500.0,	0.04933357238769531,	0.058834075927734375
5318100000.0,	0.05019187927246094,	0.05556488037109375
5318137500.0,	0.05072784423828125,	0.058300018310546875
5318175000.0,	0.05125236511230469,	0.058940887451171875
5318212500.0,	0.04947853088378906,	0.05910491943359375
5318250000.0,	0.05064201354980469,	0.05821418762207031
5318287500.0,	0.052093505859375,	0.055660247802734375
5318325000.0,	0.05142974853515625,	0.05731201171875
5318362500.0,	0.04901695251464844,	0.05863761901855469
5318400000.0,	0.053058624267578125,	0.05789375305175781
5318437500.0,	0.051059722900390625,	0.061557769775390625
5318475000.0,	0.04858207702636719,	0.0608367919921875
5318512500.0,	0.05039405822753906,	0.059825897216796875
5318550000.0,	0.04898262023925781,	0.060604095458984375
5318587500.0,	0.05162620544433594,	0.05813789367675781
5318625000.0,	0.04992485046386719,	0.06056976318359375
5318662500.0,	0.049285888671875,	0.058872222900390625
5318700000.0,	0.048614501953125,	0.05879974365234375
5318737500.0,	0.04974174499511719,	0.05877876281738281
5318775000.0,	0.05100250244140625,	0.05965232849121094
5318812500.0,	0.05169677734375,	0.058200836181640625
5318850000.0,	0.04782867431640625,	0.0592803955078125
5318887500.0,	0.05197715759277344,	0.05727958679199219
5318925000.0,	0.05136299133300781,	0.05934715270996094
5318962500.0,	0.04986572265625,	0.05889320373535156
5319000000.0,	0.05230140686035156,	0.058223724365234375
5319037500.0,	0.05179595947265625,	0.06017875671386719
5319075000.0,	0.05221366882324219,	0.057769775390625
5319112500.0,	0.05116462707519531,	0.05981636047363281
5319150000.0,	0.05293846130371094,	0.05755043029785156
5319187500.0,	0.05222511291503906,	0.05928230285644531
5319225000.0,	0.05222511291503906,	0.059513092041015625
5319262500.0,	0.05221366882324219,	0.058032989501953125
5319300000.0,	0.05174827575683594,	0.05684089660644531
5319337500.0,	0.05152702331542969,	0.06046295166015625
5319375000.0,	0.05195045471191406,	0.05903053283691406
5319412500.0,	0.0520782470703125,	0.06015205383300781
5319450000.0,	0.05167579650878906,	0.0579376220703125
5319487500.0,	0.053741455078125,	0.05767250061035156
5319525000.0,	0.053073883056640625,	0.06053924560546875
5319562500.0,	0.05171966552734375,	0.059234619140625
5319600000.0,	0.052947998046875,	0.05937385559082031
5319637500.0,	0.05279350280761719,	0.06035041809082031
5319675000.0,	0.052013397216796875,	0.06050872802734375
5319712500.0,	0.050975799560546875,	0.06008338928222656
5319750000.0,	0.04953575134277344,	0.056865692138671875
5319787500.0,	0.051753997802734375,	0.057277679443359375
5319825000.0,	0.05228996276855469,	0.06068229675292969
5319862500.0,	0.05115318298339844,	0.059661865234375
5319900000.0,	0.05221366882324219,	0.058406829833984375
5319937500.0,	0.053310394287109375,	0.059417724609375
5319975000.0,	0.0518646240234375,	0.05812263488769531
5320012500.0,	0.052333831787109375,	0.05846214294433594
5320050000.0,	0.05389213562011719,	0.05858802795410156
5320087500.0,	0.050750732421875,	0.05909538269042969
5320125000.0,	0.051242828369140625,	0.05877113342285156
5320162500.0,	0.05231666564941406,	0.05987548828125
5320200000.0,	0.05254364013671875,	0.06056785583496094
5320237500.0,	0.04972648620605469,	0.05830192565917969
5320275000.0,	0.05224418640136719,	0.05965614318847656
5320312500.0,	0.051357269287109375,	0.059467315673828125
5320350000.0,	0.051136016845703125,	0.05937385559082031
5320387500.0,	0.053012847900390625,	0.05823516845703125
5320425000.0,	0.05295372009277344,	0.06051826477050781
5320462500.0,	0.0511474609375,	0.05978584289550781
5320500000.0,	0.05297279357910156,	0.059818267822265625
5320537500.0,	0.050567626953125,	0.06049346923828125
5320575000.0,	0.05297279357910156,	0.05994606018066406
5320612500.0,	0.05173492431640625,	0.05951690673828125
5320650000.0,	0.051059722900390625,	0.06141471862792969
5320687500.0,	0.051708221435546875,	0.06001091003417969
5320725000.0,	0.05124855041503906,	0.05964851379394531
5320762500.0,	0.053375244140625,	0.05927085876464844
5320800000.0,	0.052211761474609375,	0.061275482177734375
5320837500.0,	0.052036285400390625,	0.06006813049316406
5320875000.0,	0.05140876770019531,	0.05979156494140625
5320912500.0,	0.05254364013671875,	0.05856132507324219
5320950000.0,	0.05494499206542969,	0.05946922302246094
5320987500.0,	0.05150413513183594,	0.0584259033203125
5321025000.0,	0.05316352844238281,	0.060886383056640625
5321062500.0,	0.051624298095703125,	0.06115531921386719
5321100000.0,	0.05276679992675781,	0.06046104431152344
5321137500.0,	0.053585052490234375,	0.05846405029296875
5321175000.0,	0.052761077880859375,	0.05970001220703125
5321212500.0,	0.05237388610839844,	0.060302734375
5321250000.0,	0.05333709716796875,	0.059352874755859375
5321287500.0,	0.052745819091796875,	0.058704376220703125
5321325000.0,	0.054035186767578125,	0.06103324890136719
5321362500.0,	0.05519294738769531,	0.058658599853515625
5321400000.0,	0.0554656982421875,	0.05954551696777344
5321437500.0,	0.053195953369140625,	0.059726715087890625
5321475000.0,	0.05243873596191406,	0.05947113037109375
5321512500.0,	0.05336189270019531,	0.05978202819824219
5321550000.0,	0.05328369140625,	0.06150627136230469
5321587500.0,	0.054012298583984375,	0.05969810485839844
5321625000.0,	0.05428123474121094,	0.05884552001953125
5321662500.0,	0.052700042724609375,	0.05846405029296875
5321700000.0,	0.05491828918457031,	0.06024742126464844
5321737500.0,	0.051883697509765625,	0.0616302490234375
5321775000.0,	0.05306816101074219,	0.059474945068359375
5321812500.0,	0.053863525390625,	0.05980873107910156
5321850000.0,	0.05335426330566406,	0.059917449951171875
5321887500.0,	0.053852081298828125,	0.06189537048339844
5321925000.0,	0.054721832275390625,	0.06150245666503906
5321962500.0,	0.0530242919921875,	0.06048393249511719
5322000000.0,	0.052280426025390625,	0.06158447265625
5322037500.0,	0.055019378662109375,	0.05918121337890625
5322075000.0,	0.05394935607910156,	0.06043434143066406
5322112500.0,	0.05343437194824219,	0.06011009216308594
5322150000.0,	0.05255317687988281,	0.05818939208984375
5322187500.0,	0.052539825439453125,	0.05914497375488281
5322225000.0,	0.053997039794921875,	0.059635162353515625
5322262500.0,	0.05194854736328125,	0.0591583251953125
5322300000.0,	0.05459403991699219,	0.059780120849609375
5322337500.0,	0.05351448059082031,	0.06134223937988281
5322375000.0,	0.05434989929199219,	0.05912208557128906
5322412500.0,	0.052265167236328125,	0.059093475341796875
5322450000.0,	0.05226898193359375,	0.057613372802734375
5322487500.0,	0.05225944519042969,	0.06032752990722656
5322525000.0,	0.05428504943847656,	0.05984306335449219
5322562500.0,	0.05420875549316406,	0.060573577880859375
5322600000.0,	0.05291557312011719,	0.05920982360839844
5322637500.0,	0.05406951904296875,	0.05937004089355469
5322675000.0,	0.05323600769042969,	0.057666778564453125
5322712500.0,	0.054256439208984375,	0.06255722045898438
5322750000.0,	0.05491447448730469,	0.05823326110839844
5322787500.0,	0.055332183837890625,	0.05949974060058594
5322825000.0,	0.05335807800292969,	0.06036567687988281
5322862500.0,	0.0541229248046875,	0.06052970886230469
5322900000.0,	0.05326080322265625,	0.05922508239746094
5322937500.0,	0.05379486083984375,	0.05947303771972656
5322975000.0,	0.053035736083984375,	0.05984306335449219
5323012500.0,	0.05331611633300781,	0.060192108154296875
5323050000.0,	0.05415534973144531,	0.05962944030761719
5323087500.0,	0.05426788330078125,	0.05947303771972656
5323125000.0,	0.05542182922363281,	0.059764862060546875
5323162500.0,	0.05566596984863281,	0.05882072448730469
5323200000.0,	0.055149078369140625,	0.05983543395996094
5323237500.0,	0.055492401123046875,	0.05977058410644531
5323275000.0,	0.05482673645019531,	0.06023406982421875
5323312500.0,	0.0548553466796875,	0.060611724853515625
5323350000.0,	0.05559730529785156,	0.059295654296875
5323387500.0,	0.053890228271484375,	0.05994987487792969
5323425000.0,	0.05342674255371094,	0.059482574462890625
5323462500.0,	0.05249977111816406,	0.059200286865234375
5323500000.0,	0.053058624267578125,	0.061767578125
5323537500.0,	0.05394554138183594,	0.06154632568359375
5323575000.0,	0.0540771484375,	0.0580902099609375
5323612500.0,	0.054443359375,	0.05794334411621094
5323650000.0,	0.052906036376953125,	0.061100006103515625
5323687500.0,	0.0559234619140625,	0.05953788757324219
5323725000.0,	0.05432319641113281,	0.06000518798828125
5323762500.0,	0.054843902587890625,	0.05872344970703125
5323800000.0,	0.05480766296386719,	0.05886650085449219
5323837500.0,	0.05515098571777344,	0.0589447021484375
5323875000.0,	0.05354881286621094,	0.060550689697265625
5323912500.0,	0.054416656494140625,	0.05903053283691406
5323950000.0,	0.0564117431640625,	0.06045341491699219
5323987500.0,	0.05662345886230469,	0.06058311462402344
5324025000.0,	0.055751800537109375,	0.05871772766113281
5324062500.0,	0.05505180358886719,	0.06049156188964844
5324100000.0,	0.05590248107910156,	0.0607147216796875
5324137500.0,	0.05521965026855469,	0.060077667236328125
5324175000.0,	0.05409431457519531,	0.0573272705078125
5324212500.0,	0.05381584167480469,	0.0600738525390625
5324250000.0,	0.05455970764160156,	0.05839729309082031
5324287500.0,	0.05497932434082031,	0.0593109130859375
5324325000.0,	0.05497550964355469,	0.06022453308105469
5324362500.0,	0.056118011474609375,	0.06003379821777344
5324400000.0,	0.057216644287109375,	0.058563232421875
5324437500.0,	0.05507087707519531,	0.06159019470214844
5324475000.0,	0.0555267333984375,	0.05926704406738281
5324512500.0,	0.0551605224609375,	0.06174468994140625
5324550000.0,	0.053936004638671875,	0.05957984924316406
5324587500.0,	0.053882598876953125,	0.05940437316894531
5324625000.0,	0.05625724792480469,	0.059177398681640625
5324662500.0,	0.05496406555175781,	0.06043052673339844
5324700000.0,	0.055576324462890625,	0.05975532531738281
5324737500.0,	0.055049896240234375,	0.060466766357421875
5324775000.0,	0.05378150939941406,	0.05817604064941406
5324812500.0,	0.05269432067871094,	0.05869102478027344
5324850000.0,	0.05527305603027344,	0.061557769775390625
5324887500.0,	0.0554962158203125,	0.05971717834472656
5324925000.0,	0.05499458312988281,	0.05895805358886719
5324962500.0,	0.0565032958984375,	0.058696746826171875
5325000000.0,	0.0553436279296875,	0.06119728088378906
5325037500.0,	0.05827903747558594,	0.06041526794433594
5325075000.0,	0.055400848388671875,	0.058681488037109375
5325112500.0,	0.056041717529296875,	0.059459686279296875
5325150000.0,	0.05395698547363281,	0.05885505676269531
5325187500.0,	0.05595207214355469,	0.05965232849121094
5325225000.0,	0.054576873779296875,	0.05850410461425781
5325262500.0,	0.055103302001953125,	0.06066703796386719
5325300000.0,	0.05560874938964844,	0.061565399169921875
5325337500.0,	0.05840492248535156,	0.0600738525390625
5325375000.0,	0.05638885498046875,	0.06131935119628906
5325412500.0,	0.056194305419921875,	0.06010246276855469
5325450000.0,	0.05533599853515625,	0.060047149658203125
5325487500.0,	0.05659294128417969,	0.05982398986816406
5325525000.0,	0.05672454833984375,	0.061614990234375
5325562500.0,	0.0560302734375,	0.060192108154296875
5325600000.0,	0.058322906494140625,	0.059215545654296875
5325637500.0,	0.05475616455078125,	0.06159210205078125
5325675000.0,	0.0578765869140625,	0.05834007263183594
5325712500.0,	0.05696678161621094,	0.05689239501953125
5325750000.0,	0.05563926696777344,	0.06056022644042969
5325787500.0,	0.05793952941894531,	0.05768013000488281
5325825000.0,	0.0558013916015625,	0.05967140197753906
5325862500.0,	0.05598258972167969,	0.05843353271484375
5325900000.0,	0.0559234619140625,	0.058933258056640625
5325937500.0,	0.05758094787597656,	0.060871124267578125
5325975000.0,	0.05673789978027344,	0.06026649475097656
5326012500.0,	0.053775787353515625,	0.06047821044921875
5326050000.0,	0.056430816650390625,	0.0588836669921875
5326087500.0,	0.055049896240234375,	0.05979156494140625
5326125000.0,	0.05547142028808594,	0.05821037292480469
5326162500.0,	0.054656982421875,	0.06060218811035156
5326200000.0,	0.05656242370605469,	0.05884742736816406
5326237500.0,	0.055088043212890625,	0.06080436706542969
5326275000.0,	0.05516242980957031,	0.0592193603515625
5326312500.0,	0.05648994445800781,	0.061504364013671875
5326350000.0,	0.0580291748046875,	0.06072807312011719
5326387500.0,	0.056362152099609375,	0.06085395812988281
5326425000.0,	0.05518531799316406,	0.059993743896484375
5326462500.0,	0.05570411682128906,	0.058563232421875
5326500000.0,	0.053478240966796875,	0.058746337890625
5326537500.0,	0.05554389953613281,	0.05777168273925781
5326575000.0,	0.055614471435546875,	0.05930900573730469
5326612500.0,	0.057086944580078125,	0.05976104736328125
5326650000.0,	0.05699920654296875,	0.057384490966796875
5326687500.0,	0.05677604675292969,	0.059467315673828125
5326725000.0,	0.0567169189453125,	0.059925079345703125
5326762500.0,	0.05721282958984375,	0.05885124206542969
5326800000.0,	0.05729484558105469,	0.06188392639160156
5326837500.0,	0.056964874267578125,	0.05986976623535156
5326875000.0,	0.054935455322265625,	0.05851554870605469
5326912500.0,	0.05793190002441406,	0.05754661560058594
5326950000.0,	0.05689048767089844,	0.0583953857421875
5326987500.0,	0.05698204040527344,	0.06010246276855469
5327025000.0,	0.05796241760253906,	0.06140327453613281
5327062500.0,	0.05842399597167969,	0.05825233459472656
5327100000.0,	0.05533027648925781,	0.05890846252441406
5327137500.0,	0.05557060241699219,	0.05841255187988281
5327175000.0,	0.05879974365234375,	0.05879783630371094
5327212500.0,	0.05590248107910156,	0.058895111083984375
5327250000.0,	0.05557441711425781,	0.059383392333984375
5327287500.0,	0.0576171875,	0.059238433837890625
5327325000.0,	0.05549430847167969,	0.05820655822753906
5327362500.0,	0.05637931823730469,	0.06098365783691406
5327400000.0,	0.05585479736328125,	0.060291290283203125
5327437500.0,	0.05562591552734375,	0.05841827392578125
5327475000.0,	0.05531501770019531,	0.05888938903808594
5327512500.0,	0.056911468505859375,	0.05675506591796875
5327550000.0,	0.05630683898925781,	0.05862998962402344
5327587500.0,	0.05582618713378906,	0.058277130126953125
5327625000.0,	0.055690765380859375,	0.05884552001953125
5327662500.0,	0.058887481689453125,	0.0598602294921875
5327700000.0,	0.05663108825683594,	0.06149101257324219
5327737500.0,	0.05840873718261719,	0.06112098693847656
5327775000.0,	0.0546417236328125,	0.058109283447265625
5327812500.0,	0.056491851806640625,	0.0582122802734375
5327850000.0,	0.05679512023925781,	0.057537078857421875
5327887500.0,	0.05793952941894531,	0.060939788818359375
5327925000.0,	0.05450439453125,	0.058231353759765625
5327962500.0,	0.05640220642089844,	0.05861473083496094
5328000000.0,	0.05674934387207031,	0.057041168212890625
5328037500.0,	0.05658531188964844,	0.05630302429199219
5328075000.0,	0.05757904052734375,	0.05712699890136719
5328112500.0,	0.056247711181640625,	0.058650970458984375
5328150000.0,	0.055942535400390625,	0.05817604064941406
5328187500.0,	0.05684471130371094,	0.05945587158203125
5328225000.0,	0.05780601501464844,	0.05758476257324219
5328262500.0,	0.05620384216308594,	0.056850433349609375
5328300000.0,	0.05736351013183594,	0.060260772705078125
5328337500.0,	0.05523490905761719,	0.057186126708984375
5328375000.0,	0.0563812255859375,	0.05902671813964844
5328412500.0,	0.05913543701171875,	0.05728721618652344
5328450000.0,	0.055629730224609375,	0.05647850036621094
5328487500.0,	0.05806922912597656,	0.059841156005859375
5328525000.0,	0.057521820068359375,	0.06001853942871094
5328562500.0,	0.05841636657714844,	0.05645561218261719
5328600000.0,	0.05705833435058594,	0.0582122802734375
5328637500.0,	0.05579948425292969,	0.058788299560546875
5328675000.0,	0.05635833740234375,	0.0565643310546875
5328712500.0,	0.056858062744140625,	0.058780670166015625
5328750000.0,	0.0574798583984375,	0.05889701843261719
5328787500.0,	0.05710029602050781,	0.05633354187011719
5328825000.0,	0.05576324462890625,	0.057773590087890625
5328862500.0,	0.056293487548828125,	0.05911064147949219
5328900000.0,	0.05798912048339844,	0.05678749084472656
5328937500.0,	0.05824089050292969,	0.05923652648925781
5328975000.0,	0.05594444274902344,	0.05877113342285156
5329012500.0,	0.05661582946777344,	0.05814361572265625
5329050000.0,	0.05760002136230469,	0.05674171447753906
5329087500.0,	0.0567626953125,	0.058116912841796875
5329125000.0,	0.05802345275878906,	0.0599212646484375
5329162500.0,	0.055736541748046875,	0.05814361572265625
5329200000.0,	0.05728721618652344,	0.06045722961425781
5329237500.0,	0.05744361877441406,	0.05692291259765625
5329275000.0,	0.056537628173828125,	0.056484222412109375
5329312500.0,	0.058300018310546875,	0.056171417236328125
5329350000.0,	0.0575408935546875,	0.05848503112792969
5329387500.0,	0.057712554931640625,	0.05799102783203125
5329425000.0,	0.0576171875,	0.057830810546875
5329462500.0,	0.05691337585449219,	0.05806922912597656
5329500000.0,	0.059040069580078125,	0.0558319091796875
5329537500.0,	0.05674934387207031,	0.056827545166015625
5329575000.0,	0.058563232421875,	0.056240081787109375
5329612500.0,	0.058361053466796875,	0.057010650634765625
5329650000.0,	0.05725669860839844,	0.05631828308105469
5329687500.0,	0.05684089660644531,	0.05644035339355469
5329725000.0,	0.055812835693359375,	0.055950164794921875
5329762500.0,	0.05675506591796875,	0.05423736572265625
5329800000.0,	0.05768013000488281,	0.05627250671386719
5329837500.0,	0.05832481384277344,	0.05679512023925781
5329875000.0,	0.055095672607421875,	0.05757331848144531
5329912500.0,	0.05767631530761719,	0.058990478515625
5329950000.0,	0.05811882019042969,	0.05618858337402344
5329987500.0,	0.05643463134765625,	0.05574989318847656
5330025000.0,	0.057506561279296875,	0.05698204040527344
5330062500.0,	0.057613372802734375,	0.05521583557128906
5330100000.0,	0.05789375305175781,	0.05780792236328125
5330137500.0,	0.05451011657714844,	0.05703163146972656
5330175000.0,	0.05665779113769531,	0.054767608642578125
5330212500.0,	0.056827545166015625,	0.05769157409667969
5330250000.0,	0.05793571472167969,	0.054973602294921875
5330287500.0,	0.056888580322265625,	0.05436134338378906
5330325000.0,	0.05600166320800781,	0.05659675598144531
5330362500.0,	0.05625724792480469,	0.05517578125
5330400000.0,	0.057159423828125,	0.05626678466796875
5330437500.0,	0.05853843688964844,	0.05883598327636719
5330475000.0,	0.0557098388671875,	0.0570220947265625
5330512500.0,	0.057544708251953125,	0.05598640441894531
5330550000.0,	0.05747795104980469,	0.0545501708984375
5330587500.0,	0.05668830871582031,	0.05551910400390625
5330625000.0,	0.05400657653808594,	0.05753135681152344
5330662500.0,	0.05673408508300781,	0.05334663391113281
5330700000.0,	0.05705070495605469,	0.05621337890625
5330737500.0,	0.05610847473144531,	0.05845832824707031
5330775000.0,	0.05654335021972656,	0.055850982666015625
5330812500.0,	0.05615234375,	0.055828094482421875
5330850000.0,	0.05512237548828125,	0.05567359924316406
5330887500.0,	0.057041168212890625,	0.05565643310546875
5330925000.0,	0.05644798278808594,	0.05579948425292969
5330962500.0,	0.05411720275878906,	0.05497550964355469
5331000000.0,	0.056488037109375,	0.05555915832519531
5331037500.0,	0.05717277526855469,	0.057659149169921875
5331075000.0,	0.05625152587890625,	0.05399322509765625
5331112500.0,	0.05628776550292969,	0.05669975280761719
5331150000.0,	0.057910919189453125,	0.05470466613769531
5331187500.0,	0.057224273681640625,	0.05446624755859375
5331225000.0,	0.05665779113769531,	0.05560302734375
5331262500.0,	0.0558319091796875,	0.05440711975097656
5331300000.0,	0.0576171875,	0.0544281005859375
5331337500.0,	0.05731391906738281,	0.05378913879394531
5331375000.0,	0.05583953857421875,	0.054332733154296875
5331412500.0,	0.057201385498046875,	0.05574607849121094
5331450000.0,	0.05504417419433594,	0.05440521240234375
5331487500.0,	0.05522727966308594,	0.05490875244140625
5331525000.0,	0.054737091064453125,	0.05436897277832031
5331562500.0,	0.05434608459472656,	0.05362129211425781
5331600000.0,	0.054897308349609375,	0.052288055419921875
5331637500.0,	0.055240631103515625,	0.05438041687011719
5331675000.0,	0.05593681335449219,	0.05201530456542969
5331712500.0,	0.0554046630859375,	0.05364227294921875
5331750000.0,	0.05550956726074219,	0.05572509765625
5331787500.0,	0.0534210205078125,	0.05427742004394531
5331825000.0,	0.05529594421386719,	0.05437469482421875
5331862500.0,	0.05418205261230469,	0.05460357666015625
5331900000.0,	0.05303382873535156,	0.053394317626953125
5331937500.0,	0.05616950988769531,	0.055904388427734375
5331975000.0,	0.05218315124511719,	0.05288505554199219
5332012500.0,	0.05484771728515625,	0.0544281005859375
5332050000.0,	0.055027008056640625,	0.05614471435546875
5332087500.0,	0.05502510070800781,	0.052303314208984375
5332125000.0,	0.05545806884765625,	0.05397796630859375
5332162500.0,	0.05518913269042969,	0.05380821228027344
5332200000.0,	0.05619239807128906,	0.0543365478515625
5332237500.0,	0.054622650146484375,	0.05252838134765625
5332275000.0,	0.05436515808105469,	0.054805755615234375
5332312500.0,	0.0554046630859375,	0.05324363708496094
5332350000.0,	0.05593681335449219,	0.05188560485839844
5332387500.0,	0.054538726806640625,	0.05201148986816406
5332425000.0,	0.05548095703125,	0.053905487060546875
5332462500.0,	0.052463531494140625,	0.05277252197265625
5332500000.0,	0.052921295166015625,	0.05285072326660156
5332537500.0,	0.05266571044921875,	0.052459716796875
5332575000.0,	0.05299568176269531,	0.05261802673339844
5332612500.0,	0.053432464599609375,	0.05293083190917969
5332650000.0,	0.05359077453613281,	0.05306243896484375
5332687500.0,	0.05413055419921875,	0.05231475830078125
5332725000.0,	0.05368614196777344,	0.05416679382324219
5332762500.0,	0.05164527893066406,	0.052173614501953125
5332800000.0,	0.05293464660644531,	0.051036834716796875
5332837500.0,	0.05179023742675781,	0.05185508728027344
5332875000.0,	0.05335044860839844,	0.05196952819824219
5332912500.0,	0.05340385437011719,	0.05264854431152344
5332950000.0,	0.053585052490234375,	0.05110931396484375
5332987500.0,	0.0518341064453125,	0.05249214172363281
5333025000.0,	0.051998138427734375,	0.05170440673828125
5333062500.0,	0.05446052551269531,	0.052288055419921875
5333100000.0,	0.052547454833984375,	0.05307579040527344
5333137500.0,	0.05323982238769531,	0.049053192138671875
5333175000.0,	0.05212211608886719,	0.052616119384765625
5333212500.0,	0.05032920837402344,	0.05225181579589844
5333250000.0,	0.050975799560546875,	0.05106925964355469
5333287500.0,	0.05230903625488281,	0.05180549621582031
5333325000.0,	0.051067352294921875,	0.051883697509765625
5333362500.0,	0.05330467224121094,	0.05159187316894531
5333400000.0,	0.05255126953125,	0.05220794677734375
5333437500.0,	0.05375480651855469,	0.049884796142578125
5333475000.0,	0.05226325988769531,	0.05135154724121094
5333512500.0,	0.05182647705078125,	0.05140876770019531
5333550000.0,	0.05267143249511719,	0.04918098449707031
5333587500.0,	0.05029106140136719,	0.05253791809082031
5333625000.0,	0.05126953125,	0.05097770690917969
5333662500.0,	0.04970741271972656,	0.050075531005859375
5333700000.0,	0.04692268371582031,	0.05059814453125
5333737500.0,	0.05186653137207031,	0.048587799072265625
5333775000.0,	0.05204200744628906,	0.05111503601074219
5333812500.0,	0.04900360107421875,	0.0477294921875
5333850000.0,	0.050090789794921875,	0.051723480224609375
5333887500.0,	0.04896736145019531,	0.05116844177246094
5333925000.0,	0.04930686950683594,	0.05183601379394531
5333962500.0,	0.05011558532714844,	0.04989433288574219
5334000000.0,	0.049579620361328125,	0.04979133605957031
5334037500.0,	0.04888725280761719,	0.05032157897949219
5334075000.0,	0.04852867126464844,	0.049709320068359375
5334112500.0,	0.04736518859863281,	0.04895782470703125
5334150000.0,	0.049091339111328125,	0.05010032653808594
5334187500.0,	0.05020904541015625,	0.049961090087890625
5334225000.0,	0.04854774475097656,	0.047893524169921875
5334262500.0,	0.048305511474609375,	0.051380157470703125
5334300000.0,	0.04681205749511719,	0.051059722900390625
5334337500.0,	0.04807281494140625,	0.049121856689453125
5334375000.0,	0.04629325866699219,	0.04876708984375
5334412500.0,	0.047084808349609375,	0.05081939697265625
5334450000.0,	0.04449653625488281,	0.05037689208984375
5334487500.0,	0.04551124572753906,	0.049945831298828125
5334525000.0,	0.04335212707519531,	0.048030853271484375
5334562500.0,	0.04704475402832031,	0.04971504211425781
5334600000.0,	0.045940399169921875,	0.05047416687011719
5334637500.0,	0.04535484313964844,	0.05052375793457031
5334675000.0,	0.045001983642578125,	0.04870796203613281
5334712500.0,	0.04605865478515625,	0.04947471618652344
5334750000.0,	0.0450897216796875,	0.04915618896484375
5334787500.0,	0.04352569580078125,	0.05029487609863281
5334825000.0,	0.04463386535644531,	0.04953765869140625
5334862500.0,	0.04469871520996094,	0.050815582275390625
5334900000.0,	0.04412078857421875,	0.05104255676269531
5334937500.0,	0.04286384582519531,	0.04894447326660156
5334975000.0,	0.04418373107910156,	0.049381256103515625
5335012500.0,	0.0406494140625,	0.049434661865234375
5335050000.0,	0.04040336608886719,	0.0500946044921875
5335087500.0,	0.04391670227050781,	0.04949188232421875
5335125000.0,	0.041446685791015625,	0.051258087158203125
5335162500.0,	0.04292488098144531,	0.051944732666015625
5335200000.0,	0.04001045227050781,	0.04847526550292969
5335237500.0,	0.04095268249511719,	0.05034446716308594
5335275000.0,	0.041469573974609375,	0.05106544494628906
5335312500.0,	0.03929901123046875,	0.05109977722167969
5335350000.0,	0.03987693786621094,	0.04935264587402344
5335387500.0,	0.041065216064453125,	0.05039787292480469
5335425000.0,	0.038387298583984375,	0.05123329162597656
5335462500.0,	0.03730583190917969,	0.05047798156738281
5335500000.0,	0.040500640869140625,	0.05222320556640625
5335537500.0,	0.03849029541015625,	0.051609039306640625
5335575000.0,	0.038997650146484375,	0.051788330078125
5335612500.0,	0.038158416748046875,	0.04927825927734375
5335650000.0,	0.03840446472167969,	0.05152130126953125
5335687500.0,	0.0359649658203125,	0.0515594482421875
5335725000.0,	0.03780937194824219,	0.05332756042480469
5335762500.0,	0.03605461120605469,	0.0515899658203125
5335800000.0,	0.037281036376953125,	0.05178260803222656
5335837500.0,	0.033184051513671875,	0.05187225341796875
5335875000.0,	0.03587150573730469,	0.05467987060546875
5335912500.0,	0.03880119323730469,	0.05240058898925781
5335950000.0,	0.032474517822265625,	0.05368995666503906
5335987500.0,	0.03395843505859375,	0.05452156066894531
5336025000.0,	0.033466339111328125,	0.055789947509765625
5336062500.0,	0.03380584716796875,	0.056865692138671875
5336100000.0,	0.03299713134765625,	0.0544586181640625
5336137500.0,	0.03242683410644531,	0.05738258361816406
5336175000.0,	0.03281211853027344,	0.05469512939453125
5336212500.0,	0.03148841857910156,	0.054584503173828125
5336250000.0,	0.032085418701171875,	0.05825996398925781
5336287500.0,	0.03002166748046875,	0.056568145751953125
5336325000.0,	0.032867431640625,	0.057315826416015625
5336362500.0,	0.03157615661621094,	0.05708122253417969
5336400000.0,	0.028718948364257812,	0.05546379089355469
5336437500.0,	0.029222488403320312,	0.058612823486328125
5336475000.0,	0.030160903930664062,	0.056789398193359375
5336512500.0,	0.030744552612304688,	0.05668067932128906
5336550000.0,	0.031152725219726562,	0.06023979187011719
5336587500.0,	0.02954864501953125,	0.057407379150390625
5336625000.0,	0.02941131591796875,	0.06006622314453125
5336662500.0,	0.027681350708007812,	0.06015205383300781
5336700000.0,	0.030035018920898438,	0.05766868591308594
5336737500.0,	0.025798797607421875,	0.0632171630859375
5336775000.0,	0.02767181396484375,	0.06350326538085938
5336812500.0,	0.02753448486328125,	0.06414031982421875
5336850000.0,	0.027008056640625,	0.06594467163085938
5336887500.0,	0.02783966064453125,	0.06446456909179688
5336925000.0,	0.0254364013671875,	0.06422805786132812
5336962500.0,	0.02721405029296875,	0.06400299072265625
5337000000.0,	0.028247833251953125,	0.06606674194335938
5337037500.0,	0.028171539306640625,	0.06559371948242188
5337075000.0,	0.02809906005859375,	0.06499862670898438
5337112500.0,	0.02623748779296875,	0.06724929809570312
5337150000.0,	0.028350830078125,	0.06558990478515625
5337187500.0,	0.026851654052734375,	0.06657791137695312
5337225000.0,	0.02685546875,	0.0682830810546875
5337262500.0,	0.0271453857421875,	0.06946182250976562
5337300000.0,	0.026378631591796875,	0.06899261474609375
5337337500.0,	0.025653839111328125,	0.0699615478515625
5337375000.0,	0.02550506591796875,	0.0698699951171875
5337412500.0,	0.027629852294921875,	0.071624755859375
5337450000.0,	0.026149749755859375,	0.07275390625
5337487500.0,	0.02671051025390625,	0.07464981079101562
5337525000.0,	0.0263214111328125,	0.07178497314453125
5337562500.0,	0.027187347412109375,	0.0738525390625
5337600000.0,	0.0290985107421875,	0.0751190185546875
5337637500.0,	0.025714874267578125,	0.07558441162109375
5337675000.0,	0.02753448486328125,	0.0752716064453125
5337712500.0,	0.02632904052734375,	0.075775146484375
5337750000.0,	0.027210235595703125,	0.07687759399414062
5337787500.0,	0.027111053466796875,	0.078155517578125
5337825000.0,	0.028919219970703125,	0.07692337036132812
5337862500.0,	0.025821685791015625,	0.0800933837890625
5337900000.0,	0.02771759033203125,	0.0800323486328125
5337937500.0,	0.027496337890625,	0.08131027221679688
5337975000.0,	0.02797698974609375,	0.079345703125
5338012500.0,	0.029041290283203125,	0.081085205078125
5338050000.0,	0.0297393798828125,	0.08229446411132812
5338087500.0,	0.03133392333984375,	0.0813751220703125
5338125000.0,	0.029083251953125,	0.082550048828125
5338162500.0,	0.03325653076171875,	0.0835113525390625
5338200000.0,	0.0319061279296875,	0.08321762084960938
5338237500.0,	0.029811859130859375,	0.0854949951171875
5338275000.0,	0.03202056884765625,	0.0858612060546875
5338312500.0,	0.0320587158203125,	0.08481979370117188
5338350000.0,	0.0301361083984375,	0.08518600463867188
5338387500.0,	0.03276824951171875,	0.08664703369140625
5338425000.0,	0.03424835205078125,	0.08507919311523438
5338462500.0,	0.033176422119140625,	0.08821868896484375
5338500000.0,	0.035015106201171875,	0.08501052856445312
5338537500.0,	0.0334930419921875,	0.08773422241210938
5338575000.0,	0.032550811767578125,	0.08712387084960938
5338612500.0,	0.034236907958984375,	0.086639404296875
5338650000.0,	0.03528594970703125,	0.08913803100585938
5338687500.0,	0.0358123779296875,	0.08676910400390625
5338725000.0,	0.037883758544921875,	0.09013748168945312
5338762500.0,	0.03824615478515625,	0.09242630004882812
5338800000.0,	0.0359954833984375,	0.091461181640625
5338837500.0,	0.03778076171875,	0.0915069580078125
5338875000.0,	0.0363922119140625,	0.088592529296875
5338912500.0,	0.037136077880859375,	0.0912322998046875
5338950000.0,	0.040058135986328125,	0.08925628662109375
5338987500.0,	0.039356231689453125,	0.09037399291992188
5339025000.0,	0.040615081787109375,	0.09014511108398438
5339062500.0,	0.03884124755859375,	0.09138107299804688
5339100000.0,	0.0414886474609375,	0.09378433227539062
5339137500.0,	0.039867401123046875,	0.09265518188476562
5339175000.0,	0.04167938232421875,	0.092132568359375
5339212500.0,	0.041347503662109375,	0.0916900634765625
5339250000.0,	0.04248809814453125,	0.0917816162109375
5339287500.0,	0.04474639892578125,	0.09515380859375
5339325000.0,	0.043670654296875,	0.09052658081054688
5339362500.0,	0.045375823974609375,	0.09237289428710938
5339400000.0,	0.045757293701171875,	0.09241104125976562
5339437500.0,	0.044101715087890625,	0.0938568115234375
5339475000.0,	0.045848846435546875,	0.09450149536132812
5339512500.0,	0.047149658203125,	0.09217453002929688
5339550000.0,	0.0469207763671875,	0.09222412109375
5339587500.0,	0.04732513427734375,	0.09351348876953125
5339625000.0,	0.046291351318359375,	0.09420394897460938
5339662500.0,	0.04814910888671875,	0.093170166015625
5339700000.0,	0.04803466796875,	0.0912017822265625
5339737500.0,	0.049976348876953125,	0.09026718139648438
5339775000.0,	0.04813385009765625,	0.09166717529296875
5339812500.0,	0.050800323486328125,	0.09579086303710938
5339850000.0,	0.048900604248046875,	0.09311294555664062
5339887500.0,	0.048526763916015625,	0.09334945678710938
5339925000.0,	0.050445556640625,	0.09610366821289062
5339962500.0,	0.051372528076171875,	0.09299087524414062
5340000000.0,	0.053188323974609375,	0.09245681762695312
5340037500.0,	0.0521697998046875,	0.09467315673828125
5340075000.0,	0.0521240234375,	0.0945281982421875
5340112500.0,	0.05249786376953125,	0.094512939453125
5340150000.0,	0.05290985107421875,	0.0939178466796875
5340187500.0,	0.051982879638671875,	0.09321212768554688
5340225000.0,	0.053287506103515625,	0.09627151489257812
5340262500.0,	0.05454254150390625,	0.0933685302734375
5340300000.0,	0.053134918212890625,	0.09164810180664062
5340337500.0,	0.055744171142578125,	0.09149551391601562
5340375000.0,	0.0543060302734375,	0.09233474731445312
5340412500.0,	0.05489349365234375,	0.09249496459960938
5340450000.0,	0.058261871337890625,	0.09383010864257812
5340487500.0,	0.055744171142578125,	0.09299850463867188
5340525000.0,	0.057285308837890625,	0.09051513671875
5340562500.0,	0.05837249755859375,	0.0917205810546875
5340600000.0,	0.05681610107421875,	0.09420013427734375
5340637500.0,	0.059368133544921875,	0.09284210205078125
5340675000.0,	0.058605194091796875,	0.09389114379882812
5340712500.0,	0.05683135986328125,	0.09256362915039062
5340750000.0,	0.06087493896484375,	0.0927581787109375
5340787500.0,	0.058010101318359375,	0.09131622314453125
5340825000.0,	0.061595916748046875,	0.09426498413085938
5340862500.0,	0.06192779541015625,	0.09322357177734375
5340900000.0,	0.061527252197265625,	0.092010498046875
5340937500.0,	0.06215667724609375,	0.09281158447265625
5340975000.0,	0.061740875244140625,	0.0938720703125
5341012500.0,	0.061916351318359375,	0.09134674072265625
5341050000.0,	0.0626373291015625,	0.0919952392578125
5341087500.0,	0.061553955078125,	0.08786392211914062
5341125000.0,	0.060489654541015625,	0.09139251708984375
5341162500.0,	0.0619354248046875,	0.09033203125
5341200000.0,	0.0618438720703125,	0.09228515625
5341237500.0,	0.06525039672851562,	0.0911865234375
5341275000.0,	0.061737060546875,	0.09188079833984375
5341312500.0,	0.06317520141601562,	0.09232711791992188
5341350000.0,	0.06353378295898438,	0.08993148803710938
5341387500.0,	0.06511688232421875,	0.0883636474609375
5341425000.0,	0.062465667724609375,	0.08941268920898438
5341462500.0,	0.06418609619140625,	0.09096908569335938
5341500000.0,	0.06441497802734375,	0.08908462524414062
5341537500.0,	0.06366729736328125,	0.09113311767578125
5341575000.0,	0.06370925903320312,	0.08889007568359375
5341612500.0,	0.06405258178710938,	0.09055328369140625
5341650000.0,	0.0630340576171875,	0.09069061279296875
5341687500.0,	0.06439590454101562,	0.08826446533203125
5341725000.0,	0.066497802734375,	0.08901596069335938
5341762500.0,	0.06433868408203125,	0.090606689453125
5341800000.0,	0.06618499755859375,	0.08843994140625
5341837500.0,	0.06580734252929688,	0.09033966064453125
5341875000.0,	0.0675201416015625,	0.0904998779296875
5341912500.0,	0.06541061401367188,	0.0881500244140625
5341950000.0,	0.06708526611328125,	0.08803558349609375
5341987500.0,	0.06601715087890625,	0.087005615234375
5342025000.0,	0.06837081909179688,	0.08972549438476562
5342062500.0,	0.06644439697265625,	0.08829498291015625
5342100000.0,	0.06854629516601562,	0.08685302734375
5342137500.0,	0.06885910034179688,	0.0886688232421875
5342175000.0,	0.0678253173828125,	0.08710479736328125
5342212500.0,	0.06822586059570312,	0.08795928955078125
5342250000.0,	0.06792831420898438,	0.08648681640625
5342287500.0,	0.06884384155273438,	0.0900726318359375
5342325000.0,	0.06858062744140625,	0.08611297607421875
5342362500.0,	0.06713104248046875,	0.08719635009765625
5342400000.0,	0.06879806518554688,	0.08594512939453125
5342437500.0,	0.06859588623046875,	0.08755874633789062
5342475000.0,	0.07006454467773438,	0.08341598510742188
5342512500.0,	0.06890869140625,	0.08528900146484375
5342550000.0,	0.06709671020507812,	0.08453750610351562
5342587500.0,	0.07056808471679688,	0.08565139770507812
5342625000.0,	0.07044601440429688,	0.08594894409179688
5342662500.0,	0.0705718994140625,	0.0862579345703125
5342700000.0,	0.0699920654296875,	0.08607864379882812
5342737500.0,	0.06766891479492188,	0.08513641357421875
5342775000.0,	0.07178497314453125,	0.08577346801757812
5342812500.0,	0.07025527954101562,	0.08366775512695312
5342850000.0,	0.07120132446289062,	0.08531951904296875
5342887500.0,	0.07181549072265625,	0.0847625732421875
5342925000.0,	0.07114410400390625,	0.08484649658203125
5342962500.0,	0.07054901123046875,	0.08554840087890625
5343000000.0,	0.07244110107421875,	0.08521652221679688
5343037500.0,	0.070281982421875,	0.08270645141601562
5343075000.0,	0.07291793823242188,	0.08423614501953125
5343112500.0,	0.07154083251953125,	0.086029052734375
5343150000.0,	0.07168197631835938,	0.08773422241210938
5343187500.0,	0.07181549072265625,	0.08359909057617188
5343225000.0,	0.07287979125976562,	0.08442306518554688
5343262500.0,	0.07373428344726562,	0.08406448364257812
5343300000.0,	0.07079315185546875,	0.0858001708984375
5343337500.0,	0.07052230834960938,	0.08465957641601562
5343375000.0,	0.071136474609375,	0.08284759521484375
5343412500.0,	0.07103347778320312,	0.08269119262695312
5343450000.0,	0.07217025756835938,	0.08453750610351562
5343487500.0,	0.07355499267578125,	0.08333206176757812
5343525000.0,	0.07254791259765625,	0.08200836181640625
5343562500.0,	0.07184600830078125,	0.08057403564453125
5343600000.0,	0.07348251342773438,	0.08405685424804688
5343637500.0,	0.0727386474609375,	0.08131027221679688
5343675000.0,	0.07468032836914062,	0.08301544189453125
5343712500.0,	0.07272720336914062,	0.08161544799804688
5343750000.0,	0.074432373046875,	0.08226776123046875
5343787500.0,	0.07118606567382812,	0.08187484741210938
5343825000.0,	0.07309722900390625,	0.08150863647460938
5343862500.0,	0.07320022583007812,	0.08286666870117188
5343900000.0,	0.07344436645507812,	0.081207275390625
5343937500.0,	0.074188232421875,	0.08192825317382812
5343975000.0,	0.07337570190429688,	0.08198165893554688
5344012500.0,	0.0736236572265625,	0.0821990966796875
5344050000.0,	0.07491683959960938,	0.08181381225585938
5344087500.0,	0.07259368896484375,	0.08086776733398438
5344125000.0,	0.07380294799804688,	0.08097457885742188
5344162500.0,	0.07431411743164062,	0.08131027221679688
5344200000.0,	0.07503128051757812,	0.0793304443359375
5344237500.0,	0.07379531860351562,	0.07981491088867188
5344275000.0,	0.07512283325195312,	0.08013153076171875
5344312500.0,	0.07555007934570312,	0.0803680419921875
5344350000.0,	0.07646942138671875,	0.07924652099609375
5344387500.0,	0.07638168334960938,	0.07926559448242188
5344425000.0,	0.07593154907226562,	0.079254150390625
5344462500.0,	0.07674026489257812,	0.08069992065429688
5344500000.0,	0.07353591918945312,	0.07891464233398438
5344537500.0,	0.07585525512695312,	0.08090972900390625
5344575000.0,	0.07623291015625,	0.08037185668945312
5344612500.0,	0.076141357421875,	0.07904434204101562
5344650000.0,	0.07552337646484375,	0.078887939453125
5344687500.0,	0.07485580444335938,	0.08019638061523438
5344725000.0,	0.0769195556640625,	0.07840347290039062
5344762500.0,	0.07748794555664062,	0.0789642333984375
5344800000.0,	0.07726669311523438,	0.0759429931640625
5344837500.0,	0.07341384887695312,	0.07845306396484375
5344875000.0,	0.07728195190429688,	0.07943344116210938
5344912500.0,	0.07621002197265625,	0.07916641235351562
5344950000.0,	0.07589340209960938,	0.07712554931640625
5344987500.0,	0.0742950439453125,	0.0772247314453125
5345025000.0,	0.07725143432617188,	0.07822418212890625
5345062500.0,	0.07888412475585938,	0.07664871215820312
5345100000.0,	0.07465744018554688,	0.07824325561523438
5345137500.0,	0.07636642456054688,	0.07647705078125
5345175000.0,	0.0756683349609375,	0.0794677734375
5345212500.0,	0.07661819458007812,	0.07755661010742188
5345250000.0,	0.07828521728515625,	0.07813644409179688
5345287500.0,	0.07749176025390625,	0.07581329345703125
5345325000.0,	0.0746002197265625,	0.07665634155273438
5345362500.0,	0.07665252685546875,	0.07568740844726562
5345400000.0,	0.0767669677734375,	0.07645416259765625
5345437500.0,	0.07560348510742188,	0.07561111450195312
5345475000.0,	0.07763671875,	0.074981689453125
5345512500.0,	0.07622528076171875,	0.07725143432617188
5345550000.0,	0.07645797729492188,	0.07381439208984375
5345587500.0,	0.07755279541015625,	0.07711029052734375
5345625000.0,	0.07575225830078125,	0.07747650146484375
5345662500.0,	0.076171875,	0.07485580444335938
5345700000.0,	0.07706451416015625,	0.07547378540039062
5345737500.0,	0.07787322998046875,	0.07634353637695312
5345775000.0,	0.07471466064453125,	0.07329559326171875
5345812500.0,	0.080078125,	0.07445144653320312
5345850000.0,	0.07587814331054688,	0.07581329345703125
5345887500.0,	0.07727813720703125,	0.07493209838867188
5345925000.0,	0.07674407958984375,	0.07443618774414062
5345962500.0,	0.07976150512695312,	0.07548904418945312
5346000000.0,	0.07654571533203125,	0.07403945922851562
5346037500.0,	0.076629638671875,	0.0721435546875
5346075000.0,	0.07713699340820312,	0.07501983642578125
5346112500.0,	0.0765228271484375,	0.07556915283203125
5346150000.0,	0.07844161987304688,	0.07396697998046875
5346187500.0,	0.07728195190429688,	0.0749053955078125
5346225000.0,	0.07947540283203125,	0.07744216918945312
5346262500.0,	0.0761260986328125,	0.07389068603515625
5346300000.0,	0.07782745361328125,	0.07435226440429688
5346337500.0,	0.07927703857421875,	0.07307052612304688
5346375000.0,	0.07790374755859375,	0.07488632202148438
5346412500.0,	0.078399658203125,	0.0731201171875
5346450000.0,	0.07700729370117188,	0.07199478149414062
5346487500.0,	0.07763290405273438,	0.07325363159179688
5346525000.0,	0.07970428466796875,	0.071990966796875
5346562500.0,	0.07835006713867188,	0.07318878173828125
5346600000.0,	0.0780792236328125,	0.07461929321289062
5346637500.0,	0.07890701293945312,	0.07303619384765625
5346675000.0,	0.0788726806640625,	0.07258224487304688
5346712500.0,	0.08152008056640625,	0.07172393798828125
5346750000.0,	0.080047607421875,	0.072479248046875
5346787500.0,	0.07735061645507812,	0.07449722290039062
5346825000.0,	0.0777435302734375,	0.07509231567382812
5346862500.0,	0.07683944702148438,	0.0723419189453125
5346900000.0,	0.07650375366210938,	0.07267379760742188
5346937500.0,	0.07818222045898438,	0.07117462158203125
5346975000.0,	0.0786895751953125,	0.071868896484375
5347012500.0,	0.0780487060546875,	0.07287216186523438
5347050000.0,	0.07926559448242188,	0.0732879638671875
5347087500.0,	0.08012008666992188,	0.07337188720703125
5347125000.0,	0.07660675048828125,	0.07135391235351562
5347162500.0,	0.080047607421875,	0.07098388671875
5347200000.0,	0.07952117919921875,	0.073577880859375
5347237500.0,	0.07843017578125,	0.0717620849609375
5347275000.0,	0.07829666137695312,	0.07135391235351562
5347312500.0,	0.07757568359375,	0.07062530517578125
5347350000.0,	0.07788848876953125,	0.07440948486328125
5347387500.0,	0.07861328125,	0.07067489624023438
5347425000.0,	0.0799102783203125,	0.07291793823242188
5347462500.0,	0.0788726806640625,	0.0725250244140625
5347500000.0,	0.07832717895507812,	0.07104873657226562
5347537500.0,	0.07860183715820312,	0.07051849365234375
5347575000.0,	0.07900619506835938,	0.07114791870117188
5347612500.0,	0.07812881469726562,	0.07123565673828125
5347650000.0,	0.07778549194335938,	0.07037734985351562
5347687500.0,	0.079132080078125,	0.07097244262695312
5347725000.0,	0.07951736450195312,	0.071746826171875
5347762500.0,	0.07764816284179688,	0.07142257690429688
5347800000.0,	0.07818603515625,	0.07106781005859375
5347837500.0,	0.0783843994140625,	0.0710601806640625
5347875000.0,	0.0800933837890625,	0.07039260864257812
5347912500.0,	0.07804107666015625,	0.06923675537109375
5347950000.0,	0.08082962036132812,	0.07025909423828125
5347987500.0,	0.07854461669921875,	0.07128143310546875
5348025000.0,	0.07859039306640625,	0.0717010498046875
5348062500.0,	0.080352783203125,	0.07061386108398438
5348100000.0,	0.0792999267578125,	0.0712890625
5348137500.0,	0.07907867431640625,	0.07271957397460938
5348175000.0,	0.0799560546875,	0.07071304321289062
5348212500.0,	0.07777023315429688,	0.07020187377929688
5348250000.0,	0.0771942138671875,	0.06923294067382812
5348287500.0,	0.08053970336914062,	0.07066726684570312
5348325000.0,	0.079437255859375,	0.06732940673828125
5348362500.0,	0.07697296142578125,	0.07121658325195312
5348400000.0,	0.07918930053710938,	0.06639862060546875
5348437500.0,	0.07813262939453125,	0.06963729858398438
5348475000.0,	0.07813262939453125,	0.06843948364257812
5348512500.0,	0.07944869995117188,	0.0691680908203125
5348550000.0,	0.08017730712890625,	0.06945037841796875
5348587500.0,	0.079254150390625,	0.06866836547851562
5348625000.0,	0.07871246337890625,	0.06686019897460938
5348662500.0,	0.08049392700195312,	0.0677642822265625
5348700000.0,	0.08058929443359375,	0.069610595703125
5348737500.0,	0.07868194580078125,	0.06998062133789062
5348775000.0,	0.0798492431640625,	0.068817138671875
5348812500.0,	0.0794219970703125,	0.06873703002929688
5348850000.0,	0.07880020141601562,	0.0683746337890625
5348887500.0,	0.07876205444335938,	0.06874847412109375
5348925000.0,	0.07992935180664062,	0.06776809692382812
5348962500.0,	0.07874679565429688,	0.06752777099609375
5349000000.0,	0.07979202270507812,	0.06814193725585938
5349037500.0,	0.07983016967773438,	0.06738662719726562
5349075000.0,	0.07983016967773438,	0.06844329833984375
5349112500.0,	0.08063125610351562,	0.06642532348632812
5349150000.0,	0.08054351806640625,	0.06678009033203125
5349187500.0,	0.07934188842773438,	0.06846237182617188
5349225000.0,	0.08051681518554688,	0.06887054443359375
5349262500.0,	0.07809066772460938,	0.06622314453125
5349300000.0,	0.08092117309570312,	0.06740951538085938
5349337500.0,	0.08000946044921875,	0.06792068481445312
5349375000.0,	0.079864501953125,	0.06787872314453125
5349412500.0,	0.0779571533203125,	0.06749725341796875
5349450000.0,	0.07818222045898438,	0.066802978515625
5349487500.0,	0.07972335815429688,	0.0680694580078125
5349525000.0,	0.07935333251953125,	0.06558990478515625
5349562500.0,	0.07910537719726562,	0.064605712890625
5349600000.0,	0.07929229736328125,	0.06601715087890625
5349637500.0,	0.07897186279296875,	0.06606674194335938
5349675000.0,	0.08035659790039062,	0.06548309326171875
5349712500.0,	0.08069992065429688,	0.0659027099609375
5349750000.0,	0.07821273803710938,	0.06766510009765625
5349787500.0,	0.08191680908203125,	0.06844711303710938
5349825000.0,	0.07932662963867188,	0.06668472290039062
5349862500.0,	0.080841064453125,	0.06610107421875
5349900000.0,	0.07851409912109375,	0.06555938720703125
5349937500.0,	0.07884597778320312,	0.06585311889648438
5349975000.0,	0.07907485961914062,	0.06516647338867188
5350012500.0,	0.07845687866210938,	0.06710433959960938
5350050000.0,	0.07724761962890625,	0.06558609008789062
5350087500.0,	0.07861709594726562,	0.06499099731445312
5350125000.0,	0.0789794921875,	0.06490707397460938
5350162500.0,	0.079315185546875,	0.06590652465820312
5350200000.0,	0.0782012939453125,	0.06598281860351562
5350237500.0,	0.08111190795898438,	0.06524276733398438
5350275000.0,	0.07886505126953125,	0.06605911254882812
5350312500.0,	0.079681396484375,	0.0652618408203125
5350350000.0,	0.08039093017578125,	0.06657028198242188
5350387500.0,	0.07942581176757812,	0.064666748046875
5350425000.0,	0.07920074462890625,	0.06506729125976562
5350462500.0,	0.08055877685546875,	0.06482315063476562
5350500000.0,	0.07674789428710938,	0.06420516967773438
5350537500.0,	0.07880020141601562,	0.06412887573242188
5350575000.0,	0.07836151123046875,	0.06475830078125
5350612500.0,	0.07663726806640625,	0.06352996826171875
5350650000.0,	0.07605361938476562,	0.06251144409179688
5350687500.0,	0.079132080078125,	0.06383132934570312
5350725000.0,	0.07978439331054688,	0.06635665893554688
5350762500.0,	0.0792236328125,	0.06653213500976562
5350800000.0,	0.0792694091796875,	0.06547927856445312
5350837500.0,	0.07882308959960938,	0.06304931640625
5350875000.0,	0.07924270629882812,	0.06450271606445312
5350912500.0,	0.08150482177734375,	0.06584548950195312
5350950000.0,	0.07944488525390625,	0.06510543823242188
5350987500.0,	0.08026504516601562,	0.06406402587890625
5351025000.0,	0.08031082153320312,	0.06414031982421875
5351062500.0,	0.08037185668945312,	0.06390380859375
5351100000.0,	0.0786895751953125,	0.06204986572265625
5351137500.0,	0.079010009765625,	0.06525039672851562
5351175000.0,	0.077880859375,	0.06607818603515625
5351212500.0,	0.07872772216796875,	0.06476211547851562
5351250000.0,	0.07686233520507812,	0.06360244750976562
5351287500.0,	0.07942962646484375,	0.06368637084960938
5351325000.0,	0.07912826538085938,	0.06424713134765625
5351362500.0,	0.07822036743164062,	0.065185546875
5351400000.0,	0.07903289794921875,	0.06410598754882812
5351437500.0,	0.07916641235351562,	0.062038421630859375
5351475000.0,	0.07834243774414062,	0.06284332275390625
5351512500.0,	0.07880020141601562,	0.06298828125
5351550000.0,	0.07843017578125,	0.06500625610351562
5351587500.0,	0.07915878295898438,	0.061283111572265625
5351625000.0,	0.08123779296875,	0.06342315673828125
5351662500.0,	0.0796661376953125,	0.061283111572265625
5351700000.0,	0.08025360107421875,	0.0635528564453125
5351737500.0,	0.07852935791015625,	0.06373977661132812
5351775000.0,	0.07974624633789062,	0.06308746337890625
5351812500.0,	0.0798797607421875,	0.06179046630859375
5351850000.0,	0.07770156860351562,	0.062229156494140625
5351887500.0,	0.0784912109375,	0.06292724609375
5351925000.0,	0.07900619506835938,	0.06229400634765625
5351962500.0,	0.07911300659179688,	0.063507080078125
5352000000.0,	0.07897186279296875,	0.06240081787109375
5352037500.0,	0.07831954956054688,	0.06467056274414062
5352075000.0,	0.07891845703125,	0.06113433837890625
5352112500.0,	0.079437255859375,	0.06501007080078125
5352150000.0,	0.07968902587890625,	0.061161041259765625
5352187500.0,	0.0781402587890625,	0.061977386474609375
5352225000.0,	0.08092117309570312,	0.0614776611328125
5352262500.0,	0.07796478271484375,	0.0622711181640625
5352300000.0,	0.07837295532226562,	0.061702728271484375
5352337500.0,	0.07894515991210938,	0.06279754638671875
5352375000.0,	0.07841873168945312,	0.06128692626953125
5352412500.0,	0.0809478759765625,	0.05995941162109375
5352450000.0,	0.07891082763671875,	0.06060028076171875
5352487500.0,	0.08129501342773438,	0.061405181884765625
5352525000.0,	0.07727813720703125,	0.060642242431640625
5352562500.0,	0.079315185546875,	0.0624237060546875
5352600000.0,	0.07798004150390625,	0.061977386474609375
5352637500.0,	0.0781707763671875,	0.062652587890625
5352675000.0,	0.07842254638671875,	0.0620880126953125
5352712500.0,	0.07738494873046875,	0.061756134033203125
5352750000.0,	0.078033447265625,	0.061367034912109375
5352787500.0,	0.07910537719726562,	0.0613555908203125
5352825000.0,	0.07863616943359375,	0.0596923828125
5352862500.0,	0.07883453369140625,	0.0606689453125
5352900000.0,	0.07830047607421875,	0.06221771240234375
5352937500.0,	0.0786285400390625,	0.06090545654296875
5352975000.0,	0.0782623291015625,	0.060398101806640625
5353012500.0,	0.07876205444335938,	0.062290191650390625
5353050000.0,	0.07690048217773438,	0.060985565185546875
5353087500.0,	0.07815933227539062,	0.06023406982421875
5353125000.0,	0.0769195556640625,	0.06283950805664062
5353162500.0,	0.07718276977539062,	0.06034088134765625
5353200000.0,	0.07868194580078125,	0.06102752685546875
5353237500.0,	0.0778656005859375,	0.061031341552734375
5353275000.0,	0.07758712768554688,	0.060199737548828125
5353312500.0,	0.080291748046875,	0.061809539794921875
5353350000.0,	0.08072280883789062,	0.0596771240234375
5353387500.0,	0.07944488525390625,	0.0591888427734375
5353425000.0,	0.07833099365234375,	0.058063507080078125
5353462500.0,	0.0786285400390625,	0.058300018310546875
5353500000.0,	0.0800933837890625,	0.05879974365234375
5353537500.0,	0.07854461669921875,	0.0610198974609375
5353575000.0,	0.07944869995117188,	0.05956268310546875
5353612500.0,	0.07651519775390625,	0.06011199951171875
5353650000.0,	0.079071044921875,	0.058582305908203125
5353687500.0,	0.080718994140625,	0.060253143310546875
5353725000.0,	0.07904815673828125,	0.060260772705078125
5353762500.0,	0.07770919799804688,	0.060565948486328125
5353800000.0,	0.07857513427734375,	0.05846405029296875
5353837500.0,	0.07950973510742188,	0.06102752685546875
5353875000.0,	0.07906341552734375,	0.05994415283203125
5353912500.0,	0.07912826538085938,	0.059600830078125
5353950000.0,	0.07942581176757812,	0.059474945068359375
5353987500.0,	0.07757186889648438,	0.05770111083984375
5354025000.0,	0.07892227172851562,	0.057758331298828125
5354062500.0,	0.07783126831054688,	0.058605194091796875
5354100000.0,	0.07798385620117188,	0.05869293212890625
5354137500.0,	0.07755661010742188,	0.057460784912109375
5354175000.0,	0.07806777954101562,	0.05808258056640625
5354212500.0,	0.07754898071289062,	0.0589752197265625
5354250000.0,	0.07963943481445312,	0.0571441650390625
5354287500.0,	0.08050918579101562,	0.057651519775390625
5354325000.0,	0.07699966430664062,	0.05939483642578125
5354362500.0,	0.07874679565429688,	0.059734344482421875
5354400000.0,	0.07802200317382812,	0.0593719482421875
5354437500.0,	0.08004379272460938,	0.05956268310546875
5354475000.0,	0.07771682739257812,	0.06005859375
5354512500.0,	0.07866287231445312,	0.06109619140625
5354550000.0,	0.07542800903320312,	0.0585479736328125
5354587500.0,	0.0784912109375,	0.059413909912109375
5354625000.0,	0.078521728515625,	0.057277679443359375
5354662500.0,	0.07894515991210938,	0.05934906005859375
5354700000.0,	0.0776519775390625,	0.058074951171875
5354737500.0,	0.07902908325195312,	0.0574188232421875
5354775000.0,	0.07758331298828125,	0.0575103759765625
5354812500.0,	0.07967376708984375,	0.0569000244140625
5354850000.0,	0.07707595825195312,	0.058177947998046875
5354887500.0,	0.076751708984375,	0.056491851806640625
5354925000.0,	0.07650375366210938,	0.061923980712890625
5354962500.0,	0.07559585571289062,	0.057464599609375
5355000000.0,	0.07707977294921875,	0.05866241455078125
5355037500.0,	0.07709121704101562,	0.057025909423828125
5355075000.0,	0.07881546020507812,	0.059253692626953125
5355112500.0,	0.07989120483398438,	0.05816650390625
5355150000.0,	0.07693862915039062,	0.05832672119140625
5355187500.0,	0.07899856567382812,	0.05625152587890625
5355225000.0,	0.07817840576171875,	0.05985260009765625
5355262500.0,	0.07924270629882812,	0.058170318603515625
5355300000.0,	0.07799530029296875,	0.05724334716796875
5355337500.0,	0.0789794921875,	0.057094573974609375
5355375000.0,	0.07793045043945312,	0.05744171142578125
5355412500.0,	0.07798004150390625,	0.057186126708984375
5355450000.0,	0.07947158813476562,	0.05687713623046875
5355487500.0,	0.07775115966796875,	0.058605194091796875
5355525000.0,	0.07738494873046875,	0.05857086181640625
5355562500.0,	0.07709503173828125,	0.056217193603515625
5355600000.0,	0.07892227172851562,	0.0579376220703125
5355637500.0,	0.07853317260742188,	0.0586090087890625
5355675000.0,	0.07780838012695312,	0.05686187744140625
5355712500.0,	0.07780838012695312,	0.0550689697265625
5355750000.0,	0.07863616943359375,	0.0582733154296875
5355787500.0,	0.07737350463867188,	0.05794525146484375
5355825000.0,	0.07825088500976562,	0.056537628173828125
5355862500.0,	0.07623291015625,	0.056201934814453125
5355900000.0,	0.07807159423828125,	0.05792236328125
5355937500.0,	0.0773162841796875,	0.056003570556640625
5355975000.0,	0.0766448974609375,	0.05748748779296875
5356012500.0,	0.077911376953125,	0.0571746826171875
5356050000.0,	0.07628250122070312,	0.055637359619140625
5356087500.0,	0.07765960693359375,	0.0584564208984375
5356125000.0,	0.078216552734375,	0.056026458740234375
5356162500.0,	0.07712936401367188,	0.056446075439453125
5356200000.0,	0.07762527465820312,	0.05646514892578125
5356237500.0,	0.07699203491210938,	0.0554656982421875
5356275000.0,	0.073760986328125,	0.056629180908203125
5356312500.0,	0.07734298706054688,	0.056301116943359375
5356350000.0,	0.07751083374023438,	0.0569610595703125
5356387500.0,	0.07523727416992188,	0.057342529296875
5356425000.0,	0.07659149169921875,	0.057697296142578125
5356462500.0,	0.07505035400390625,	0.05515289306640625
5356500000.0,	0.0753631591796875,	0.05651092529296875
5356537500.0,	0.07526779174804688,	0.054676055908203125
5356575000.0,	0.07818984985351562,	0.056262969970703125
5356612500.0,	0.07607650756835938,	0.058589935302734375
5356650000.0,	0.07633209228515625,	0.05597686767578125
5356687500.0,	0.07594680786132812,	0.0570831298828125
5356725000.0,	0.07661819458007812,	0.055477142333984375
5356762500.0,	0.07740020751953125,	0.05574798583984375
5356800000.0,	0.07616043090820312,	0.05487060546875
5356837500.0,	0.076141357421875,	0.05727386474609375
5356875000.0,	0.07604217529296875,	0.05670928955078125
5356912500.0,	0.07706832885742188,	0.056491851806640625
5356950000.0,	0.07595443725585938,	0.057025909423828125
5356987500.0,	0.07782363891601562,	0.054782867431640625
5357025000.0,	0.0772247314453125,	0.0553131103515625
5357062500.0,	0.07707595825195312,	0.057636260986328125
5357100000.0,	0.07605361938476562,	0.057586669921875
5357137500.0,	0.07550811767578125,	0.058094024658203125
5357175000.0,	0.07819366455078125,	0.055347442626953125
5357212500.0,	0.07608795166015625,	0.057445526123046875
5357250000.0,	0.0750579833984375,	0.0544891357421875
5357287500.0,	0.07694244384765625,	0.05493927001953125
5357325000.0,	0.07727432250976562,	0.055316925048828125
5357362500.0,	0.0774383544921875,	0.05388641357421875
5357400000.0,	0.07551193237304688,	0.05640411376953125
5357437500.0,	0.0766143798828125,	0.05617523193359375
5357475000.0,	0.07951736450195312,	0.054775238037109375
5357512500.0,	0.07431793212890625,	0.05517578125
5357550000.0,	0.07799530029296875,	0.054462432861328125
5357587500.0,	0.07724761962890625,	0.05533599853515625
5357625000.0,	0.0778656005859375,	0.05399322509765625
5357662500.0,	0.07568359375,	0.055477142333984375
5357700000.0,	0.0754547119140625,	0.055950164794921875
5357737500.0,	0.075775146484375,	0.055347442626953125
5357775000.0,	0.07623291015625,	0.058261871337890625
5357812500.0,	0.075927734375,	0.0536956787109375
5357850000.0,	0.0757293701171875,	0.05541229248046875
5357887500.0,	0.07587814331054688,	0.05283355712890625
5357925000.0,	0.07540512084960938,	0.055377960205078125
5357962500.0,	0.07719039916992188,	0.056957244873046875
5358000000.0,	0.07552719116210938,	0.052700042724609375
5358037500.0,	0.07714462280273438,	0.053234100341796875
5358075000.0,	0.07506179809570312,	0.052776336669921875
5358112500.0,	0.07564926147460938,	0.051631927490234375
5358150000.0,	0.07371902465820312,	0.05527496337890625
5358187500.0,	0.07577896118164062,	0.055469512939453125
5358225000.0,	0.07598495483398438,	0.053920745849609375
5358262500.0,	0.07607650756835938,	0.054248809814453125
5358300000.0,	0.07489395141601562,	0.054508209228515625
5358337500.0,	0.076446533203125,	0.054462432861328125
5358375000.0,	0.076507568359375,	0.0516204833984375
5358412500.0,	0.0766754150390625,	0.05562591552734375
5358450000.0,	0.07570648193359375,	0.054958343505859375
5358487500.0,	0.07633590698242188,	0.0527496337890625
5358525000.0,	0.0764617919921875,	0.0545501708984375
5358562500.0,	0.07517623901367188,	0.05509185791015625
5358600000.0,	0.07558441162109375,	0.055065155029296875
5358637500.0,	0.0761871337890625,	0.054660797119140625
5358675000.0,	0.07390213012695312,	0.053836822509765625
5358712500.0,	0.07526397705078125,	0.053615570068359375
5358750000.0,	0.07773971557617188,	0.05324554443359375
5358787500.0,	0.07607650756835938,	0.054561614990234375
5358825000.0,	0.07583999633789062,	0.052501678466796875
5358862500.0,	0.07656478881835938,	0.054470062255859375
5358900000.0,	0.073699951171875,	0.05355072021484375
5358937500.0,	0.07616424560546875,	0.054409027099609375
5358975000.0,	0.07311630249023438,	0.054615020751953125
5359012500.0,	0.07471466064453125,	0.05374908447265625
5359050000.0,	0.07654571533203125,	0.055156707763671875
5359087500.0,	0.07555389404296875,	0.055164337158203125
5359125000.0,	0.0740509033203125,	0.05466461181640625
5359162500.0,	0.07439041137695312,	0.052471160888671875
5359200000.0,	0.07575225830078125,	0.05321502685546875
5359237500.0,	0.0797119140625,	0.05327606201171875
5359275000.0,	0.07556915283203125,	0.052471160888671875
5359312500.0,	0.07253646850585938,	0.05236053466796875
5359350000.0,	0.07492446899414062,	0.053745269775390625
5359387500.0,	0.074920654296875,	0.052700042724609375
5359425000.0,	0.0747833251953125,	0.055633544921875
5359462500.0,	0.07665634155273438,	0.053646087646484375
5359500000.0,	0.07410812377929688,	0.053821563720703125
5359537500.0,	0.0729522705078125,	0.052486419677734375
5359575000.0,	0.07483291625976562,	0.053070068359375
5359612500.0,	0.07434844970703125,	0.054840087890625
5359650000.0,	0.07592010498046875,	0.0551605224609375
5359687500.0,	0.07223129272460938,	0.051692962646484375
5359725000.0,	0.07487106323242188,	0.052154541015625
5359762500.0,	0.07597732543945312,	0.049854278564453125
5359800000.0,	0.07601547241210938,	0.053375244140625
5359837500.0,	0.07538604736328125,	0.052326202392578125
5359875000.0,	0.07540512084960938,	0.0528411865234375
5359912500.0,	0.07384109497070312,	0.052318572998046875
5359950000.0,	0.074249267578125,	0.05455780029296875
5359987500.0,	0.07363128662109375,	0.05228424072265625
5360025000.0,	0.07488632202148438,	0.05432891845703125
5360062500.0,	0.07309722900390625,	0.051738739013671875
5360100000.0,	0.07423019409179688,	0.053646087646484375
5360137500.0,	0.0758819580078125,	0.051990509033203125
5360175000.0,	0.07354736328125,	0.053497314453125
5360212500.0,	0.074005126953125,	0.052074432373046875
5360250000.0,	0.07469940185546875,	0.05178070068359375
5360287500.0,	0.07562637329101562,	0.053455352783203125
5360325000.0,	0.07254791259765625,	0.05359649658203125
5360362500.0,	0.07470703125,	0.052745819091796875
5360400000.0,	0.07540512084960938,	0.0541839599609375
5360437500.0,	0.0747222900390625,	0.052730560302734375
5360475000.0,	0.07397842407226562,	0.05284881591796875
5360512500.0,	0.07578659057617188,	0.05289459228515625
5360550000.0,	0.0736083984375,	0.052364349365234375
5360587500.0,	0.07306289672851562,	0.05248260498046875
5360625000.0,	0.07501602172851562,	0.0525360107421875
5360662500.0,	0.07638931274414062,	0.053241729736328125
5360700000.0,	0.0733795166015625,	0.05207061767578125
5360737500.0,	0.07455825805664062,	0.052093505859375
5360775000.0,	0.0740509033203125,	0.052722930908203125
5360812500.0,	0.07516860961914062,	0.051601409912109375
5360850000.0,	0.07336044311523438,	0.0511322021484375
5360887500.0,	0.07367324829101562,	0.052577972412109375
5360925000.0,	0.0747833251953125,	0.052516937255859375
5360962500.0,	0.07378387451171875,	0.053432464599609375
5361000000.0,	0.07146453857421875,	0.053394317626953125
5361037500.0,	0.07494735717773438,	0.05144500732421875
5361075000.0,	0.07447052001953125,	0.052013397216796875
5361112500.0,	0.074127197265625,	0.05132293701171875
5361150000.0,	0.07460784912109375,	0.052326202392578125
5361187500.0,	0.0732574462890625,	0.0518951416015625
5361225000.0,	0.07360076904296875,	0.053165435791015625
5361262500.0,	0.07238006591796875,	0.054187774658203125
5361300000.0,	0.07419586181640625,	0.051906585693359375
5361337500.0,	0.07477951049804688,	0.049419403076171875
5361375000.0,	0.07316207885742188,	0.052333831787109375
5361412500.0,	0.07250213623046875,	0.053554534912109375
5361450000.0,	0.07428741455078125,	0.05279541015625
5361487500.0,	0.07339859008789062,	0.052204132080078125
5361525000.0,	0.07381439208984375,	0.05190277099609375
5361562500.0,	0.07244491577148438,	0.05123138427734375
5361600000.0,	0.07252883911132812,	0.051586151123046875
5361637500.0,	0.0738067626953125,	0.0521697998046875
5361675000.0,	0.07265853881835938,	0.051731109619140625
5361712500.0,	0.07584762573242188,	0.052837371826171875
5361750000.0,	0.07289886474609375,	0.0520782470703125
5361787500.0,	0.07346725463867188,	0.052104949951171875
5361825000.0,	0.07406997680664062,	0.049648284912109375
5361862500.0,	0.07401275634765625,	0.052822113037109375
5361900000.0,	0.07355499267578125,	0.0504150390625
5361937500.0,	0.07219314575195312,	0.05194854736328125
5361975000.0,	0.07387161254882812,	0.05224609375
5362012500.0,	0.07296371459960938,	0.051189422607421875
5362050000.0,	0.0712890625,	0.0519866943359375
5362087500.0,	0.07309722900390625,	0.051136016845703125
5362125000.0,	0.07277679443359375,	0.052028656005859375
5362162500.0,	0.07135009765625,	0.053401947021484375
5362200000.0,	0.07253646850585938,	0.050262451171875
5362237500.0,	0.0728759765625,	0.05157470703125
5362275000.0,	0.07151412963867188,	0.0498199462890625
5362312500.0,	0.07339096069335938,	0.05011749267578125
5362350000.0,	0.075164794921875,	0.050266265869140625
5362387500.0,	0.07232666015625,	0.05059814453125
5362425000.0,	0.07339096069335938,	0.048603057861328125
5362462500.0,	0.07291412353515625,	0.050350189208984375
5362500000.0,	0.07197952270507812,	0.049896240234375
5362537500.0,	0.07513809204101562,	0.05178070068359375
5362575000.0,	0.07314682006835938,	0.05230712890625
5362612500.0,	0.07305145263671875,	0.0513153076171875
5362650000.0,	0.07419204711914062,	0.05031585693359375
5362687500.0,	0.07310867309570312,	0.051486968994140625
5362725000.0,	0.07456588745117188,	0.049564361572265625
5362762500.0,	0.07295989990234375,	0.04999542236328125
5362800000.0,	0.07165145874023438,	0.052440643310546875
5362837500.0,	0.072235107421875,	0.050914764404296875
5362875000.0,	0.07362747192382812,	0.051113128662109375
5362912500.0,	0.07257461547851562,	0.0510711669921875
5362950000.0,	0.07229995727539062,	0.051532745361328125
5362987500.0,	0.07131195068359375,	0.050197601318359375
5363025000.0,	0.07144927978515625,	0.05155181884765625
5363062500.0,	0.07426834106445312,	0.048858642578125
5363100000.0,	0.07208251953125,	0.0500030517578125
5363137500.0,	0.07312393188476562,	0.049465179443359375
5363175000.0,	0.07104110717773438,	0.05084228515625
5363212500.0,	0.070404052734375,	0.047748565673828125
5363250000.0,	0.07087326049804688,	0.0500946044921875
5363287500.0,	0.07509231567382812,	0.050388336181640625
5363325000.0,	0.073211669921875,	0.050418853759765625
5363362500.0,	0.07150650024414062,	0.04787445068359375
5363400000.0,	0.07384490966796875,	0.05222320556640625
5363437500.0,	0.07225418090820312,	0.049472808837890625
5363475000.0,	0.07070541381835938,	0.050930023193359375
5363512500.0,	0.07245635986328125,	0.048858642578125
5363550000.0,	0.07210922241210938,	0.05062103271484375
5363587500.0,	0.07234573364257812,	0.051013946533203125
5363625000.0,	0.07352447509765625,	0.050006866455078125
5363662500.0,	0.07363128662109375,	0.05286407470703125
5363700000.0,	0.0746917724609375,	0.05080413818359375
5363737500.0,	0.07320404052734375,	0.051044464111328125
5363775000.0,	0.07320785522460938,	0.0517578125
5363812500.0,	0.07201004028320312,	0.05229949951171875
5363850000.0,	0.07150650024414062,	0.05028533935546875
5363887500.0,	0.071685791015625,	0.05068206787109375
5363925000.0,	0.072052001953125,	0.047489166259765625
5363962500.0,	0.07006072998046875,	0.05072021484375
5364000000.0,	0.07355880737304688,	0.0487518310546875
5364037500.0,	0.07195663452148438,	0.0485382080078125
5364075000.0,	0.072052001953125,	0.04931640625
5364112500.0,	0.071807861328125,	0.050693511962890625
5364150000.0,	0.07346725463867188,	0.051239013671875
5364187500.0,	0.07419586181640625,	0.049076080322265625
5364225000.0,	0.07046127319335938,	0.04962921142578125
5364262500.0,	0.072906494140625,	0.0524139404296875
5364300000.0,	0.0736083984375,	0.050495147705078125
5364337500.0,	0.0717926025390625,	0.051441192626953125
5364375000.0,	0.07306671142578125,	0.05060577392578125
5364412500.0,	0.07269668579101562,	0.05126190185546875
5364450000.0,	0.07027816772460938,	0.051361083984375
5364487500.0,	0.07226181030273438,	0.0487060546875
5364525000.0,	0.07377243041992188,	0.0504150390625
5364562500.0,	0.07145309448242188,	0.050785064697265625
5364600000.0,	0.07037353515625,	0.0514373779296875
5364637500.0,	0.07286834716796875,	0.049259185791015625
5364675000.0,	0.07039642333984375,	0.050811767578125
5364712500.0,	0.070892333984375,	0.049907684326171875
5364750000.0,	0.0747833251953125,	0.049846649169921875
5364787500.0,	0.07340240478515625,	0.049823760986328125
5364825000.0,	0.0716705322265625,	0.04860687255859375
5364862500.0,	0.07224655151367188,	0.049530029296875
5364900000.0,	0.07178878784179688,	0.048976898193359375
5364937500.0,	0.07021331787109375,	0.049724578857421875
5364975000.0,	0.07381057739257812,	0.0490264892578125
5365012500.0,	0.07289886474609375,	0.050594329833984375
5365050000.0,	0.07236099243164062,	0.050968170166015625
5365087500.0,	0.07232666015625,	0.049320220947265625
5365125000.0,	0.0713348388671875,	0.049900054931640625
5365162500.0,	0.071990966796875,	0.049243927001953125
5365200000.0,	0.07015609741210938,	0.04964447021484375
5365237500.0,	0.0695648193359375,	0.051357269287109375
5365275000.0,	0.07291030883789062,	0.04875946044921875
5365312500.0,	0.07246780395507812,	0.049785614013671875
5365350000.0,	0.0710906982421875,	0.048999786376953125
5365387500.0,	0.07062149047851562,	0.05030059814453125
5365425000.0,	0.07183456420898438,	0.048854827880859375
5365462500.0,	0.072052001953125,	0.050426483154296875
5365500000.0,	0.07236480712890625,	0.049663543701171875
5365537500.0,	0.07393646240234375,	0.048370361328125
5365575000.0,	0.07202529907226562,	0.049526214599609375
5365612500.0,	0.0704498291015625,	0.0494537353515625
5365650000.0,	0.07134246826171875,	0.0474395751953125
5365687500.0,	0.07240676879882812,	0.047191619873046875
5365725000.0,	0.07162857055664062,	0.048801422119140625
5365762500.0,	0.07230377197265625,	0.05036163330078125
5365800000.0,	0.07195663452148438,	0.04906463623046875
5365837500.0,	0.069305419921875,	0.04795074462890625
5365875000.0,	0.071197509765625,	0.04730224609375
5365912500.0,	0.07436752319335938,	0.048675537109375
5365950000.0,	0.0742950439453125,	0.050479888916015625
5365987500.0,	0.07210922241210938,	0.048328399658203125
5366025000.0,	0.0729827880859375,	0.0496063232421875
5366062500.0,	0.07144927978515625,	0.0502777099609375
5366100000.0,	0.0706939697265625,	0.047267913818359375
5366137500.0,	0.07262039184570312,	0.049205780029296875
5366175000.0,	0.07138824462890625,	0.04925537109375
5366212500.0,	0.07239913940429688,	0.046489715576171875
5366250000.0,	0.07269668579101562,	0.049068450927734375
5366287500.0,	0.07256698608398438,	0.050525665283203125
5366325000.0,	0.07258224487304688,	0.049724578857421875
5366362500.0,	0.07201385498046875,	0.049602508544921875
5366400000.0,	0.07135009765625,	0.046539306640625
5366437500.0,	0.07300949096679688,	0.049510955810546875
5366475000.0,	0.07114028930664062,	0.047290802001953125
5366512500.0,	0.07147216796875,	0.05035400390625
5366550000.0,	0.07183456420898438,	0.049163818359375
5366587500.0,	0.07181549072265625,	0.04831695556640625
5366625000.0,	0.0691375732421875,	0.049137115478515625
5366662500.0,	0.07059478759765625,	0.048404693603515625
5366700000.0,	0.07047653198242188,	0.04926300048828125
5366737500.0,	0.07386016845703125,	0.04764556884765625
5366775000.0,	0.07189559936523438,	0.048313140869140625
5366812500.0,	0.07196044921875,	0.048309326171875
5366850000.0,	0.07170867919921875,	0.0469207763671875
5366887500.0,	0.07112503051757812,	0.04981231689453125
5366925000.0,	0.07367324829101562,	0.0470733642578125
5366962500.0,	0.071136474609375,	0.04730224609375
5367000000.0,	0.072784423828125,	0.048114776611328125
5367037500.0,	0.06988143920898438,	0.048969268798828125
5367075000.0,	0.0705413818359375,	0.0487518310546875
5367112500.0,	0.07316207885742188,	0.04767608642578125
5367150000.0,	0.07387161254882812,	0.0486907958984375
5367187500.0,	0.07405853271484375,	0.050323486328125
5367225000.0,	0.07196044921875,	0.048786163330078125
5367262500.0,	0.07226181030273438,	0.04668426513671875
5367300000.0,	0.06924819946289062,	0.048206329345703125
5367337500.0,	0.07270050048828125,	0.0490875244140625
5367375000.0,	0.07118606567382812,	0.046905517578125
5367412500.0,	0.07281494140625,	0.0471649169921875
5367450000.0,	0.07259750366210938,	0.0478973388671875
5367487500.0,	0.07299041748046875,	0.048412322998046875
5367525000.0,	0.07355117797851562,	0.045886993408203125
5367562500.0,	0.0725555419921875,	0.046657562255859375
5367600000.0,	0.07122039794921875,	0.0487518310546875
5367637500.0,	0.07172393798828125,	0.046710968017578125
5367675000.0,	0.07209396362304688,	0.04843902587890625
5367712500.0,	0.07281875610351562,	0.046581268310546875
5367750000.0,	0.07197189331054688,	0.048976898193359375
5367787500.0,	0.07208633422851562,	0.046718597412109375
5367825000.0,	0.07275390625,	0.0472412109375
5367862500.0,	0.07242202758789062,	0.04637908935546875
5367900000.0,	0.0720977783203125,	0.04601287841796875
5367937500.0,	0.07364273071289062,	0.04510498046875
5367975000.0,	0.07356643676757812,	0.047443389892578125
5368012500.0,	0.06970977783203125,	0.0453033447265625
5368050000.0,	0.07114410400390625,	0.04903411865234375
5368087500.0,	0.07211685180664062,	0.046356201171875
5368125000.0,	0.0717926025390625,	0.047389984130859375
5368162500.0,	0.07188034057617188,	0.0476837158203125
5368200000.0,	0.0716400146484375,	0.047771453857421875
5368237500.0,	0.07257461547851562,	0.04573822021484375
5368275000.0,	0.07089614868164062,	0.046375274658203125
5368312500.0,	0.07341766357421875,	0.045925140380859375
5368350000.0,	0.0723419189453125,	0.045810699462890625
5368387500.0,	0.07057571411132812,	0.045612335205078125
5368425000.0,	0.07306289672851562,	0.046207427978515625
5368462500.0,	0.07273101806640625,	0.04399871826171875
5368500000.0,	0.072357177734375,	0.04736328125
5368537500.0,	0.07432174682617188,	0.046039581298828125
5368575000.0,	0.07418441772460938,	0.045452117919921875
5368612500.0,	0.07244873046875,	0.045650482177734375
5368650000.0,	0.07289505004882812,	0.045650482177734375
5368687500.0,	0.07268524169921875,	0.044994354248046875
5368725000.0,	0.071868896484375,	0.046733856201171875
5368762500.0,	0.0710601806640625,	0.044139862060546875
5368800000.0,	0.0723114013671875,	0.046604156494140625
5368837500.0,	0.07195663452148438,	0.047359466552734375
5368875000.0,	0.07306289672851562,	0.045009613037109375
5368912500.0,	0.07319259643554688,	0.045482635498046875
5368950000.0,	0.07336807250976562,	0.044536590576171875
5368987500.0,	0.07282638549804688,	0.045032501220703125
5369025000.0,	0.07136917114257812,	0.046146392822265625
5369062500.0,	0.07407760620117188,	0.0451812744140625
5369100000.0,	0.07392501831054688,	0.04442596435546875
5369137500.0,	0.0738983154296875,	0.042919158935546875
5369175000.0,	0.07094955444335938,	0.04582977294921875
5369212500.0,	0.0726165771484375,	0.04571533203125
5369250000.0,	0.07166671752929688,	0.042331695556640625
5369287500.0,	0.074310302734375,	0.044643402099609375
5369325000.0,	0.07255935668945312,	0.044040679931640625
5369362500.0,	0.07497787475585938,	0.043918609619140625
5369400000.0,	0.07139205932617188,	0.042293548583984375
5369437500.0,	0.07173538208007812,	0.043048858642578125
5369475000.0,	0.07305908203125,	0.043102264404296875
5369512500.0,	0.07493209838867188,	0.041046142578125
5369550000.0,	0.0721893310546875,	0.045398712158203125
5369587500.0,	0.07420730590820312,	0.03968048095703125
5369625000.0,	0.0724334716796875,	0.04210662841796875
5369662500.0,	0.0744476318359375,	0.042850494384765625
5369700000.0,	0.07242584228515625,	0.04201507568359375
5369737500.0,	0.073577880859375,	0.040752410888671875
5369775000.0,	0.07283401489257812,	0.04288482666015625
5369812500.0,	0.07164764404296875,	0.04177093505859375
5369850000.0,	0.0691680908203125,	0.041717529296875
5369887500.0,	0.07251739501953125,	0.039951324462890625
5369925000.0,	0.07237625122070312,	0.03958892822265625
5369962500.0,	0.07244110107421875,	0.04137420654296875
5370000000.0,	0.07464981079101562,	0.04058074951171875
