5610031250.0,	0.07156753540039062,	0.092559814453125
5610062500.0,	0.07157135009765625,	0.09384918212890625
5610093750.0,	0.07371902465820312,	0.09151077270507812
5610125000.0,	0.07171630859375,	0.09233856201171875
5610156250.0,	0.07070541381835938,	0.09247207641601562
5610187500.0,	0.06947708129882812,	0.094146728515625
5610218750.0,	0.07160568237304688,	0.09414291381835938
5610250000.0,	0.0718994140625,	0.09070587158203125
5610281250.0,	0.07195663452148438,	0.092071533203125
5610312500.0,	0.07224273681640625,	0.09296035766601562
5610343750.0,	0.06986618041992188,	0.09281539916992188
5610375000.0,	0.06937789916992188,	0.09303665161132812
5610406250.0,	0.07219696044921875,	0.0927734375
5610437500.0,	0.07190322875976562,	0.09492111206054688
5610468750.0,	0.07302474975585938,	0.09373855590820312
5610500000.0,	0.07175827026367188,	0.09397125244140625
5610531250.0,	0.07157516479492188,	0.09429168701171875
5610562500.0,	0.07171249389648438,	0.09270095825195312
5610593750.0,	0.0696868896484375,	0.09540939331054688
5610625000.0,	0.07138442993164062,	0.09250259399414062
5610656250.0,	0.06956100463867188,	0.09390640258789062
5610687500.0,	0.07130050659179688,	0.09471893310546875
5610718750.0,	0.070220947265625,	0.09362411499023438
5610750000.0,	0.0724334716796875,	0.09106826782226562
5610781250.0,	0.07207107543945312,	0.09395980834960938
5610812500.0,	0.07209014892578125,	0.09498214721679688
5610843750.0,	0.07294082641601562,	0.09386062622070312
5610875000.0,	0.07025527954101562,	0.09373092651367188
5610906250.0,	0.07017135620117188,	0.09293365478515625
5610937500.0,	0.072052001953125,	0.09412002563476562
5610968750.0,	0.07340621948242188,	0.09581756591796875
5611000000.0,	0.07218170166015625,	0.09491348266601562
5611031250.0,	0.07403182983398438,	0.094879150390625
5611062500.0,	0.07114410400390625,	0.0957794189453125
5611093750.0,	0.07339859008789062,	0.09311294555664062
5611125000.0,	0.07191848754882812,	0.0943450927734375
5611156250.0,	0.0704193115234375,	0.09313583374023438
5611187500.0,	0.06984710693359375,	0.094635009765625
5611218750.0,	0.07106399536132812,	0.09329986572265625
5611250000.0,	0.07366180419921875,	0.09494781494140625
5611281250.0,	0.07091522216796875,	0.09465408325195312
5611312500.0,	0.071136474609375,	0.09505462646484375
5611343750.0,	0.07171249389648438,	0.09553146362304688
5611375000.0,	0.0712432861328125,	0.09490966796875
5611406250.0,	0.0701446533203125,	0.09469223022460938
5611437500.0,	0.073211669921875,	0.09305191040039062
5611468750.0,	0.07291412353515625,	0.09498214721679688
5611500000.0,	0.0721435546875,	0.09617233276367188
5611531250.0,	0.07485198974609375,	0.09423446655273438
5611562500.0,	0.07169723510742188,	0.09416961669921875
5611593750.0,	0.07328414916992188,	0.095489501953125
5611625000.0,	0.071502685546875,	0.09416580200195312
5611656250.0,	0.07001876831054688,	0.093994140625
5611687500.0,	0.07336044311523438,	0.09512710571289062
5611718750.0,	0.07293701171875,	0.09447479248046875
5611750000.0,	0.07247543334960938,	0.09518051147460938
5611781250.0,	0.07229232788085938,	0.09463882446289062
5611812500.0,	0.0733184814453125,	0.094696044921875
5611843750.0,	0.07219314575195312,	0.09580612182617188
5611875000.0,	0.0717926025390625,	0.09527969360351562
5611906250.0,	0.07128143310546875,	0.0936431884765625
5611937500.0,	0.07118988037109375,	0.096343994140625
5611968750.0,	0.07349014282226562,	0.09389495849609375
5612000000.0,	0.07372665405273438,	0.0952606201171875
5612031250.0,	0.06983566284179688,	0.094879150390625
5612062500.0,	0.07342529296875,	0.0947265625
5612093750.0,	0.07177734375,	0.09472274780273438
5612125000.0,	0.07263565063476562,	0.09571075439453125
5612156250.0,	0.07187652587890625,	0.0959320068359375
5612187500.0,	0.07305526733398438,	0.09513473510742188
5612218750.0,	0.07188034057617188,	0.096710205078125
5612250000.0,	0.07151412963867188,	0.09563064575195312
5612281250.0,	0.07397842407226562,	0.09500503540039062
5612312500.0,	0.07370376586914062,	0.09397506713867188
5612343750.0,	0.072601318359375,	0.09453964233398438
5612375000.0,	0.07304000854492188,	0.09566497802734375
5612406250.0,	0.075164794921875,	0.09223175048828125
5612437500.0,	0.07143402099609375,	0.0962677001953125
5612468750.0,	0.0722198486328125,	0.09783172607421875
5612500000.0,	0.071197509765625,	0.09811019897460938
5612531250.0,	0.073272705078125,	0.09596633911132812
5612562500.0,	0.07123947143554688,	0.09621429443359375
5612593750.0,	0.07210922241210938,	0.09452438354492188
5612625000.0,	0.07451629638671875,	0.096282958984375
5612656250.0,	0.07366180419921875,	0.09704971313476562
5612687500.0,	0.0706329345703125,	0.09524154663085938
5612718750.0,	0.07256698608398438,	0.09568405151367188
5612750000.0,	0.07361984252929688,	0.09651947021484375
5612781250.0,	0.07242965698242188,	0.0951690673828125
5612812500.0,	0.07256698608398438,	0.09343719482421875
5612843750.0,	0.07317352294921875,	0.09487533569335938
5612875000.0,	0.07305908203125,	0.09714126586914062
5612906250.0,	0.07201004028320312,	0.095611572265625
5612937500.0,	0.07381820678710938,	0.09758758544921875
5612968750.0,	0.07275772094726562,	0.0948486328125
5613000000.0,	0.0723724365234375,	0.09658432006835938
5613031250.0,	0.0744476318359375,	0.09525299072265625
5613062500.0,	0.07114410400390625,	0.09762191772460938
5613093750.0,	0.07350540161132812,	0.09472274780273438
5613125000.0,	0.07493209838867188,	0.09693527221679688
5613156250.0,	0.07265090942382812,	0.09634017944335938
5613187500.0,	0.0746612548828125,	0.09670639038085938
5613218750.0,	0.07280731201171875,	0.09649658203125
5613250000.0,	0.0728607177734375,	0.09500885009765625
5613281250.0,	0.07268142700195312,	0.09603500366210938
5613312500.0,	0.07355880737304688,	0.0975799560546875
5613343750.0,	0.07526779174804688,	0.09740066528320312
5613375000.0,	0.07322311401367188,	0.09692001342773438
5613406250.0,	0.07310104370117188,	0.09693145751953125
5613437500.0,	0.0740203857421875,	0.09553146362304688
5613468750.0,	0.07291412353515625,	0.09576797485351562
5613500000.0,	0.07228851318359375,	0.09637451171875
5613531250.0,	0.07314682006835938,	0.09827041625976562
5613562500.0,	0.072235107421875,	0.09574508666992188
5613593750.0,	0.0732879638671875,	0.09466552734375
5613625000.0,	0.07293701171875,	0.09752655029296875
5613656250.0,	0.07541275024414062,	0.09546279907226562
5613687500.0,	0.07352447509765625,	0.09824752807617188
5613718750.0,	0.0728607177734375,	0.09552383422851562
5613750000.0,	0.0741424560546875,	0.09784698486328125
5613781250.0,	0.07445526123046875,	0.09759140014648438
5613812500.0,	0.07636260986328125,	0.09678268432617188
5613843750.0,	0.073974609375,	0.09712600708007812
5613875000.0,	0.074249267578125,	0.09814071655273438
5613906250.0,	0.07314682006835938,	0.09690475463867188
5613937500.0,	0.07413864135742188,	0.09713363647460938
5613968750.0,	0.0741424560546875,	0.09650802612304688
5614000000.0,	0.07402420043945312,	0.09624099731445312
5614031250.0,	0.0739898681640625,	0.09645462036132812
5614062500.0,	0.0732574462890625,	0.095184326171875
5614093750.0,	0.07582855224609375,	0.09693527221679688
5614125000.0,	0.07462310791015625,	0.09796905517578125
5614156250.0,	0.07514572143554688,	0.0980224609375
5614187500.0,	0.07364273071289062,	0.0980987548828125
5614218750.0,	0.07357025146484375,	0.09685516357421875
5614250000.0,	0.07444381713867188,	0.09654998779296875
5614281250.0,	0.07652664184570312,	0.0972137451171875
5614312500.0,	0.07480239868164062,	0.097564697265625
5614343750.0,	0.07465744018554688,	0.09691619873046875
5614375000.0,	0.07322311401367188,	0.0960693359375
5614406250.0,	0.07447433471679688,	0.09786224365234375
5614437500.0,	0.075103759765625,	0.10028457641601562
5614468750.0,	0.07497024536132812,	0.09809494018554688
5614500000.0,	0.07232284545898438,	0.09848785400390625
5614531250.0,	0.0739898681640625,	0.09579849243164062
5614562500.0,	0.07412338256835938,	0.09827423095703125
5614593750.0,	0.07518386840820312,	0.09660720825195312
5614625000.0,	0.07397079467773438,	0.09706497192382812
5614656250.0,	0.07419967651367188,	0.098175048828125
5614687500.0,	0.074981689453125,	0.0975799560546875
5614718750.0,	0.07428741455078125,	0.09814453125
5614750000.0,	0.07534027099609375,	0.09938430786132812
5614781250.0,	0.07488250732421875,	0.0958251953125
5614812500.0,	0.07483673095703125,	0.09858322143554688
5614843750.0,	0.07253646850585938,	0.098968505859375
5614875000.0,	0.07611846923828125,	0.097412109375
5614906250.0,	0.0732879638671875,	0.09727859497070312
5614937500.0,	0.075775146484375,	0.09778594970703125
5614968750.0,	0.07570266723632812,	0.10042953491210938
5615000000.0,	0.07487106323242188,	0.09938812255859375
5615031250.0,	0.0753173828125,	0.09963226318359375
5615062500.0,	0.07587051391601562,	0.09572219848632812
5615093750.0,	0.07463455200195312,	0.09845733642578125
5615125000.0,	0.07450103759765625,	0.09759521484375
5615156250.0,	0.07149505615234375,	0.10075759887695312
5615187500.0,	0.07742691040039062,	0.09970474243164062
5615218750.0,	0.07647705078125,	0.09897232055664062
5615250000.0,	0.07316207885742188,	0.09752655029296875
5615281250.0,	0.07442474365234375,	0.10019683837890625
5615312500.0,	0.0749053955078125,	0.0982666015625
5615343750.0,	0.07472610473632812,	0.09841537475585938
5615375000.0,	0.074432373046875,	0.09813308715820312
5615406250.0,	0.07321548461914062,	0.0970611572265625
5615437500.0,	0.07542037963867188,	0.09857559204101562
5615468750.0,	0.0761871337890625,	0.09972763061523438
5615500000.0,	0.07309341430664062,	0.09767913818359375
5615531250.0,	0.07569503784179688,	0.09684371948242188
5615562500.0,	0.07401657104492188,	0.09780502319335938
5615593750.0,	0.07585525512695312,	0.09917449951171875
5615625000.0,	0.07430648803710938,	0.09784317016601562
5615656250.0,	0.07606124877929688,	0.0980224609375
5615687500.0,	0.0765228271484375,	0.09904098510742188
5615718750.0,	0.07515335083007812,	0.09809494018554688
5615750000.0,	0.0764007568359375,	0.09808349609375
5615781250.0,	0.076080322265625,	0.0990142822265625
5615812500.0,	0.07697296142578125,	0.09824371337890625
5615843750.0,	0.07639694213867188,	0.0986785888671875
5615875000.0,	0.07609939575195312,	0.09846878051757812
5615906250.0,	0.07634353637695312,	0.09806060791015625
5615937500.0,	0.07397079467773438,	0.09898757934570312
5615968750.0,	0.07801055908203125,	0.09974288940429688
5616000000.0,	0.07486343383789062,	0.09961700439453125
5616031250.0,	0.07602691650390625,	0.09953689575195312
5616062500.0,	0.07581329345703125,	0.10001373291015625
5616093750.0,	0.07645416259765625,	0.0997161865234375
5616125000.0,	0.076995849609375,	0.09899520874023438
5616156250.0,	0.07839584350585938,	0.09836959838867188
5616187500.0,	0.07814788818359375,	0.10110092163085938
5616218750.0,	0.07712936401367188,	0.09962081909179688
5616250000.0,	0.07468032836914062,	0.09984970092773438
5616281250.0,	0.07500839233398438,	0.09914398193359375
5616312500.0,	0.07672119140625,	0.10137176513671875
5616343750.0,	0.07352828979492188,	0.09951400756835938
5616375000.0,	0.07553482055664062,	0.10251617431640625
5616406250.0,	0.07563018798828125,	0.09909439086914062
5616437500.0,	0.07558822631835938,	0.0965576171875
5616468750.0,	0.07537078857421875,	0.10015487670898438
5616500000.0,	0.07614898681640625,	0.10085296630859375
5616531250.0,	0.07587814331054688,	0.10045623779296875
5616562500.0,	0.07835769653320312,	0.098876953125
5616593750.0,	0.07563018798828125,	0.10134124755859375
5616625000.0,	0.07566070556640625,	0.09991073608398438
5616656250.0,	0.07757568359375,	0.09841537475585938
5616687500.0,	0.07806777954101562,	0.09936141967773438
5616718750.0,	0.07631683349609375,	0.10328292846679688
5616750000.0,	0.0749664306640625,	0.09970474243164062
5616781250.0,	0.07832717895507812,	0.09803390502929688
5616812500.0,	0.07697296142578125,	0.10184478759765625
5616843750.0,	0.07502365112304688,	0.0992889404296875
5616875000.0,	0.07698440551757812,	0.09884262084960938
5616906250.0,	0.0760955810546875,	0.09914398193359375
5616937500.0,	0.0752716064453125,	0.10242462158203125
5616968750.0,	0.07724380493164062,	0.10154342651367188
5617000000.0,	0.0764007568359375,	0.09896469116210938
5617031250.0,	0.07940673828125,	0.10171127319335938
5617062500.0,	0.07719039916992188,	0.10210037231445312
5617093750.0,	0.07623672485351562,	0.1021575927734375
5617125000.0,	0.07707595825195312,	0.10020065307617188
5617156250.0,	0.07742691040039062,	0.10076904296875
5617187500.0,	0.07741165161132812,	0.09900283813476562
5617218750.0,	0.07830047607421875,	0.10167694091796875
5617250000.0,	0.07835769653320312,	0.09965133666992188
5617281250.0,	0.07836532592773438,	0.10065841674804688
5617312500.0,	0.07778549194335938,	0.10179901123046875
5617343750.0,	0.0750579833984375,	0.101715087890625
5617375000.0,	0.07685089111328125,	0.09946823120117188
5617406250.0,	0.077911376953125,	0.10136795043945312
5617437500.0,	0.07637405395507812,	0.10099411010742188
5617468750.0,	0.0794219970703125,	0.10092544555664062
5617500000.0,	0.07756805419921875,	0.10175323486328125
5617531250.0,	0.0784454345703125,	0.0993499755859375
5617562500.0,	0.07724380493164062,	0.09952545166015625
5617593750.0,	0.07672500610351562,	0.10129547119140625
5617625000.0,	0.07627487182617188,	0.09973907470703125
5617656250.0,	0.07705307006835938,	0.10126495361328125
5617687500.0,	0.077362060546875,	0.10017776489257812
5617718750.0,	0.07940673828125,	0.101654052734375
5617750000.0,	0.079315185546875,	0.10074234008789062
5617781250.0,	0.07831192016601562,	0.10093307495117188
5617812500.0,	0.07752609252929688,	0.1010284423828125
5617843750.0,	0.07757186889648438,	0.10176849365234375
5617875000.0,	0.07912826538085938,	0.1022491455078125
5617906250.0,	0.07916259765625,	0.10224151611328125
5617937500.0,	0.07754898071289062,	0.10022354125976562
5617968750.0,	0.07731246948242188,	0.103363037109375
5618000000.0,	0.07799530029296875,	0.10184478759765625
5618031250.0,	0.079376220703125,	0.10234451293945312
5618062500.0,	0.07838821411132812,	0.1009063720703125
5618093750.0,	0.078521728515625,	0.10280609130859375
5618125000.0,	0.07959747314453125,	0.10058975219726562
5618156250.0,	0.07796096801757812,	0.10132980346679688
5618187500.0,	0.07812881469726562,	0.10082244873046875
5618218750.0,	0.08015823364257812,	0.10124969482421875
5618250000.0,	0.0787811279296875,	0.10238265991210938
5618281250.0,	0.08056640625,	0.10171890258789062
5618312500.0,	0.07934951782226562,	0.10076522827148438
5618343750.0,	0.07843780517578125,	0.10202407836914062
5618375000.0,	0.0794525146484375,	0.1012725830078125
5618406250.0,	0.08015060424804688,	0.099639892578125
5618437500.0,	0.08018112182617188,	0.10092926025390625
5618468750.0,	0.0791015625,	0.10106658935546875
5618500000.0,	0.0820159912109375,	0.10179901123046875
5618531250.0,	0.07927703857421875,	0.10186004638671875
5618562500.0,	0.07889938354492188,	0.103912353515625
5618593750.0,	0.07954025268554688,	0.103424072265625
5618625000.0,	0.07888412475585938,	0.09923171997070312
5618656250.0,	0.07867813110351562,	0.1045989990234375
5618687500.0,	0.08097076416015625,	0.10100555419921875
5618718750.0,	0.082000732421875,	0.10193252563476562
5618750000.0,	0.08018112182617188,	0.10010910034179688
5618781250.0,	0.08148956298828125,	0.10206222534179688
5618812500.0,	0.077301025390625,	0.10224533081054688
5618843750.0,	0.07961654663085938,	0.10138320922851562
5618875000.0,	0.08010482788085938,	0.1022491455078125
5618906250.0,	0.08039474487304688,	0.10045242309570312
5618937500.0,	0.07950592041015625,	0.104339599609375
5618968750.0,	0.08058929443359375,	0.10274887084960938
5619000000.0,	0.0816192626953125,	0.10250473022460938
5619031250.0,	0.08028793334960938,	0.10040283203125
5619062500.0,	0.0782012939453125,	0.10235977172851562
5619093750.0,	0.08082199096679688,	0.10496902465820312
5619125000.0,	0.08034896850585938,	0.10229110717773438
5619156250.0,	0.08214950561523438,	0.10055923461914062
5619187500.0,	0.08182525634765625,	0.10126495361328125
5619218750.0,	0.07903289794921875,	0.10204315185546875
5619250000.0,	0.07995986938476562,	0.10039138793945312
5619281250.0,	0.0819854736328125,	0.10171127319335938
5619312500.0,	0.07989120483398438,	0.10158538818359375
5619343750.0,	0.08115005493164062,	0.10084915161132812
5619375000.0,	0.08169174194335938,	0.1013946533203125
5619406250.0,	0.07994842529296875,	0.10239791870117188
5619437500.0,	0.07952499389648438,	0.10431671142578125
5619468750.0,	0.080230712890625,	0.10359954833984375
5619500000.0,	0.080322265625,	0.1031494140625
5619531250.0,	0.08092498779296875,	0.1036529541015625
5619562500.0,	0.08034133911132812,	0.10137939453125
5619593750.0,	0.08226776123046875,	0.1038360595703125
5619625000.0,	0.08084869384765625,	0.10327529907226562
5619656250.0,	0.08055496215820312,	0.10219192504882812
5619687500.0,	0.08089447021484375,	0.1020660400390625
5619718750.0,	0.08175277709960938,	0.10272598266601562
5619750000.0,	0.08298873901367188,	0.10321426391601562
5619781250.0,	0.08123016357421875,	0.10389328002929688
5619812500.0,	0.08166122436523438,	0.10358810424804688
5619843750.0,	0.08164215087890625,	0.10244369506835938
5619875000.0,	0.08112335205078125,	0.10344314575195312
5619906250.0,	0.08198928833007812,	0.102935791015625
5619937500.0,	0.08283615112304688,	0.101409912109375
5619968750.0,	0.08277511596679688,	0.10193252563476562
5620000000.0,	0.08392715454101562,	0.10419845581054688
5620031250.0,	0.08237838745117188,	0.1045989990234375
5620062500.0,	0.0818023681640625,	0.10168075561523438
5620093750.0,	0.08089828491210938,	0.10345077514648438
5620125000.0,	0.08138656616210938,	0.102813720703125
5620156250.0,	0.08257675170898438,	0.10379409790039062
5620187500.0,	0.0804290771484375,	0.10367584228515625
5620218750.0,	0.08332443237304688,	0.10375595092773438
5620250000.0,	0.08354949951171875,	0.10376358032226562
5620281250.0,	0.08269882202148438,	0.103302001953125
5620312500.0,	0.08266067504882812,	0.10121536254882812
5620343750.0,	0.08300399780273438,	0.10273361206054688
5620375000.0,	0.08284759521484375,	0.1030426025390625
5620406250.0,	0.0855712890625,	0.10230255126953125
5620437500.0,	0.08324432373046875,	0.10173797607421875
5620468750.0,	0.08247756958007812,	0.10279083251953125
5620500000.0,	0.08333969116210938,	0.10309982299804688
5620531250.0,	0.08416366577148438,	0.1055755615234375
5620562500.0,	0.08522415161132812,	0.10239791870117188
5620593750.0,	0.08392715454101562,	0.104217529296875
5620625000.0,	0.0833282470703125,	0.10231781005859375
5620656250.0,	0.08404159545898438,	0.10294342041015625
5620687500.0,	0.08554840087890625,	0.10292434692382812
5620718750.0,	0.08327865600585938,	0.101837158203125
5620750000.0,	0.08306503295898438,	0.1031646728515625
5620781250.0,	0.08513641357421875,	0.1038818359375
5620812500.0,	0.08481979370117188,	0.10177230834960938
5620843750.0,	0.08367156982421875,	0.1029510498046875
5620875000.0,	0.08414077758789062,	0.10080718994140625
5620906250.0,	0.08447647094726562,	0.10448455810546875
5620937500.0,	0.08612060546875,	0.1036376953125
5620968750.0,	0.0850677490234375,	0.10027694702148438
5621000000.0,	0.08327102661132812,	0.10318756103515625
5621031250.0,	0.08549880981445312,	0.10306167602539062
5621062500.0,	0.0847015380859375,	0.10199737548828125
5621093750.0,	0.08428192138671875,	0.10203933715820312
5621125000.0,	0.08316421508789062,	0.10616302490234375
5621156250.0,	0.08441925048828125,	0.10169601440429688
5621187500.0,	0.08418655395507812,	0.10318756103515625
5621218750.0,	0.08548355102539062,	0.10228729248046875
5621250000.0,	0.08340835571289062,	0.10297775268554688
5621281250.0,	0.08567428588867188,	0.10216140747070312
5621312500.0,	0.08310317993164062,	0.1047515869140625
5621343750.0,	0.08417892456054688,	0.10371017456054688
5621375000.0,	0.08380126953125,	0.103057861328125
5621406250.0,	0.08634185791015625,	0.10333633422851562
5621437500.0,	0.08694839477539062,	0.1010284423828125
5621468750.0,	0.08469390869140625,	0.10460662841796875
5621500000.0,	0.08586883544921875,	0.1022491455078125
5621531250.0,	0.08502960205078125,	0.10417938232421875
5621562500.0,	0.08397674560546875,	0.10322189331054688
5621593750.0,	0.08834457397460938,	0.10297393798828125
5621625000.0,	0.08699417114257812,	0.1021728515625
5621656250.0,	0.08815383911132812,	0.10443878173828125
5621687500.0,	0.08632278442382812,	0.10580062866210938
5621718750.0,	0.08612060546875,	0.1030120849609375
5621750000.0,	0.08585739135742188,	0.10321044921875
5621781250.0,	0.0869903564453125,	0.10525131225585938
5621812500.0,	0.08629608154296875,	0.10332870483398438
5621843750.0,	0.08629608154296875,	0.102569580078125
5621875000.0,	0.08549118041992188,	0.10321426391601562
5621906250.0,	0.0869598388671875,	0.102081298828125
5621937500.0,	0.08692550659179688,	0.102081298828125
5621968750.0,	0.0874176025390625,	0.10172271728515625
5622000000.0,	0.0863494873046875,	0.10147857666015625
5622031250.0,	0.08910369873046875,	0.1041412353515625
5622062500.0,	0.08676528930664062,	0.10321044921875
5622093750.0,	0.08762359619140625,	0.1036529541015625
5622125000.0,	0.086822509765625,	0.10369873046875
5622156250.0,	0.08685684204101562,	0.10514068603515625
5622187500.0,	0.08795928955078125,	0.10284423828125
5622218750.0,	0.08694076538085938,	0.10318756103515625
5622250000.0,	0.08540725708007812,	0.102447509765625
5622281250.0,	0.0894012451171875,	0.10422515869140625
5622312500.0,	0.08893585205078125,	0.103118896484375
5622343750.0,	0.08716201782226562,	0.10529708862304688
5622375000.0,	0.08844757080078125,	0.10201263427734375
5622406250.0,	0.08858108520507812,	0.10301589965820312
5622437500.0,	0.087982177734375,	0.10461044311523438
5622468750.0,	0.0878448486328125,	0.10279464721679688
5622500000.0,	0.08847427368164062,	0.1036529541015625
5622531250.0,	0.08774185180664062,	0.10459518432617188
5622562500.0,	0.08982467651367188,	0.10383224487304688
5622593750.0,	0.0882415771484375,	0.10274887084960938
5622625000.0,	0.08906173706054688,	0.10453414916992188
5622656250.0,	0.09006118774414062,	0.10278701782226562
5622687500.0,	0.08895492553710938,	0.10304641723632812
5622718750.0,	0.08883285522460938,	0.10195541381835938
5622750000.0,	0.0892333984375,	0.103424072265625
5622781250.0,	0.08803176879882812,	0.1041259765625
5622812500.0,	0.08980560302734375,	0.10243606567382812
5622843750.0,	0.090240478515625,	0.10216140747070312
5622875000.0,	0.08931732177734375,	0.10234451293945312
5622906250.0,	0.0906524658203125,	0.10318756103515625
5622937500.0,	0.088958740234375,	0.10176849365234375
5622968750.0,	0.08929824829101562,	0.10240554809570312
5623000000.0,	0.08959197998046875,	0.10218429565429688
5623031250.0,	0.09070968627929688,	0.10375595092773438
5623062500.0,	0.08933258056640625,	0.10245132446289062
5623093750.0,	0.09276199340820312,	0.10288238525390625
5623125000.0,	0.09119415283203125,	0.10102081298828125
5623156250.0,	0.08993148803710938,	0.10221099853515625
5623187500.0,	0.08925247192382812,	0.10460662841796875
5623218750.0,	0.09192657470703125,	0.1042022705078125
5623250000.0,	0.09128570556640625,	0.10398101806640625
5623281250.0,	0.08938217163085938,	0.102325439453125
5623312500.0,	0.08898544311523438,	0.10102081298828125
5623343750.0,	0.09093475341796875,	0.10335922241210938
5623375000.0,	0.09302902221679688,	0.10292816162109375
5623406250.0,	0.09336471557617188,	0.10162734985351562
5623437500.0,	0.0921478271484375,	0.10250473022460938
5623468750.0,	0.0919342041015625,	0.10264968872070312
5623500000.0,	0.09128570556640625,	0.10388946533203125
5623531250.0,	0.09356689453125,	0.10348129272460938
5623562500.0,	0.094451904296875,	0.10219192504882812
5623593750.0,	0.0912017822265625,	0.10361480712890625
5623625000.0,	0.09106826782226562,	0.10338211059570312
5623656250.0,	0.09313583374023438,	0.10226821899414062
5623687500.0,	0.09053421020507812,	0.1035614013671875
5623718750.0,	0.09130477905273438,	0.10234832763671875
5623750000.0,	0.09247970581054688,	0.10372543334960938
5623781250.0,	0.09280014038085938,	0.09974288940429688
5623812500.0,	0.095733642578125,	0.1010589599609375
5623843750.0,	0.09221267700195312,	0.10298538208007812
5623875000.0,	0.09351730346679688,	0.101715087890625
5623906250.0,	0.0948944091796875,	0.1012115478515625
5623937500.0,	0.09476852416992188,	0.10248947143554688
5623968750.0,	0.0948944091796875,	0.10140609741210938
5624000000.0,	0.092864990234375,	0.10394668579101562
5624031250.0,	0.09202957153320312,	0.10354232788085938
5624062500.0,	0.09408950805664062,	0.1012725830078125
5624093750.0,	0.09357070922851562,	0.10029220581054688
5624125000.0,	0.09490966796875,	0.10020828247070312
5624156250.0,	0.09340667724609375,	0.09983062744140625
5624187500.0,	0.09351348876953125,	0.10234832763671875
5624218750.0,	0.0931549072265625,	0.10064697265625
5624250000.0,	0.09494400024414062,	0.102813720703125
5624281250.0,	0.0951080322265625,	0.1035003662109375
5624312500.0,	0.09296417236328125,	0.1010589599609375
5624343750.0,	0.09502792358398438,	0.10113906860351562
5624375000.0,	0.09639739990234375,	0.101043701171875
5624406250.0,	0.09503936767578125,	0.10284042358398438
5624437500.0,	0.09516143798828125,	0.10184860229492188
5624468750.0,	0.09633255004882812,	0.09995651245117188
5624500000.0,	0.09598159790039062,	0.10053634643554688
5624531250.0,	0.09586715698242188,	0.10284805297851562
5624562500.0,	0.09609222412109375,	0.10173416137695312
5624593750.0,	0.09657669067382812,	0.10115432739257812
5624625000.0,	0.09735870361328125,	0.10052108764648438
5624656250.0,	0.09534072875976562,	0.1004791259765625
5624687500.0,	0.09760665893554688,	0.1008148193359375
5624718750.0,	0.095184326171875,	0.10120010375976562
5624750000.0,	0.09606552124023438,	0.10094833374023438
5624781250.0,	0.0968017578125,	0.09934616088867188
5624812500.0,	0.09708023071289062,	0.10066604614257812
5624843750.0,	0.09698486328125,	0.10004425048828125
5624875000.0,	0.0977783203125,	0.09811019897460938
5624906250.0,	0.09772491455078125,	0.09874343872070312
5624937500.0,	0.09520721435546875,	0.10007476806640625
5624968750.0,	0.09753036499023438,	0.09771347045898438
5625000000.0,	0.09867095947265625,	0.098785400390625
5625031250.0,	0.098480224609375,	0.096771240234375
5625062500.0,	0.0958709716796875,	0.09936141967773438
5625093750.0,	0.09635543823242188,	0.09925460815429688
5625125000.0,	0.09646987915039062,	0.09933090209960938
5625156250.0,	0.09769821166992188,	0.099029541015625
5625187500.0,	0.09786224365234375,	0.09851455688476562
5625218750.0,	0.10059738159179688,	0.09825897216796875
5625250000.0,	0.09938430786132812,	0.09939193725585938
5625281250.0,	0.09810256958007812,	0.09831619262695312
5625312500.0,	0.09849929809570312,	0.09873580932617188
5625343750.0,	0.098297119140625,	0.09807968139648438
5625375000.0,	0.09918975830078125,	0.09951400756835938
5625406250.0,	0.09823989868164062,	0.0965728759765625
5625437500.0,	0.09798049926757812,	0.09997940063476562
5625468750.0,	0.1001129150390625,	0.09802627563476562
5625500000.0,	0.09838485717773438,	0.09859848022460938
5625531250.0,	0.09935760498046875,	0.0982666015625
5625562500.0,	0.09956741333007812,	0.096954345703125
5625593750.0,	0.10211944580078125,	0.09517288208007812
5625625000.0,	0.0980682373046875,	0.09685134887695312
5625656250.0,	0.10060501098632812,	0.09637832641601562
5625687500.0,	0.09931182861328125,	0.09640121459960938
5625718750.0,	0.09918594360351562,	0.096710205078125
5625750000.0,	0.09922409057617188,	0.09654998779296875
5625781250.0,	0.10118484497070312,	0.09527969360351562
5625812500.0,	0.10233688354492188,	0.09490203857421875
5625843750.0,	0.10187530517578125,	0.09320068359375
5625875000.0,	0.10169219970703125,	0.09659957885742188
5625906250.0,	0.10194015502929688,	0.09621047973632812
5625937500.0,	0.10150527954101562,	0.09408950805664062
5625968750.0,	0.10019683837890625,	0.09654617309570312
5626000000.0,	0.10073471069335938,	0.09284591674804688
5626031250.0,	0.1020355224609375,	0.09579086303710938
5626062500.0,	0.10158920288085938,	0.09485244750976562
5626093750.0,	0.10418319702148438,	0.09359359741210938
5626125000.0,	0.09994888305664062,	0.0951385498046875
5626156250.0,	0.10330581665039062,	0.09361648559570312
5626187500.0,	0.1044769287109375,	0.09342193603515625
5626218750.0,	0.10609054565429688,	0.09283828735351562
5626250000.0,	0.1031494140625,	0.09502029418945312
5626281250.0,	0.1037139892578125,	0.09104537963867188
5626312500.0,	0.1023406982421875,	0.09629440307617188
5626343750.0,	0.1045074462890625,	0.09327316284179688
5626375000.0,	0.10227203369140625,	0.0925140380859375
5626406250.0,	0.10413360595703125,	0.09199142456054688
5626437500.0,	0.10283279418945312,	0.092254638671875
5626468750.0,	0.10340118408203125,	0.091217041015625
5626500000.0,	0.10501480102539062,	0.09430694580078125
5626531250.0,	0.10318756103515625,	0.09072494506835938
5626562500.0,	0.10308456420898438,	0.09265518188476562
5626593750.0,	0.1021270751953125,	0.09202194213867188
5626625000.0,	0.10521697998046875,	0.09073257446289062
5626656250.0,	0.10370254516601562,	0.091461181640625
5626687500.0,	0.10197830200195312,	0.09118270874023438
5626718750.0,	0.10300064086914062,	0.09014129638671875
5626750000.0,	0.10370635986328125,	0.09045028686523438
5626781250.0,	0.10713958740234375,	0.0885009765625
5626812500.0,	0.10332870483398438,	0.08848953247070312
5626843750.0,	0.10514068603515625,	0.08910751342773438
5626875000.0,	0.10655975341796875,	0.08967208862304688
5626906250.0,	0.10493850708007812,	0.08953094482421875
5626937500.0,	0.1068115234375,	0.088226318359375
5626968750.0,	0.10511398315429688,	0.08577728271484375
5627000000.0,	0.10482025146484375,	0.08953094482421875
5627031250.0,	0.10448074340820312,	0.08665084838867188
5627062500.0,	0.10535049438476562,	0.08789825439453125
5627093750.0,	0.10518646240234375,	0.08606719970703125
5627125000.0,	0.1065216064453125,	0.08573532104492188
5627156250.0,	0.10521316528320312,	0.08635330200195312
5627187500.0,	0.10436630249023438,	0.08469009399414062
5627218750.0,	0.10543060302734375,	0.08599472045898438
5627250000.0,	0.10383224487304688,	0.08516311645507812
5627281250.0,	0.10529327392578125,	0.084716796875
5627312500.0,	0.10461807250976562,	0.08353424072265625
5627343750.0,	0.10475540161132812,	0.08523941040039062
5627375000.0,	0.10335540771484375,	0.081634521484375
5627406250.0,	0.10607528686523438,	0.08323287963867188
5627437500.0,	0.10605239868164062,	0.08307647705078125
5627468750.0,	0.1033477783203125,	0.08221054077148438
5627500000.0,	0.10474014282226562,	0.0798492431640625
5627531250.0,	0.10353851318359375,	0.08207321166992188
5627562500.0,	0.10359954833984375,	0.0829620361328125
5627593750.0,	0.10479354858398438,	0.08069610595703125
5627625000.0,	0.1039276123046875,	0.08165359497070312
5627656250.0,	0.10612106323242188,	0.0792236328125
5627687500.0,	0.1054229736328125,	0.08040237426757812
5627718750.0,	0.10548019409179688,	0.07761001586914062
5627750000.0,	0.105743408203125,	0.07941436767578125
5627781250.0,	0.10485076904296875,	0.07912826538085938
5627812500.0,	0.106414794921875,	0.07794189453125
5627843750.0,	0.10318374633789062,	0.07720565795898438
5627875000.0,	0.10286331176757812,	0.07666397094726562
5627906250.0,	0.1037139892578125,	0.07648086547851562
5627937500.0,	0.1039581298828125,	0.07836532592773438
5627968750.0,	0.10397720336914062,	0.07789230346679688
5628000000.0,	0.10327911376953125,	0.07526397705078125
5628031250.0,	0.1035003662109375,	0.07678604125976562
5628062500.0,	0.10414886474609375,	0.07552719116210938
5628093750.0,	0.10190200805664062,	0.07493972778320312
5628125000.0,	0.10307693481445312,	0.07352447509765625
5628156250.0,	0.10245513916015625,	0.07567596435546875
5628187500.0,	0.1002349853515625,	0.07459640502929688
5628218750.0,	0.10279464721679688,	0.07501983642578125
5628250000.0,	0.10211944580078125,	0.074554443359375
5628281250.0,	0.10035324096679688,	0.07414627075195312
5628312500.0,	0.099761962890625,	0.071746826171875
5628343750.0,	0.1005096435546875,	0.07059478759765625
5628375000.0,	0.09853363037109375,	0.07163619995117188
5628406250.0,	0.10103988647460938,	0.07099533081054688
5628437500.0,	0.1008758544921875,	0.0703582763671875
5628468750.0,	0.09969711303710938,	0.07204818725585938
5628500000.0,	0.09978485107421875,	0.0688934326171875
5628531250.0,	0.09932327270507812,	0.07042694091796875
5628562500.0,	0.09670257568359375,	0.06829833984375
5628593750.0,	0.09914779663085938,	0.06984329223632812
5628625000.0,	0.09942245483398438,	0.06818389892578125
5628656250.0,	0.09682464599609375,	0.07065963745117188
5628687500.0,	0.0985107421875,	0.06980133056640625
5628718750.0,	0.09677886962890625,	0.068145751953125
5628750000.0,	0.098541259765625,	0.06859588623046875
5628781250.0,	0.0963134765625,	0.06925582885742188
5628812500.0,	0.09698104858398438,	0.06719207763671875
5628843750.0,	0.097015380859375,	0.0660858154296875
5628875000.0,	0.09426116943359375,	0.06713104248046875
5628906250.0,	0.0946044921875,	0.06565475463867188
5628937500.0,	0.09395980834960938,	0.06361770629882812
5628968750.0,	0.09400177001953125,	0.06601715087890625
5629000000.0,	0.09430313110351562,	0.0664520263671875
5629031250.0,	0.08973312377929688,	0.06493377685546875
5629062500.0,	0.09531784057617188,	0.06676483154296875
5629093750.0,	0.09402084350585938,	0.066131591796875
5629125000.0,	0.09152984619140625,	0.06508636474609375
5629156250.0,	0.09210205078125,	0.06336593627929688
5629187500.0,	0.09257125854492188,	0.06540298461914062
5629218750.0,	0.09132003784179688,	0.066497802734375
5629250000.0,	0.09142303466796875,	0.066192626953125
5629281250.0,	0.09135818481445312,	0.064117431640625
5629312500.0,	0.08855819702148438,	0.062328338623046875
5629343750.0,	0.08790206909179688,	0.06407546997070312
5629375000.0,	0.08756637573242188,	0.061771392822265625
5629406250.0,	0.08820343017578125,	0.06305313110351562
5629437500.0,	0.08692169189453125,	0.0632171630859375
5629468750.0,	0.08437347412109375,	0.06415176391601562
5629500000.0,	0.08600997924804688,	0.06369781494140625
5629531250.0,	0.08480072021484375,	0.06353378295898438
5629562500.0,	0.083709716796875,	0.06266403198242188
5629593750.0,	0.08478164672851562,	0.06429672241210938
5629625000.0,	0.08358383178710938,	0.06174468994140625
5629656250.0,	0.08367919921875,	0.06369400024414062
5629687500.0,	0.08283233642578125,	0.0657501220703125
5629718750.0,	0.08340072631835938,	0.06406402587890625
5629750000.0,	0.08262252807617188,	0.0640716552734375
5629781250.0,	0.08123397827148438,	0.06447601318359375
5629812500.0,	0.07977676391601562,	0.06505203247070312
5629843750.0,	0.0817108154296875,	0.06491851806640625
5629875000.0,	0.08011245727539062,	0.06614303588867188
5629906250.0,	0.07904434204101562,	0.06324005126953125
5629937500.0,	0.07947540283203125,	0.062114715576171875
5629968750.0,	0.07938766479492188,	0.0635223388671875
5630000000.0,	0.07880783081054688,	0.06401443481445312
5630031250.0,	0.07886505126953125,	0.06264495849609375
5630062500.0,	0.07740402221679688,	0.06602859497070312
5630093750.0,	0.07712554931640625,	0.06512069702148438
5630125000.0,	0.07612228393554688,	0.06652450561523438
5630156250.0,	0.07707977294921875,	0.0645599365234375
5630187500.0,	0.07603836059570312,	0.064971923828125
5630218750.0,	0.0775146484375,	0.06544113159179688
5630250000.0,	0.07452392578125,	0.06412887573242188
5630281250.0,	0.07483673095703125,	0.06595611572265625
5630312500.0,	0.0744781494140625,	0.0635528564453125
5630343750.0,	0.074920654296875,	0.06508636474609375
5630375000.0,	0.07495498657226562,	0.06557464599609375
5630406250.0,	0.07481765747070312,	0.0672454833984375
5630437500.0,	0.07503509521484375,	0.0666656494140625
5630468750.0,	0.07346725463867188,	0.06710433959960938
5630500000.0,	0.073883056640625,	0.06610870361328125
5630531250.0,	0.07364273071289062,	0.06734085083007812
5630562500.0,	0.07326126098632812,	0.06646728515625
5630593750.0,	0.07129669189453125,	0.0683135986328125
5630625000.0,	0.07219696044921875,	0.06733322143554688
5630656250.0,	0.07164764404296875,	0.06580352783203125
5630687500.0,	0.07395172119140625,	0.071044921875
5630718750.0,	0.07123947143554688,	0.06653594970703125
5630750000.0,	0.069976806640625,	0.06937026977539062
5630781250.0,	0.069488525390625,	0.06746673583984375
5630812500.0,	0.07049179077148438,	0.0672607421875
5630843750.0,	0.06813812255859375,	0.06779861450195312
5630875000.0,	0.06950759887695312,	0.06974411010742188
5630906250.0,	0.06967544555664062,	0.0701904296875
5630937500.0,	0.06876373291015625,	0.06887435913085938
5630968750.0,	0.070892333984375,	0.06870269775390625
5631000000.0,	0.06877517700195312,	0.07100296020507812
5631031250.0,	0.06858444213867188,	0.06919479370117188
5631062500.0,	0.0669708251953125,	0.0699005126953125
5631093750.0,	0.06699752807617188,	0.07037353515625
5631125000.0,	0.06676101684570312,	0.07125091552734375
5631156250.0,	0.066497802734375,	0.06911849975585938
5631187500.0,	0.06903076171875,	0.0710296630859375
5631218750.0,	0.06827926635742188,	0.07311630249023438
5631250000.0,	0.06811904907226562,	0.07256317138671875
5631281250.0,	0.06499862670898438,	0.07332229614257812
5631312500.0,	0.06433868408203125,	0.072357177734375
5631343750.0,	0.06878662109375,	0.07171630859375
5631375000.0,	0.06705856323242188,	0.07219696044921875
5631406250.0,	0.06558609008789062,	0.0727691650390625
5631437500.0,	0.06502532958984375,	0.07407379150390625
5631468750.0,	0.06659317016601562,	0.07346343994140625
5631500000.0,	0.06516647338867188,	0.07248306274414062
5631531250.0,	0.06601333618164062,	0.07659149169921875
5631562500.0,	0.0652618408203125,	0.07574081420898438
5631593750.0,	0.067169189453125,	0.07527542114257812
5631625000.0,	0.06576156616210938,	0.07530975341796875
5631656250.0,	0.06255722045898438,	0.07672500610351562
5631687500.0,	0.06496047973632812,	0.07590866088867188
5631718750.0,	0.06540679931640625,	0.07562255859375
5631750000.0,	0.06424331665039062,	0.07733917236328125
5631781250.0,	0.06554412841796875,	0.0779571533203125
5631812500.0,	0.067413330078125,	0.07640457153320312
5631843750.0,	0.06536865234375,	0.07831954956054688
5631875000.0,	0.06465530395507812,	0.075927734375
5631906250.0,	0.06314849853515625,	0.07857513427734375
5631937500.0,	0.06493759155273438,	0.0782623291015625
5631968750.0,	0.06197357177734375,	0.07910919189453125
5632000000.0,	0.06327438354492188,	0.07884979248046875
5632031250.0,	0.06425857543945312,	0.07948684692382812
5632062500.0,	0.06275558471679688,	0.08008575439453125
5632093750.0,	0.06326675415039062,	0.07983779907226562
5632125000.0,	0.06360626220703125,	0.07781982421875
5632156250.0,	0.0628204345703125,	0.07949066162109375
5632187500.0,	0.062305450439453125,	0.0803070068359375
5632218750.0,	0.06170654296875,	0.0806121826171875
5632250000.0,	0.06464767456054688,	0.08190536499023438
5632281250.0,	0.0656890869140625,	0.07824325561523438
5632312500.0,	0.06342697143554688,	0.08170700073242188
5632343750.0,	0.06394577026367188,	0.08205795288085938
5632375000.0,	0.06217193603515625,	0.08230972290039062
5632406250.0,	0.0646820068359375,	0.08277130126953125
5632437500.0,	0.06450653076171875,	0.08274459838867188
5632468750.0,	0.0634002685546875,	0.08218765258789062
5632500000.0,	0.06101226806640625,	0.08461761474609375
5632531250.0,	0.061283111572265625,	0.08224868774414062
5632562500.0,	0.06578445434570312,	0.08374404907226562
5632593750.0,	0.0634765625,	0.08303451538085938
5632625000.0,	0.062480926513671875,	0.0853424072265625
5632656250.0,	0.06349563598632812,	0.08537673950195312
5632687500.0,	0.06335830688476562,	0.08610153198242188
5632718750.0,	0.06398773193359375,	0.08432769775390625
5632750000.0,	0.06195831298828125,	0.08464431762695312
5632781250.0,	0.0623931884765625,	0.08821868896484375
5632812500.0,	0.0618743896484375,	0.08240890502929688
5632843750.0,	0.06110382080078125,	0.08372879028320312
5632875000.0,	0.06330108642578125,	0.08634185791015625
5632906250.0,	0.06359481811523438,	0.08692169189453125
5632937500.0,	0.0612030029296875,	0.08549118041992188
5632968750.0,	0.06409454345703125,	0.08436965942382812
5633000000.0,	0.06435012817382812,	0.08669662475585938
5633031250.0,	0.0636138916015625,	0.0869903564453125
5633062500.0,	0.063934326171875,	0.0868988037109375
5633093750.0,	0.0632476806640625,	0.08776092529296875
5633125000.0,	0.06494140625,	0.08563995361328125
5633156250.0,	0.06502914428710938,	0.08743667602539062
5633187500.0,	0.06400680541992188,	0.0880126953125
5633218750.0,	0.06326675415039062,	0.08717727661132812
5633250000.0,	0.06304550170898438,	0.08897781372070312
5633281250.0,	0.06468582153320312,	0.0899200439453125
5633312500.0,	0.06348800659179688,	0.0879058837890625
5633343750.0,	0.06417465209960938,	0.08835601806640625
5633375000.0,	0.06526947021484375,	0.08947372436523438
5633406250.0,	0.06269073486328125,	0.09134292602539062
5633437500.0,	0.06357192993164062,	0.08768844604492188
5633468750.0,	0.06575393676757812,	0.08850860595703125
5633500000.0,	0.06449508666992188,	0.0909576416015625
5633531250.0,	0.06315231323242188,	0.08825302124023438
5633562500.0,	0.06473159790039062,	0.0879669189453125
5633593750.0,	0.06383895874023438,	0.08807373046875
5633625000.0,	0.06444549560546875,	0.08866500854492188
5633656250.0,	0.06256103515625,	0.09046173095703125
5633687500.0,	0.06372833251953125,	0.0908660888671875
5633718750.0,	0.06465911865234375,	0.09076690673828125
5633750000.0,	0.06594085693359375,	0.09088516235351562
5633781250.0,	0.06443405151367188,	0.0913848876953125
5633812500.0,	0.0635528564453125,	0.09135818481445312
5633843750.0,	0.06477737426757812,	0.0906219482421875
5633875000.0,	0.0647125244140625,	0.09233856201171875
5633906250.0,	0.06340408325195312,	0.0889129638671875
5633937500.0,	0.06479263305664062,	0.09164810180664062
5633968750.0,	0.0660858154296875,	0.09329986572265625
5634000000.0,	0.0669403076171875,	0.0933990478515625
5634031250.0,	0.06482315063476562,	0.09416961669921875
5634062500.0,	0.06549453735351562,	0.09274673461914062
5634093750.0,	0.0655059814453125,	0.09128952026367188
5634125000.0,	0.066650390625,	0.0956878662109375
5634156250.0,	0.06534957885742188,	0.09404373168945312
5634187500.0,	0.06703948974609375,	0.09234237670898438
5634218750.0,	0.0654296875,	0.09331512451171875
5634250000.0,	0.06534194946289062,	0.09247207641601562
5634281250.0,	0.06377410888671875,	0.09352493286132812
5634312500.0,	0.06791305541992188,	0.09484100341796875
5634343750.0,	0.06714630126953125,	0.09333038330078125
5634375000.0,	0.066802978515625,	0.09476470947265625
5634406250.0,	0.06450271606445312,	0.09231948852539062
5634437500.0,	0.06571578979492188,	0.09427261352539062
5634468750.0,	0.06475830078125,	0.09592437744140625
5634500000.0,	0.06665802001953125,	0.09399032592773438
5634531250.0,	0.06623077392578125,	0.09435653686523438
5634562500.0,	0.06732559204101562,	0.0936126708984375
5634593750.0,	0.06737136840820312,	0.09563827514648438
5634625000.0,	0.06593704223632812,	0.09600067138671875
5634656250.0,	0.06462860107421875,	0.09573745727539062
5634687500.0,	0.06591033935546875,	0.09627151489257812
5634718750.0,	0.06804275512695312,	0.09662628173828125
5634750000.0,	0.06731414794921875,	0.09571456909179688
5634781250.0,	0.06685638427734375,	0.09540557861328125
5634812500.0,	0.06746292114257812,	0.09490585327148438
5634843750.0,	0.06660079956054688,	0.09515380859375
5634875000.0,	0.068359375,	0.09646224975585938
5634906250.0,	0.0661468505859375,	0.09701919555664062
5634937500.0,	0.06755828857421875,	0.09743881225585938
5634968750.0,	0.06724166870117188,	0.09702301025390625
5635000000.0,	0.06898117065429688,	0.09621429443359375
5635031250.0,	0.06899261474609375,	0.09638214111328125
5635062500.0,	0.06649017333984375,	0.09629440307617188
5635093750.0,	0.06985855102539062,	0.09536361694335938
5635125000.0,	0.06764984130859375,	0.09832000732421875
5635156250.0,	0.06806182861328125,	0.09682846069335938
5635187500.0,	0.06718826293945312,	0.096588134765625
5635218750.0,	0.06811141967773438,	0.09795379638671875
5635250000.0,	0.06851577758789062,	0.09636688232421875
5635281250.0,	0.06859207153320312,	0.09719085693359375
5635312500.0,	0.06843948364257812,	0.09726715087890625
5635343750.0,	0.07105636596679688,	0.09665679931640625
5635375000.0,	0.07017135620117188,	0.098663330078125
5635406250.0,	0.0698394775390625,	0.09788131713867188
5635437500.0,	0.06884765625,	0.09840774536132812
5635468750.0,	0.06780624389648438,	0.099334716796875
5635500000.0,	0.06984710693359375,	0.09874343872070312
5635531250.0,	0.06932830810546875,	0.09836959838867188
5635562500.0,	0.06793594360351562,	0.09771728515625
5635593750.0,	0.068634033203125,	0.09881591796875
5635625000.0,	0.069091796875,	0.09835433959960938
5635656250.0,	0.06937408447265625,	0.09576034545898438
5635687500.0,	0.06937789916992188,	0.09785842895507812
5635718750.0,	0.06933212280273438,	0.09907150268554688
5635750000.0,	0.07025909423828125,	0.09992599487304688
5635781250.0,	0.07024383544921875,	0.09844589233398438
5635812500.0,	0.07027435302734375,	0.09984970092773438
5635843750.0,	0.070281982421875,	0.09767532348632812
5635875000.0,	0.06912994384765625,	0.10009002685546875
5635906250.0,	0.06937789916992188,	0.09759521484375
5635937500.0,	0.07239151000976562,	0.09617996215820312
5635968750.0,	0.07110595703125,	0.09827041625976562
5636000000.0,	0.07162094116210938,	0.0995635986328125
5636031250.0,	0.07034683227539062,	0.09878921508789062
5636062500.0,	0.06898880004882812,	0.09825897216796875
5636093750.0,	0.070831298828125,	0.09795761108398438
5636125000.0,	0.07022857666015625,	0.0984649658203125
5636156250.0,	0.07010269165039062,	0.10011672973632812
5636187500.0,	0.0693511962890625,	0.10170364379882812
5636218750.0,	0.07214736938476562,	0.0983734130859375
5636250000.0,	0.07278823852539062,	0.09915924072265625
5636281250.0,	0.07041168212890625,	0.100128173828125
5636312500.0,	0.072357177734375,	0.10040283203125
5636343750.0,	0.07249832153320312,	0.09924697875976562
5636375000.0,	0.07138824462890625,	0.10018157958984375
5636406250.0,	0.07099151611328125,	0.09940338134765625
5636437500.0,	0.07181167602539062,	0.09905242919921875
5636468750.0,	0.07366943359375,	0.09640884399414062
5636500000.0,	0.07140731811523438,	0.09906005859375
5636531250.0,	0.07266998291015625,	0.09981918334960938
5636562500.0,	0.0738677978515625,	0.10179519653320312
5636593750.0,	0.07207870483398438,	0.10052871704101562
5636625000.0,	0.07062911987304688,	0.10071182250976562
5636656250.0,	0.07268142700195312,	0.100494384765625
5636687500.0,	0.0735321044921875,	0.09852981567382812
5636718750.0,	0.07192611694335938,	0.09963226318359375
5636750000.0,	0.07224655151367188,	0.10052490234375
5636781250.0,	0.07360458374023438,	0.10113143920898438
5636812500.0,	0.07147979736328125,	0.0990753173828125
5636843750.0,	0.07400131225585938,	0.10076141357421875
5636875000.0,	0.07136917114257812,	0.09901046752929688
5636906250.0,	0.07239913940429688,	0.0996551513671875
5636937500.0,	0.07368850708007812,	0.1012115478515625
5636968750.0,	0.07317352294921875,	0.0988311767578125
5637000000.0,	0.07463455200195312,	0.10051727294921875
5637031250.0,	0.072784423828125,	0.10288619995117188
5637062500.0,	0.07364273071289062,	0.10211563110351562
5637093750.0,	0.07324600219726562,	0.10142135620117188
5637125000.0,	0.0750885009765625,	0.10051345825195312
5637156250.0,	0.07469940185546875,	0.09986495971679688
5637187500.0,	0.073883056640625,	0.10056686401367188
5637218750.0,	0.07379531860351562,	0.10186004638671875
5637250000.0,	0.0744476318359375,	0.10182571411132812
5637281250.0,	0.0753326416015625,	0.10110855102539062
5637312500.0,	0.07273101806640625,	0.102020263671875
5637343750.0,	0.07379531860351562,	0.101654052734375
5637375000.0,	0.0753173828125,	0.100555419921875
5637406250.0,	0.07523345947265625,	0.10081100463867188
5637437500.0,	0.07371139526367188,	0.10294723510742188
5637468750.0,	0.07476806640625,	0.10056304931640625
5637500000.0,	0.07503128051757812,	0.1015625
5637531250.0,	0.07530975341796875,	0.10317611694335938
5637562500.0,	0.07487869262695312,	0.10101699829101562
5637593750.0,	0.076141357421875,	0.100860595703125
5637625000.0,	0.074554443359375,	0.10039901733398438
5637656250.0,	0.0751495361328125,	0.10113525390625
5637687500.0,	0.07640457153320312,	0.1030120849609375
5637718750.0,	0.0740966796875,	0.1006011962890625
5637750000.0,	0.0768890380859375,	0.1007843017578125
5637781250.0,	0.07759857177734375,	0.10166168212890625
5637812500.0,	0.07790374755859375,	0.10025787353515625
5637843750.0,	0.07423019409179688,	0.10321807861328125
5637875000.0,	0.07565689086914062,	0.10240936279296875
5637906250.0,	0.07458877563476562,	0.10192108154296875
5637937500.0,	0.07638931274414062,	0.10269546508789062
5637968750.0,	0.07486724853515625,	0.10198593139648438
5638000000.0,	0.077117919921875,	0.1028594970703125
5638031250.0,	0.07601165771484375,	0.10285568237304688
5638062500.0,	0.07742691040039062,	0.10079193115234375
5638093750.0,	0.0778350830078125,	0.10168075561523438
5638125000.0,	0.07300949096679688,	0.10138702392578125
5638156250.0,	0.0769805908203125,	0.10199737548828125
5638187500.0,	0.07429122924804688,	0.10219573974609375
5638218750.0,	0.0760040283203125,	0.10471725463867188
5638250000.0,	0.07717132568359375,	0.10222625732421875
5638281250.0,	0.07684707641601562,	0.10029983520507812
5638312500.0,	0.07633209228515625,	0.10231781005859375
5638343750.0,	0.07657623291015625,	0.10062026977539062
5638375000.0,	0.07680511474609375,	0.10081863403320312
5638406250.0,	0.07834243774414062,	0.1032867431640625
5638437500.0,	0.08011245727539062,	0.10283660888671875
5638468750.0,	0.077301025390625,	0.10289764404296875
5638500000.0,	0.07828521728515625,	0.101654052734375
5638531250.0,	0.07808303833007812,	0.10519790649414062
5638562500.0,	0.07635879516601562,	0.1033935546875
5638593750.0,	0.07694625854492188,	0.10207366943359375
5638625000.0,	0.07690048217773438,	0.10168838500976562
5638656250.0,	0.07851409912109375,	0.10260391235351562
5638687500.0,	0.07811737060546875,	0.10131454467773438
5638718750.0,	0.08071517944335938,	0.10497665405273438
5638750000.0,	0.07740020751953125,	0.1028594970703125
5638781250.0,	0.07820892333984375,	0.10209274291992188
5638812500.0,	0.07755661010742188,	0.10193634033203125
5638843750.0,	0.07590103149414062,	0.10289764404296875
5638875000.0,	0.07947158813476562,	0.10205841064453125
5638906250.0,	0.07735443115234375,	0.10235595703125
5638937500.0,	0.07913589477539062,	0.10267257690429688
5638968750.0,	0.0760955810546875,	0.1038970947265625
5639000000.0,	0.08081817626953125,	0.1031951904296875
5639031250.0,	0.078460693359375,	0.101043701171875
5639062500.0,	0.07849884033203125,	0.10349273681640625
5639093750.0,	0.07585906982421875,	0.10313034057617188
5639125000.0,	0.07890701293945312,	0.10206985473632812
5639156250.0,	0.0775604248046875,	0.10485076904296875
5639187500.0,	0.07930755615234375,	0.10476303100585938
5639218750.0,	0.0804595947265625,	0.101409912109375
5639250000.0,	0.0784149169921875,	0.10099029541015625
5639281250.0,	0.07772064208984375,	0.10352706909179688
5639312500.0,	0.08001327514648438,	0.10153961181640625
5639343750.0,	0.07801055908203125,	0.10288238525390625
5639375000.0,	0.07841110229492188,	0.1029205322265625
5639406250.0,	0.08009719848632812,	0.101715087890625
5639437500.0,	0.08128738403320312,	0.10360336303710938
5639468750.0,	0.08075714111328125,	0.10103225708007812
5639500000.0,	0.07813262939453125,	0.10167312622070312
5639531250.0,	0.08087539672851562,	0.10289382934570312
5639562500.0,	0.08068466186523438,	0.10219955444335938
5639593750.0,	0.08053970336914062,	0.10205459594726562
5639625000.0,	0.08080673217773438,	0.10315322875976562
5639656250.0,	0.08239364624023438,	0.10265731811523438
5639687500.0,	0.0801239013671875,	0.10289382934570312
5639718750.0,	0.08063125610351562,	0.10161209106445312
5639750000.0,	0.07799911499023438,	0.10220718383789062
5639781250.0,	0.07974624633789062,	0.10383224487304688
5639812500.0,	0.07855224609375,	0.10230255126953125
5639843750.0,	0.08094406127929688,	0.10347747802734375
5639875000.0,	0.080780029296875,	0.10395431518554688
5639906250.0,	0.08182907104492188,	0.10434722900390625
5639937500.0,	0.08086395263671875,	0.10196304321289062
5639968750.0,	0.08064651489257812,	0.10236740112304688
5640000000.0,	0.08088302612304688,	0.1014556884765625
5640031250.0,	0.08160018920898438,	0.10552215576171875
5640062500.0,	0.08050537109375,	0.10290145874023438
5640093750.0,	0.07987594604492188,	0.10321426391601562
5640125000.0,	0.08105087280273438,	0.1032257080078125
5640156250.0,	0.0803985595703125,	0.10208511352539062
5640187500.0,	0.08067703247070312,	0.10366439819335938
5640218750.0,	0.08215713500976562,	0.10421371459960938
5640250000.0,	0.08168792724609375,	0.10406494140625
5640281250.0,	0.08180618286132812,	0.1024169921875
5640312500.0,	0.08094024658203125,	0.1022491455078125
5640343750.0,	0.08145904541015625,	0.101226806640625
5640375000.0,	0.08086395263671875,	0.10335159301757812
5640406250.0,	0.08046340942382812,	0.10381317138671875
5640437500.0,	0.08398818969726562,	0.1007537841796875
5640468750.0,	0.08206939697265625,	0.10391998291015625
5640500000.0,	0.082061767578125,	0.103057861328125
5640531250.0,	0.08369827270507812,	0.10288619995117188
5640562500.0,	0.08055877685546875,	0.10313034057617188
5640593750.0,	0.07997894287109375,	0.101959228515625
5640625000.0,	0.08527755737304688,	0.10546875
5640656250.0,	0.08415603637695312,	0.10139083862304688
5640687500.0,	0.082244873046875,	0.10149002075195312
5640718750.0,	0.084716796875,	0.103118896484375
5640750000.0,	0.08229827880859375,	0.10527420043945312
5640781250.0,	0.08227157592773438,	0.1009063720703125
5640812500.0,	0.08190536499023438,	0.1049957275390625
5640843750.0,	0.0801544189453125,	0.10174179077148438
5640875000.0,	0.08124542236328125,	0.10278701782226562
5640906250.0,	0.08370208740234375,	0.10166168212890625
5640937500.0,	0.08401870727539062,	0.10163497924804688
5640968750.0,	0.08182525634765625,	0.10368728637695312
5641000000.0,	0.08313369750976562,	0.10337448120117188
5641031250.0,	0.08234405517578125,	0.10384750366210938
5641062500.0,	0.081634521484375,	0.10174560546875
5641093750.0,	0.08349609375,	0.103790283203125
5641125000.0,	0.08477401733398438,	0.1029815673828125
5641156250.0,	0.08376312255859375,	0.1019287109375
5641187500.0,	0.08348846435546875,	0.10323333740234375
5641218750.0,	0.08385086059570312,	0.1014251708984375
5641250000.0,	0.08092498779296875,	0.1030731201171875
5641281250.0,	0.08369827270507812,	0.1027374267578125
5641312500.0,	0.0804901123046875,	0.10253524780273438
5641343750.0,	0.08176040649414062,	0.103118896484375
5641375000.0,	0.08329010009765625,	0.10245132446289062
5641406250.0,	0.0846710205078125,	0.10263824462890625
5641437500.0,	0.08372879028320312,	0.103271484375
5641468750.0,	0.087188720703125,	0.1019744873046875
5641500000.0,	0.0824432373046875,	0.10277938842773438
5641531250.0,	0.08514404296875,	0.100006103515625
5641562500.0,	0.08163070678710938,	0.10084915161132812
5641593750.0,	0.08300399780273438,	0.100921630859375
5641625000.0,	0.08397293090820312,	0.10313034057617188
5641656250.0,	0.08459091186523438,	0.10393524169921875
5641687500.0,	0.0838165283203125,	0.10234451293945312
5641718750.0,	0.0851287841796875,	0.1036224365234375
5641750000.0,	0.08198165893554688,	0.10290145874023438
5641781250.0,	0.083526611328125,	0.10116195678710938
5641812500.0,	0.0870208740234375,	0.10445404052734375
5641843750.0,	0.08372116088867188,	0.10157394409179688
5641875000.0,	0.08223342895507812,	0.10330963134765625
5641906250.0,	0.08686065673828125,	0.10465621948242188
5641937500.0,	0.08356094360351562,	0.1018524169921875
5641968750.0,	0.08533859252929688,	0.10235214233398438
5642000000.0,	0.0822296142578125,	0.1002655029296875
5642031250.0,	0.08522415161132812,	0.10203170776367188
5642062500.0,	0.0860443115234375,	0.101318359375
5642093750.0,	0.0859527587890625,	0.1027374267578125
5642125000.0,	0.08595657348632812,	0.1006317138671875
5642156250.0,	0.084869384765625,	0.10241317749023438
5642187500.0,	0.08620452880859375,	0.10199737548828125
5642218750.0,	0.08535385131835938,	0.10416412353515625
5642250000.0,	0.0855865478515625,	0.10084915161132812
5642281250.0,	0.08405685424804688,	0.1027069091796875
5642312500.0,	0.08504867553710938,	0.10076904296875
5642343750.0,	0.08643341064453125,	0.10430145263671875
5642375000.0,	0.08612442016601562,	0.1010894775390625
5642406250.0,	0.08736419677734375,	0.10245132446289062
5642437500.0,	0.084136962890625,	0.10349655151367188
5642468750.0,	0.08554458618164062,	0.10364532470703125
5642500000.0,	0.08578109741210938,	0.10192108154296875
5642531250.0,	0.08599472045898438,	0.10399627685546875
5642562500.0,	0.08659744262695312,	0.10189437866210938
5642593750.0,	0.08591842651367188,	0.1025543212890625
5642625000.0,	0.08589553833007812,	0.10371017456054688
5642656250.0,	0.08472824096679688,	0.10116958618164062
5642687500.0,	0.0859375,	0.10160064697265625
5642718750.0,	0.08550643920898438,	0.1015625
5642750000.0,	0.08698272705078125,	0.10282135009765625
5642781250.0,	0.08675765991210938,	0.102783203125
5642812500.0,	0.08677291870117188,	0.10034942626953125
5642843750.0,	0.08569717407226562,	0.10242080688476562
5642875000.0,	0.08656692504882812,	0.103424072265625
5642906250.0,	0.08564376831054688,	0.10294723510742188
5642937500.0,	0.08618545532226562,	0.10235977172851562
5642968750.0,	0.08954238891601562,	0.10323715209960938
5643000000.0,	0.08865737915039062,	0.10082244873046875
5643031250.0,	0.08892059326171875,	0.10091018676757812
5643062500.0,	0.08826446533203125,	0.09893035888671875
5643093750.0,	0.08483123779296875,	0.10196685791015625
5643125000.0,	0.08625411987304688,	0.10211944580078125
5643156250.0,	0.0876617431640625,	0.10248184204101562
5643187500.0,	0.0854339599609375,	0.10128402709960938
5643218750.0,	0.08600997924804688,	0.1021881103515625
5643250000.0,	0.086029052734375,	0.10407638549804688
5643281250.0,	0.08930587768554688,	0.10139083862304688
5643312500.0,	0.08816146850585938,	0.09869766235351562
5643343750.0,	0.0881195068359375,	0.10301589965820312
5643375000.0,	0.0854949951171875,	0.10129547119140625
5643406250.0,	0.08681106567382812,	0.10204696655273438
5643437500.0,	0.08700180053710938,	0.10119247436523438
5643468750.0,	0.08706283569335938,	0.10329818725585938
5643500000.0,	0.09041976928710938,	0.10345077514648438
5643531250.0,	0.08732223510742188,	0.10331344604492188
5643562500.0,	0.08554840087890625,	0.10108566284179688
5643593750.0,	0.08866500854492188,	0.103118896484375
5643625000.0,	0.08725357055664062,	0.10276412963867188
5643656250.0,	0.08563613891601562,	0.10174179077148438
5643687500.0,	0.08596038818359375,	0.10142898559570312
5643718750.0,	0.08707046508789062,	0.10195159912109375
5643750000.0,	0.0870208740234375,	0.10129165649414062
5643781250.0,	0.08963394165039062,	0.10000991821289062
5643812500.0,	0.088348388671875,	0.10192108154296875
5643843750.0,	0.08716583251953125,	0.10211563110351562
5643875000.0,	0.08706283569335938,	0.1001434326171875
5643906250.0,	0.08704376220703125,	0.10139083862304688
5643937500.0,	0.08760833740234375,	0.10012435913085938
5643968750.0,	0.08748245239257812,	0.10195541381835938
5644000000.0,	0.08800888061523438,	0.1009979248046875
5644031250.0,	0.08898162841796875,	0.10040283203125
5644062500.0,	0.08720016479492188,	0.10263442993164062
5644093750.0,	0.08972930908203125,	0.10000991821289062
5644125000.0,	0.08838653564453125,	0.10057449340820312
5644156250.0,	0.0902099609375,	0.10206222534179688
5644187500.0,	0.08757781982421875,	0.10178756713867188
5644218750.0,	0.08776092529296875,	0.10137939453125
5644250000.0,	0.088226318359375,	0.10036087036132812
5644281250.0,	0.08800888061523438,	0.09990692138671875
5644312500.0,	0.08829498291015625,	0.1016082763671875
5644343750.0,	0.088165283203125,	0.10046005249023438
5644375000.0,	0.089080810546875,	0.09971237182617188
5644406250.0,	0.08900833129882812,	0.10175323486328125
5644437500.0,	0.08787155151367188,	0.10108184814453125
5644468750.0,	0.08726882934570312,	0.10272216796875
5644500000.0,	0.0885009765625,	0.1023712158203125
5644531250.0,	0.08895111083984375,	0.1011810302734375
5644562500.0,	0.0895843505859375,	0.10111236572265625
5644593750.0,	0.08940505981445312,	0.101654052734375
5644625000.0,	0.0895233154296875,	0.10155868530273438
5644656250.0,	0.08736419677734375,	0.10036468505859375
5644687500.0,	0.08734512329101562,	0.100982666015625
5644718750.0,	0.08920669555664062,	0.1013031005859375
5644750000.0,	0.090057373046875,	0.1027069091796875
5644781250.0,	0.09035110473632812,	0.1002960205078125
5644812500.0,	0.08795166015625,	0.10132598876953125
5644843750.0,	0.0908050537109375,	0.10311508178710938
5644875000.0,	0.0909423828125,	0.10411834716796875
5644906250.0,	0.08906173706054688,	0.10248947143554688
5644937500.0,	0.08761215209960938,	0.09992599487304688
5644968750.0,	0.0888671875,	0.1014862060546875
5645000000.0,	0.089508056640625,	0.1010894775390625
5645031250.0,	0.088592529296875,	0.09917449951171875
5645062500.0,	0.09008026123046875,	0.10312652587890625
5645093750.0,	0.08930587768554688,	0.10039138793945312
5645125000.0,	0.08832550048828125,	0.10089492797851562
5645156250.0,	0.08803176879882812,	0.10166549682617188
5645187500.0,	0.08926773071289062,	0.10087203979492188
5645218750.0,	0.09151458740234375,	0.10064697265625
5645250000.0,	0.09156036376953125,	0.100341796875
5645281250.0,	0.08971405029296875,	0.10080718994140625
5645312500.0,	0.0894012451171875,	0.10068130493164062
5645343750.0,	0.08785629272460938,	0.10024642944335938
5645375000.0,	0.09075164794921875,	0.10041427612304688
5645406250.0,	0.09215545654296875,	0.10155487060546875
5645437500.0,	0.08795547485351562,	0.099884033203125
5645468750.0,	0.0909423828125,	0.10140609741210938
5645500000.0,	0.09041595458984375,	0.100830078125
5645531250.0,	0.0910797119140625,	0.10020065307617188
5645562500.0,	0.0894012451171875,	0.10020828247070312
5645593750.0,	0.09002685546875,	0.09885406494140625
5645625000.0,	0.09012985229492188,	0.10113143920898438
5645656250.0,	0.09128570556640625,	0.10048675537109375
5645687500.0,	0.09064483642578125,	0.1014862060546875
5645718750.0,	0.08993148803710938,	0.10118865966796875
5645750000.0,	0.09104156494140625,	0.0986785888671875
5645781250.0,	0.08868026733398438,	0.10203170776367188
5645812500.0,	0.08841705322265625,	0.10020828247070312
5645843750.0,	0.08806991577148438,	0.0986328125
5645875000.0,	0.09158706665039062,	0.099700927734375
5645906250.0,	0.09020614624023438,	0.09917449951171875
5645937500.0,	0.09027099609375,	0.0989837646484375
5645968750.0,	0.09157943725585938,	0.09969711303710938
5646000000.0,	0.08990097045898438,	0.09791183471679688
5646031250.0,	0.089385986328125,	0.0989227294921875
5646062500.0,	0.09210968017578125,	0.100311279296875
5646093750.0,	0.08946990966796875,	0.099517822265625
5646125000.0,	0.09114456176757812,	0.10043716430664062
5646156250.0,	0.09122467041015625,	0.09959030151367188
5646187500.0,	0.09135055541992188,	0.09862136840820312
5646218750.0,	0.08935165405273438,	0.10085678100585938
5646250000.0,	0.08916091918945312,	0.0987396240234375
5646281250.0,	0.09156417846679688,	0.09955215454101562
5646312500.0,	0.08926773071289062,	0.09970474243164062
5646343750.0,	0.09046554565429688,	0.10103607177734375
5646375000.0,	0.09093475341796875,	0.10098648071289062
5646406250.0,	0.09039688110351562,	0.10171127319335938
5646437500.0,	0.092620849609375,	0.10018539428710938
5646468750.0,	0.09236907958984375,	0.09939193725585938
5646500000.0,	0.09015655517578125,	0.09923553466796875
5646531250.0,	0.09173202514648438,	0.099884033203125
5646562500.0,	0.0897674560546875,	0.09820938110351562
5646593750.0,	0.09177017211914062,	0.10013198852539062
5646625000.0,	0.09003829956054688,	0.10178756713867188
5646656250.0,	0.09108352661132812,	0.09987640380859375
5646687500.0,	0.09038543701171875,	0.10039520263671875
5646718750.0,	0.09173202514648438,	0.09545516967773438
5646750000.0,	0.09124374389648438,	0.09862136840820312
5646781250.0,	0.09093475341796875,	0.0999755859375
5646812500.0,	0.09224319458007812,	0.09871673583984375
5646843750.0,	0.09202957153320312,	0.09901809692382812
5646875000.0,	0.09106063842773438,	0.09737777709960938
5646906250.0,	0.09434127807617188,	0.0992431640625
5646937500.0,	0.09191513061523438,	0.09737396240234375
5646968750.0,	0.0906524658203125,	0.09832382202148438
5647000000.0,	0.09107208251953125,	0.09872055053710938
5647031250.0,	0.0903778076171875,	0.09987258911132812
5647062500.0,	0.09120941162109375,	0.10100936889648438
5647093750.0,	0.09229278564453125,	0.09995269775390625
5647125000.0,	0.09100341796875,	0.0988006591796875
5647156250.0,	0.091827392578125,	0.09882736206054688
5647187500.0,	0.09284210205078125,	0.098876953125
5647218750.0,	0.09350204467773438,	0.09906387329101562
5647250000.0,	0.09453201293945312,	0.10014724731445312
5647281250.0,	0.09195327758789062,	0.100738525390625
5647312500.0,	0.08953857421875,	0.09930801391601562
5647343750.0,	0.0908660888671875,	0.09765625
5647375000.0,	0.09365081787109375,	0.09793472290039062
5647406250.0,	0.09303665161132812,	0.099700927734375
5647437500.0,	0.09306716918945312,	0.09846115112304688
5647468750.0,	0.09276962280273438,	0.09698867797851562
5647500000.0,	0.09256362915039062,	0.09674072265625
5647531250.0,	0.0936737060546875,	0.09856796264648438
5647562500.0,	0.09327316284179688,	0.10033798217773438
5647593750.0,	0.092132568359375,	0.09687042236328125
5647625000.0,	0.09402847290039062,	0.0973052978515625
5647656250.0,	0.09155654907226562,	0.09853363037109375
5647687500.0,	0.0921173095703125,	0.09643173217773438
5647718750.0,	0.09028244018554688,	0.09926605224609375
5647750000.0,	0.09354019165039062,	0.09796524047851562
5647781250.0,	0.09197616577148438,	0.09775543212890625
5647812500.0,	0.0901336669921875,	0.1004791259765625
5647843750.0,	0.09327316284179688,	0.09710693359375
5647875000.0,	0.0913238525390625,	0.09720611572265625
5647906250.0,	0.0911712646484375,	0.09747695922851562
5647937500.0,	0.09284591674804688,	0.09832763671875
5647968750.0,	0.09255599975585938,	0.09738540649414062
5648000000.0,	0.09215164184570312,	0.09686279296875
5648031250.0,	0.09310531616210938,	0.09814834594726562
5648062500.0,	0.09358978271484375,	0.09762191772460938
5648093750.0,	0.09205245971679688,	0.09845352172851562
5648125000.0,	0.09360885620117188,	0.09820556640625
5648156250.0,	0.09258651733398438,	0.09900665283203125
5648187500.0,	0.09405517578125,	0.09685134887695312
5648218750.0,	0.09231185913085938,	0.09760284423828125
5648250000.0,	0.09458160400390625,	0.09829330444335938
5648281250.0,	0.09343338012695312,	0.09773635864257812
5648312500.0,	0.09337997436523438,	0.09804916381835938
5648343750.0,	0.094329833984375,	0.09710311889648438
5648375000.0,	0.093505859375,	0.098480224609375
5648406250.0,	0.09346771240234375,	0.09554672241210938
5648437500.0,	0.09259033203125,	0.09753036499023438
5648468750.0,	0.0931243896484375,	0.09693527221679688
5648500000.0,	0.09401321411132812,	0.09909820556640625
5648531250.0,	0.09382247924804688,	0.09666824340820312
5648562500.0,	0.0931243896484375,	0.09825897216796875
5648593750.0,	0.09381103515625,	0.09809112548828125
5648625000.0,	0.09368515014648438,	0.09708786010742188
5648656250.0,	0.0939483642578125,	0.09749603271484375
5648687500.0,	0.09413528442382812,	0.09697723388671875
5648718750.0,	0.09341049194335938,	0.09811782836914062
5648750000.0,	0.0925445556640625,	0.09767913818359375
5648781250.0,	0.09394454956054688,	0.09859085083007812
5648812500.0,	0.09322357177734375,	0.09735107421875
5648843750.0,	0.09389877319335938,	0.0975799560546875
5648875000.0,	0.09614181518554688,	0.09966659545898438
5648906250.0,	0.092803955078125,	0.09640121459960938
5648937500.0,	0.09339141845703125,	0.09773635864257812
5648968750.0,	0.09400558471679688,	0.09763717651367188
5649000000.0,	0.09345245361328125,	0.0959320068359375
5649031250.0,	0.09494400024414062,	0.09810256958007812
5649062500.0,	0.0952301025390625,	0.09798812866210938
5649093750.0,	0.0950469970703125,	0.09786605834960938
5649125000.0,	0.0959625244140625,	0.09710311889648438
5649156250.0,	0.0943450927734375,	0.0958099365234375
5649187500.0,	0.09226226806640625,	0.09663772583007812
5649218750.0,	0.09394073486328125,	0.09671401977539062
5649250000.0,	0.09088516235351562,	0.09602737426757812
5649281250.0,	0.09228134155273438,	0.09600067138671875
5649312500.0,	0.09395217895507812,	0.09667205810546875
5649343750.0,	0.09304428100585938,	0.09757614135742188
5649375000.0,	0.09195327758789062,	0.09551620483398438
5649406250.0,	0.09510421752929688,	0.09703826904296875
5649437500.0,	0.0917816162109375,	0.09687042236328125
5649468750.0,	0.09261703491210938,	0.09699630737304688
5649500000.0,	0.09417343139648438,	0.0953216552734375
5649531250.0,	0.09286880493164062,	0.09572982788085938
5649562500.0,	0.094146728515625,	0.09566879272460938
5649593750.0,	0.09295272827148438,	0.0959320068359375
5649625000.0,	0.0950927734375,	0.09730148315429688
5649656250.0,	0.09478378295898438,	0.09696578979492188
5649687500.0,	0.09363937377929688,	0.09664535522460938
5649718750.0,	0.09444046020507812,	0.09619140625
5649750000.0,	0.09482955932617188,	0.09536361694335938
5649781250.0,	0.093505859375,	0.09733963012695312
5649812500.0,	0.09335708618164062,	0.09680938720703125
5649843750.0,	0.09583663940429688,	0.09659194946289062
5649875000.0,	0.09429168701171875,	0.09771728515625
5649906250.0,	0.09149551391601562,	0.09832000732421875
5649937500.0,	0.09347915649414062,	0.09397506713867188
5649968750.0,	0.09442901611328125,	0.09760284423828125
5650000000.0,	0.09524917602539062,	0.09673690795898438
5650031250.0,	0.0934295654296875,	0.09531021118164062
5650062500.0,	0.09347152709960938,	0.09698104858398438
5650093750.0,	0.09239959716796875,	0.09603500366210938
5650125000.0,	0.09294509887695312,	0.0957794189453125
5650156250.0,	0.09383010864257812,	0.09554672241210938
5650187500.0,	0.09417343139648438,	0.095489501953125
5650218750.0,	0.09469223022460938,	0.0960693359375
5650250000.0,	0.09342193603515625,	0.09457778930664062
5650281250.0,	0.09381484985351562,	0.09563446044921875
5650312500.0,	0.09482574462890625,	0.09649276733398438
5650343750.0,	0.09536361694335938,	0.09517288208007812
5650375000.0,	0.093841552734375,	0.09482955932617188
5650406250.0,	0.09382247924804688,	0.09633636474609375
5650437500.0,	0.09492874145507812,	0.09473800659179688
5650468750.0,	0.095062255859375,	0.09497451782226562
5650500000.0,	0.09420013427734375,	0.09606170654296875
5650531250.0,	0.093170166015625,	0.0942230224609375
5650562500.0,	0.09412002563476562,	0.09395217895507812
5650593750.0,	0.094085693359375,	0.09685897827148438
5650625000.0,	0.09424591064453125,	0.09625244140625
5650656250.0,	0.09426498413085938,	0.094635009765625
5650687500.0,	0.09334182739257812,	0.09598541259765625
5650718750.0,	0.09376144409179688,	0.09541702270507812
5650750000.0,	0.09464263916015625,	0.0937042236328125
5650781250.0,	0.09543609619140625,	0.09553909301757812
5650812500.0,	0.09338760375976562,	0.095916748046875
5650843750.0,	0.09465789794921875,	0.0944061279296875
5650875000.0,	0.0948638916015625,	0.09717178344726562
5650906250.0,	0.09362030029296875,	0.09426116943359375
5650937500.0,	0.094390869140625,	0.0953521728515625
5650968750.0,	0.09600830078125,	0.09581375122070312
5651000000.0,	0.09357070922851562,	0.09659194946289062
5651031250.0,	0.09541702270507812,	0.093994140625
5651062500.0,	0.09676361083984375,	0.09607696533203125
5651093750.0,	0.09596633911132812,	0.09446334838867188
5651125000.0,	0.09540939331054688,	0.0946502685546875
5651156250.0,	0.09575271606445312,	0.095458984375
5651187500.0,	0.09290313720703125,	0.09354400634765625
5651218750.0,	0.09437179565429688,	0.09392929077148438
5651250000.0,	0.09639739990234375,	0.09572219848632812
5651281250.0,	0.094451904296875,	0.09334182739257812
5651312500.0,	0.09424972534179688,	0.09396743774414062
5651343750.0,	0.09456253051757812,	0.09359359741210938
5651375000.0,	0.09548568725585938,	0.09424972534179688
5651406250.0,	0.09421539306640625,	0.09537887573242188
5651437500.0,	0.09462356567382812,	0.09222412109375
5651468750.0,	0.09645462036132812,	0.09400177001953125
5651500000.0,	0.094512939453125,	0.09778213500976562
5651531250.0,	0.09347152709960938,	0.09438323974609375
5651562500.0,	0.095733642578125,	0.09531402587890625
5651593750.0,	0.0936279296875,	0.09397125244140625
5651625000.0,	0.09276199340820312,	0.09356689453125
5651656250.0,	0.09609603881835938,	0.0937652587890625
5651687500.0,	0.09275054931640625,	0.09354400634765625
5651718750.0,	0.09696578979492188,	0.095703125
5651750000.0,	0.09361648559570312,	0.09305953979492188
5651781250.0,	0.09719085693359375,	0.09377670288085938
5651812500.0,	0.09357070922851562,	0.09484481811523438
5651843750.0,	0.0935516357421875,	0.09290695190429688
5651875000.0,	0.09517288208007812,	0.09533309936523438
5651906250.0,	0.09644317626953125,	0.0936431884765625
5651937500.0,	0.09419631958007812,	0.09344863891601562
5651968750.0,	0.09430313110351562,	0.09296798706054688
5652000000.0,	0.09337997436523438,	0.09346389770507812
5652031250.0,	0.09557342529296875,	0.09559249877929688
5652062500.0,	0.09268569946289062,	0.09309005737304688
5652093750.0,	0.0973358154296875,	0.09369659423828125
5652125000.0,	0.09506607055664062,	0.09224319458007812
5652156250.0,	0.09386062622070312,	0.09317398071289062
5652187500.0,	0.09601593017578125,	0.09527587890625
5652218750.0,	0.09456634521484375,	0.09439468383789062
5652250000.0,	0.09661102294921875,	0.0914764404296875
5652281250.0,	0.09371566772460938,	0.09259414672851562
5652312500.0,	0.09456634521484375,	0.09429931640625
5652343750.0,	0.0949859619140625,	0.09146499633789062
5652375000.0,	0.09424209594726562,	0.09471511840820312
5652406250.0,	0.09697341918945312,	0.09047317504882812
5652437500.0,	0.094757080078125,	0.09241485595703125
5652468750.0,	0.09564590454101562,	0.09312057495117188
5652500000.0,	0.09421157836914062,	0.09107208251953125
5652531250.0,	0.09493637084960938,	0.09273910522460938
5652562500.0,	0.09612274169921875,	0.09453201293945312
5652593750.0,	0.09599685668945312,	0.09211349487304688
5652625000.0,	0.09348297119140625,	0.09304428100585938
5652656250.0,	0.093994140625,	0.09255218505859375
5652687500.0,	0.09494781494140625,	0.09337997436523438
5652718750.0,	0.09666061401367188,	0.09472274780273438
5652750000.0,	0.09467315673828125,	0.09298324584960938
5652781250.0,	0.0965728759765625,	0.09271240234375
5652812500.0,	0.09351730346679688,	0.09300613403320312
5652843750.0,	0.093841552734375,	0.09135818481445312
5652875000.0,	0.094024658203125,	0.09105682373046875
5652906250.0,	0.09465789794921875,	0.0918121337890625
5652937500.0,	0.09498977661132812,	0.0923614501953125
5652968750.0,	0.0966644287109375,	0.0927581787109375
5653000000.0,	0.09384918212890625,	0.091156005859375
5653031250.0,	0.0937957763671875,	0.09215164184570312
5653062500.0,	0.09427642822265625,	0.09291458129882812
5653093750.0,	0.09511184692382812,	0.09033203125
5653125000.0,	0.09553146362304688,	0.09119415283203125
5653156250.0,	0.0963592529296875,	0.090484619140625
5653187500.0,	0.09301376342773438,	0.09407806396484375
5653218750.0,	0.09473800659179688,	0.092529296875
5653250000.0,	0.09407806396484375,	0.09238052368164062
5653281250.0,	0.09679412841796875,	0.09130859375
5653312500.0,	0.09469985961914062,	0.09287643432617188
5653343750.0,	0.09449386596679688,	0.09244918823242188
5653375000.0,	0.0943450927734375,	0.09077072143554688
5653406250.0,	0.09473037719726562,	0.09301376342773438
5653437500.0,	0.09540939331054688,	0.09237289428710938
5653468750.0,	0.09743499755859375,	0.09016036987304688
5653500000.0,	0.09553146362304688,	0.09407806396484375
5653531250.0,	0.09474563598632812,	0.09254837036132812
5653562500.0,	0.09572219848632812,	0.09238052368164062
5653593750.0,	0.09563446044921875,	0.09257888793945312
5653625000.0,	0.097320556640625,	0.09273529052734375
5653656250.0,	0.09508895874023438,	0.092742919921875
5653687500.0,	0.09597015380859375,	0.09057235717773438
5653718750.0,	0.09360122680664062,	0.09178924560546875
5653750000.0,	0.09406280517578125,	0.0926513671875
5653781250.0,	0.09465789794921875,	0.09143447875976562
5653812500.0,	0.0978546142578125,	0.0928955078125
5653843750.0,	0.0962677001953125,	0.09407806396484375
5653875000.0,	0.09569931030273438,	0.08936309814453125
5653906250.0,	0.0962982177734375,	0.09085845947265625
5653937500.0,	0.09506607055664062,	0.0930938720703125
5653968750.0,	0.09352493286132812,	0.090850830078125
5654000000.0,	0.09771728515625,	0.09070205688476562
5654031250.0,	0.09712600708007812,	0.0908660888671875
5654062500.0,	0.09671783447265625,	0.0910186767578125
5654093750.0,	0.09604263305664062,	0.0923614501953125
5654125000.0,	0.09602737426757812,	0.09294891357421875
5654156250.0,	0.09489059448242188,	0.09228515625
5654187500.0,	0.09444808959960938,	0.09185028076171875
5654218750.0,	0.09440231323242188,	0.09048080444335938
5654250000.0,	0.09450912475585938,	0.09298324584960938
5654281250.0,	0.0964202880859375,	0.09344100952148438
5654312500.0,	0.09643173217773438,	0.09265899658203125
5654343750.0,	0.095367431640625,	0.09186553955078125
5654375000.0,	0.09576416015625,	0.09011077880859375
5654406250.0,	0.09517288208007812,	0.09229660034179688
5654437500.0,	0.09485244750976562,	0.09044265747070312
5654468750.0,	0.09669876098632812,	0.08979415893554688
5654500000.0,	0.09632492065429688,	0.08985519409179688
5654531250.0,	0.0973052978515625,	0.09029388427734375
5654562500.0,	0.09653091430664062,	0.0905609130859375
5654593750.0,	0.09660720825195312,	0.09248733520507812
5654625000.0,	0.09531402587890625,	0.0913543701171875
5654656250.0,	0.09534454345703125,	0.090667724609375
5654687500.0,	0.09460067749023438,	0.09067535400390625
5654718750.0,	0.0951690673828125,	0.0898590087890625
5654750000.0,	0.0958099365234375,	0.09154129028320312
5654781250.0,	0.09733963012695312,	0.09180450439453125
5654812500.0,	0.0963287353515625,	0.089385986328125
5654843750.0,	0.09478378295898438,	0.0914459228515625
5654875000.0,	0.09391021728515625,	0.08943557739257812
5654906250.0,	0.09514617919921875,	0.0900726318359375
5654937500.0,	0.0947723388671875,	0.090240478515625
5654968750.0,	0.09623336791992188,	0.0899810791015625
5655000000.0,	0.09615707397460938,	0.09145355224609375
5655031250.0,	0.09510421752929688,	0.09093475341796875
5655062500.0,	0.09478759765625,	0.08926773071289062
5655093750.0,	0.09516143798828125,	0.0920562744140625
5655125000.0,	0.09659194946289062,	0.09125137329101562
5655156250.0,	0.09326553344726562,	0.0897064208984375
5655187500.0,	0.09395980834960938,	0.08932876586914062
5655218750.0,	0.09620285034179688,	0.0895538330078125
5655250000.0,	0.09539413452148438,	0.08992385864257812
5655281250.0,	0.09588623046875,	0.08961105346679688
5655312500.0,	0.09328460693359375,	0.09011459350585938
5655343750.0,	0.09619522094726562,	0.08914566040039062
5655375000.0,	0.09586334228515625,	0.08971023559570312
5655406250.0,	0.0941009521484375,	0.09076309204101562
5655437500.0,	0.09450531005859375,	0.0878143310546875
5655468750.0,	0.09446334838867188,	0.08981704711914062
5655500000.0,	0.09516525268554688,	0.09077835083007812
5655531250.0,	0.0939178466796875,	0.09079742431640625
5655562500.0,	0.09640121459960938,	0.08963775634765625
5655593750.0,	0.095245361328125,	0.08949661254882812
5655625000.0,	0.0945281982421875,	0.08819580078125
5655656250.0,	0.09685516357421875,	0.09104156494140625
5655687500.0,	0.094512939453125,	0.09137344360351562
5655718750.0,	0.09624862670898438,	0.09040069580078125
5655750000.0,	0.09364700317382812,	0.09012985229492188
5655781250.0,	0.09576034545898438,	0.08913421630859375
5655812500.0,	0.09570693969726562,	0.0890960693359375
5655843750.0,	0.09590911865234375,	0.08740615844726562
5655875000.0,	0.09505081176757812,	0.08942031860351562
5655906250.0,	0.09526443481445312,	0.08997726440429688
5655937500.0,	0.09489059448242188,	0.08978271484375
5655968750.0,	0.09517669677734375,	0.09059524536132812
5656000000.0,	0.09267425537109375,	0.09027099609375
5656031250.0,	0.09514617919921875,	0.09035873413085938
5656062500.0,	0.0948944091796875,	0.08985137939453125
5656093750.0,	0.094970703125,	0.0885772705078125
5656125000.0,	0.095611572265625,	0.08778762817382812
5656156250.0,	0.094451904296875,	0.0904388427734375
5656187500.0,	0.09760665893554688,	0.08745956420898438
5656218750.0,	0.094635009765625,	0.08624649047851562
5656250000.0,	0.09660720825195312,	0.08721542358398438
5656281250.0,	0.09491729736328125,	0.09070587158203125
5656312500.0,	0.09657669067382812,	0.08826446533203125
5656343750.0,	0.09556961059570312,	0.08959197998046875
5656375000.0,	0.092559814453125,	0.09059524536132812
5656406250.0,	0.09627151489257812,	0.0878143310546875
5656437500.0,	0.09420394897460938,	0.08937835693359375
5656468750.0,	0.09415435791015625,	0.08733749389648438
5656500000.0,	0.09533309936523438,	0.08586883544921875
5656531250.0,	0.096038818359375,	0.0874176025390625
5656562500.0,	0.09217453002929688,	0.08906173706054688
5656593750.0,	0.09474945068359375,	0.08919525146484375
5656625000.0,	0.09677505493164062,	0.090087890625
5656656250.0,	0.09599685668945312,	0.09141921997070312
5656687500.0,	0.09476089477539062,	0.08975982666015625
5656718750.0,	0.09553909301757812,	0.09067535400390625
5656750000.0,	0.09592056274414062,	0.0895538330078125
5656781250.0,	0.09749221801757812,	0.08845138549804688
5656812500.0,	0.09595489501953125,	0.08860015869140625
5656843750.0,	0.094207763671875,	0.08900070190429688
5656875000.0,	0.09604644775390625,	0.08876800537109375
5656906250.0,	0.09450149536132812,	0.087677001953125
5656937500.0,	0.09634017944335938,	0.08842086791992188
5656968750.0,	0.09613418579101562,	0.08703231811523438
5657000000.0,	0.09574508666992188,	0.0880126953125
5657031250.0,	0.09439468383789062,	0.0879058837890625
5657062500.0,	0.09466171264648438,	0.08752059936523438
5657093750.0,	0.09318161010742188,	0.08648681640625
5657125000.0,	0.0957489013671875,	0.08845901489257812
5657156250.0,	0.09767532348632812,	0.088623046875
5657187500.0,	0.09496307373046875,	0.08794021606445312
5657218750.0,	0.09457015991210938,	0.08894729614257812
5657250000.0,	0.09630966186523438,	0.088226318359375
5657281250.0,	0.09636688232421875,	0.08728790283203125
5657312500.0,	0.09296417236328125,	0.08762359619140625
5657343750.0,	0.09490966796875,	0.08863067626953125
5657375000.0,	0.09478759765625,	0.08923721313476562
5657406250.0,	0.09470748901367188,	0.08750152587890625
5657437500.0,	0.09407424926757812,	0.08845901489257812
5657468750.0,	0.09651565551757812,	0.08860015869140625
5657500000.0,	0.098846435546875,	0.08887863159179688
5657531250.0,	0.09478378295898438,	0.08721542358398438
5657562500.0,	0.09654617309570312,	0.0882568359375
5657593750.0,	0.09540176391601562,	0.08733749389648438
5657625000.0,	0.09566116333007812,	0.08594894409179688
5657656250.0,	0.09489822387695312,	0.084136962890625
5657687500.0,	0.09573745727539062,	0.08773040771484375
5657718750.0,	0.0968017578125,	0.08802413940429688
5657750000.0,	0.09459686279296875,	0.08809661865234375
5657781250.0,	0.09539794921875,	0.08665847778320312
5657812500.0,	0.09760284423828125,	0.08635330200195312
5657843750.0,	0.09576797485351562,	0.08636093139648438
5657875000.0,	0.094970703125,	0.08713531494140625
5657906250.0,	0.09576034545898438,	0.08782196044921875
5657937500.0,	0.09469985961914062,	0.08771896362304688
5657968750.0,	0.09447097778320312,	0.08731460571289062
5658000000.0,	0.09440231323242188,	0.08658981323242188
5658031250.0,	0.09490966796875,	0.08600234985351562
5658062500.0,	0.0979461669921875,	0.08617782592773438
5658093750.0,	0.09400558471679688,	0.08702468872070312
5658125000.0,	0.09666824340820312,	0.08729171752929688
5658156250.0,	0.09559249877929688,	0.08584213256835938
5658187500.0,	0.09444427490234375,	0.086456298828125
5658218750.0,	0.09576034545898438,	0.08598709106445312
5658250000.0,	0.09840011596679688,	0.084930419921875
5658281250.0,	0.09535980224609375,	0.08594894409179688
5658312500.0,	0.0966644287109375,	0.0859527587890625
5658343750.0,	0.09554672241210938,	0.08552932739257812
5658375000.0,	0.09552764892578125,	0.08963775634765625
5658406250.0,	0.09634780883789062,	0.08702468872070312
5658437500.0,	0.09416580200195312,	0.0846710205078125
5658468750.0,	0.0959320068359375,	0.087432861328125
5658500000.0,	0.095123291015625,	0.08732223510742188
5658531250.0,	0.09354782104492188,	0.0877532958984375
5658562500.0,	0.09447097778320312,	0.08718490600585938
5658593750.0,	0.0952301025390625,	0.08892822265625
5658625000.0,	0.09607315063476562,	0.08791732788085938
5658656250.0,	0.09375,	0.08525466918945312
5658687500.0,	0.09474563598632812,	0.0850677490234375
5658718750.0,	0.0969085693359375,	0.08538436889648438
5658750000.0,	0.09462738037109375,	0.08739471435546875
5658781250.0,	0.09740066528320312,	0.08520126342773438
5658812500.0,	0.09608840942382812,	0.087188720703125
5658843750.0,	0.09349822998046875,	0.08573150634765625
5658875000.0,	0.09472274780273438,	0.08423995971679688
5658906250.0,	0.09572601318359375,	0.0843963623046875
5658937500.0,	0.09550094604492188,	0.08793258666992188
5658968750.0,	0.09383392333984375,	0.0854949951171875
5659000000.0,	0.09450912475585938,	0.0883636474609375
5659031250.0,	0.0970611572265625,	0.08729171752929688
5659062500.0,	0.092559814453125,	0.08583831787109375
5659093750.0,	0.09523773193359375,	0.08473587036132812
5659125000.0,	0.093017578125,	0.08460617065429688
5659156250.0,	0.09413909912109375,	0.08658981323242188
5659187500.0,	0.09351730346679688,	0.08401107788085938
5659218750.0,	0.09289169311523438,	0.084564208984375
5659250000.0,	0.09504318237304688,	0.0850982666015625
5659281250.0,	0.0940399169921875,	0.08674240112304688
5659312500.0,	0.09460830688476562,	0.08383560180664062
5659343750.0,	0.09648513793945312,	0.08547210693359375
5659375000.0,	0.09544754028320312,	0.08574295043945312
5659406250.0,	0.09543991088867188,	0.08557510375976562
5659437500.0,	0.09366989135742188,	0.08511734008789062
5659468750.0,	0.09302139282226562,	0.08795547485351562
5659500000.0,	0.094482421875,	0.0865020751953125
5659531250.0,	0.09541702270507812,	0.08738327026367188
5659562500.0,	0.09320068359375,	0.0843048095703125
5659593750.0,	0.0952911376953125,	0.08626937866210938
5659625000.0,	0.09479904174804688,	0.085723876953125
5659656250.0,	0.09508514404296875,	0.08662033081054688
5659687500.0,	0.09424972534179688,	0.08572006225585938
5659718750.0,	0.09323883056640625,	0.085113525390625
5659750000.0,	0.09336471557617188,	0.08591842651367188
5659781250.0,	0.09366226196289062,	0.0851898193359375
5659812500.0,	0.09531402587890625,	0.086151123046875
5659843750.0,	0.09399795532226562,	0.085113525390625
5659875000.0,	0.09325027465820312,	0.08906173706054688
5659906250.0,	0.0943756103515625,	0.08568572998046875
5659937500.0,	0.09505462646484375,	0.08374404907226562
5659968750.0,	0.09558868408203125,	0.0842742919921875
5660000000.0,	0.09578323364257812,	0.08597564697265625
