5865008125.0,	0.11665725708007812,	0.08550643920898438
5865016250.0,	0.116790771484375,	0.0856781005859375
5865024375.0,	0.11900711059570312,	0.08484268188476562
5865032500.0,	0.1183624267578125,	0.085205078125
5865040625.0,	0.12054443359375,	0.08523941040039062
5865048750.0,	0.119049072265625,	0.08678817749023438
5865056875.0,	0.12007904052734375,	0.08388900756835938
5865065000.0,	0.11807632446289062,	0.085968017578125
5865073125.0,	0.11773300170898438,	0.08506011962890625
5865081250.0,	0.11898422241210938,	0.08460617065429688
5865089375.0,	0.12008285522460938,	0.08545684814453125
5865097500.0,	0.11875152587890625,	0.086212158203125
5865105625.0,	0.11919403076171875,	0.08470916748046875
5865113750.0,	0.11644744873046875,	0.08606338500976562
5865121875.0,	0.11815261840820312,	0.08502960205078125
5865130000.0,	0.11893463134765625,	0.08423233032226562
5865138125.0,	0.11896514892578125,	0.08464813232421875
5865146250.0,	0.11759185791015625,	0.08475112915039062
5865154375.0,	0.11628341674804688,	0.08498764038085938
5865162500.0,	0.12010574340820312,	0.0826873779296875
5865170625.0,	0.12026214599609375,	0.08477401733398438
5865178750.0,	0.11923599243164062,	0.0855560302734375
5865186875.0,	0.12054824829101562,	0.0860137939453125
5865195000.0,	0.11924362182617188,	0.085235595703125
5865203125.0,	0.12010574340820312,	0.085174560546875
5865211250.0,	0.1200714111328125,	0.08338165283203125
5865219375.0,	0.12059783935546875,	0.08382034301757812
5865227500.0,	0.11776351928710938,	0.0849609375
5865235625.0,	0.11897659301757812,	0.08513641357421875
5865243750.0,	0.11874771118164062,	0.08501434326171875
5865251875.0,	0.12102127075195312,	0.08506393432617188
5865260000.0,	0.11954879760742188,	0.086090087890625
5865268125.0,	0.11971282958984375,	0.0837554931640625
5865276250.0,	0.120849609375,	0.08368301391601562
5865284375.0,	0.11883926391601562,	0.08445358276367188
5865292500.0,	0.11797332763671875,	0.08514785766601562
5865300625.0,	0.11966705322265625,	0.08327102661132812
5865308750.0,	0.1211395263671875,	0.08515548706054688
5865316875.0,	0.1196441650390625,	0.08444976806640625
5865325000.0,	0.12210464477539062,	0.0834808349609375
5865333125.0,	0.12031936645507812,	0.08351898193359375
5865341250.0,	0.11847305297851562,	0.08402252197265625
5865349375.0,	0.11966705322265625,	0.0829010009765625
5865357500.0,	0.12201309204101562,	0.08375930786132812
5865365625.0,	0.11930465698242188,	0.08502197265625
5865373750.0,	0.12194061279296875,	0.08311843872070312
5865381875.0,	0.1200408935546875,	0.08174514770507812
5865390000.0,	0.119384765625,	0.0840606689453125
5865398125.0,	0.12119674682617188,	0.08220672607421875
5865406250.0,	0.12035751342773438,	0.08283615112304688
5865414375.0,	0.11940383911132812,	0.08392715454101562
5865422500.0,	0.11960220336914062,	0.08362579345703125
5865430625.0,	0.12038803100585938,	0.08301925659179688
5865438750.0,	0.12072372436523438,	0.08289337158203125
5865446875.0,	0.12030029296875,	0.08245849609375
5865455000.0,	0.12060546875,	0.0829315185546875
5865463125.0,	0.120758056640625,	0.0819244384765625
5865471250.0,	0.12018585205078125,	0.08231735229492188
5865479375.0,	0.12054824829101562,	0.08291244506835938
5865487500.0,	0.12108230590820312,	0.0839996337890625
5865495625.0,	0.12218856811523438,	0.08249282836914062
5865503750.0,	0.12040328979492188,	0.08230972290039062
5865511875.0,	0.12311172485351562,	0.0810546875
5865520000.0,	0.12080001831054688,	0.081024169921875
5865528125.0,	0.12039566040039062,	0.08146286010742188
5865536250.0,	0.12196731567382812,	0.08292388916015625
5865544375.0,	0.12216949462890625,	0.0813751220703125
5865552500.0,	0.12382888793945312,	0.07901382446289062
5865560625.0,	0.120361328125,	0.08238601684570312
5865568750.0,	0.12179183959960938,	0.08135223388671875
5865576875.0,	0.12068557739257812,	0.07992172241210938
5865585000.0,	0.12041473388671875,	0.08401870727539062
5865593125.0,	0.12263107299804688,	0.08166122436523438
5865601250.0,	0.12208938598632812,	0.08138656616210938
5865609375.0,	0.121734619140625,	0.08118438720703125
5865617500.0,	0.12376785278320312,	0.08044052124023438
5865625625.0,	0.12157440185546875,	0.0843658447265625
5865633750.0,	0.12143325805664062,	0.079986572265625
5865641875.0,	0.12133407592773438,	0.07945632934570312
5865650000.0,	0.12182998657226562,	0.08215713500976562
5865658125.0,	0.1226959228515625,	0.08148574829101562
5865666250.0,	0.120941162109375,	0.08359146118164062
5865674375.0,	0.121307373046875,	0.08047866821289062
5865682500.0,	0.1227874755859375,	0.08056259155273438
5865690625.0,	0.12154388427734375,	0.08076095581054688
5865698750.0,	0.12366104125976562,	0.07966232299804688
5865706875.0,	0.12340545654296875,	0.078582763671875
5865715000.0,	0.12290573120117188,	0.08237075805664062
5865723125.0,	0.12188720703125,	0.0816802978515625
5865731250.0,	0.12358474731445312,	0.07833480834960938
5865739375.0,	0.122589111328125,	0.07944869995117188
5865747500.0,	0.12325668334960938,	0.08119583129882812
5865755625.0,	0.12128448486328125,	0.07965469360351562
5865763750.0,	0.12274932861328125,	0.07964324951171875
5865771875.0,	0.12152481079101562,	0.07960891723632812
5865780000.0,	0.1239471435546875,	0.0799560546875
5865788125.0,	0.12378692626953125,	0.07995223999023438
5865796250.0,	0.1228179931640625,	0.07979583740234375
5865804375.0,	0.124053955078125,	0.07953262329101562
5865812500.0,	0.12347412109375,	0.08095550537109375
5865820625.0,	0.12187576293945312,	0.08041763305664062
5865828750.0,	0.12439346313476562,	0.07750701904296875
5865836875.0,	0.121063232421875,	0.08109664916992188
5865845000.0,	0.1241607666015625,	0.0792083740234375
5865853125.0,	0.12347030639648438,	0.0778350830078125
5865861250.0,	0.12413406372070312,	0.07829666137695312
5865869375.0,	0.12371444702148438,	0.07851791381835938
5865877500.0,	0.126220703125,	0.07564544677734375
5865885625.0,	0.12349319458007812,	0.07901382446289062
5865893750.0,	0.12302017211914062,	0.07958221435546875
5865901875.0,	0.12360000610351562,	0.07843017578125
5865910000.0,	0.12475204467773438,	0.07992172241210938
5865918125.0,	0.12518310546875,	0.0787353515625
5865926250.0,	0.1247711181640625,	0.07854843139648438
5865934375.0,	0.12434005737304688,	0.07751083374023438
5865942500.0,	0.125335693359375,	0.080078125
5865950625.0,	0.1255340576171875,	0.078277587890625
5865958750.0,	0.12445068359375,	0.07831573486328125
5865966875.0,	0.12306594848632812,	0.07793807983398438
5865975000.0,	0.12723541259765625,	0.07862091064453125
5865983125.0,	0.127044677734375,	0.07866668701171875
5865991250.0,	0.12604522705078125,	0.07843780517578125
5865999375.0,	0.1249237060546875,	0.07863998413085938
5866007500.0,	0.12401199340820312,	0.07885360717773438
5866015625.0,	0.12292098999023438,	0.07791900634765625
5866023750.0,	0.1253509521484375,	0.0775299072265625
5866031875.0,	0.12364959716796875,	0.07793807983398438
5866040000.0,	0.12540435791015625,	0.07857513427734375
5866048125.0,	0.125885009765625,	0.07947540283203125
5866056250.0,	0.12542724609375,	0.07787322998046875
5866064375.0,	0.12506866455078125,	0.07712554931640625
5866072500.0,	0.12457656860351562,	0.07899093627929688
5866080625.0,	0.126007080078125,	0.07859039306640625
5866088750.0,	0.12438201904296875,	0.074951171875
5866096875.0,	0.12641143798828125,	0.07598114013671875
5866105000.0,	0.12440109252929688,	0.07735061645507812
5866113125.0,	0.1271514892578125,	0.074981689453125
5866121250.0,	0.1252593994140625,	0.07552337646484375
5866129375.0,	0.12358856201171875,	0.0771484375
5866137500.0,	0.12560272216796875,	0.076507568359375
5866145625.0,	0.125518798828125,	0.07762908935546875
5866153750.0,	0.125518798828125,	0.07637786865234375
5866161875.0,	0.125701904296875,	0.07715606689453125
5866170000.0,	0.12443923950195312,	0.07689285278320312
5866178125.0,	0.12430572509765625,	0.07509231567382812
5866186250.0,	0.12570953369140625,	0.0760955810546875
5866194375.0,	0.12569427490234375,	0.0745849609375
5866202500.0,	0.125518798828125,	0.0749664306640625
5866210625.0,	0.1270904541015625,	0.0740509033203125
5866218750.0,	0.12484359741210938,	0.07387161254882812
5866226875.0,	0.126495361328125,	0.0753936767578125
5866235000.0,	0.1265869140625,	0.075225830078125
5866243125.0,	0.12689208984375,	0.07582855224609375
5866251250.0,	0.12650299072265625,	0.073577880859375
5866259375.0,	0.127288818359375,	0.07300567626953125
5866267500.0,	0.1275787353515625,	0.07465362548828125
5866275625.0,	0.12583160400390625,	0.07335662841796875
5866283750.0,	0.12523651123046875,	0.07442474365234375
5866291875.0,	0.1269683837890625,	0.07390594482421875
5866300000.0,	0.12774658203125,	0.07318878173828125
5866308125.0,	0.12694549560546875,	0.074676513671875
5866316250.0,	0.12709808349609375,	0.07407379150390625
5866324375.0,	0.12726593017578125,	0.07353973388671875
5866332500.0,	0.1275787353515625,	0.0765228271484375
5866340625.0,	0.1273651123046875,	0.07511138916015625
5866348750.0,	0.12616729736328125,	0.07195281982421875
5866356875.0,	0.12808990478515625,	0.07192230224609375
5866365000.0,	0.127838134765625,	0.0750274658203125
5866373125.0,	0.1286773681640625,	0.0733642578125
5866381250.0,	0.12602996826171875,	0.0725250244140625
5866389375.0,	0.1290740966796875,	0.0740814208984375
5866397500.0,	0.12778472900390625,	0.07097625732421875
5866405625.0,	0.12682342529296875,	0.0731964111328125
5866413750.0,	0.12847137451171875,	0.071380615234375
5866421875.0,	0.13014984130859375,	0.0705718994140625
5866430000.0,	0.1297454833984375,	0.0721893310546875
5866438125.0,	0.1284027099609375,	0.07022857666015625
5866446250.0,	0.12665557861328125,	0.071807861328125
5866454375.0,	0.12929534912109375,	0.0722503662109375
5866462500.0,	0.12804412841796875,	0.072784423828125
5866470625.0,	0.12682342529296875,	0.071533203125
5866478750.0,	0.12966156005859375,	0.07239532470703125
5866486875.0,	0.12774658203125,	0.0720672607421875
5866495000.0,	0.1271820068359375,	0.07167816162109375
5866503125.0,	0.1287689208984375,	0.07080841064453125
5866511250.0,	0.12596893310546875,	0.0697784423828125
5866519375.0,	0.1268157958984375,	0.0722503662109375
5866527500.0,	0.1285552978515625,	0.07169342041015625
5866535625.0,	0.130157470703125,	0.070068359375
5866543750.0,	0.1291351318359375,	0.07071685791015625
5866551875.0,	0.12999725341796875,	0.06964874267578125
5866560000.0,	0.12834930419921875,	0.07299041748046875
5866568125.0,	0.12825775146484375,	0.07080078125
5866576250.0,	0.129425048828125,	0.06993865966796875
5866584375.0,	0.12978363037109375,	0.06983184814453125
5866592500.0,	0.13010406494140625,	0.0709686279296875
5866600625.0,	0.130035400390625,	0.0704193115234375
5866608750.0,	0.12969970703125,	0.06851959228515625
5866616875.0,	0.1293792724609375,	0.0703887939453125
5866625000.0,	0.13027191162109375,	0.06927490234375
5866633125.0,	0.1292724609375,	0.06829833984375
5866641250.0,	0.12847137451171875,	0.07025146484375
5866649375.0,	0.130157470703125,	0.06899261474609375
5866657500.0,	0.12876129150390625,	0.06781005859375
5866665625.0,	0.1316070556640625,	0.06829071044921875
5866673750.0,	0.12932586669921875,	0.06696319580078125
5866681875.0,	0.12796783447265625,	0.06702423095703125
5866690000.0,	0.12984466552734375,	0.069915771484375
5866698125.0,	0.12944793701171875,	0.0696868896484375
5866706250.0,	0.1300201416015625,	0.065032958984375
5866714375.0,	0.13095855712890625,	0.06916046142578125
5866722500.0,	0.13195037841796875,	0.06873321533203125
5866730625.0,	0.1282501220703125,	0.067169189453125
5866738750.0,	0.1295013427734375,	0.06768035888671875
5866746875.0,	0.12890625,	0.0664520263671875
5866755000.0,	0.13013458251953125,	0.06728363037109375
5866763125.0,	0.12972259521484375,	0.06803131103515625
5866771250.0,	0.13060760498046875,	0.0661773681640625
5866779375.0,	0.13182830810546875,	0.066650390625
5866787500.0,	0.1300811767578125,	0.0670928955078125
5866795625.0,	0.13104248046875,	0.06554412841796875
5866803750.0,	0.13170623779296875,	0.06621551513671875
5866811875.0,	0.13364410400390625,	0.0650787353515625
5866820000.0,	0.1332244873046875,	0.0671539306640625
5866828125.0,	0.13243865966796875,	0.06571197509765625
5866836250.0,	0.1321563720703125,	0.064208984375
5866844375.0,	0.1329193115234375,	0.0643157958984375
5866852500.0,	0.12961578369140625,	0.06473541259765625
5866860625.0,	0.13048553466796875,	0.06298065185546875
5866868750.0,	0.13177490234375,	0.064483642578125
5866876875.0,	0.1324005126953125,	0.06305694580078125
5866885000.0,	0.12989044189453125,	0.06688690185546875
5866893125.0,	0.1326446533203125,	0.06627655029296875
5866901250.0,	0.1317138671875,	0.064300537109375
5866909375.0,	0.13238525390625,	0.0637969970703125
5866917500.0,	0.1308441162109375,	0.06451416015625
5866925625.0,	0.1317901611328125,	0.06458282470703125
5866933750.0,	0.13132476806640625,	0.0632171630859375
5866941875.0,	0.13185882568359375,	0.0643157958984375
5866950000.0,	0.13106536865234375,	0.0614471435546875
5866958125.0,	0.13275146484375,	0.06159210205078125
5866966250.0,	0.1318206787109375,	0.06400299072265625
5866974375.0,	0.13353729248046875,	0.0645294189453125
5866982500.0,	0.1324005126953125,	0.0624542236328125
5866990625.0,	0.13228607177734375,	0.06219482421875
5866998750.0,	0.13251495361328125,	0.0620880126953125
5867006875.0,	0.1320037841796875,	0.062652587890625
5867015000.0,	0.13292694091796875,	0.06153106689453125
5867023125.0,	0.13489532470703125,	0.06079864501953125
5867031250.0,	0.13362884521484375,	0.06211090087890625
5867039375.0,	0.13361358642578125,	0.061737060546875
5867047500.0,	0.1337127685546875,	0.06104278564453125
5867055625.0,	0.13263702392578125,	0.0619049072265625
5867063750.0,	0.13207244873046875,	0.05951690673828125
5867071875.0,	0.1325531005859375,	0.06240081787109375
5867080000.0,	0.13138580322265625,	0.06097412109375
5867088125.0,	0.13234710693359375,	0.05998992919921875
5867096250.0,	0.13219451904296875,	0.060577392578125
5867104375.0,	0.13327789306640625,	0.05828857421875
5867112500.0,	0.13365936279296875,	0.0590667724609375
5867120625.0,	0.13375091552734375,	0.05843353271484375
5867128750.0,	0.13376617431640625,	0.06005859375
5867136875.0,	0.13338470458984375,	0.05858612060546875
5867145000.0,	0.13153076171875,	0.0600738525390625
5867153125.0,	0.13346099853515625,	0.05811309814453125
5867161250.0,	0.13507843017578125,	0.058135986328125
5867169375.0,	0.1341400146484375,	0.0589141845703125
5867177500.0,	0.13376617431640625,	0.05741119384765625
5867185625.0,	0.13359832763671875,	0.06000518798828125
5867193750.0,	0.1340789794921875,	0.05902099609375
5867201875.0,	0.134033203125,	0.0582427978515625
5867210000.0,	0.1335906982421875,	0.05733489990234375
5867218125.0,	0.13268280029296875,	0.05696868896484375
5867226250.0,	0.13437652587890625,	0.05710601806640625
5867234375.0,	0.13277435302734375,	0.0571136474609375
5867242500.0,	0.13330078125,	0.0579376220703125
5867250625.0,	0.134552001953125,	0.05584716796875
5867258750.0,	0.13323211669921875,	0.05651092529296875
5867266875.0,	0.134185791015625,	0.0561065673828125
5867275000.0,	0.1336517333984375,	0.05605316162109375
5867283125.0,	0.133636474609375,	0.05648040771484375
5867291250.0,	0.13385009765625,	0.05522918701171875
5867299375.0,	0.134063720703125,	0.05568695068359375
5867307500.0,	0.13533782958984375,	0.0543975830078125
5867315625.0,	0.13414764404296875,	0.055450439453125
5867323750.0,	0.13381195068359375,	0.05310821533203125
5867331875.0,	0.13427734375,	0.0571441650390625
5867340000.0,	0.133697509765625,	0.05429840087890625
5867348125.0,	0.13765716552734375,	0.05471038818359375
5867356250.0,	0.1347503662109375,	0.055328369140625
5867364375.0,	0.13327789306640625,	0.05466461181640625
5867372500.0,	0.133514404296875,	0.05287933349609375
5867380625.0,	0.1339263916015625,	0.0539703369140625
5867388750.0,	0.13686370849609375,	0.05231475830078125
5867396875.0,	0.13446807861328125,	0.050872802734375
5867405000.0,	0.1354217529296875,	0.0526275634765625
5867413125.0,	0.13623046875,	0.05268096923828125
5867421250.0,	0.1357574462890625,	0.05364990234375
5867429375.0,	0.13372039794921875,	0.05353546142578125
5867437500.0,	0.13481903076171875,	0.0528717041015625
5867445625.0,	0.13524627685546875,	0.04996490478515625
5867453750.0,	0.13600921630859375,	0.05187225341796875
5867461875.0,	0.13604736328125,	0.0498199462890625
5867470000.0,	0.13527679443359375,	0.048736572265625
5867478125.0,	0.1374664306640625,	0.05052947998046875
5867486250.0,	0.13481903076171875,	0.04897308349609375
5867494375.0,	0.1366119384765625,	0.05094146728515625
5867502500.0,	0.13484954833984375,	0.05019378662109375
5867510625.0,	0.1355743408203125,	0.04935455322265625
5867518750.0,	0.13593292236328125,	0.04727935791015625
5867526875.0,	0.13596343994140625,	0.04756927490234375
5867535000.0,	0.13599395751953125,	0.04694366455078125
5867543125.0,	0.1331787109375,	0.0478057861328125
5867551250.0,	0.13536834716796875,	0.04906463623046875
5867559375.0,	0.13391876220703125,	0.04894256591796875
5867567500.0,	0.135833740234375,	0.0474853515625
5867575625.0,	0.13581085205078125,	0.04792022705078125
5867583750.0,	0.13545989990234375,	0.04627227783203125
5867591875.0,	0.137542724609375,	0.046539306640625
5867600000.0,	0.1363677978515625,	0.0453033447265625
5867608125.0,	0.137176513671875,	0.04460906982421875
5867616250.0,	0.13555908203125,	0.046234130859375
5867624375.0,	0.1341552734375,	0.0453033447265625
5867632500.0,	0.13543701171875,	0.0460357666015625
5867640625.0,	0.1367645263671875,	0.04476165771484375
5867648750.0,	0.136444091796875,	0.04615020751953125
5867656875.0,	0.1367950439453125,	0.043548583984375
5867665000.0,	0.13581085205078125,	0.04312896728515625
5867673125.0,	0.135528564453125,	0.04534912109375
5867681250.0,	0.1355133056640625,	0.041961669921875
5867689375.0,	0.13661956787109375,	0.042938232421875
5867697500.0,	0.13707733154296875,	0.0440673828125
5867705625.0,	0.139007568359375,	0.04380035400390625
5867713750.0,	0.1362152099609375,	0.04418182373046875
5867721875.0,	0.13616180419921875,	0.04141998291015625
5867730000.0,	0.13776397705078125,	0.042724609375
5867738125.0,	0.1358642578125,	0.04045867919921875
5867746250.0,	0.13596343994140625,	0.04276275634765625
5867754375.0,	0.13775634765625,	0.0431671142578125
5867762500.0,	0.13549041748046875,	0.04077911376953125
5867770625.0,	0.13687896728515625,	0.0414581298828125
5867778750.0,	0.13739776611328125,	0.04013824462890625
5867786875.0,	0.1370086669921875,	0.0426177978515625
5867795000.0,	0.13622283935546875,	0.0395050048828125
5867803125.0,	0.13665771484375,	0.03980255126953125
5867811250.0,	0.1356048583984375,	0.0384979248046875
5867819375.0,	0.138763427734375,	0.039337158203125
5867827500.0,	0.13594818115234375,	0.04076385498046875
5867835625.0,	0.13413238525390625,	0.03658294677734375
5867843750.0,	0.1364593505859375,	0.03820037841796875
5867851875.0,	0.1356964111328125,	0.04094696044921875
5867860000.0,	0.13629150390625,	0.036346435546875
5867868125.0,	0.13576507568359375,	0.036102294921875
5867876250.0,	0.13651275634765625,	0.03448486328125
5867884375.0,	0.13796234130859375,	0.03607940673828125
5867892500.0,	0.1361236572265625,	0.035552978515625
5867900625.0,	0.13381195068359375,	0.03478240966796875
5867908750.0,	0.13582611083984375,	0.0363006591796875
5867916875.0,	0.1356658935546875,	0.03562164306640625
5867925000.0,	0.1343536376953125,	0.03371429443359375
5867933125.0,	0.13311767578125,	0.0322113037109375
5867941250.0,	0.13526153564453125,	0.034088134765625
5867949375.0,	0.13677978515625,	0.032989501953125
5867957500.0,	0.13623809814453125,	0.03371429443359375
5867965625.0,	0.13713836669921875,	0.03311920166015625
5867973750.0,	0.13692474365234375,	0.03456878662109375
5867981875.0,	0.13506317138671875,	0.02989959716796875
5867990000.0,	0.13629913330078125,	0.03408050537109375
5867998125.0,	0.13820648193359375,	0.03101348876953125
5868006250.0,	0.13465118408203125,	0.03118896484375
5868014375.0,	0.1365203857421875,	0.02893829345703125
5868022500.0,	0.13417816162109375,	0.0308990478515625
5868030625.0,	0.134185791015625,	0.03160858154296875
5868038750.0,	0.1353302001953125,	0.03096771240234375
5868046875.0,	0.13484954833984375,	0.03192138671875
5868055000.0,	0.13512420654296875,	0.0292510986328125
5868063125.0,	0.135498046875,	0.03035736083984375
5868071250.0,	0.134857177734375,	0.0294952392578125
5868079375.0,	0.13421630859375,	0.02838134765625
5868087500.0,	0.13529205322265625,	0.02945709228515625
5868095625.0,	0.13390350341796875,	0.02811431884765625
5868103750.0,	0.13581085205078125,	0.02637481689453125
5868111875.0,	0.1356353759765625,	0.0272216796875
5868120000.0,	0.1359100341796875,	0.02806854248046875
5868128125.0,	0.1361846923828125,	0.02703094482421875
5868136250.0,	0.13416290283203125,	0.0277099609375
5868144375.0,	0.13364410400390625,	0.02553558349609375
5868152500.0,	0.13597869873046875,	0.0254669189453125
5868160625.0,	0.13410186767578125,	0.0226287841796875
5868168750.0,	0.134490966796875,	0.023193359375
5868176875.0,	0.13525390625,	0.02321624755859375
5868185000.0,	0.13367462158203125,	0.02448272705078125
5868193125.0,	0.13535308837890625,	0.02431488037109375
5868201250.0,	0.13375091552734375,	0.02246856689453125
5868209375.0,	0.135101318359375,	0.02152252197265625
5868217500.0,	0.1345672607421875,	0.0248260498046875
5868225625.0,	0.13469696044921875,	0.02252197265625
5868233750.0,	0.13300323486328125,	0.01983642578125
5868241875.0,	0.1327362060546875,	0.0208740234375
5868250000.0,	0.13346099853515625,	0.02150726318359375
5868258125.0,	0.13187408447265625,	0.01987457275390625
5868266250.0,	0.1342315673828125,	0.02040863037109375
5868274375.0,	0.13121795654296875,	0.01806640625
5868282500.0,	0.132171630859375,	0.0186767578125
5868290625.0,	0.13491058349609375,	0.0190887451171875
5868298750.0,	0.13350677490234375,	0.01723480224609375
5868306875.0,	0.13304901123046875,	0.017425537109375
5868315000.0,	0.12918853759765625,	0.01914215087890625
5868323125.0,	0.13246917724609375,	0.0182952880859375
5868331250.0,	0.130859375,	0.01471710205078125
5868339375.0,	0.13016510009765625,	0.0151824951171875
5868347500.0,	0.13195037841796875,	0.0179595947265625
5868355625.0,	0.1313018798828125,	0.01447296142578125
5868363750.0,	0.131500244140625,	0.01625823974609375
5868371875.0,	0.13169097900390625,	0.01412200927734375
5868380000.0,	0.13045501708984375,	0.011566162109375
5868388125.0,	0.130035400390625,	0.0143280029296875
5868396250.0,	0.1300811767578125,	0.0164642333984375
5868404375.0,	0.13039398193359375,	0.01153564453125
5868412500.0,	0.13153839111328125,	0.012725830078125
5868420625.0,	0.1301727294921875,	0.01229095458984375
5868428750.0,	0.12870025634765625,	0.01287841796875
5868436875.0,	0.13076019287109375,	0.0130615234375
5868445000.0,	0.13262176513671875,	0.01239776611328125
5868453125.0,	0.1289825439453125,	0.01052093505859375
5868461250.0,	0.12872314453125,	0.01094818115234375
5868469375.0,	0.12863922119140625,	0.0103912353515625
5868477500.0,	0.12886810302734375,	0.01134490966796875
5868485625.0,	0.12975311279296875,	0.0067291259765625
5868493750.0,	0.12784576416015625,	0.00970458984375
5868501875.0,	0.12914276123046875,	0.0082244873046875
5868510000.0,	0.128997802734375,	0.00809478759765625
5868518125.0,	0.12752532958984375,	0.01021575927734375
5868526250.0,	0.12743377685546875,	0.00826263427734375
5868534375.0,	0.12702178955078125,	0.00624847412109375
5868542500.0,	0.12764739990234375,	0.0081329345703125
5868550625.0,	0.12762451171875,	0.0057373046875
5868558750.0,	0.126220703125,	0.006805419921875
5868566875.0,	0.1272735595703125,	0.00652313232421875
5868575000.0,	0.12548065185546875,	0.007659912109375
5868583125.0,	0.12674713134765625,	0.00547027587890625
5868591250.0,	0.12453079223632812,	0.0025482177734375
5868599375.0,	0.12509918212890625,	0.00391387939453125
5868607500.0,	0.1242523193359375,	0.004241943359375
5868615625.0,	0.12506103515625,	0.00354766845703125
5868623750.0,	0.12457656860351562,	0.003688812255859375
5868631875.0,	0.1254425048828125,	0.001556396484375
5868640000.0,	0.12436676025390625,	0.002086639404296875
5868648125.0,	0.12432861328125,	0.000354766845703125
5868656250.0,	0.12328338623046875,	5.340576171875e-05
5868664375.0,	0.12393951416015625,	0.00115203857421875
5868672500.0,	0.12314224243164062,	-1.52587890625e-05
5868680625.0,	0.12334060668945312,	0.000827789306640625
5868688750.0,	0.1218719482421875,	0.00125885009765625
5868696875.0,	0.123382568359375,	-0.000835418701171875
5868705000.0,	0.12133026123046875,	-0.00049591064453125
5868713125.0,	0.12249755859375,	-0.00217437744140625
5868721250.0,	0.1219482421875,	-0.00252532958984375
5868729375.0,	0.1212921142578125,	-0.00140380859375
5868737500.0,	0.12057876586914062,	-0.004085540771484375
5868745625.0,	0.11968231201171875,	-0.001949310302734375
5868753750.0,	0.12117385864257812,	-0.004245758056640625
5868761875.0,	0.11887359619140625,	-0.004009246826171875
5868770000.0,	0.11963653564453125,	-0.00408172607421875
5868778125.0,	0.1195831298828125,	-0.00467681884765625
5868786250.0,	0.1176300048828125,	-0.004390716552734375
5868794375.0,	0.12082672119140625,	-0.006038665771484375
5868802500.0,	0.1176300048828125,	-0.00714111328125
5868810625.0,	0.11705398559570312,	-0.00702667236328125
5868818750.0,	0.11706924438476562,	-0.00772857666015625
5868826875.0,	0.117156982421875,	-0.007701873779296875
5868835000.0,	0.11735153198242188,	-0.0067596435546875
5868843125.0,	0.11642074584960938,	-0.008579254150390625
5868851250.0,	0.11339187622070312,	-0.0081634521484375
5868859375.0,	0.11376953125,	-0.01001739501953125
5868867500.0,	0.11460113525390625,	-0.00897979736328125
5868875625.0,	0.11487197875976562,	-0.00991058349609375
5868883750.0,	0.11490249633789062,	-0.008808135986328125
5868891875.0,	0.11299514770507812,	-0.01058197021484375
5868900000.0,	0.11409759521484375,	-0.0074462890625
5868908125.0,	0.11291122436523438,	-0.012325286865234375
5868916250.0,	0.11306381225585938,	-0.012847900390625
5868924375.0,	0.11258316040039062,	-0.01061248779296875
5868932500.0,	0.11203384399414062,	-0.0121002197265625
5868940625.0,	0.11345291137695312,	-0.012493133544921875
5868948750.0,	0.110443115234375,	-0.0131988525390625
5868956875.0,	0.11029052734375,	-0.012607574462890625
5868965000.0,	0.1091766357421875,	-0.014919281005859375
5868973125.0,	0.107208251953125,	-0.015262603759765625
5868981250.0,	0.10843658447265625,	-0.01526641845703125
5868989375.0,	0.10721206665039062,	-0.01348876953125
5868997500.0,	0.103973388671875,	-0.0146942138671875
5869005625.0,	0.10819625854492188,	-0.0139923095703125
5869013750.0,	0.10730361938476562,	-0.01663970947265625
5869021875.0,	0.10549545288085938,	-0.01715087890625
5869030000.0,	0.1068878173828125,	-0.01526641845703125
5869038125.0,	0.10416412353515625,	-0.017124176025390625
5869046250.0,	0.10549163818359375,	-0.01804351806640625
5869054375.0,	0.10218429565429688,	-0.0171051025390625
5869062500.0,	0.10345840454101562,	-0.015926361083984375
5869070625.0,	0.1020965576171875,	-0.01746368408203125
5869078750.0,	0.10234451293945312,	-0.0161590576171875
5869086875.0,	0.10366058349609375,	-0.017848968505859375
5869095000.0,	0.10306167602539062,	-0.019107818603515625
5869103125.0,	0.10341644287109375,	-0.017284393310546875
5869111250.0,	0.10072708129882812,	-0.02068328857421875
5869119375.0,	0.0999298095703125,	-0.018764495849609375
5869127500.0,	0.09907150268554688,	-0.02036285400390625
5869135625.0,	0.0985260009765625,	-0.020374298095703125
5869143750.0,	0.09575271606445312,	-0.020549774169921875
5869151875.0,	0.09703826904296875,	-0.018886566162109375
5869160000.0,	0.0980987548828125,	-0.019351959228515625
5869168125.0,	0.09795379638671875,	-0.023159027099609375
5869176250.0,	0.09499740600585938,	-0.022724151611328125
5869184375.0,	0.09584808349609375,	-0.021549224853515625
5869192500.0,	0.09440994262695312,	-0.02129364013671875
5869200625.0,	0.09427642822265625,	-0.02386474609375
5869208750.0,	0.09218597412109375,	-0.023899078369140625
5869216875.0,	0.09218978881835938,	-0.02359771728515625
5869225000.0,	0.0929107666015625,	-0.024112701416015625
5869233125.0,	0.09361648559570312,	-0.022686004638671875
5869241250.0,	0.09076690673828125,	-0.022907257080078125
5869249375.0,	0.09052276611328125,	-0.025196075439453125
5869257500.0,	0.09298324584960938,	-0.025661468505859375
5869265625.0,	0.08969497680664062,	-0.023494720458984375
5869273750.0,	0.08952713012695312,	-0.02407073974609375
5869281875.0,	0.08752059936523438,	-0.023052215576171875
5869290000.0,	0.08528518676757812,	-0.02408599853515625
5869298125.0,	0.08761978149414062,	-0.025455474853515625
5869306250.0,	0.08821487426757812,	-0.026042938232421875
5869314375.0,	0.08692169189453125,	-0.02431488037109375
5869322500.0,	0.08575057983398438,	-0.023609161376953125
5869330625.0,	0.0840606689453125,	-0.028209686279296875
5869338750.0,	0.0834808349609375,	-0.02588653564453125
5869346875.0,	0.08331298828125,	-0.025371551513671875
5869355000.0,	0.07999038696289062,	-0.02459716796875
5869363125.0,	0.08347320556640625,	-0.02606201171875
5869371250.0,	0.08113861083984375,	-0.02783966064453125
5869379375.0,	0.08135986328125,	-0.0265045166015625
5869387500.0,	0.08101654052734375,	-0.026325225830078125
5869395625.0,	0.08021926879882812,	-0.02780914306640625
5869403750.0,	0.0782318115234375,	-0.027019500732421875
5869411875.0,	0.076690673828125,	-0.027435302734375
5869420000.0,	0.0796966552734375,	-0.02899932861328125
5869428125.0,	0.07705307006835938,	-0.025836944580078125
5869436250.0,	0.07585525512695312,	-0.028438568115234375
5869444375.0,	0.0753326416015625,	-0.0273284912109375
5869452500.0,	0.07625961303710938,	-0.027568817138671875
5869460625.0,	0.07293319702148438,	-0.0276641845703125
5869468750.0,	0.07390213012695312,	-0.02722930908203125
5869476875.0,	0.07337570190429688,	-0.02848052978515625
5869485000.0,	0.07088470458984375,	-0.02691650390625
5869493125.0,	0.07011795043945312,	-0.0258941650390625
5869501250.0,	0.07130050659179688,	-0.029346466064453125
5869509375.0,	0.07215499877929688,	-0.0286102294921875
5869517500.0,	0.06884002685546875,	-0.027812957763671875
5869525625.0,	0.068634033203125,	-0.0266265869140625
5869533750.0,	0.0679931640625,	-0.027866363525390625
5869541875.0,	0.06815338134765625,	-0.027393341064453125
5869550000.0,	0.06858444213867188,	-0.02890777587890625
5869558125.0,	0.06578445434570312,	-0.02805328369140625
5869566250.0,	0.06737899780273438,	-0.027034759521484375
5869574375.0,	0.06388473510742188,	-0.027179718017578125
5869582500.0,	0.06343460083007812,	-0.02643585205078125
5869590625.0,	0.06378173828125,	-0.03006744384765625
5869598750.0,	0.061336517333984375,	-0.028169631958007812
5869606875.0,	0.06424331665039062,	-0.02709197998046875
5869615000.0,	0.06100273132324219,	-0.025714874267578125
5869623125.0,	0.06163215637207031,	-0.027759552001953125
5869631250.0,	0.06245994567871094,	-0.028268814086914062
5869639375.0,	0.05806541442871094,	-0.02800750732421875
5869647500.0,	0.060771942138671875,	-0.028951644897460938
5869655625.0,	0.05752372741699219,	-0.027059555053710938
5869663750.0,	0.058155059814453125,	-0.026731491088867188
5869671875.0,	0.05791664123535156,	-0.026086807250976562
5869680000.0,	0.0534515380859375,	-0.027433395385742188
5869688125.0,	0.056446075439453125,	-0.025587081909179688
5869696250.0,	0.05615425109863281,	-0.025844573974609375
5869704375.0,	0.05318450927734375,	-0.025938034057617188
5869712500.0,	0.05467987060546875,	-0.024578094482421875
5869720625.0,	0.05217933654785156,	-0.027074813842773438
5869728750.0,	0.053745269775390625,	-0.025943756103515625
5869736875.0,	0.052089691162109375,	-0.025671005249023438
5869745000.0,	0.05081748962402344,	-0.025974273681640625
5869753125.0,	0.04986572265625,	-0.024332046508789062
5869761250.0,	0.05041694641113281,	-0.022624969482421875
5869769375.0,	0.04753684997558594,	-0.023965835571289062
5869777500.0,	0.0501861572265625,	-0.023212432861328125
5869785625.0,	0.04744148254394531,	-0.022150039672851562
5869793750.0,	0.04678535461425781,	-0.024539947509765625
5869801875.0,	0.04778099060058594,	-0.025360107421875
5869810000.0,	0.04752540588378906,	-0.021900177001953125
5869818125.0,	0.04429435729980469,	-0.022722244262695312
5869826250.0,	0.0430450439453125,	-0.02264404296875
5869834375.0,	0.04457855224609375,	-0.023366928100585938
5869842500.0,	0.04348945617675781,	-0.02239990234375
5869850625.0,	0.04364204406738281,	-0.022092819213867188
5869858750.0,	0.04194068908691406,	-0.019346237182617188
5869866875.0,	0.04092979431152344,	-0.02127838134765625
5869875000.0,	0.0415191650390625,	-0.020399093627929688
5869883125.0,	0.04002189636230469,	-0.022006988525390625
5869891250.0,	0.04207611083984375,	-0.0225677490234375
5869899375.0,	0.03847312927246094,	-0.021684646606445312
5869907500.0,	0.039180755615234375,	-0.0225982666015625
5869915625.0,	0.03803062438964844,	-0.020689010620117188
5869923750.0,	0.038280487060546875,	-0.02019500732421875
5869931875.0,	0.03614997863769531,	-0.018154144287109375
5869940000.0,	0.0380706787109375,	-0.0196075439453125
5869948125.0,	0.03485298156738281,	-0.019056320190429688
5869956250.0,	0.038555145263671875,	-0.017805099487304688
5869964375.0,	0.03539085388183594,	-0.018688201904296875
5869972500.0,	0.03419685363769531,	-0.01712799072265625
5869980625.0,	0.0326995849609375,	-0.0179901123046875
5869988750.0,	0.036529541015625,	-0.019075393676757812
5869996875.0,	0.030925750732421875,	-0.016693115234375
5870005000.0,	0.032451629638671875,	-0.016693115234375
5870013125.0,	0.03273200988769531,	-0.016910552978515625
5870021250.0,	0.031093597412109375,	-0.018013954162597656
5870029375.0,	0.03337669372558594,	-0.014043807983398438
5870037500.0,	0.031673431396484375,	-0.014057159423828125
5870045625.0,	0.030303001403808594,	-0.015201568603515625
5870053750.0,	0.032276153564453125,	-0.015651702880859375
5870061875.0,	0.029735565185546875,	-0.01251983642578125
5870070000.0,	0.028145790100097656,	-0.01646709442138672
5870078125.0,	0.027421951293945312,	-0.015707015991210938
5870086250.0,	0.028810501098632812,	-0.014027595520019531
5870094375.0,	0.027853965759277344,	-0.012357711791992188
5870102500.0,	0.026864051818847656,	-0.014168739318847656
5870110625.0,	0.023046493530273438,	-0.01331329345703125
5870118750.0,	0.025931358337402344,	-0.012617111206054688
5870126875.0,	0.022063255310058594,	-0.010319709777832031
5870135000.0,	0.023633956909179688,	-0.011209487915039062
5870143125.0,	0.023473739624023438,	-0.011621475219726562
5870151250.0,	0.025277137756347656,	-0.010758399963378906
5870159375.0,	0.022355079650878906,	-0.008921623229980469
5870167500.0,	0.022818565368652344,	-0.010408401489257812
5870175625.0,	0.022034645080566406,	-0.009107589721679688
5870183750.0,	0.022891998291015625,	-0.008755683898925781
5870191875.0,	0.022314071655273438,	-0.008067131042480469
5870200000.0,	0.02068042755126953,	-0.0077342987060546875
5870208125.0,	0.020890235900878906,	-0.007999420166015625
5870216250.0,	0.02210235595703125,	-0.00650787353515625
5870224375.0,	0.019248008728027344,	-0.005863189697265625
5870232500.0,	0.020298004150390625,	-0.005309104919433594
5870240625.0,	0.020264625549316406,	-0.006154060363769531
5870248750.0,	0.017676353454589844,	-0.0032482147216796875
5870256875.0,	0.01938629150390625,	-0.00603485107421875
5870265000.0,	0.016050338745117188,	-0.0056095123291015625
5870273125.0,	0.016397476196289062,	-0.006072998046875
5870281250.0,	0.01647663116455078,	-0.0025606155395507812
5870289375.0,	0.017027854919433594,	-0.002361297607421875
5870297500.0,	0.01627826690673828,	-0.003147125244140625
5870305625.0,	0.01676464080810547,	-0.0011568069458007812
5870313750.0,	0.015628814697265625,	0.0009031295776367188
5870321875.0,	0.014423370361328125,	-0.0025310516357421875
5870330000.0,	0.016455650329589844,	-0.0003795623779296875
5870338125.0,	0.016391754150390625,	0.0010766983032226562
5870346250.0,	0.013540267944335938,	-0.0008134841918945312
5870354375.0,	0.013514995574951172,	0.00041961669921875
5870362500.0,	0.014529228210449219,	0.0019865036010742188
5870370625.0,	0.01104879379272461,	0.0013508796691894531
5870378750.0,	0.012253284454345703,	0.0009250640869140625
5870386875.0,	0.013266563415527344,	0.0008111000061035156
5870395000.0,	0.01365041732788086,	0.0034241676330566406
5870403125.0,	0.013317584991455078,	0.0021228790283203125
5870411250.0,	0.012960433959960938,	0.003991603851318359
5870419375.0,	0.013671398162841797,	0.004090309143066406
5870427500.0,	0.010974407196044922,	0.0047550201416015625
5870435625.0,	0.0119781494140625,	0.0047168731689453125
5870443750.0,	0.010630130767822266,	0.006552219390869141
5870451875.0,	0.011793136596679688,	0.006192684173583984
5870460000.0,	0.009232044219970703,	0.0064525604248046875
5870468125.0,	0.009736061096191406,	0.005587577819824219
5870476250.0,	0.010052680969238281,	0.007811546325683594
5870484375.0,	0.009379863739013672,	0.006234169006347656
5870492500.0,	0.011492729187011719,	0.0092010498046875
5870500625.0,	0.009595394134521484,	0.008277416229248047
5870508750.0,	0.008845806121826172,	0.0073528289794921875
5870516875.0,	0.009157657623291016,	0.00991678237915039
5870525000.0,	0.009308815002441406,	0.009202957153320312
5870533125.0,	0.007437705993652344,	0.010426998138427734
5870541250.0,	0.007540225982666016,	0.012706756591796875
5870549375.0,	0.008400440216064453,	0.010210990905761719
5870557500.0,	0.007226467132568359,	0.011258125305175781
5870565625.0,	0.007982254028320312,	0.013702869415283203
5870573750.0,	0.007680416107177734,	0.01166391372680664
5870581875.0,	0.007092475891113281,	0.011333942413330078
5870590000.0,	0.006994724273681641,	0.013878345489501953
5870598125.0,	0.005089282989501953,	0.012839794158935547
5870606250.0,	0.005815029144287109,	0.012632369995117188
5870614375.0,	0.005524158477783203,	0.014584064483642578
5870622500.0,	0.005589962005615234,	0.014527320861816406
5870630625.0,	0.005736351013183594,	0.015671730041503906
5870638750.0,	0.0048542022705078125,	0.016022682189941406
5870646875.0,	0.006073474884033203,	0.015479564666748047
5870655000.0,	0.0062351226806640625,	0.01602935791015625
5870663125.0,	0.004677772521972656,	0.01891613006591797
5870671250.0,	0.0065135955810546875,	0.01905536651611328
5870679375.0,	0.0051212310791015625,	0.020109176635742188
5870687500.0,	0.00605010986328125,	0.01801013946533203
5870695625.0,	0.00403594970703125,	0.01876068115234375
5870703750.0,	0.0051822662353515625,	0.017747879028320312
5870711875.0,	0.00475311279296875,	0.02037525177001953
5870720000.0,	0.006500244140625,	0.019613265991210938
5870728125.0,	0.0022134780883789062,	0.01968860626220703
5870736250.0,	0.002849578857421875,	0.020750999450683594
5870744375.0,	0.0038928985595703125,	0.021120071411132812
5870752500.0,	0.002166748046875,	0.023023605346679688
5870760625.0,	0.0041790008544921875,	0.022687911987304688
5870768750.0,	0.004109382629394531,	0.02402973175048828
5870776875.0,	0.004448890686035156,	0.022828102111816406
5870785000.0,	0.00403594970703125,	0.02453899383544922
5870793125.0,	0.0021266937255859375,	0.026187896728515625
5870801250.0,	0.0017528533935546875,	0.024503707885742188
5870809375.0,	0.0034580230712890625,	0.026309967041015625
5870817500.0,	0.0028476715087890625,	0.024602890014648438
5870825625.0,	0.0032949447631835938,	0.023939132690429688
5870833750.0,	0.0029802322387695312,	0.0260772705078125
5870841875.0,	0.0029668807983398438,	0.02452373504638672
5870850000.0,	0.003726959228515625,	0.028662681579589844
5870858125.0,	0.0010557174682617188,	0.02808666229248047
5870866250.0,	0.0015583038330078125,	0.025710105895996094
5870874375.0,	0.0015316009521484375,	0.0288848876953125
5870882500.0,	0.0024347305297851562,	0.029935836791992188
5870890625.0,	0.0030279159545898438,	0.02810382843017578
5870898750.0,	0.001049041748046875,	0.027639389038085938
5870906875.0,	0.001110076904296875,	0.027919769287109375
5870915000.0,	0.0032262802124023438,	0.0309600830078125
5870923125.0,	0.0037374496459960938,	0.029333114624023438
5870931250.0,	0.0019664764404296875,	0.03113555908203125
5870939375.0,	0.0036144256591796875,	0.03085803985595703
5870947500.0,	0.0008344650268554688,	0.030328750610351562
5870955625.0,	0.0029430389404296875,	0.032253265380859375
5870963750.0,	0.0033893585205078125,	0.03336524963378906
5870971875.0,	0.003185272216796875,	0.03211021423339844
5870980000.0,	0.0008640289306640625,	0.03267860412597656
5870988125.0,	0.00157928466796875,	0.03519630432128906
5870996250.0,	0.0011119842529296875,	0.036403656005859375
5871004375.0,	0.002422332763671875,	0.03309440612792969
5871012500.0,	0.002468109130859375,	0.034687042236328125
5871020625.0,	0.00283050537109375,	0.03577423095703125
5871028750.0,	0.003093719482421875,	0.0356597900390625
5871036875.0,	0.0008144378662109375,	0.03629302978515625
5871045000.0,	0.0022907257080078125,	0.034587860107421875
5871053125.0,	0.0013027191162109375,	0.035358428955078125
5871061250.0,	0.0023250579833984375,	0.03598213195800781
5871069375.0,	0.00164031982421875,	0.03885650634765625
5871077500.0,	0.0002288818359375,	0.0367584228515625
5871085625.0,	0.003025054931640625,	0.039276123046875
5871093750.0,	0.0022754669189453125,	0.03734588623046875
5871101875.0,	0.001018524169921875,	0.04075431823730469
5871110000.0,	0.0025768280029296875,	0.03792762756347656
5871118125.0,	0.0015277862548828125,	0.03965187072753906
5871126250.0,	0.001434326171875,	0.04004096984863281
5871134375.0,	0.001739501953125,	0.040493011474609375
5871142500.0,	-0.00057220458984375,	0.03981590270996094
5871150625.0,	0.0006046295166015625,	0.04294586181640625
5871158750.0,	0.0017299652099609375,	0.04138755798339844
5871166875.0,	0.0018863677978515625,	0.040679931640625
5871175000.0,	0.003696441650390625,	0.04042625427246094
5871183125.0,	0.0017719268798828125,	0.040187835693359375
5871191250.0,	0.0030803680419921875,	0.04355812072753906
5871199375.0,	0.0036716461181640625,	0.04177093505859375
5871207500.0,	0.001369476318359375,	0.04269599914550781
5871215625.0,	0.0024890899658203125,	0.04314422607421875
5871223750.0,	0.0033588409423828125,	0.04591178894042969
5871231875.0,	0.0041294097900390625,	0.045917510986328125
5871240000.0,	0.0024738311767578125,	0.04392814636230469
5871248125.0,	0.002002716064453125,	0.04659461975097656
5871256250.0,	0.000492095947265625,	0.04525947570800781
5871264375.0,	0.0015087127685546875,	0.04500007629394531
5871272500.0,	0.00238800048828125,	0.04633331298828125
5871280625.0,	0.0021762847900390625,	0.046977996826171875
5871288750.0,	0.0020771026611328125,	0.047023773193359375
5871296875.0,	0.0012302398681640625,	0.04730415344238281
5871305000.0,	0.0034942626953125,	0.047100067138671875
5871313125.0,	0.0014019012451171875,	0.04692268371582031
5871321250.0,	0.0020847320556640625,	0.0487518310546875
5871329375.0,	0.002719879150390625,	0.04918098449707031
5871337500.0,	0.0025959014892578125,	0.04761505126953125
5871345625.0,	0.0022106170654296875,	0.0477142333984375
5871353750.0,	0.0025043487548828125,	0.048809051513671875
5871361875.0,	0.0024738311767578125,	0.04771614074707031
5871370000.0,	0.001678466796875,	0.05000877380371094
5871378125.0,	0.00225830078125,	0.05224800109863281
5871386250.0,	0.001209259033203125,	0.04770851135253906
5871394375.0,	0.0036754608154296875,	0.05118370056152344
5871402500.0,	0.0040187835693359375,	0.05126380920410156
5871410625.0,	0.001232147216796875,	0.05037498474121094
5871418750.0,	0.0011653900146484375,	0.05328369140625
5871426875.0,	0.00276947021484375,	0.05126380920410156
5871435000.0,	0.0015773773193359375,	0.0513916015625
5871443125.0,	0.0028285980224609375,	0.05105400085449219
5871451250.0,	0.000675201416015625,	0.05537223815917969
5871459375.0,	0.002010345458984375,	0.052410125732421875
5871467500.0,	0.0021724700927734375,	0.05331611633300781
5871475625.0,	0.0013751983642578125,	0.05510139465332031
5871483750.0,	0.0034351348876953125,	0.0535125732421875
5871491875.0,	0.002902984619140625,	0.05562400817871094
5871500000.0,	0.00299072265625,	0.0538482666015625
5871508125.0,	0.004428863525390625,	0.0543365478515625
5871516250.0,	0.0036869049072265625,	0.05461692810058594
5871524375.0,	0.001438140869140625,	0.05535697937011719
5871532500.0,	0.002231597900390625,	0.05608177185058594
5871540625.0,	0.003963470458984375,	0.054973602294921875
5871548750.0,	0.0041046142578125,	0.056682586669921875
5871556875.0,	0.0030517578125,	0.05443000793457031
5871565000.0,	0.0037670135498046875,	0.0569915771484375
5871573125.0,	0.003086090087890625,	0.05710411071777344
5871581250.0,	0.0036487579345703125,	0.057750701904296875
5871589375.0,	0.0036678314208984375,	0.056224822998046875
5871597500.0,	0.004787445068359375,	0.05828857421875
5871605625.0,	0.0029468536376953125,	0.055999755859375
5871613750.0,	0.0046062469482421875,	0.05825042724609375
5871621875.0,	0.0045013427734375,	0.05807304382324219
5871630000.0,	0.0032482147216796875,	0.05786705017089844
5871638125.0,	0.00307464599609375,	0.059062957763671875
5871646250.0,	0.0046253204345703125,	0.05838775634765625
5871654375.0,	0.002674102783203125,	0.06023979187011719
5871662500.0,	0.0046634674072265625,	0.06035041809082031
5871670625.0,	0.003223419189453125,	0.06078338623046875
5871678750.0,	0.004428863525390625,	0.06101799011230469
5871686875.0,	0.00621795654296875,	0.06141471862792969
5871695000.0,	0.004253387451171875,	0.06184959411621094
5871703125.0,	0.0033740997314453125,	0.06120872497558594
5871711250.0,	0.0051708221435546875,	0.06213951110839844
5871719375.0,	0.003757476806640625,	0.06249237060546875
5871727500.0,	0.0052356719970703125,	0.06160545349121094
5871735625.0,	0.0045185089111328125,	0.061336517333984375
5871743750.0,	0.0055942535400390625,	0.06212615966796875
5871751875.0,	0.0051059722900390625,	0.06154823303222656
5871760000.0,	0.00589752197265625,	0.0628204345703125
5871768125.0,	0.0056018829345703125,	0.062347412109375
5871776250.0,	0.003429412841796875,	0.06482696533203125
5871784375.0,	0.004543304443359375,	0.06331634521484375
5871792500.0,	0.00567626953125,	0.06386566162109375
5871800625.0,	0.006195068359375,	0.06401443481445312
5871808750.0,	0.00478363037109375,	0.06367874145507812
5871816875.0,	0.00505828857421875,	0.06456756591796875
5871825000.0,	0.006275177001953125,	0.06312942504882812
5871833125.0,	0.006786346435546875,	0.066375732421875
5871841250.0,	0.005336761474609375,	0.0644073486328125
5871849375.0,	0.006237030029296875,	0.06439208984375
5871857500.0,	0.00626373291015625,	0.065521240234375
5871865625.0,	0.00672149658203125,	0.06563568115234375
5871873750.0,	0.00504302978515625,	0.06523895263671875
5871881875.0,	0.006072998046875,	0.06383514404296875
5871890000.0,	0.0076751708984375,	0.066314697265625
5871898125.0,	0.007129669189453125,	0.0681304931640625
5871906250.0,	0.006771087646484375,	0.06663894653320312
5871914375.0,	0.00637054443359375,	0.066802978515625
5871922500.0,	0.006626129150390625,	0.0667572021484375
5871930625.0,	0.008403778076171875,	0.06723785400390625
5871938750.0,	0.00514984130859375,	0.06773757934570312
5871946875.0,	0.006694793701171875,	0.06755828857421875
5871955000.0,	0.004199981689453125,	0.06558990478515625
5871963125.0,	0.007472991943359375,	0.06881332397460938
5871971250.0,	0.008480072021484375,	0.06866073608398438
5871979375.0,	0.007480621337890625,	0.07070541381835938
5871987500.0,	0.006786346435546875,	0.06764602661132812
5871995625.0,	0.00804901123046875,	0.069427490234375
5872003750.0,	0.00905609130859375,	0.06991195678710938
5872011875.0,	0.00786590576171875,	0.0712127685546875
5872020000.0,	0.008514404296875,	0.06868743896484375
5872028125.0,	0.00592803955078125,	0.0706939697265625
5872036250.0,	0.010814666748046875,	0.06765365600585938
5872044375.0,	0.008647918701171875,	0.07083511352539062
5872052500.0,	0.0096282958984375,	0.07056808471679688
5872060625.0,	0.00901031494140625,	0.07072830200195312
5872068750.0,	0.007541656494140625,	0.07007598876953125
5872076875.0,	0.008617401123046875,	0.07117462158203125
5872085000.0,	0.00786590576171875,	0.07131576538085938
5872093125.0,	0.00873565673828125,	0.06779861450195312
5872101250.0,	0.009571075439453125,	0.07126235961914062
5872109375.0,	0.00682830810546875,	0.07343292236328125
5872117500.0,	0.0092315673828125,	0.07337570190429688
5872125625.0,	0.00719451904296875,	0.072418212890625
5872133750.0,	0.0105438232421875,	0.07221221923828125
5872141875.0,	0.007816314697265625,	0.07111358642578125
5872150000.0,	0.0088348388671875,	0.07252883911132812
5872158125.0,	0.00942230224609375,	0.07029342651367188
5872166250.0,	0.009494781494140625,	0.07022857666015625
5872174375.0,	0.008941650390625,	0.07392501831054688
5872182500.0,	0.00971221923828125,	0.074005126953125
5872190625.0,	0.0083770751953125,	0.072998046875
5872198750.0,	0.00821685791015625,	0.07540130615234375
5872206875.0,	0.01081085205078125,	0.07332992553710938
5872215000.0,	0.009532928466796875,	0.07495880126953125
5872223125.0,	0.009124755859375,	0.072418212890625
5872231250.0,	0.01116943359375,	0.07226943969726562
5872239375.0,	0.00901031494140625,	0.07401275634765625
5872247500.0,	0.0074920654296875,	0.07432937622070312
5872255625.0,	0.01202392578125,	0.07636260986328125
5872263750.0,	0.0096588134765625,	0.07580947875976562
5872271875.0,	0.011081695556640625,	0.0733184814453125
5872280000.0,	0.01059722900390625,	0.07561492919921875
5872288125.0,	0.011077880859375,	0.07511138916015625
5872296250.0,	0.01214599609375,	0.07573699951171875
5872304375.0,	0.01021575927734375,	0.07493972778320312
5872312500.0,	0.010284423828125,	0.0760040283203125
5872320625.0,	0.01039886474609375,	0.07466506958007812
5872328750.0,	0.01175689697265625,	0.07763290405273438
5872336875.0,	0.01220703125,	0.07538223266601562
5872345000.0,	0.01142120361328125,	0.07666397094726562
5872353125.0,	0.010951995849609375,	0.07664108276367188
5872361250.0,	0.01161956787109375,	0.076019287109375
5872369375.0,	0.01186370849609375,	0.075775146484375
5872377500.0,	0.01132965087890625,	0.07777023315429688
5872385625.0,	0.01154327392578125,	0.07725143432617188
5872393750.0,	0.011707305908203125,	0.07566070556640625
5872401875.0,	0.012996673583984375,	0.0775909423828125
5872410000.0,	0.01119232177734375,	0.07892227172851562
5872418125.0,	0.0121612548828125,	0.07748031616210938
5872426250.0,	0.0117950439453125,	0.07736968994140625
5872434375.0,	0.01070404052734375,	0.07848739624023438
5872442500.0,	0.01279449462890625,	0.07836532592773438
5872450625.0,	0.012340545654296875,	0.07650375366210938
5872458750.0,	0.012027740478515625,	0.0778350830078125
5872466875.0,	0.01428985595703125,	0.079345703125
5872475000.0,	0.013881683349609375,	0.07817840576171875
5872483125.0,	0.0139312744140625,	0.07822799682617188
5872491250.0,	0.012538909912109375,	0.080718994140625
5872499375.0,	0.012813568115234375,	0.07932281494140625
5872507500.0,	0.013179779052734375,	0.07901382446289062
5872515625.0,	0.013092041015625,	0.07811355590820312
5872523750.0,	0.013446807861328125,	0.07980728149414062
5872531875.0,	0.013248443603515625,	0.07837677001953125
5872540000.0,	0.0122833251953125,	0.08000564575195312
5872548125.0,	0.013645172119140625,	0.0793304443359375
5872556250.0,	0.015163421630859375,	0.07989883422851562
5872564375.0,	0.014072418212890625,	0.08225250244140625
5872572500.0,	0.01325225830078125,	0.08169174194335938
5872580625.0,	0.013759613037109375,	0.07997512817382812
5872588750.0,	0.01453399658203125,	0.08140945434570312
5872596875.0,	0.01343536376953125,	0.08080291748046875
5872605000.0,	0.01436614990234375,	0.08168411254882812
5872613125.0,	0.01428985595703125,	0.07875442504882812
5872621250.0,	0.014972686767578125,	0.08306884765625
5872629375.0,	0.0124359130859375,	0.08103561401367188
5872637500.0,	0.013092041015625,	0.08117294311523438
5872645625.0,	0.014118194580078125,	0.08170700073242188
5872653750.0,	0.0142669677734375,	0.07982635498046875
5872661875.0,	0.01446533203125,	0.08159637451171875
5872670000.0,	0.013828277587890625,	0.07946395874023438
5872678125.0,	0.014896392822265625,	0.08189773559570312
5872686250.0,	0.013767242431640625,	0.08107757568359375
5872694375.0,	0.01578521728515625,	0.08161544799804688
5872702500.0,	0.014781951904296875,	0.082000732421875
5872710625.0,	0.013401031494140625,	0.08318328857421875
5872718750.0,	0.015285491943359375,	0.08153533935546875
5872726875.0,	0.014705657958984375,	0.0818023681640625
5872735000.0,	0.0147857666015625,	0.08176040649414062
5872743125.0,	0.016490936279296875,	0.08317947387695312
5872751250.0,	0.015811920166015625,	0.08161544799804688
5872759375.0,	0.015415191650390625,	0.08223724365234375
5872767500.0,	0.015575408935546875,	0.08200454711914062
5872775625.0,	0.0162200927734375,	0.08465576171875
5872783750.0,	0.0172271728515625,	0.08283615112304688
5872791875.0,	0.016387939453125,	0.0839385986328125
5872800000.0,	0.016696929931640625,	0.082977294921875
5872808125.0,	0.016277313232421875,	0.0856781005859375
5872816250.0,	0.01751708984375,	0.08375167846679688
5872824375.0,	0.015186309814453125,	0.08365249633789062
5872832500.0,	0.016483306884765625,	0.08385467529296875
5872840625.0,	0.0163421630859375,	0.083770751953125
5872848750.0,	0.018024444580078125,	0.08510208129882812
5872856875.0,	0.0151214599609375,	0.0817718505859375
5872865000.0,	0.01683807373046875,	0.08443832397460938
5872873125.0,	0.017303466796875,	0.08317184448242188
5872881250.0,	0.017578125,	0.08631134033203125
5872889375.0,	0.017421722412109375,	0.08487701416015625
5872897500.0,	0.01691436767578125,	0.08100128173828125
5872905625.0,	0.018367767333984375,	0.085113525390625
5872913750.0,	0.01728057861328125,	0.08458328247070312
5872921875.0,	0.017059326171875,	0.08503341674804688
5872930000.0,	0.01787567138671875,	0.08502197265625
5872938125.0,	0.017131805419921875,	0.0875091552734375
5872946250.0,	0.017024993896484375,	0.084197998046875
5872954375.0,	0.018054962158203125,	0.08432388305664062
5872962500.0,	0.018131256103515625,	0.0850830078125
5872970625.0,	0.018390655517578125,	0.08729171752929688
5872978750.0,	0.018383026123046875,	0.08594894409179688
5872986875.0,	0.0186920166015625,	0.08531951904296875
5872995000.0,	0.018512725830078125,	0.08581161499023438
5873003125.0,	0.0167236328125,	0.08797073364257812
5873011250.0,	0.017230987548828125,	0.08634567260742188
5873019375.0,	0.0176544189453125,	0.08740234375
5873027500.0,	0.019222259521484375,	0.08836746215820312
5873035625.0,	0.01798248291015625,	0.08641815185546875
5873043750.0,	0.018688201904296875,	0.08760833740234375
5873051875.0,	0.01845550537109375,	0.08621978759765625
5873060000.0,	0.01824951171875,	0.08792495727539062
5873068125.0,	0.017871856689453125,	0.08655166625976562
5873076250.0,	0.0182952880859375,	0.08820724487304688
5873084375.0,	0.019805908203125,	0.08824920654296875
5873092500.0,	0.0184173583984375,	0.08727645874023438
5873100625.0,	0.018238067626953125,	0.0867919921875
5873108750.0,	0.018402099609375,	0.0866546630859375
5873116875.0,	0.0199432373046875,	0.08696365356445312
5873125000.0,	0.020160675048828125,	0.0854644775390625
5873133125.0,	0.02117919921875,	0.08765792846679688
5873141250.0,	0.019802093505859375,	0.08843994140625
5873149375.0,	0.020885467529296875,	0.08852005004882812
5873157500.0,	0.02123260498046875,	0.08812332153320312
5873165625.0,	0.018939971923828125,	0.08944320678710938
5873173750.0,	0.0185699462890625,	0.0882415771484375
5873181875.0,	0.0198974609375,	0.08666610717773438
5873190000.0,	0.017482757568359375,	0.08838653564453125
5873198125.0,	0.0187530517578125,	0.08683013916015625
5873206250.0,	0.018947601318359375,	0.08834075927734375
5873214375.0,	0.0201568603515625,	0.0888671875
5873222500.0,	0.01929473876953125,	0.08745193481445312
5873230625.0,	0.020618438720703125,	0.0885162353515625
5873238750.0,	0.0211029052734375,	0.08789825439453125
5873246875.0,	0.020236968994140625,	0.08729171752929688
5873255000.0,	0.020175933837890625,	0.08843994140625
5873263125.0,	0.02147674560546875,	0.09001922607421875
5873271250.0,	0.0214080810546875,	0.08990097045898438
5873279375.0,	0.020015716552734375,	0.08786773681640625
5873287500.0,	0.021942138671875,	0.09132003784179688
5873295625.0,	0.020114898681640625,	0.08849334716796875
5873303750.0,	0.021862030029296875,	0.0887908935546875
5873311875.0,	0.0199432373046875,	0.0885009765625
5873320000.0,	0.021026611328125,	0.0881500244140625
5873328125.0,	0.01905059814453125,	0.08971786499023438
5873336250.0,	0.022365570068359375,	0.08781814575195312
5873344375.0,	0.020732879638671875,	0.08871078491210938
5873352500.0,	0.020290374755859375,	0.08922958374023438
5873360625.0,	0.021087646484375,	0.0899200439453125
5873368750.0,	0.021106719970703125,	0.09015655517578125
5873376875.0,	0.023082733154296875,	0.09026718139648438
5873385000.0,	0.020900726318359375,	0.088165283203125
5873393125.0,	0.023651123046875,	0.09076690673828125
5873401250.0,	0.021800994873046875,	0.09093856811523438
5873409375.0,	0.02207183837890625,	0.09064865112304688
5873417500.0,	0.020961761474609375,	0.09043502807617188
5873425625.0,	0.0225982666015625,	0.0884552001953125
5873433750.0,	0.02214813232421875,	0.08946990966796875
5873441875.0,	0.023426055908203125,	0.0904998779296875
5873450000.0,	0.02242279052734375,	0.090545654296875
5873458125.0,	0.022602081298828125,	0.08958053588867188
5873466250.0,	0.020549774169921875,	0.09242630004882812
5873474375.0,	0.0243988037109375,	0.09226226806640625
5873482500.0,	0.023120880126953125,	0.091522216796875
5873490625.0,	0.022258758544921875,	0.09217071533203125
5873498750.0,	0.023059844970703125,	0.09025955200195312
5873506875.0,	0.022594451904296875,	0.091583251953125
5873515000.0,	0.021602630615234375,	0.09183502197265625
5873523125.0,	0.023468017578125,	0.09135055541992188
5873531250.0,	0.0237274169921875,	0.08979415893554688
5873539375.0,	0.02256011962890625,	0.09151840209960938
5873547500.0,	0.023654937744140625,	0.09138107299804688
5873555625.0,	0.02141571044921875,	0.09112167358398438
5873563750.0,	0.022792816162109375,	0.09088516235351562
5873571875.0,	0.0233001708984375,	0.09222793579101562
5873580000.0,	0.024250030517578125,	0.08965682983398438
5873588125.0,	0.024517059326171875,	0.093109130859375
5873596250.0,	0.024936676025390625,	0.08947372436523438
5873604375.0,	0.023342132568359375,	0.09154891967773438
5873612500.0,	0.021724700927734375,	0.09130859375
5873620625.0,	0.02425384521484375,	0.09294891357421875
5873628750.0,	0.024326324462890625,	0.09222030639648438
5873636875.0,	0.025165557861328125,	0.09148025512695312
5873645000.0,	0.024078369140625,	0.09053421020507812
5873653125.0,	0.022838592529296875,	0.09209442138671875
5873661250.0,	0.02466583251953125,	0.09136962890625
5873669375.0,	0.023281097412109375,	0.0924835205078125
5873677500.0,	0.026569366455078125,	0.09201812744140625
5873685625.0,	0.024562835693359375,	0.09132003784179688
5873693750.0,	0.02335357666015625,	0.09316635131835938
5873701875.0,	0.024684906005859375,	0.0923614501953125
5873710000.0,	0.024547576904296875,	0.09392547607421875
5873718125.0,	0.02455902099609375,	0.09341049194335938
5873726250.0,	0.02318572998046875,	0.09096908569335938
5873734375.0,	0.025524139404296875,	0.09115219116210938
5873742500.0,	0.02339935302734375,	0.09223175048828125
5873750625.0,	0.024784088134765625,	0.0920562744140625
5873758750.0,	0.025264739990234375,	0.09137725830078125
5873766875.0,	0.02564239501953125,	0.09259033203125
5873775000.0,	0.02356719970703125,	0.09317779541015625
5873783125.0,	0.02393341064453125,	0.09231185913085938
5873791250.0,	0.0262908935546875,	0.09351730346679688
5873799375.0,	0.022891998291015625,	0.09279632568359375
5873807500.0,	0.0247039794921875,	0.09432220458984375
5873815625.0,	0.02530670166015625,	0.0915985107421875
5873823750.0,	0.024700164794921875,	0.09377670288085938
5873831875.0,	0.026203155517578125,	0.09633255004882812
5873840000.0,	0.025119781494140625,	0.092529296875
5873848125.0,	0.026111602783203125,	0.09391403198242188
5873856250.0,	0.0282135009765625,	0.09224319458007812
5873864375.0,	0.02782440185546875,	0.09354019165039062
5873872500.0,	0.02812957763671875,	0.09503936767578125
5873880625.0,	0.02548980712890625,	0.09250640869140625
5873888750.0,	0.025661468505859375,	0.09369277954101562
5873896875.0,	0.02623748779296875,	0.09459686279296875
5873905000.0,	0.02606201171875,	0.09399032592773438
5873913125.0,	0.025730133056640625,	0.09443283081054688
5873921250.0,	0.02570343017578125,	0.09434127807617188
5873929375.0,	0.0271453857421875,	0.094757080078125
5873937500.0,	0.027313232421875,	0.09238815307617188
5873945625.0,	0.028133392333984375,	0.0951995849609375
5873953750.0,	0.02571868896484375,	0.0928497314453125
5873961875.0,	0.026668548583984375,	0.092529296875
5873970000.0,	0.02655029296875,	0.09648895263671875
5873978125.0,	0.0256500244140625,	0.09315872192382812
5873986250.0,	0.02602386474609375,	0.09344100952148438
5873994375.0,	0.027187347412109375,	0.0952606201171875
5874002500.0,	0.027256011962890625,	0.0956878662109375
5874010625.0,	0.028011322021484375,	0.09640884399414062
5874018750.0,	0.02451324462890625,	0.09552383422851562
5874026875.0,	0.026580810546875,	0.09506988525390625
5874035000.0,	0.0262908935546875,	0.095703125
5874043125.0,	0.027126312255859375,	0.09205245971679688
5874051250.0,	0.026226043701171875,	0.09374618530273438
5874059375.0,	0.028118133544921875,	0.0944671630859375
5874067500.0,	0.027545928955078125,	0.09479141235351562
5874075625.0,	0.02742767333984375,	0.09567642211914062
5874083750.0,	0.02637481689453125,	0.09765625
5874091875.0,	0.027790069580078125,	0.09490585327148438
5874100000.0,	0.02857208251953125,	0.09561538696289062
5874108125.0,	0.028049468994140625,	0.09525299072265625
5874116250.0,	0.0305328369140625,	0.09513092041015625
5874124375.0,	0.02771759033203125,	0.09477996826171875
5874132500.0,	0.02715301513671875,	0.09465408325195312
5874140625.0,	0.02789306640625,	0.09571075439453125
5874148750.0,	0.026798248291015625,	0.09606552124023438
5874156875.0,	0.028656005859375,	0.09546661376953125
5874165000.0,	0.02945709228515625,	0.09556198120117188
5874173125.0,	0.029571533203125,	0.09360885620117188
5874181250.0,	0.028263092041015625,	0.095245361328125
5874189375.0,	0.028106689453125,	0.09616470336914062
5874197500.0,	0.027622222900390625,	0.09680938720703125
5874205625.0,	0.028900146484375,	0.09571456909179688
5874213750.0,	0.02691650390625,	0.09482955932617188
5874221875.0,	0.028472900390625,	0.09555435180664062
5874230000.0,	0.0308990478515625,	0.09675216674804688
5874238125.0,	0.030025482177734375,	0.09674453735351562
5874246250.0,	0.0277557373046875,	0.097259521484375
5874254375.0,	0.027210235595703125,	0.09674072265625
5874262500.0,	0.0277557373046875,	0.09619903564453125
5874270625.0,	0.029521942138671875,	0.0959625244140625
5874278750.0,	0.028896331787109375,	0.0954437255859375
5874286875.0,	0.028076171875,	0.09566879272460938
5874295000.0,	0.028827667236328125,	0.09564971923828125
5874303125.0,	0.02738189697265625,	0.09574508666992188
5874311250.0,	0.02904510498046875,	0.09700775146484375
5874319375.0,	0.03076171875,	0.09611129760742188
5874327500.0,	0.028675079345703125,	0.0970916748046875
5874335625.0,	0.0300140380859375,	0.0962066650390625
5874343750.0,	0.0288543701171875,	0.09823226928710938
5874351875.0,	0.030029296875,	0.09640884399414062
5874360000.0,	0.03000640869140625,	0.09935760498046875
5874368125.0,	0.030086517333984375,	0.09663009643554688
5874376250.0,	0.02913665771484375,	0.09643936157226562
5874384375.0,	0.029056549072265625,	0.09747695922851562
5874392500.0,	0.029552459716796875,	0.09656906127929688
5874400625.0,	0.032047271728515625,	0.09705734252929688
5874408750.0,	0.029232025146484375,	0.09582138061523438
5874416875.0,	0.031246185302734375,	0.09696578979492188
5874425000.0,	0.0308685302734375,	0.09760665893554688
5874433125.0,	0.0294342041015625,	0.09635162353515625
5874441250.0,	0.0292510986328125,	0.09719085693359375
5874449375.0,	0.02904510498046875,	0.09930419921875
5874457500.0,	0.030200958251953125,	0.09629058837890625
5874465625.0,	0.031620025634765625,	0.0982513427734375
5874473750.0,	0.029296875,	0.0958099365234375
5874481875.0,	0.030303955078125,	0.09767532348632812
5874490000.0,	0.0290985107421875,	0.0972137451171875
5874498125.0,	0.029155731201171875,	0.09647750854492188
5874506250.0,	0.03009796142578125,	0.09925460815429688
5874514375.0,	0.02733612060546875,	0.09914398193359375
5874522500.0,	0.03192901611328125,	0.09710693359375
5874530625.0,	0.031505584716796875,	0.09660720825195312
5874538750.0,	0.027736663818359375,	0.09547805786132812
5874546875.0,	0.02660369873046875,	0.09858322143554688
5874555000.0,	0.029693603515625,	0.09783554077148438
5874563125.0,	0.031032562255859375,	0.0971221923828125
5874571250.0,	0.031642913818359375,	0.09801864624023438
5874579375.0,	0.031490325927734375,	0.09683609008789062
5874587500.0,	0.03173828125,	0.09717559814453125
5874595625.0,	0.031291961669921875,	0.09709548950195312
5874603750.0,	0.031948089599609375,	0.09920883178710938
5874611875.0,	0.033203125,	0.09748458862304688
5874620000.0,	0.03208160400390625,	0.09918594360351562
5874628125.0,	0.031719207763671875,	0.09889602661132812
5874636250.0,	0.028961181640625,	0.09599685668945312
5874644375.0,	0.031017303466796875,	0.09857559204101562
5874652500.0,	0.029376983642578125,	0.0985260009765625
5874660625.0,	0.033214569091796875,	0.09900665283203125
5874668750.0,	0.031330108642578125,	0.09788894653320312
5874676875.0,	0.031047821044921875,	0.09900665283203125
5874685000.0,	0.03110504150390625,	0.09813308715820312
5874693125.0,	0.032230377197265625,	0.09919357299804688
5874701250.0,	0.03170013427734375,	0.09907913208007812
5874709375.0,	0.031635284423828125,	0.09853363037109375
5874717500.0,	0.032787322998046875,	0.09942626953125
5874725625.0,	0.031795501708984375,	0.09751510620117188
5874733750.0,	0.03342437744140625,	0.09833908081054688
5874741875.0,	0.03289794921875,	0.09795761108398438
5874750000.0,	0.032093048095703125,	0.09806060791015625
5874758125.0,	0.03170013427734375,	0.09940719604492188
5874766250.0,	0.03082275390625,	0.09875106811523438
5874774375.0,	0.032611846923828125,	0.10020828247070312
5874782500.0,	0.030956268310546875,	0.0981597900390625
5874790625.0,	0.031742095947265625,	0.09866714477539062
5874798750.0,	0.03411865234375,	0.09920501708984375
5874806875.0,	0.031890869140625,	0.10175704956054688
5874815000.0,	0.034305572509765625,	0.09994888305664062
5874823125.0,	0.032413482666015625,	0.09851837158203125
5874831250.0,	0.031642913818359375,	0.09703445434570312
5874839375.0,	0.0351715087890625,	0.1019744873046875
5874847500.0,	0.03119659423828125,	0.09941482543945312
5874855625.0,	0.03433990478515625,	0.0986175537109375
5874863750.0,	0.03182220458984375,	0.0977935791015625
5874871875.0,	0.0319976806640625,	0.09946441650390625
5874880000.0,	0.032825469970703125,	0.09960556030273438
5874888125.0,	0.034908294677734375,	0.09844589233398438
5874896250.0,	0.0343780517578125,	0.099395751953125
5874904375.0,	0.035480499267578125,	0.0988922119140625
5874912500.0,	0.030303955078125,	0.09624099731445312
5874920625.0,	0.033336639404296875,	0.09729385375976562
5874928750.0,	0.03238677978515625,	0.09941482543945312
5874936875.0,	0.03212738037109375,	0.09972763061523438
5874945000.0,	0.033294677734375,	0.10013580322265625
5874953125.0,	0.033111572265625,	0.09842681884765625
5874961250.0,	0.033901214599609375,	0.09911727905273438
5874969375.0,	0.032703399658203125,	0.09911346435546875
5874977500.0,	0.032489776611328125,	0.09949493408203125
5874985625.0,	0.033306121826171875,	0.1003875732421875
5874993750.0,	0.03350830078125,	0.098846435546875
5875001875.0,	0.034290313720703125,	0.09868621826171875
5875010000.0,	0.036670684814453125,	0.09886932373046875
5875018125.0,	0.036838531494140625,	0.09779739379882812
5875026250.0,	0.033229827880859375,	0.09972000122070312
5875034375.0,	0.03284454345703125,	0.10018157958984375
5875042500.0,	0.0328216552734375,	0.100616455078125
5875050625.0,	0.031993865966796875,	0.10127639770507812
5875058750.0,	0.034458160400390625,	0.10189056396484375
5875066875.0,	0.0341644287109375,	0.0983734130859375
5875075000.0,	0.034473419189453125,	0.10064315795898438
5875083125.0,	0.033535003662109375,	0.101806640625
5875091250.0,	0.032379150390625,	0.09726715087890625
5875099375.0,	0.032108306884765625,	0.10070419311523438
5875107500.0,	0.034046173095703125,	0.09856033325195312
5875115625.0,	0.03582000732421875,	0.10080718994140625
5875123750.0,	0.036083221435546875,	0.10198211669921875
5875131875.0,	0.032466888427734375,	0.10031509399414062
5875140000.0,	0.033893585205078125,	0.100677490234375
5875148125.0,	0.035037994384765625,	0.0976715087890625
5875156250.0,	0.036773681640625,	0.10117340087890625
5875164375.0,	0.0340576171875,	0.100311279296875
5875172500.0,	0.033863067626953125,	0.10022354125976562
5875180625.0,	0.03185272216796875,	0.10147857666015625
5875188750.0,	0.034809112548828125,	0.10038375854492188
5875196875.0,	0.036457061767578125,	0.09897232055664062
5875205000.0,	0.034496307373046875,	0.1011962890625
5875213125.0,	0.034038543701171875,	0.10086822509765625
5875221250.0,	0.033203125,	0.09992218017578125
5875229375.0,	0.03395843505859375,	0.1009674072265625
5875237500.0,	0.0355072021484375,	0.10242080688476562
5875245625.0,	0.03563690185546875,	0.09879684448242188
5875253750.0,	0.036434173583984375,	0.09843826293945312
5875261875.0,	0.0356903076171875,	0.10096359252929688
5875270000.0,	0.0321197509765625,	0.101409912109375
5875278125.0,	0.0340728759765625,	0.1015625
5875286250.0,	0.035999298095703125,	0.10001754760742188
5875294375.0,	0.036609649658203125,	0.10255050659179688
5875302500.0,	0.035274505615234375,	0.0989532470703125
5875310625.0,	0.035114288330078125,	0.10076141357421875
5875318750.0,	0.03485107421875,	0.09995269775390625
5875326875.0,	0.036266326904296875,	0.10250473022460938
5875335000.0,	0.035396575927734375,	0.10378265380859375
5875343125.0,	0.035579681396484375,	0.10123825073242188
5875351250.0,	0.0373077392578125,	0.101593017578125
5875359375.0,	0.035587310791015625,	0.1009521484375
5875367500.0,	0.03578948974609375,	0.10053253173828125
5875375625.0,	0.0339813232421875,	0.10113525390625
5875383750.0,	0.03458404541015625,	0.10187149047851562
5875391875.0,	0.03641510009765625,	0.10259628295898438
5875400000.0,	0.03755950927734375,	0.10228729248046875
5875408125.0,	0.033843994140625,	0.10034942626953125
5875416250.0,	0.035938262939453125,	0.101226806640625
5875424375.0,	0.0352325439453125,	0.10075759887695312
5875432500.0,	0.03572845458984375,	0.10178756713867188
5875440625.0,	0.035427093505859375,	0.10143280029296875
5875448750.0,	0.036647796630859375,	0.10128402709960938
5875456875.0,	0.034168243408203125,	0.10100555419921875
5875465000.0,	0.036136627197265625,	0.10065841674804688
5875473125.0,	0.03699493408203125,	0.09918975830078125
5875481250.0,	0.03564453125,	0.10211944580078125
5875489375.0,	0.03580474853515625,	0.10179901123046875
5875497500.0,	0.036712646484375,	0.10205078125
5875505625.0,	0.036121368408203125,	0.10186004638671875
5875513750.0,	0.035675048828125,	0.10179901123046875
5875521875.0,	0.03488922119140625,	0.09997940063476562
5875530000.0,	0.035335540771484375,	0.10213088989257812
5875538125.0,	0.0362548828125,	0.10203170776367188
5875546250.0,	0.036853790283203125,	0.101654052734375
5875554375.0,	0.035980224609375,	0.10238265991210938
5875562500.0,	0.036701202392578125,	0.1025543212890625
5875570625.0,	0.034610748291015625,	0.09975814819335938
5875578750.0,	0.035816192626953125,	0.10198211669921875
5875586875.0,	0.036525726318359375,	0.10363006591796875
5875595000.0,	0.03818511962890625,	0.10347366333007812
5875603125.0,	0.0357666015625,	0.10113525390625
5875611250.0,	0.03592681884765625,	0.10023117065429688
5875619375.0,	0.03678131103515625,	0.10059738159179688
5875627500.0,	0.03533172607421875,	0.10242843627929688
5875635625.0,	0.03591156005859375,	0.1021270751953125
5875643750.0,	0.038097381591796875,	0.10152435302734375
5875651875.0,	0.036579132080078125,	0.10146331787109375
5875660000.0,	0.035427093505859375,	0.10237503051757812
5875668125.0,	0.034877777099609375,	0.1021270751953125
5875676250.0,	0.03672027587890625,	0.10399627685546875
5875684375.0,	0.03780364990234375,	0.10065460205078125
5875692500.0,	0.035823822021484375,	0.10141754150390625
5875700625.0,	0.03787994384765625,	0.10155868530273438
5875708750.0,	0.037769317626953125,	0.1031646728515625
5875716875.0,	0.038135528564453125,	0.10360336303710938
5875725000.0,	0.036651611328125,	0.10048294067382812
5875733125.0,	0.036472320556640625,	0.102325439453125
5875741250.0,	0.035160064697265625,	0.10190582275390625
5875749375.0,	0.037311553955078125,	0.10050201416015625
5875757500.0,	0.03690338134765625,	0.1029205322265625
5875765625.0,	0.035770416259765625,	0.10178756713867188
5875773750.0,	0.03656005859375,	0.10275650024414062
5875781875.0,	0.03797149658203125,	0.10100173950195312
5875790000.0,	0.037509918212890625,	0.1036529541015625
5875798125.0,	0.037944793701171875,	0.10340118408203125
5875806250.0,	0.037258148193359375,	0.1036224365234375
5875814375.0,	0.036590576171875,	0.1026611328125
5875822500.0,	0.035976409912109375,	0.10125732421875
5875830625.0,	0.03560638427734375,	0.10387802124023438
5875838750.0,	0.03765106201171875,	0.10287857055664062
5875846875.0,	0.03802490234375,	0.10236358642578125
5875855000.0,	0.036182403564453125,	0.1016998291015625
5875863125.0,	0.03644561767578125,	0.1029205322265625
5875871250.0,	0.038372039794921875,	0.1030120849609375
5875879375.0,	0.038722991943359375,	0.10438919067382812
5875887500.0,	0.037708282470703125,	0.10400772094726562
5875895625.0,	0.036823272705078125,	0.10417556762695312
5875903750.0,	0.03858184814453125,	0.10111618041992188
5875911875.0,	0.03810882568359375,	0.10330581665039062
5875920000.0,	0.038066864013671875,	0.10340499877929688
5875928125.0,	0.037227630615234375,	0.102325439453125
5875936250.0,	0.037258148193359375,	0.1031951904296875
5875944375.0,	0.03813934326171875,	0.10229873657226562
5875952500.0,	0.038631439208984375,	0.10223388671875
5875960625.0,	0.037845611572265625,	0.1035003662109375
5875968750.0,	0.03960418701171875,	0.103485107421875
5875976875.0,	0.039600372314453125,	0.10373687744140625
5875985000.0,	0.0410308837890625,	0.10137939453125
5875993125.0,	0.036991119384765625,	0.10458755493164062
5876001250.0,	0.03827667236328125,	0.10242080688476562
5876009375.0,	0.03849029541015625,	0.10206222534179688
5876017500.0,	0.038204193115234375,	0.10321807861328125
5876025625.0,	0.0379180908203125,	0.10399627685546875
5876033750.0,	0.03911590576171875,	0.10253143310546875
5876041875.0,	0.03797149658203125,	0.10388565063476562
5876050000.0,	0.0388641357421875,	0.103759765625
5876058125.0,	0.039318084716796875,	0.1018524169921875
5876066250.0,	0.03903961181640625,	0.1045989990234375
5876074375.0,	0.03802490234375,	0.1025848388671875
5876082500.0,	0.0381011962890625,	0.10125732421875
5876090625.0,	0.03891754150390625,	0.10351943969726562
5876098750.0,	0.037837982177734375,	0.10162353515625
5876106875.0,	0.03981781005859375,	0.100860595703125
5876115000.0,	0.039752960205078125,	0.10364151000976562
5876123125.0,	0.03835296630859375,	0.10428619384765625
5876131250.0,	0.03722381591796875,	0.10187149047851562
5876139375.0,	0.038913726806640625,	0.10358428955078125
5876147500.0,	0.038158416748046875,	0.10338211059570312
5876155625.0,	0.038951873779296875,	0.10386276245117188
5876163750.0,	0.037158966064453125,	0.10676956176757812
5876171875.0,	0.03690338134765625,	0.1047515869140625
5876180000.0,	0.040554046630859375,	0.1035003662109375
5876188125.0,	0.0383758544921875,	0.10497283935546875
5876196250.0,	0.038234710693359375,	0.10283660888671875
5876204375.0,	0.03993988037109375,	0.10300827026367188
5876212500.0,	0.03910064697265625,	0.10660934448242188
5876220625.0,	0.038665771484375,	0.10411834716796875
5876228750.0,	0.039402008056640625,	0.10338973999023438
5876236875.0,	0.038860321044921875,	0.10377120971679688
5876245000.0,	0.0400543212890625,	0.10353851318359375
5876253125.0,	0.0402374267578125,	0.10252761840820312
5876261250.0,	0.039569854736328125,	0.10428237915039062
5876269375.0,	0.0402069091796875,	0.1031494140625
5876277500.0,	0.0407562255859375,	0.10296630859375
5876285625.0,	0.038524627685546875,	0.10381317138671875
5876293750.0,	0.039958953857421875,	0.1038360595703125
5876301875.0,	0.04077911376953125,	0.1046600341796875
5876310000.0,	0.03752899169921875,	0.10262298583984375
5876318125.0,	0.037677764892578125,	0.10357666015625
5876326250.0,	0.03968048095703125,	0.10208511352539062
5876334375.0,	0.0398406982421875,	0.10215377807617188
5876342500.0,	0.039241790771484375,	0.10594940185546875
5876350625.0,	0.039180755615234375,	0.104278564453125
5876358750.0,	0.0387420654296875,	0.10202789306640625
5876366875.0,	0.038860321044921875,	0.10342788696289062
5876375000.0,	0.039554595947265625,	0.101104736328125
5876383125.0,	0.0398406982421875,	0.1047515869140625
5876391250.0,	0.040584564208984375,	0.10529327392578125
5876399375.0,	0.039653778076171875,	0.1043243408203125
5876407500.0,	0.041156768798828125,	0.10269546508789062
5876415625.0,	0.04241943359375,	0.10302734375
5876423750.0,	0.037586212158203125,	0.10409164428710938
5876431875.0,	0.039531707763671875,	0.10334396362304688
5876440000.0,	0.040157318115234375,	0.10361862182617188
5876448125.0,	0.039470672607421875,	0.1040802001953125
5876456250.0,	0.039585113525390625,	0.10387420654296875
5876464375.0,	0.03975677490234375,	0.10491943359375
5876472500.0,	0.039173126220703125,	0.10269927978515625
5876480625.0,	0.039249420166015625,	0.1053619384765625
5876488750.0,	0.03907012939453125,	0.10353851318359375
5876496875.0,	0.03948974609375,	0.10609054565429688
5876505000.0,	0.041187286376953125,	0.10626983642578125
5876513125.0,	0.04204559326171875,	0.10388565063476562
5876521250.0,	0.041362762451171875,	0.1071929931640625
5876529375.0,	0.039455413818359375,	0.10390472412109375
5876537500.0,	0.042018890380859375,	0.10256195068359375
5876545625.0,	0.04041290283203125,	0.10604476928710938
5876553750.0,	0.041595458984375,	0.10415267944335938
5876561875.0,	0.040935516357421875,	0.10231399536132812
5876570000.0,	0.04077911376953125,	0.10339736938476562
5876578125.0,	0.041042327880859375,	0.10384368896484375
5876586250.0,	0.04084014892578125,	0.1049652099609375
5876594375.0,	0.043262481689453125,	0.10451126098632812
5876602500.0,	0.042186737060546875,	0.10562896728515625
5876610625.0,	0.042339324951171875,	0.10472488403320312
5876618750.0,	0.03968048095703125,	0.10599136352539062
5876626875.0,	0.040943145751953125,	0.10483932495117188
5876635000.0,	0.04007720947265625,	0.10204315185546875
5876643125.0,	0.038509368896484375,	0.10530471801757812
5876651250.0,	0.04189300537109375,	0.1027984619140625
5876659375.0,	0.042751312255859375,	0.10678863525390625
5876667500.0,	0.041805267333984375,	0.10377883911132812
5876675625.0,	0.040130615234375,	0.1048431396484375
5876683750.0,	0.043018341064453125,	0.10457611083984375
5876691875.0,	0.04204559326171875,	0.10529708862304688
5876700000.0,	0.040225982666015625,	0.106170654296875
5876708125.0,	0.041828155517578125,	0.10557937622070312
5876716250.0,	0.0418243408203125,	0.10659027099609375
5876724375.0,	0.0391845703125,	0.105865478515625
5876732500.0,	0.04224395751953125,	0.10284805297851562
5876740625.0,	0.0413360595703125,	0.106781005859375
5876748750.0,	0.041156768798828125,	0.104888916015625
5876756875.0,	0.0404510498046875,	0.106964111328125
5876765000.0,	0.040584564208984375,	0.10418701171875
5876773125.0,	0.042118072509765625,	0.10235214233398438
5876781250.0,	0.0418548583984375,	0.106231689453125
5876789375.0,	0.041988372802734375,	0.10442352294921875
5876797500.0,	0.04177093505859375,	0.10428237915039062
5876805625.0,	0.04097747802734375,	0.10648727416992188
5876813750.0,	0.04169464111328125,	0.10487747192382812
5876821875.0,	0.04206085205078125,	0.10652923583984375
5876830000.0,	0.041011810302734375,	0.1064910888671875
5876838125.0,	0.041400909423828125,	0.1046142578125
5876846250.0,	0.039875030517578125,	0.10543441772460938
5876854375.0,	0.04148101806640625,	0.10520172119140625
5876862500.0,	0.04239654541015625,	0.10512161254882812
5876870625.0,	0.03985595703125,	0.10582351684570312
5876878750.0,	0.042156219482421875,	0.10546112060546875
5876886875.0,	0.0418548583984375,	0.10446548461914062
5876895000.0,	0.040515899658203125,	0.10575103759765625
5876903125.0,	0.04254913330078125,	0.10611343383789062
5876911250.0,	0.041790008544921875,	0.10628509521484375
5876919375.0,	0.0424957275390625,	0.10521697998046875
5876927500.0,	0.040943145751953125,	0.10633087158203125
5876935625.0,	0.0430145263671875,	0.10493087768554688
5876943750.0,	0.040927886962890625,	0.10554885864257812
5876951875.0,	0.042827606201171875,	0.10301971435546875
5876960000.0,	0.042633056640625,	0.10521316528320312
5876968125.0,	0.041412353515625,	0.10468292236328125
5876976250.0,	0.04210662841796875,	0.10434341430664062
5876984375.0,	0.041015625,	0.1061553955078125
5876992500.0,	0.04233551025390625,	0.10553741455078125
5877000625.0,	0.04339599609375,	0.10631179809570312
5877008750.0,	0.041988372802734375,	0.10613632202148438
5877016875.0,	0.042911529541015625,	0.10639190673828125
5877025000.0,	0.043483734130859375,	0.10745620727539062
5877033125.0,	0.042064666748046875,	0.10616683959960938
5877041250.0,	0.0451507568359375,	0.1062469482421875
5877049375.0,	0.043914794921875,	0.105743408203125
5877057500.0,	0.042606353759765625,	0.10646820068359375
5877065625.0,	0.04193878173828125,	0.10435104370117188
5877073750.0,	0.0421142578125,	0.10498046875
5877081875.0,	0.042572021484375,	0.10713958740234375
5877090000.0,	0.0413360595703125,	0.10414505004882812
5877098125.0,	0.04221343994140625,	0.10877227783203125
5877106250.0,	0.041767120361328125,	0.10484695434570312
5877114375.0,	0.042758941650390625,	0.10448455810546875
5877122500.0,	0.044345855712890625,	0.10454177856445312
5877130625.0,	0.0406341552734375,	0.10689163208007812
5877138750.0,	0.041736602783203125,	0.10625076293945312
5877146875.0,	0.042316436767578125,	0.10634994506835938
5877155000.0,	0.04303741455078125,	0.10388946533203125
5877163125.0,	0.043792724609375,	0.10636138916015625
5877171250.0,	0.0438079833984375,	0.10644912719726562
5877179375.0,	0.04524993896484375,	0.10507583618164062
5877187500.0,	0.043735504150390625,	0.10521316528320312
5877195625.0,	0.04149627685546875,	0.106048583984375
5877203750.0,	0.0438079833984375,	0.1043548583984375
5877211875.0,	0.044727325439453125,	0.10699462890625
5877220000.0,	0.042423248291015625,	0.10573196411132812
5877228125.0,	0.04293060302734375,	0.10512924194335938
5877236250.0,	0.043170928955078125,	0.10339736938476562
5877244375.0,	0.042926788330078125,	0.10469818115234375
5877252500.0,	0.043155670166015625,	0.10511016845703125
5877260625.0,	0.044017791748046875,	0.10690689086914062
5877268750.0,	0.04376983642578125,	0.10593795776367188
5877276875.0,	0.043590545654296875,	0.10531234741210938
5877285000.0,	0.04315948486328125,	0.10594558715820312
5877293125.0,	0.044342041015625,	0.10680007934570312
5877301250.0,	0.043315887451171875,	0.10759735107421875
5877309375.0,	0.044887542724609375,	0.10633087158203125
5877317500.0,	0.042217254638671875,	0.10763168334960938
5877325625.0,	0.0444488525390625,	0.1036224365234375
5877333750.0,	0.042331695556640625,	0.1072540283203125
5877341875.0,	0.04111480712890625,	0.10415267944335938
5877350000.0,	0.042255401611328125,	0.10586929321289062
5877358125.0,	0.042552947998046875,	0.10654449462890625
5877366250.0,	0.045318603515625,	0.10320281982421875
5877374375.0,	0.04488372802734375,	0.10506820678710938
5877382500.0,	0.041584014892578125,	0.10355758666992188
5877390625.0,	0.043445587158203125,	0.1057586669921875
5877398750.0,	0.042278289794921875,	0.105438232421875
5877406875.0,	0.04498291015625,	0.10386276245117188
5877415000.0,	0.044586181640625,	0.10618209838867188
5877423125.0,	0.043956756591796875,	0.10669326782226562
5877431250.0,	0.042964935302734375,	0.105987548828125
5877439375.0,	0.04436492919921875,	0.10406494140625
5877447500.0,	0.043365478515625,	0.10543441772460938
5877455625.0,	0.04518890380859375,	0.10506820678710938
5877463750.0,	0.042385101318359375,	0.10799789428710938
5877471875.0,	0.043659210205078125,	0.10837173461914062
5877480000.0,	0.0440673828125,	0.10631179809570312
5877488125.0,	0.0432586669921875,	0.10472869873046875
5877496250.0,	0.043010711669921875,	0.10585403442382812
5877504375.0,	0.0457000732421875,	0.10614776611328125
5877512500.0,	0.0446624755859375,	0.10651779174804688
5877520625.0,	0.04449462890625,	0.10553359985351562
5877528750.0,	0.04517364501953125,	0.10528564453125
5877536875.0,	0.043804168701171875,	0.10419082641601562
5877545000.0,	0.044124603271484375,	0.10607528686523438
5877553125.0,	0.044185638427734375,	0.10609054565429688
5877561250.0,	0.043483734130859375,	0.10746002197265625
5877569375.0,	0.043064117431640625,	0.10701370239257812
5877577500.0,	0.042449951171875,	0.1057281494140625
5877585625.0,	0.04386138916015625,	0.10576629638671875
5877593750.0,	0.044979095458984375,	0.10712051391601562
5877601875.0,	0.04510498046875,	0.10619735717773438
5877610000.0,	0.045772552490234375,	0.10602951049804688
5877618125.0,	0.04459381103515625,	0.106201171875
5877626250.0,	0.04486846923828125,	0.10613632202148438
5877634375.0,	0.043804168701171875,	0.10570907592773438
5877642500.0,	0.044429779052734375,	0.10712814331054688
5877650625.0,	0.044437408447265625,	0.10424423217773438
5877658750.0,	0.04460906982421875,	0.10573196411132812
5877666875.0,	0.044040679931640625,	0.10686874389648438
5877675000.0,	0.044525146484375,	0.10695266723632812
5877683125.0,	0.043010711669921875,	0.1064453125
5877691250.0,	0.04561614990234375,	0.10726165771484375
5877699375.0,	0.04485321044921875,	0.10562896728515625
5877707500.0,	0.044403076171875,	0.1080169677734375
5877715625.0,	0.042667388916015625,	0.10648727416992188
5877723750.0,	0.04697418212890625,	0.10744857788085938
5877731875.0,	0.043231964111328125,	0.1065673828125
5877740000.0,	0.044464111328125,	0.10689544677734375
5877748125.0,	0.04241180419921875,	0.10618209838867188
5877756250.0,	0.044429779052734375,	0.10560226440429688
5877764375.0,	0.047283172607421875,	0.10628890991210938
5877772500.0,	0.04514312744140625,	0.10625076293945312
5877780625.0,	0.043277740478515625,	0.10543441772460938
5877788750.0,	0.0435333251953125,	0.10724639892578125
5877796875.0,	0.04340362548828125,	0.10763168334960938
5877805000.0,	0.0432586669921875,	0.107025146484375
5877813125.0,	0.041515350341796875,	0.10711288452148438
5877821250.0,	0.0442352294921875,	0.105804443359375
5877829375.0,	0.046573638916015625,	0.1075286865234375
5877837500.0,	0.0467376708984375,	0.10634231567382812
5877845625.0,	0.044818878173828125,	0.10767745971679688
5877853750.0,	0.04363250732421875,	0.10541534423828125
5877861875.0,	0.04454803466796875,	0.10730361938476562
5877870000.0,	0.045925140380859375,	0.10806655883789062
5877878125.0,	0.044651031494140625,	0.10660934448242188
5877886250.0,	0.043849945068359375,	0.10723876953125
5877894375.0,	0.04642486572265625,	0.1069488525390625
5877902500.0,	0.04561614990234375,	0.1066741943359375
5877910625.0,	0.04598236083984375,	0.10696029663085938
5877918750.0,	0.04441070556640625,	0.107147216796875
5877926875.0,	0.044208526611328125,	0.1066131591796875
5877935000.0,	0.04412078857421875,	0.10619735717773438
5877943125.0,	0.04419708251953125,	0.1060333251953125
5877951250.0,	0.045169830322265625,	0.10731887817382812
5877959375.0,	0.0447845458984375,	0.10731124877929688
5877967500.0,	0.0457611083984375,	0.10703277587890625
5877975625.0,	0.04425811767578125,	0.10895538330078125
5877983750.0,	0.045734405517578125,	0.1059417724609375
5877991875.0,	0.045429229736328125,	0.10825347900390625
5878000000.0,	0.04512786865234375,	0.10728073120117188
