5333014375.0,	0.06082725524902344,	0.059726715087890625
5333028750.0,	0.06133842468261719,	0.059051513671875
5333043125.0,	0.0590057373046875,	0.058467864990234375
5333057500.0,	0.05898094177246094,	0.05849456787109375
5333071875.0,	0.061397552490234375,	0.05824851989746094
5333086250.0,	0.060791015625,	0.05901145935058594
5333100625.0,	0.06285858154296875,	0.058650970458984375
5333115000.0,	0.06114387512207031,	0.059047698974609375
5333129375.0,	0.06173133850097656,	0.058658599853515625
5333143750.0,	0.060089111328125,	0.05720329284667969
5333158125.0,	0.05999755859375,	0.0554656982421875
5333172500.0,	0.061756134033203125,	0.0604095458984375
5333186875.0,	0.062305450439453125,	0.058872222900390625
5333201250.0,	0.06037330627441406,	0.05782127380371094
5333215625.0,	0.05841827392578125,	0.059345245361328125
5333230000.0,	0.06064414978027344,	0.059551239013671875
5333244375.0,	0.060077667236328125,	0.05894660949707031
5333258750.0,	0.06023979187011719,	0.05816459655761719
5333273125.0,	0.05999946594238281,	0.05903434753417969
5333287500.0,	0.05902671813964844,	0.05864906311035156
5333301875.0,	0.06107139587402344,	0.056751251220703125
5333316250.0,	0.060626983642578125,	0.05738258361816406
5333330625.0,	0.05946540832519531,	0.059368133544921875
5333345000.0,	0.05823326110839844,	0.058185577392578125
5333359375.0,	0.05977821350097656,	0.05944061279296875
5333373750.0,	0.061573028564453125,	0.05739402770996094
5333388125.0,	0.060863494873046875,	0.057277679443359375
5333402500.0,	0.060634613037109375,	0.05731964111328125
5333416875.0,	0.06034278869628906,	0.06005287170410156
5333431250.0,	0.06061744689941406,	0.05808830261230469
5333445625.0,	0.05971336364746094,	0.059589385986328125
5333460000.0,	0.05993461608886719,	0.05728721618652344
5333474375.0,	0.06176948547363281,	0.05724334716796875
5333488750.0,	0.059967041015625,	0.057125091552734375
5333503125.0,	0.06080055236816406,	0.05699348449707031
5333517500.0,	0.06075096130371094,	0.058681488037109375
5333531875.0,	0.0617828369140625,	0.056507110595703125
5333546250.0,	0.06260299682617188,	0.058399200439453125
5333560625.0,	0.06081199645996094,	0.05967521667480469
5333575000.0,	0.06251907348632812,	0.0579681396484375
5333589375.0,	0.0585784912109375,	0.058361053466796875
5333603750.0,	0.062408447265625,	0.05620765686035156
5333618125.0,	0.061031341552734375,	0.058826446533203125
5333632500.0,	0.06238746643066406,	0.0573272705078125
5333646875.0,	0.059169769287109375,	0.058406829833984375
5333661250.0,	0.06254959106445312,	0.058307647705078125
5333675625.0,	0.06208610534667969,	0.05851173400878906
5333690000.0,	0.05941009521484375,	0.05892181396484375
5333704375.0,	0.05989265441894531,	0.05596923828125
5333718750.0,	0.06025886535644531,	0.059543609619140625
5333733125.0,	0.06154060363769531,	0.05666351318359375
5333747500.0,	0.0605621337890625,	0.05978965759277344
5333761875.0,	0.06141090393066406,	0.058258056640625
5333776250.0,	0.06095314025878906,	0.058383941650390625
5333790625.0,	0.061100006103515625,	0.05589103698730469
5333805000.0,	0.061275482177734375,	0.058704376220703125
5333819375.0,	0.06121826171875,	0.05697822570800781
5333833750.0,	0.061107635498046875,	0.05701446533203125
5333848125.0,	0.063323974609375,	0.057971954345703125
5333862500.0,	0.06184577941894531,	0.059024810791015625
5333876875.0,	0.06091499328613281,	0.057521820068359375
5333891250.0,	0.06134223937988281,	0.05814933776855469
5333905625.0,	0.05994606018066406,	0.05831336975097656
5333920000.0,	0.05997276306152344,	0.05864906311035156
5333934375.0,	0.062030792236328125,	0.057910919189453125
5333948750.0,	0.06054115295410156,	0.05780792236328125
5333963125.0,	0.05888175964355469,	0.05639076232910156
5333977500.0,	0.058624267578125,	0.056041717529296875
5333991875.0,	0.06043243408203125,	0.057464599609375
5334006250.0,	0.060497283935546875,	0.058223724365234375
5334020625.0,	0.06093788146972656,	0.0594635009765625
5334035000.0,	0.060482025146484375,	0.05634117126464844
5334049375.0,	0.05989837646484375,	0.05720329284667969
5334063750.0,	0.058628082275390625,	0.05960845947265625
5334078125.0,	0.062366485595703125,	0.0575408935546875
5334092500.0,	0.06037330627441406,	0.058917999267578125
5334106875.0,	0.059604644775390625,	0.05837059020996094
5334121250.0,	0.06006431579589844,	0.05559349060058594
5334135625.0,	0.06241035461425781,	0.057453155517578125
5334150000.0,	0.06063079833984375,	0.056369781494140625
5334164375.0,	0.0589752197265625,	0.055438995361328125
5334178750.0,	0.05925750732421875,	0.05883979797363281
5334193125.0,	0.060375213623046875,	0.058116912841796875
5334207500.0,	0.06179046630859375,	0.0570526123046875
5334221875.0,	0.0606231689453125,	0.057537078857421875
5334236250.0,	0.05900764465332031,	0.057079315185546875
5334250625.0,	0.06178855895996094,	0.05982398986816406
5334265000.0,	0.06177330017089844,	0.0576324462890625
5334279375.0,	0.05932426452636719,	0.058071136474609375
5334293750.0,	0.062480926513671875,	0.05908966064453125
5334308125.0,	0.06192207336425781,	0.057292938232421875
5334322500.0,	0.06198692321777344,	0.05581474304199219
5334336875.0,	0.06200218200683594,	0.0562896728515625
5334351250.0,	0.062835693359375,	0.0574798583984375
5334365625.0,	0.06208229064941406,	0.05767250061035156
5334380000.0,	0.061443328857421875,	0.056732177734375
5334394375.0,	0.060634613037109375,	0.055561065673828125
5334408750.0,	0.06072044372558594,	0.05839729309082031
5334423125.0,	0.061305999755859375,	0.05802345275878906
5334437500.0,	0.062652587890625,	0.0579681396484375
5334451875.0,	0.05987739562988281,	0.05394554138183594
5334466250.0,	0.06075286865234375,	0.05631065368652344
5334480625.0,	0.061702728271484375,	0.05588340759277344
5334495000.0,	0.06110572814941406,	0.05654716491699219
5334509375.0,	0.061649322509765625,	0.05558967590332031
5334523750.0,	0.06162452697753906,	0.05824470520019531
5334538125.0,	0.06120872497558594,	0.05628013610839844
5334552500.0,	0.059967041015625,	0.05698204040527344
5334566875.0,	0.0616912841796875,	0.05663108825683594
5334581250.0,	0.06073951721191406,	0.056613922119140625
5334595625.0,	0.0619659423828125,	0.0545501708984375
5334610000.0,	0.06048774719238281,	0.05767250061035156
5334624375.0,	0.06233406066894531,	0.055332183837890625
5334638750.0,	0.062652587890625,	0.05606842041015625
5334653125.0,	0.06156730651855469,	0.055706024169921875
5334667500.0,	0.062480926513671875,	0.05550193786621094
5334681875.0,	0.06251144409179688,	0.0559844970703125
5334696250.0,	0.06145286560058594,	0.054840087890625
5334710625.0,	0.06218147277832031,	0.056243896484375
5334725000.0,	0.06037330627441406,	0.05788421630859375
5334739375.0,	0.06321334838867188,	0.05780029296875
5334753750.0,	0.06238555908203125,	0.054729461669921875
5334768125.0,	0.0632476806640625,	0.057308197021484375
5334782500.0,	0.06011009216308594,	0.0572967529296875
5334796875.0,	0.06151008605957031,	0.058101654052734375
5334811250.0,	0.06040763854980469,	0.05599021911621094
5334825625.0,	0.06245231628417969,	0.05709648132324219
5334840000.0,	0.06172752380371094,	0.05702400207519531
5334854375.0,	0.06046295166015625,	0.057994842529296875
5334868750.0,	0.06154441833496094,	0.05596351623535156
5334883125.0,	0.06139373779296875,	0.05634117126464844
5334897500.0,	0.0610809326171875,	0.05794334411621094
5334911875.0,	0.06344223022460938,	0.057300567626953125
5334926250.0,	0.06351089477539062,	0.056354522705078125
5334940625.0,	0.05933952331542969,	0.05589103698730469
5334955000.0,	0.06255340576171875,	0.055545806884765625
5334969375.0,	0.06229400634765625,	0.054790496826171875
5334983750.0,	0.06295394897460938,	0.058551788330078125
5334998125.0,	0.06231498718261719,	0.05725860595703125
5335012500.0,	0.062000274658203125,	0.05674934387207031
5335026875.0,	0.06258010864257812,	0.055103302001953125
5335041250.0,	0.06211090087890625,	0.05475807189941406
5335055625.0,	0.06236457824707031,	0.05699920654296875
5335070000.0,	0.060771942138671875,	0.05415153503417969
5335084375.0,	0.061130523681640625,	0.05588531494140625
5335098750.0,	0.06150245666503906,	0.05731964111328125
5335113125.0,	0.06280517578125,	0.054996490478515625
5335127500.0,	0.0601348876953125,	0.05548286437988281
5335141875.0,	0.06202888488769531,	0.05667877197265625
5335156250.0,	0.06058502197265625,	0.05644989013671875
5335170625.0,	0.059963226318359375,	0.05620765686035156
5335185000.0,	0.06238746643066406,	0.0566864013671875
5335199375.0,	0.05947685241699219,	0.05644035339355469
5335213750.0,	0.060245513916015625,	0.05686759948730469
5335228125.0,	0.06170463562011719,	0.056728363037109375
5335242500.0,	0.0635986328125,	0.055599212646484375
5335256875.0,	0.05987739562988281,	0.05734443664550781
5335271250.0,	0.06283187866210938,	0.05731201171875
5335285625.0,	0.062007904052734375,	0.05544471740722656
5335300000.0,	0.061126708984375,	0.05477714538574219
5335314375.0,	0.06313705444335938,	0.054363250732421875
5335328750.0,	0.06349563598632812,	0.05644989013671875
5335343125.0,	0.06249046325683594,	0.05498504638671875
5335357500.0,	0.06149482727050781,	0.056003570556640625
5335371875.0,	0.06223487854003906,	0.05338096618652344
5335386250.0,	0.0632781982421875,	0.055309295654296875
5335400625.0,	0.05978202819824219,	0.05561637878417969
5335415000.0,	0.06077384948730469,	0.05543327331542969
5335429375.0,	0.06270217895507812,	0.054347991943359375
5335443750.0,	0.06315231323242188,	0.054317474365234375
5335458125.0,	0.0603179931640625,	0.05553627014160156
5335472500.0,	0.061798095703125,	0.05365180969238281
5335486875.0,	0.06006431579589844,	0.05472755432128906
5335501250.0,	0.06177711486816406,	0.05704689025878906
5335515625.0,	0.06187629699707031,	0.055690765380859375
5335530000.0,	0.06108665466308594,	0.05608367919921875
5335544375.0,	0.060455322265625,	0.05687522888183594
5335558750.0,	0.06292724609375,	0.055545806884765625
5335573125.0,	0.06105804443359375,	0.05603790283203125
5335587500.0,	0.061214447021484375,	0.055454254150390625
5335601875.0,	0.06254959106445312,	0.056060791015625
5335616250.0,	0.06170845031738281,	0.054950714111328125
5335630625.0,	0.06148338317871094,	0.056743621826171875
5335645000.0,	0.06406021118164062,	0.05313873291015625
5335659375.0,	0.06264877319335938,	0.05516815185546875
5335673750.0,	0.06452178955078125,	0.056034088134765625
5335688125.0,	0.06149482727050781,	0.05355072021484375
5335702500.0,	0.06156730651855469,	0.05408668518066406
5335716875.0,	0.06211662292480469,	0.055782318115234375
5335731250.0,	0.06184196472167969,	0.05607414245605469
5335745625.0,	0.060016632080078125,	0.05577278137207031
5335760000.0,	0.062480926513671875,	0.055965423583984375
5335774375.0,	0.06159782409667969,	0.05484199523925781
5335788750.0,	0.0616912841796875,	0.054851531982421875
5335803125.0,	0.06328582763671875,	0.055522918701171875
5335817500.0,	0.06219291687011719,	0.055873870849609375
5335831875.0,	0.06102943420410156,	0.05352210998535156
5335846250.0,	0.06247520446777344,	0.05757713317871094
5335860625.0,	0.06044197082519531,	0.05520820617675781
5335875000.0,	0.06083869934082031,	0.0541229248046875
5335889375.0,	0.062469482421875,	0.05403709411621094
5335903750.0,	0.061756134033203125,	0.0568389892578125
5335918125.0,	0.061248779296875,	0.05521392822265625
5335932500.0,	0.06230354309082031,	0.052684783935546875
5335946875.0,	0.06261444091796875,	0.05567169189453125
5335961250.0,	0.06183052062988281,	0.05389976501464844
5335975625.0,	0.06204986572265625,	0.0547027587890625
5335990000.0,	0.06341552734375,	0.0540313720703125
5336004375.0,	0.06227684020996094,	0.055538177490234375
5336018750.0,	0.06048011779785156,	0.05381965637207031
5336033125.0,	0.061656951904296875,	0.0565185546875
5336047500.0,	0.061309814453125,	0.05448722839355469
5336061875.0,	0.062042236328125,	0.055675506591796875
5336076250.0,	0.06141090393066406,	0.05564117431640625
5336090625.0,	0.061187744140625,	0.05413055419921875
5336105000.0,	0.061321258544921875,	0.05388641357421875
5336119375.0,	0.06278228759765625,	0.053211212158203125
5336133750.0,	0.06304931640625,	0.055049896240234375
5336148125.0,	0.0611572265625,	0.05306816101074219
5336162500.0,	0.06229591369628906,	0.05343055725097656
5336176875.0,	0.06116294860839844,	0.0519561767578125
5336191250.0,	0.06223869323730469,	0.05360221862792969
5336205625.0,	0.06255340576171875,	0.055240631103515625
5336220000.0,	0.0625152587890625,	0.054370880126953125
5336234375.0,	0.062290191650390625,	0.05434608459472656
5336248750.0,	0.06236076354980469,	0.052837371826171875
5336263125.0,	0.06184577941894531,	0.055927276611328125
5336277500.0,	0.06364822387695312,	0.05307769775390625
5336291875.0,	0.059551239013671875,	0.054553985595703125
5336306250.0,	0.06158447265625,	0.052936553955078125
5336320625.0,	0.061031341552734375,	0.05396461486816406
5336335000.0,	0.062381744384765625,	0.05529022216796875
5336349375.0,	0.06268310546875,	0.05278778076171875
5336363750.0,	0.061672210693359375,	0.05562591552734375
5336378125.0,	0.06234550476074219,	0.05374717712402344
5336392500.0,	0.063995361328125,	0.052745819091796875
5336406875.0,	0.062347412109375,	0.05228996276855469
5336421250.0,	0.061321258544921875,	0.05355262756347656
5336435625.0,	0.06345748901367188,	0.05283355712890625
5336450000.0,	0.0625762939453125,	0.053783416748046875
5336464375.0,	0.06168174743652344,	0.051548004150390625
5336478750.0,	0.06165504455566406,	0.05266380310058594
5336493125.0,	0.06112480163574219,	0.05075836181640625
5336507500.0,	0.06140708923339844,	0.05472755432128906
5336521875.0,	0.06123542785644531,	0.05360221862792969
5336536250.0,	0.05966758728027344,	0.05568885803222656
5336550625.0,	0.06264877319335938,	0.053279876708984375
5336565000.0,	0.06197357177734375,	0.05403900146484375
5336579375.0,	0.06071662902832031,	0.05386543273925781
5336593750.0,	0.06382369995117188,	0.054443359375
5336608125.0,	0.06338119506835938,	0.05257415771484375
5336622500.0,	0.06013298034667969,	0.050373077392578125
5336636875.0,	0.060420989990234375,	0.0526123046875
5336651250.0,	0.06366348266601562,	0.05297088623046875
5336665625.0,	0.06209564208984375,	0.053409576416015625
5336680000.0,	0.0632781982421875,	0.052143096923828125
5336694375.0,	0.06093597412109375,	0.05508995056152344
5336708750.0,	0.06226921081542969,	0.0541229248046875
5336723125.0,	0.06011199951171875,	0.0514678955078125
5336737500.0,	0.06309890747070312,	0.0529022216796875
5336751875.0,	0.06287384033203125,	0.054431915283203125
5336766250.0,	0.06129264831542969,	0.053562164306640625
5336780625.0,	0.06337738037109375,	0.052005767822265625
5336795000.0,	0.06197357177734375,	0.053295135498046875
5336809375.0,	0.06218719482421875,	0.05323219299316406
5336823750.0,	0.06022834777832031,	0.05296516418457031
5336838125.0,	0.06060791015625,	0.052768707275390625
5336852500.0,	0.061187744140625,	0.052181243896484375
5336866875.0,	0.060665130615234375,	0.05408477783203125
5336881250.0,	0.06365203857421875,	0.052581787109375
5336895625.0,	0.06217002868652344,	0.05585479736328125
5336910000.0,	0.06124687194824219,	0.0516204833984375
5336924375.0,	0.06175994873046875,	0.05300140380859375
5336938750.0,	0.062046051025390625,	0.05061531066894531
5336953125.0,	0.0626983642578125,	0.053256988525390625
5336967500.0,	0.06257247924804688,	0.052326202392578125
5336981875.0,	0.064056396484375,	0.050556182861328125
5336996250.0,	0.06409835815429688,	0.05118560791015625
5337010625.0,	0.06280136108398438,	0.052791595458984375
5337025000.0,	0.06239509582519531,	0.052356719970703125
5337039375.0,	0.062183380126953125,	0.05231285095214844
5337053750.0,	0.06430816650390625,	0.05358123779296875
5337068125.0,	0.063018798828125,	0.051647186279296875
5337082500.0,	0.06137657165527344,	0.05258941650390625
5337096875.0,	0.06186866760253906,	0.05203056335449219
5337111250.0,	0.06238746643066406,	0.052272796630859375
5337125625.0,	0.06229972839355469,	0.05431365966796875
5337140000.0,	0.0617218017578125,	0.05255699157714844
5337154375.0,	0.06290435791015625,	0.051025390625
5337168750.0,	0.06072425842285156,	0.05050468444824219
5337183125.0,	0.06075286865234375,	0.05146598815917969
5337197500.0,	0.06209564208984375,	0.05045127868652344
5337211875.0,	0.06036567687988281,	0.0532684326171875
5337226250.0,	0.061153411865234375,	0.05209159851074219
5337240625.0,	0.06179046630859375,	0.053791046142578125
5337255000.0,	0.06157684326171875,	0.05154991149902344
5337269375.0,	0.061428070068359375,	0.05214691162109375
5337283750.0,	0.060695648193359375,	0.053897857666015625
5337298125.0,	0.06405258178710938,	0.052303314208984375
5337312500.0,	0.06080055236816406,	0.05247306823730469
5337326875.0,	0.06179618835449219,	0.05175971984863281
5337341250.0,	0.06138801574707031,	0.05291175842285156
5337355625.0,	0.06263351440429688,	0.05240631103515625
5337370000.0,	0.06238365173339844,	0.05232048034667969
5337384375.0,	0.0612030029296875,	0.050373077392578125
5337398750.0,	0.064361572265625,	0.05229949951171875
5337413125.0,	0.061065673828125,	0.05064582824707031
5337427500.0,	0.06377792358398438,	0.052127838134765625
5337441875.0,	0.06378555297851562,	0.050434112548828125
5337456250.0,	0.06339645385742188,	0.05054473876953125
5337470625.0,	0.06262969970703125,	0.05091094970703125
5337485000.0,	0.06196022033691406,	0.05112648010253906
5337499375.0,	0.06167793273925781,	0.0497894287109375
5337513750.0,	0.06366729736328125,	0.052295684814453125
5337528125.0,	0.06081962585449219,	0.05112648010253906
5337542500.0,	0.06298828125,	0.0515289306640625
5337556875.0,	0.06247138977050781,	0.05114936828613281
5337571250.0,	0.06416702270507812,	0.05108642578125
5337585625.0,	0.0626373291015625,	0.050441741943359375
5337600000.0,	0.05988121032714844,	0.05146026611328125
5337614375.0,	0.06103706359863281,	0.05018806457519531
5337628750.0,	0.06399154663085938,	0.0499267578125
5337643125.0,	0.0626373291015625,	0.051258087158203125
5337657500.0,	0.06080055236816406,	0.05242347717285156
5337671875.0,	0.06130027770996094,	0.049442291259765625
5337686250.0,	0.06167793273925781,	0.05043983459472656
5337700625.0,	0.0633392333984375,	0.048923492431640625
5337715000.0,	0.061279296875,	0.04859352111816406
5337729375.0,	0.06249427795410156,	0.052337646484375
5337743750.0,	0.062099456787109375,	0.05110359191894531
5337758125.0,	0.0637054443359375,	0.050212860107421875
5337772500.0,	0.06305694580078125,	0.04962921142578125
5337786875.0,	0.06190299987792969,	0.0505523681640625
5337801250.0,	0.06407546997070312,	0.050140380859375
5337815625.0,	0.06329727172851562,	0.04949951171875
5337830000.0,	0.06456375122070312,	0.05060577392578125
5337844375.0,	0.06144142150878906,	0.0506439208984375
5337858750.0,	0.061107635498046875,	0.04874610900878906
5337873125.0,	0.062164306640625,	0.04986381530761719
5337887500.0,	0.059673309326171875,	0.049587249755859375
5337901875.0,	0.060512542724609375,	0.050601959228515625
5337916250.0,	0.06304931640625,	0.051593780517578125
5337930625.0,	0.06169700622558594,	0.04986381530761719
5337945000.0,	0.06304931640625,	0.05068206787109375
5337959375.0,	0.06209754943847656,	0.052661895751953125
5337973750.0,	0.06272125244140625,	0.049346923828125
5337988125.0,	0.06202507019042969,	0.04780387878417969
5338002500.0,	0.06142997741699219,	0.04979705810546875
5338016875.0,	0.0615234375,	0.05092620849609375
5338031250.0,	0.06249046325683594,	0.05078697204589844
5338045625.0,	0.06395721435546875,	0.050537109375
5338060000.0,	0.05956840515136719,	0.0473785400390625
5338074375.0,	0.05983161926269531,	0.048198699951171875
5338088750.0,	0.05997467041015625,	0.0496368408203125
5338103125.0,	0.06163215637207031,	0.048915863037109375
5338117500.0,	0.062274932861328125,	0.05164146423339844
5338131875.0,	0.06338119506835938,	0.050472259521484375
5338146250.0,	0.06166267395019531,	0.050201416015625
5338160625.0,	0.063018798828125,	0.05065155029296875
5338175000.0,	0.06298446655273438,	0.0499725341796875
5338189375.0,	0.06279754638671875,	0.049285888671875
5338203750.0,	0.06240081787109375,	0.05200386047363281
5338218125.0,	0.06281280517578125,	0.0502777099609375
5338232500.0,	0.06205940246582031,	0.049579620361328125
5338246875.0,	0.060192108154296875,	0.04917144775390625
5338261250.0,	0.06158638000488281,	0.049488067626953125
5338275625.0,	0.05911064147949219,	0.04772186279296875
5338290000.0,	0.06036567687988281,	0.049221038818359375
5338304375.0,	0.06221771240234375,	0.049407958984375
5338318750.0,	0.06229591369628906,	0.05025291442871094
5338333125.0,	0.060184478759765625,	0.05005455017089844
5338347500.0,	0.06065559387207031,	0.04762840270996094
5338361875.0,	0.0636444091796875,	0.049182891845703125
5338376250.0,	0.06287384033203125,	0.0464630126953125
5338390625.0,	0.061092376708984375,	0.04927635192871094
5338405000.0,	0.06290817260742188,	0.0474700927734375
5338419375.0,	0.06249427795410156,	0.04961395263671875
5338433750.0,	0.062530517578125,	0.048786163330078125
5338448125.0,	0.06133460998535156,	0.049762725830078125
5338462500.0,	0.062068939208984375,	0.04676628112792969
5338476875.0,	0.06045341491699219,	0.04898643493652344
5338491250.0,	0.06106758117675781,	0.04653358459472656
5338505625.0,	0.06113433837890625,	0.04932403564453125
5338520000.0,	0.06245994567871094,	0.04750251770019531
5338534375.0,	0.061920166015625,	0.04881858825683594
5338548750.0,	0.06396484375,	0.049846649169921875
5338563125.0,	0.062168121337890625,	0.04786872863769531
5338577500.0,	0.06046295166015625,	0.05011940002441406
5338591875.0,	0.06213951110839844,	0.04690361022949219
5338606250.0,	0.061458587646484375,	0.04888725280761719
5338620625.0,	0.06168556213378906,	0.0493011474609375
5338635000.0,	0.060115814208984375,	0.04741668701171875
5338649375.0,	0.06277847290039062,	0.048492431640625
5338663750.0,	0.06069755554199219,	0.04684638977050781
5338678125.0,	0.06343841552734375,	0.048274993896484375
5338692500.0,	0.06207466125488281,	0.045795440673828125
5338706875.0,	0.06162261962890625,	0.04877281188964844
5338721250.0,	0.06191825866699219,	0.04674530029296875
5338735625.0,	0.06121826171875,	0.04843902587890625
5338750000.0,	0.061298370361328125,	0.0459442138671875
5338764375.0,	0.06174278259277344,	0.046222686767578125
5338778750.0,	0.06270980834960938,	0.045124053955078125
5338793125.0,	0.060314178466796875,	0.04926490783691406
5338807500.0,	0.060695648193359375,	0.048519134521484375
5338821875.0,	0.06096839904785156,	0.04869842529296875
5338836250.0,	0.06145286560058594,	0.04730796813964844
5338850625.0,	0.06157875061035156,	0.044216156005859375
5338865000.0,	0.06350326538085938,	0.0460357666015625
5338879375.0,	0.062530517578125,	0.045543670654296875
5338893750.0,	0.06026649475097656,	0.0454864501953125
5338908125.0,	0.06429290771484375,	0.04620361328125
5338922500.0,	0.06002235412597656,	0.048198699951171875
5338936875.0,	0.05983543395996094,	0.04583930969238281
5338951250.0,	0.06134223937988281,	0.045551300048828125
5338965625.0,	0.060932159423828125,	0.04813385009765625
5338980000.0,	0.06096458435058594,	0.04874420166015625
5338994375.0,	0.06140327453613281,	0.045627593994140625
5339008750.0,	0.061222076416015625,	0.04630470275878906
5339023125.0,	0.061065673828125,	0.04633331298828125
5339037500.0,	0.06170654296875,	0.04615211486816406
5339051875.0,	0.0595855712890625,	0.04510307312011719
5339066250.0,	0.06093597412109375,	0.0468902587890625
5339080625.0,	0.06219291687011719,	0.046909332275390625
5339095000.0,	0.06073188781738281,	0.044536590576171875
5339109375.0,	0.05975151062011719,	0.04548835754394531
5339123750.0,	0.05993843078613281,	0.044513702392578125
5339138125.0,	0.05983924865722656,	0.04580497741699219
5339152500.0,	0.06348800659179688,	0.045413970947265625
5339166875.0,	0.060802459716796875,	0.04522132873535156
5339181250.0,	0.06101226806640625,	0.04753684997558594
5339195625.0,	0.06212615966796875,	0.04475212097167969
5339210000.0,	0.06169891357421875,	0.047145843505859375
5339224375.0,	0.06219482421875,	0.045207977294921875
5339238750.0,	0.06027984619140625,	0.044025421142578125
5339253125.0,	0.05846595764160156,	0.044521331787109375
5339267500.0,	0.06067085266113281,	0.04656982421875
5339281875.0,	0.0631561279296875,	0.046428680419921875
5339296250.0,	0.061206817626953125,	0.04581451416015625
5339310625.0,	0.0622711181640625,	0.0436248779296875
5339325000.0,	0.062225341796875,	0.04437065124511719
5339339375.0,	0.060504913330078125,	0.04476737976074219
5339353750.0,	0.062305450439453125,	0.04486656188964844
5339368125.0,	0.06193351745605469,	0.04319572448730469
5339382500.0,	0.06266403198242188,	0.044055938720703125
5339396875.0,	0.05931663513183594,	0.04517364501953125
5339411250.0,	0.06110191345214844,	0.044216156005859375
5339425625.0,	0.062320709228515625,	0.04726982116699219
5339440000.0,	0.06076240539550781,	0.04635047912597656
5339454375.0,	0.06012535095214844,	0.0446014404296875
5339468750.0,	0.06044578552246094,	0.04588508605957031
5339483125.0,	0.06199836730957031,	0.04549217224121094
5339497500.0,	0.063018798828125,	0.045627593994140625
5339511875.0,	0.061328887939453125,	0.04515838623046875
5339526250.0,	0.0601654052734375,	0.04684257507324219
5339540625.0,	0.060535430908203125,	0.044017791748046875
5339555000.0,	0.061077117919921875,	0.044071197509765625
5339569375.0,	0.061336517333984375,	0.04523468017578125
5339583750.0,	0.060268402099609375,	0.04699134826660156
5339598125.0,	0.060260772705078125,	0.04453086853027344
5339612500.0,	0.061779022216796875,	0.044864654541015625
5339626875.0,	0.059597015380859375,	0.04511070251464844
5339641250.0,	0.06225395202636719,	0.044269561767578125
5339655625.0,	0.05875205993652344,	0.04479789733886719
5339670000.0,	0.06311416625976562,	0.04454803466796875
5339684375.0,	0.05998039245605469,	0.0448455810546875
5339698750.0,	0.062267303466796875,	0.04420280456542969
5339713125.0,	0.06278610229492188,	0.042263031005859375
5339727500.0,	0.0599212646484375,	0.0435943603515625
5339741875.0,	0.061481475830078125,	0.04274940490722656
5339756250.0,	0.06151771545410156,	0.04475975036621094
5339770625.0,	0.06078338623046875,	0.044109344482421875
5339785000.0,	0.06126594543457031,	0.04511070251464844
5339799375.0,	0.06014823913574219,	0.04468536376953125
5339813750.0,	0.0609283447265625,	0.04434776306152344
5339828125.0,	0.06204986572265625,	0.045078277587890625
5339842500.0,	0.06224632263183594,	0.043201446533203125
5339856875.0,	0.06067848205566406,	0.04388236999511719
5339871250.0,	0.06015205383300781,	0.04543495178222656
5339885625.0,	0.06064414978027344,	0.04459953308105469
5339900000.0,	0.06065940856933594,	0.043548583984375
5339914375.0,	0.05875968933105469,	0.042758941650390625
5339928750.0,	0.05992698669433594,	0.0418853759765625
5339943125.0,	0.06069374084472656,	0.04377937316894531
5339957500.0,	0.06083869934082031,	0.04251861572265625
5339971875.0,	0.05947685241699219,	0.0453643798828125
5339986250.0,	0.0585174560546875,	0.04140663146972656
5340000625.0,	0.06090354919433594,	0.04261207580566406
5340015000.0,	0.05859184265136719,	0.04251861572265625
5340029375.0,	0.0596771240234375,	0.04217529296875
5340043750.0,	0.0614471435546875,	0.04362678527832031
5340058125.0,	0.05895042419433594,	0.041286468505859375
5340072500.0,	0.06067848205566406,	0.04372215270996094
5340086875.0,	0.06246185302734375,	0.040851593017578125
5340101250.0,	0.05940818786621094,	0.04401588439941406
5340115625.0,	0.058925628662109375,	0.04378318786621094
5340130000.0,	0.06030464172363281,	0.04289817810058594
5340144375.0,	0.059169769287109375,	0.04139900207519531
5340158750.0,	0.06000328063964844,	0.04189109802246094
5340173125.0,	0.06165504455566406,	0.044887542724609375
5340187500.0,	0.0597686767578125,	0.04360008239746094
5340201875.0,	0.05888175964355469,	0.04469108581542969
5340216250.0,	0.058727264404296875,	0.04168128967285156
5340230625.0,	0.06165313720703125,	0.04357719421386719
5340245000.0,	0.06080055236816406,	0.04229927062988281
5340259375.0,	0.05982398986816406,	0.04303550720214844
5340273750.0,	0.05884361267089844,	0.04289436340332031
5340288125.0,	0.06008720397949219,	0.041011810302734375
5340302500.0,	0.0588226318359375,	0.04078865051269531
5340316875.0,	0.060115814208984375,	0.04308509826660156
5340331250.0,	0.05973052978515625,	0.04103851318359375
5340345625.0,	0.05922698974609375,	0.04198455810546875
5340360000.0,	0.05937385559082031,	0.04158210754394531
5340374375.0,	0.06109428405761719,	0.04006385803222656
5340388750.0,	0.06082344055175781,	0.04076385498046875
5340403125.0,	0.0588531494140625,	0.04249382019042969
5340417500.0,	0.059490203857421875,	0.0441436767578125
5340431875.0,	0.057918548583984375,	0.04155158996582031
5340446250.0,	0.058254241943359375,	0.040592193603515625
5340460625.0,	0.05840110778808594,	0.04377937316894531
5340475000.0,	0.06194114685058594,	0.042362213134765625
5340489375.0,	0.059658050537109375,	0.04038047790527344
5340503750.0,	0.05922508239746094,	0.0421600341796875
5340518125.0,	0.05820274353027344,	0.040134429931640625
5340532500.0,	0.058013916015625,	0.04124259948730469
5340546875.0,	0.05994606018066406,	0.038753509521484375
5340561250.0,	0.056324005126953125,	0.04086875915527344
5340575625.0,	0.0582733154296875,	0.03931236267089844
5340590000.0,	0.05717658996582031,	0.03936958312988281
5340604375.0,	0.05985450744628906,	0.04103279113769531
5340618750.0,	0.0576629638671875,	0.03979682922363281
5340633125.0,	0.05899238586425781,	0.03877449035644531
5340647500.0,	0.05763816833496094,	0.041057586669921875
5340661875.0,	0.05904579162597656,	0.040172576904296875
5340676250.0,	0.05854988098144531,	0.03891944885253906
5340690625.0,	0.05772209167480469,	0.041271209716796875
5340705000.0,	0.05628204345703125,	0.037872314453125
5340719375.0,	0.05747795104980469,	0.038181304931640625
5340733750.0,	0.05871009826660156,	0.039707183837890625
5340748125.0,	0.057537078857421875,	0.04013633728027344
5340762500.0,	0.05750846862792969,	0.03983497619628906
5340776875.0,	0.0577850341796875,	0.04075431823730469
5340791250.0,	0.05713653564453125,	0.03957366943359375
5340805625.0,	0.058765411376953125,	0.03941535949707031
5340820000.0,	0.05751228332519531,	0.03932952880859375
5340834375.0,	0.05529975891113281,	0.03956794738769531
5340848750.0,	0.05952644348144531,	0.03843116760253906
5340863125.0,	0.058513641357421875,	0.03802490234375
5340877500.0,	0.06006813049316406,	0.03738594055175781
5340891875.0,	0.0591278076171875,	0.03823661804199219
5340906250.0,	0.05998802185058594,	0.039752960205078125
5340920625.0,	0.05714225769042969,	0.03855705261230469
5340935000.0,	0.056568145751953125,	0.03784942626953125
5340949375.0,	0.05889701843261719,	0.038738250732421875
5340963750.0,	0.058551788330078125,	0.04100608825683594
5340978125.0,	0.05807685852050781,	0.04067802429199219
5340992500.0,	0.05705833435058594,	0.03907966613769531
5341006875.0,	0.05699348449707031,	0.038726806640625
5341021250.0,	0.057041168212890625,	0.03807640075683594
5341035625.0,	0.05810546875,	0.03652381896972656
5341050000.0,	0.05665397644042969,	0.03826904296875
5341064375.0,	0.057292938232421875,	0.03646087646484375
5341078750.0,	0.05756950378417969,	0.03994560241699219
5341093125.0,	0.05740547180175781,	0.036350250244140625
5341107500.0,	0.05760955810546875,	0.03670310974121094
5341121875.0,	0.058315277099609375,	0.03791999816894531
5341136250.0,	0.05603218078613281,	0.03928375244140625
5341150625.0,	0.05663299560546875,	0.03722190856933594
5341165000.0,	0.05587959289550781,	0.037380218505859375
5341179375.0,	0.0569915771484375,	0.03610801696777344
5341193750.0,	0.05507659912109375,	0.03758049011230469
5341208125.0,	0.055591583251953125,	0.038043975830078125
5341222500.0,	0.056385040283203125,	0.037078857421875
5341236875.0,	0.05629730224609375,	0.036468505859375
5341251250.0,	0.0567169189453125,	0.03919410705566406
5341265625.0,	0.05593299865722656,	0.03684425354003906
5341280000.0,	0.057491302490234375,	0.03594779968261719
5341294375.0,	0.056766510009765625,	0.038425445556640625
5341308750.0,	0.05631065368652344,	0.03746223449707031
5341323125.0,	0.055347442626953125,	0.03740882873535156
5341337500.0,	0.05564117431640625,	0.03585243225097656
5341351875.0,	0.05644989013671875,	0.03477287292480469
5341366250.0,	0.05559730529785156,	0.036163330078125
5341380625.0,	0.0550079345703125,	0.03594207763671875
5341395000.0,	0.055072784423828125,	0.03599357604980469
5341409375.0,	0.05565834045410156,	0.03658866882324219
5341423750.0,	0.056140899658203125,	0.03684806823730469
5341438125.0,	0.05542182922363281,	0.03583335876464844
5341452500.0,	0.05549049377441406,	0.03573417663574219
5341466875.0,	0.05607795715332031,	0.03810882568359375
5341481250.0,	0.05572319030761719,	0.03446006774902344
5341495625.0,	0.05645942687988281,	0.03663825988769531
5341510000.0,	0.053676605224609375,	0.0363311767578125
5341524375.0,	0.05398750305175781,	0.03584098815917969
5341538750.0,	0.05440330505371094,	0.03420066833496094
5341553125.0,	0.053333282470703125,	0.03468513488769531
5341567500.0,	0.05422019958496094,	0.03487586975097656
5341581875.0,	0.05442237854003906,	0.03594779968261719
5341596250.0,	0.055057525634765625,	0.03418540954589844
5341610625.0,	0.05351066589355469,	0.03692626953125
5341625000.0,	0.05331993103027344,	0.03467559814453125
5341639375.0,	0.05219841003417969,	0.034236907958984375
5341653750.0,	0.05376625061035156,	0.03479957580566406
5341668125.0,	0.05306053161621094,	0.03486824035644531
5341682500.0,	0.05398368835449219,	0.03521156311035156
5341696875.0,	0.053226470947265625,	0.03550148010253906
5341711250.0,	0.05533027648925781,	0.03387260437011719
5341725625.0,	0.05331230163574219,	0.03433990478515625
5341740000.0,	0.051914215087890625,	0.03318023681640625
5341754375.0,	0.05421638488769531,	0.03264427185058594
5341768750.0,	0.05281829833984375,	0.03374671936035156
5341783125.0,	0.05306053161621094,	0.03304100036621094
5341797500.0,	0.05269050598144531,	0.035732269287109375
5341811875.0,	0.05430412292480469,	0.03133964538574219
5341826250.0,	0.05243110656738281,	0.03276252746582031
5341840625.0,	0.05301856994628906,	0.033649444580078125
5341855000.0,	0.05265045166015625,	0.0322265625
5341869375.0,	0.05226898193359375,	0.032360076904296875
5341883750.0,	0.05254936218261719,	0.033176422119140625
5341898125.0,	0.05396461486816406,	0.03338813781738281
5341912500.0,	0.05227470397949219,	0.03486061096191406
5341926875.0,	0.05109214782714844,	0.032917022705078125
5341941250.0,	0.05403900146484375,	0.03246498107910156
5341955625.0,	0.05190086364746094,	0.03268623352050781
5341970000.0,	0.05395698547363281,	0.033695220947265625
5341984375.0,	0.05181694030761719,	0.03211784362792969
5341998750.0,	0.053089141845703125,	0.030599594116210938
5342013125.0,	0.05124664306640625,	0.031505584716796875
5342027500.0,	0.05077362060546875,	0.033252716064453125
5342041875.0,	0.05052375793457031,	0.032482147216796875
5342056250.0,	0.054180145263671875,	0.0307464599609375
5342070625.0,	0.05066680908203125,	0.031230926513671875
5342085000.0,	0.05117607116699219,	0.03214263916015625
5342099375.0,	0.05251884460449219,	0.03385734558105469
5342113750.0,	0.05008125305175781,	0.032184600830078125
5342128125.0,	0.05120086669921875,	0.03159523010253906
5342142500.0,	0.05206489562988281,	0.03278160095214844
5342156875.0,	0.04937553405761719,	0.030225753784179688
5342171250.0,	0.050647735595703125,	0.030277252197265625
5342185625.0,	0.05231475830078125,	0.030458450317382812
5342200000.0,	0.051364898681640625,	0.031093597412109375
5342214375.0,	0.0507049560546875,	0.02947235107421875
5342228750.0,	0.050273895263671875,	0.031963348388671875
5342243125.0,	0.04836845397949219,	0.030313491821289062
5342257500.0,	0.0501708984375,	0.03197479248046875
5342271875.0,	0.04838371276855469,	0.030527114868164062
5342286250.0,	0.049945831298828125,	0.030855178833007812
5342300625.0,	0.0509796142578125,	0.031787872314453125
5342315000.0,	0.05037879943847656,	0.031045913696289062
5342329375.0,	0.047763824462890625,	0.029001235961914062
5342343750.0,	0.049091339111328125,	0.030725479125976562
5342358125.0,	0.047962188720703125,	0.03108978271484375
5342372500.0,	0.04998016357421875,	0.030202865600585938
5342386875.0,	0.050205230712890625,	0.031749725341796875
5342401250.0,	0.04802131652832031,	0.028722763061523438
5342415625.0,	0.049274444580078125,	0.030977249145507812
5342430000.0,	0.04971122741699219,	0.029468536376953125
5342444375.0,	0.04678153991699219,	0.02867889404296875
5342458750.0,	0.04762840270996094,	0.02977752685546875
5342473125.0,	0.049160003662109375,	0.028635025024414062
5342487500.0,	0.04599761962890625,	0.0290069580078125
5342501875.0,	0.047809600830078125,	0.029451370239257812
5342516250.0,	0.047443389892578125,	0.028736114501953125
5342530625.0,	0.04637718200683594,	0.02878570556640625
5342545000.0,	0.047527313232421875,	0.026220321655273438
5342559375.0,	0.04640007019042969,	0.02523040771484375
5342573750.0,	0.04741096496582031,	0.028093338012695312
5342588125.0,	0.044315338134765625,	0.0279998779296875
5342602500.0,	0.04711723327636719,	0.029109954833984375
5342616875.0,	0.046459197998046875,	0.02751922607421875
5342631250.0,	0.0476226806640625,	0.027751922607421875
5342645625.0,	0.04618263244628906,	0.028568267822265625
5342660000.0,	0.04491615295410156,	0.029527664184570312
5342674375.0,	0.045108795166015625,	0.026472091674804688
5342688750.0,	0.04452323913574219,	0.028013229370117188
5342703125.0,	0.04659461975097656,	0.026983261108398438
5342717500.0,	0.046138763427734375,	0.02661895751953125
5342731875.0,	0.043613433837890625,	0.028232574462890625
5342746250.0,	0.04468727111816406,	0.026340484619140625
5342760625.0,	0.0431060791015625,	0.02634429931640625
5342775000.0,	0.04349517822265625,	0.02728271484375
5342789375.0,	0.04134178161621094,	0.028530120849609375
5342803750.0,	0.04615211486816406,	0.027683258056640625
5342818125.0,	0.04493141174316406,	0.02655792236328125
5342832500.0,	0.044963836669921875,	0.02748870849609375
5342846875.0,	0.04237556457519531,	0.027980804443359375
5342861250.0,	0.04302978515625,	0.027093887329101562
5342875625.0,	0.04345512390136719,	0.024969100952148438
5342890000.0,	0.04318809509277344,	0.028234481811523438
5342904375.0,	0.04174995422363281,	0.027605056762695312
5342918750.0,	0.04302978515625,	0.027263641357421875
5342933125.0,	0.04345512390136719,	0.025119781494140625
5342947500.0,	0.0399322509765625,	0.026885986328125
5342961875.0,	0.03964805603027344,	0.024839401245117188
5342976250.0,	0.04181098937988281,	0.024999618530273438
5342990625.0,	0.04090690612792969,	0.025999069213867188
5343005000.0,	0.04201698303222656,	0.025728225708007812
5343019375.0,	0.04242515563964844,	0.024967193603515625
5343033750.0,	0.04173088073730469,	0.024194717407226562
5343048125.0,	0.039089202880859375,	0.025346755981445312
5343062500.0,	0.04093170166015625,	0.024286270141601562
5343076875.0,	0.040317535400390625,	0.026699066162109375
5343091250.0,	0.040924072265625,	0.025669097900390625
5343105625.0,	0.03858757019042969,	0.02533721923828125
5343120000.0,	0.038921356201171875,	0.02635955810546875
5343134375.0,	0.04002189636230469,	0.023357391357421875
5343148750.0,	0.036724090576171875,	0.023176193237304688
5343163125.0,	0.04012870788574219,	0.023372650146484375
5343177500.0,	0.03601264953613281,	0.02325439453125
5343191875.0,	0.03809547424316406,	0.024333953857421875
5343206250.0,	0.039844512939453125,	0.024585723876953125
5343220625.0,	0.037586212158203125,	0.025568008422851562
5343235000.0,	0.0376434326171875,	0.024518966674804688
5343249375.0,	0.038543701171875,	0.025236129760742188
5343263750.0,	0.03769683837890625,	0.023256301879882812
5343278125.0,	0.03709983825683594,	0.023347854614257812
5343292500.0,	0.03943061828613281,	0.022630691528320312
5343306875.0,	0.035655975341796875,	0.02567291259765625
5343321250.0,	0.03509521484375,	0.023223876953125
5343335625.0,	0.0371551513671875,	0.024087905883789062
5343350000.0,	0.03392219543457031,	0.023004531860351562
5343364375.0,	0.03650093078613281,	0.023189544677734375
5343378750.0,	0.03437042236328125,	0.025341033935546875
5343393125.0,	0.03582191467285156,	0.020467758178710938
5343407500.0,	0.036640167236328125,	0.021575927734375
5343421875.0,	0.034435272216796875,	0.022083282470703125
5343436250.0,	0.035686492919921875,	0.022655487060546875
5343450625.0,	0.03406715393066406,	0.021444320678710938
5343465000.0,	0.03429603576660156,	0.023176193237304688
5343479375.0,	0.03385162353515625,	0.02099609375
5343493750.0,	0.031052589416503906,	0.02012348175048828
5343508125.0,	0.03229522705078125,	0.023057937622070312
5343522500.0,	0.03052520751953125,	0.020490646362304688
5343536875.0,	0.0317840576171875,	0.021017074584960938
5343551250.0,	0.03119373321533203,	0.021867752075195312
5343565625.0,	0.03250694274902344,	0.021707534790039062
5343580000.0,	0.030762672424316406,	0.021821022033691406
5343594375.0,	0.030155181884765625,	0.02283477783203125
5343608750.0,	0.02819347381591797,	0.021030426025390625
5343623125.0,	0.029878616333007812,	0.02167797088623047
5343637500.0,	0.030137062072753906,	0.02095794677734375
5343651875.0,	0.028779983520507812,	0.018873214721679688
5343666250.0,	0.028738021850585938,	0.02138042449951172
5343680625.0,	0.027036666870117188,	0.019910812377929688
5343695000.0,	0.028136253356933594,	0.018418312072753906
5343709375.0,	0.02835369110107422,	0.01948261260986328
5343723750.0,	0.026828765869140625,	0.02002716064453125
5343738125.0,	0.025625228881835938,	0.022171974182128906
5343752500.0,	0.02485370635986328,	0.020288467407226562
5343766875.0,	0.025911331176757812,	0.02223682403564453
5343781250.0,	0.025368690490722656,	0.021543502807617188
5343795625.0,	0.025300979614257812,	0.018903732299804688
5343810000.0,	0.02640533447265625,	0.018286705017089844
5343824375.0,	0.02415943145751953,	0.021677017211914062
5343838750.0,	0.022724151611328125,	0.02086925506591797
5343853125.0,	0.02265167236328125,	0.02089977264404297
5343867500.0,	0.020974159240722656,	0.019036293029785156
5343881875.0,	0.022966384887695312,	0.02144145965576172
5343896250.0,	0.021881103515625,	0.01956939697265625
5343910625.0,	0.020348548889160156,	0.02082347869873047
5343925000.0,	0.019784927368164062,	0.0217742919921875
5343939375.0,	0.01864337921142578,	0.02112102508544922
5343953750.0,	0.019502639770507812,	0.019618988037109375
5343968125.0,	0.021360397338867188,	0.01971435546875
5343982500.0,	0.018335342407226562,	0.019880294799804688
5343996875.0,	0.016729354858398438,	0.019460678100585938
5344011250.0,	0.01813983917236328,	0.01974201202392578
5344025625.0,	0.017621994018554688,	0.01885509490966797
5344040000.0,	0.016229629516601562,	0.021157264709472656
5344054375.0,	0.015133857727050781,	0.020183563232421875
5344068750.0,	0.0176544189453125,	0.021101951599121094
5344083125.0,	0.016233444213867188,	0.019702911376953125
5344097500.0,	0.014622688293457031,	0.02093982696533203
5344111875.0,	0.01357269287109375,	0.01883220672607422
5344126250.0,	0.014316558837890625,	0.02191638946533203
5344140625.0,	0.014326095581054688,	0.0191802978515625
5344155000.0,	0.013529777526855469,	0.02117633819580078
5344169375.0,	0.012038230895996094,	0.022451400756835938
5344183750.0,	0.012088775634765625,	0.02015972137451172
5344198125.0,	0.011113166809082031,	0.02069568634033203
5344212500.0,	0.01294708251953125,	0.019311904907226562
5344226875.0,	0.00997161865234375,	0.02151775360107422
5344241250.0,	0.011788368225097656,	0.02036285400390625
5344255625.0,	0.009501457214355469,	0.021114349365234375
5344270000.0,	0.007472991943359375,	0.019208908081054688
5344284375.0,	0.008256912231445312,	0.019616127014160156
5344298750.0,	0.007763862609863281,	0.020273208618164062
5344313125.0,	0.0064716339111328125,	0.0207061767578125
5344327500.0,	0.0050487518310546875,	0.019374847412109375
5344341875.0,	0.006678581237792969,	0.022251129150390625
5344356250.0,	0.005669593811035156,	0.021231651306152344
5344370625.0,	0.005450248718261719,	0.021577835083007812
5344385000.0,	0.00302886962890625,	0.021553993225097656
5344399375.0,	0.0021200180053710938,	0.02197551727294922
5344413750.0,	0.0021800994873046875,	0.020888328552246094
5344428125.0,	0.00217437744140625,	0.02138805389404297
5344442500.0,	0.002315521240234375,	0.021264076232910156
5344456875.0,	0.001888275146484375,	0.023244857788085938
5344471250.0,	0.0007333755493164062,	0.021722793579101562
5344485625.0,	-0.00019073486328125,	0.022855758666992188
5344500000.0,	-0.0006570816040039062,	0.024353981018066406
5344514375.0,	-0.0016736984252929688,	0.024181365966796875
5344528750.0,	-0.0018968582153320312,	0.024878501892089844
5344543125.0,	-0.0006866455078125,	0.025954246520996094
5344557500.0,	-0.0009584426879882812,	0.025793075561523438
5344571875.0,	-0.005021095275878906,	0.02313995361328125
5344586250.0,	-0.00537109375,	0.0234832763671875
5344600625.0,	-0.0040569305419921875,	0.02616405487060547
5344615000.0,	-0.0089569091796875,	0.025122642517089844
5344629375.0,	-0.00836944580078125,	0.02555370330810547
5344643750.0,	-0.008437156677246094,	0.02653789520263672
5344658125.0,	-0.0066394805908203125,	0.02778148651123047
5344672500.0,	-0.009243965148925781,	0.026206016540527344
5344686875.0,	-0.008860588073730469,	0.026818275451660156
5344701250.0,	-0.012305259704589844,	0.02771759033203125
5344715625.0,	-0.011752128601074219,	0.030608177185058594
5344730000.0,	-0.01290130615234375,	0.029888153076171875
5344744375.0,	-0.010905265808105469,	0.028423309326171875
5344758750.0,	-0.013494491577148438,	0.029245376586914062
5344773125.0,	-0.013492584228515625,	0.030956268310546875
5344787500.0,	-0.015227317810058594,	0.029623985290527344
5344801875.0,	-0.016323089599609375,	0.0292205810546875
5344816250.0,	-0.016843795776367188,	0.031375885009765625
5344830625.0,	-0.017981529235839844,	0.030648231506347656
5344845000.0,	-0.017574310302734375,	0.03296470642089844
5344859375.0,	-0.017698287963867188,	0.03314399719238281
5344873750.0,	-0.02045440673828125,	0.03460693359375
5344888125.0,	-0.01952362060546875,	0.03442573547363281
5344902500.0,	-0.0220489501953125,	0.03598213195800781
5344916875.0,	-0.022558212280273438,	0.03428077697753906
5344931250.0,	-0.02176666259765625,	0.03706550598144531
5344945625.0,	-0.024030685424804688,	0.038120269775390625
5344960000.0,	-0.024538040161132812,	0.03810882568359375
5344974375.0,	-0.0245513916015625,	0.03746223449707031
5344988750.0,	-0.022472381591796875,	0.03829002380371094
5345003125.0,	-0.026639938354492188,	0.03854942321777344
5345017500.0,	-0.026153564453125,	0.04071235656738281
5345031875.0,	-0.025098800659179688,	0.04141426086425781
5345046250.0,	-0.027692794799804688,	0.04274559020996094
5345060625.0,	-0.029096603393554688,	0.043209075927734375
5345075000.0,	-0.029384613037109375,	0.04417991638183594
5345089375.0,	-0.028766632080078125,	0.04401588439941406
5345103750.0,	-0.0300140380859375,	0.04501914978027344
5345118125.0,	-0.029012680053710938,	0.04843711853027344
5345132500.0,	-0.03274345397949219,	0.04759025573730469
5345146875.0,	-0.0323333740234375,	0.04814338684082031
5345161250.0,	-0.03174400329589844,	0.05156135559082031
5345175625.0,	-0.0324554443359375,	0.05018424987792969
5345190000.0,	-0.03457450866699219,	0.051666259765625
5345204375.0,	-0.03447532653808594,	0.05283164978027344
5345218750.0,	-0.03298377990722656,	0.05309104919433594
5345233125.0,	-0.03543281555175781,	0.05279731750488281
5345247500.0,	-0.034358978271484375,	0.05521202087402344
5345261875.0,	-0.0343017578125,	0.0576019287109375
5345276250.0,	-0.0355224609375,	0.0586395263671875
5345290625.0,	-0.03685569763183594,	0.05912208557128906
5345305000.0,	-0.03601264953613281,	0.06111907958984375
5345319375.0,	-0.03577423095703125,	0.061679840087890625
5345333750.0,	-0.03754425048828125,	0.06262588500976562
5345348125.0,	-0.038715362548828125,	0.06527328491210938
5345362500.0,	-0.03684234619140625,	0.06406784057617188
5345376875.0,	-0.03971099853515625,	0.06819915771484375
5345391250.0,	-0.0391082763671875,	0.06709671020507812
5345405625.0,	-0.036228179931640625,	0.0679931640625
5345420000.0,	-0.03797149658203125,	0.0710906982421875
5345434375.0,	-0.0384063720703125,	0.0716705322265625
5345448750.0,	-0.036960601806640625,	0.07329177856445312
5345463125.0,	-0.036769866943359375,	0.07542800903320312
5345477500.0,	-0.038303375244140625,	0.07578659057617188
5345491875.0,	-0.037883758544921875,	0.08053970336914062
5345506250.0,	-0.037914276123046875,	0.078521728515625
5345520625.0,	-0.036373138427734375,	0.07944107055664062
5345535000.0,	-0.037822723388671875,	0.0818328857421875
5345549375.0,	-0.037815093994140625,	0.08050155639648438
5345563750.0,	-0.03946685791015625,	0.08392333984375
5345578125.0,	-0.038677215576171875,	0.08472442626953125
5345592500.0,	-0.036285400390625,	0.08546066284179688
5345606875.0,	-0.0383148193359375,	0.08736419677734375
5345621250.0,	-0.03749847412109375,	0.08736038208007812
5345635625.0,	-0.03461456298828125,	0.08625411987304688
5345650000.0,	-0.037723541259765625,	0.08983612060546875
5345664375.0,	-0.035099029541015625,	0.08941268920898438
5345678750.0,	-0.034397125244140625,	0.093658447265625
5345693125.0,	-0.035282135009765625,	0.09499359130859375
5345707500.0,	-0.0352325439453125,	0.09647750854492188
5345721875.0,	-0.033935546875,	0.0944061279296875
5345736250.0,	-0.03334808349609375,	0.09840011596679688
5345750625.0,	-0.03339385986328125,	0.09907150268554688
5345765000.0,	-0.03411865234375,	0.0980682373046875
5345779375.0,	-0.0299835205078125,	0.10050582885742188
5345793750.0,	-0.030208587646484375,	0.10303115844726562
5345808125.0,	-0.029651641845703125,	0.10504913330078125
5345822500.0,	-0.031768798828125,	0.1055450439453125
5345836875.0,	-0.029937744140625,	0.10787200927734375
5345851250.0,	-0.0293426513671875,	0.1091156005859375
5345865625.0,	-0.028228759765625,	0.10947799682617188
5345880000.0,	-0.0274810791015625,	0.10950088500976562
5345894375.0,	-0.0267181396484375,	0.10786056518554688
5345908750.0,	-0.02471923828125,	0.11226272583007812
5345923125.0,	-0.023193359375,	0.11257171630859375
5345937500.0,	-0.023212432861328125,	0.1155242919921875
5345951875.0,	-0.024600982666015625,	0.11410140991210938
5345966250.0,	-0.0224151611328125,	0.11524581909179688
5345980625.0,	-0.0222625732421875,	0.1162109375
5345995000.0,	-0.0196990966796875,	0.1175689697265625
5346009375.0,	-0.01982879638671875,	0.1185302734375
5346023750.0,	-0.0191192626953125,	0.11916732788085938
5346038125.0,	-0.020000457763671875,	0.12093734741210938
5346052500.0,	-0.01849365234375,	0.12104034423828125
5346066875.0,	-0.017642974853515625,	0.1202545166015625
5346081250.0,	-0.017459869384765625,	0.12290191650390625
5346095625.0,	-0.014141082763671875,	0.12248992919921875
5346110000.0,	-0.013916015625,	0.1261444091796875
5346124375.0,	-0.013912200927734375,	0.12361526489257812
5346138750.0,	-0.01055145263671875,	0.12203216552734375
5346153125.0,	-0.010089874267578125,	0.12407302856445312
5346167500.0,	-0.0107879638671875,	0.126739501953125
5346181875.0,	-0.00630950927734375,	0.13005828857421875
5346196250.0,	-0.007110595703125,	0.12642669677734375
5346210625.0,	-0.0069580078125,	0.12423324584960938
5346225000.0,	-0.0070037841796875,	0.1287078857421875
5346239375.0,	-0.00550079345703125,	0.12747955322265625
5346253750.0,	-0.003631591796875,	0.13101959228515625
5346268125.0,	-0.002838134765625,	0.12694549560546875
5346282500.0,	-0.0017242431640625,	0.13010406494140625
5346296875.0,	0.000823974609375,	0.12812042236328125
5346311250.0,	0.00113677978515625,	0.129119873046875
5346325625.0,	0.00067138671875,	0.1314544677734375
5346340000.0,	0.00495147705078125,	0.13236236572265625
5346354375.0,	0.003662109375,	0.13236236572265625
5346368750.0,	0.00447845458984375,	0.1302490234375
5346383125.0,	0.005828857421875,	0.13248443603515625
5346397500.0,	0.0071258544921875,	0.1317138671875
5346411875.0,	0.00799560546875,	0.13144683837890625
5346426250.0,	0.0084991455078125,	0.12996673583984375
5346440625.0,	0.0079498291015625,	0.13111114501953125
5346455000.0,	0.0108489990234375,	0.13245391845703125
5346469375.0,	0.0103302001953125,	0.13104248046875
5346483750.0,	0.01161956787109375,	0.133087158203125
5346498125.0,	0.01282501220703125,	0.13226318359375
5346512500.0,	0.0150299072265625,	0.13253021240234375
5346526875.0,	0.01355743408203125,	0.13104248046875
5346541250.0,	0.01685333251953125,	0.13202667236328125
5346555625.0,	0.01508331298828125,	0.13407135009765625
5346570000.0,	0.01781463623046875,	0.1327972412109375
5346584375.0,	0.01621246337890625,	0.1326446533203125
5346598750.0,	0.01868438720703125,	0.13275909423828125
5346613125.0,	0.01853179931640625,	0.13312530517578125
5346627500.0,	0.02173614501953125,	0.1345672607421875
5346641875.0,	0.022796630859375,	0.13382720947265625
5346656250.0,	0.02075958251953125,	0.131378173828125
5346670625.0,	0.02323150634765625,	0.13179779052734375
5346685000.0,	0.0238037109375,	0.13298797607421875
5346699375.0,	0.0259857177734375,	0.132232666015625
5346713750.0,	0.02631378173828125,	0.13158416748046875
5346728125.0,	0.02913665771484375,	0.1317901611328125
5346742500.0,	0.0272064208984375,	0.13361358642578125
5346756875.0,	0.02762603759765625,	0.132110595703125
5346771250.0,	0.0283203125,	0.1298675537109375
5346785625.0,	0.03148651123046875,	0.1332855224609375
5346800000.0,	0.0295867919921875,	0.13220977783203125
5346814375.0,	0.030364990234375,	0.13101959228515625
5346828750.0,	0.03035736083984375,	0.13037872314453125
5346843125.0,	0.03163909912109375,	0.13043212890625
5346857500.0,	0.034393310546875,	0.132720947265625
5346871875.0,	0.03435516357421875,	0.13159942626953125
5346886250.0,	0.03564453125,	0.1325836181640625
5346900625.0,	0.0353546142578125,	0.13137054443359375
5346915000.0,	0.03432464599609375,	0.1308441162109375
5346929375.0,	0.03498077392578125,	0.1295318603515625
5346943750.0,	0.0368499755859375,	0.12874603271484375
5346958125.0,	0.0380401611328125,	0.12957000732421875
5346972500.0,	0.0383148193359375,	0.12880706787109375
5346986875.0,	0.03948211669921875,	0.1296844482421875
5347001250.0,	0.03888702392578125,	0.12853240966796875
5347015625.0,	0.03937530517578125,	0.130523681640625
5347030000.0,	0.0413970947265625,	0.1290283203125
5347044375.0,	0.0421600341796875,	0.12646484375
5347058750.0,	0.04178619384765625,	0.1270599365234375
5347073125.0,	0.04283905029296875,	0.12897491455078125
5347087500.0,	0.04412841796875,	0.12657928466796875
5347101875.0,	0.04138946533203125,	0.12654876708984375
5347116250.0,	0.04439544677734375,	0.12789154052734375
5347130625.0,	0.04549407958984375,	0.12625885009765625
5347145000.0,	0.042999267578125,	0.1275634765625
5347159375.0,	0.046356201171875,	0.12545013427734375
5347173750.0,	0.04502105712890625,	0.1255340576171875
5347188125.0,	0.04741668701171875,	0.12583160400390625
5347202500.0,	0.04625701904296875,	0.126617431640625
5347216875.0,	0.04752349853515625,	0.1245880126953125
5347231250.0,	0.0482025146484375,	0.1259307861328125
5347245625.0,	0.04824066162109375,	0.1262664794921875
5347260000.0,	0.0481719970703125,	0.12557220458984375
5347274375.0,	0.048824310302734375,	0.12228775024414062
5347288750.0,	0.050662994384765625,	0.12395858764648438
5347303125.0,	0.0496063232421875,	0.12369537353515625
5347317500.0,	0.04991912841796875,	0.12342071533203125
5347331875.0,	0.052974700927734375,	0.12426376342773438
5347346250.0,	0.051403045654296875,	0.12138748168945312
5347360625.0,	0.0485076904296875,	0.122833251953125
5347375000.0,	0.0530853271484375,	0.12260055541992188
5347389375.0,	0.052387237548828125,	0.12234878540039062
5347403750.0,	0.052806854248046875,	0.12183380126953125
5347418125.0,	0.053264617919921875,	0.12242889404296875
5347432500.0,	0.051372528076171875,	0.121673583984375
5347446875.0,	0.053882598876953125,	0.12231826782226562
5347461250.0,	0.05364227294921875,	0.11940383911132812
5347475625.0,	0.054470062255859375,	0.11965179443359375
5347490000.0,	0.054279327392578125,	0.12066268920898438
5347504375.0,	0.0540618896484375,	0.12086105346679688
5347518750.0,	0.05577850341796875,	0.12044906616210938
5347533125.0,	0.059223175048828125,	0.12097549438476562
5347547500.0,	0.056781768798828125,	0.1189117431640625
5347561875.0,	0.05802154541015625,	0.11821365356445312
5347576250.0,	0.05633544921875,	0.11726760864257812
5347590625.0,	0.056644439697265625,	0.1172943115234375
5347605000.0,	0.05792999267578125,	0.1150054931640625
5347619375.0,	0.058277130126953125,	0.116790771484375
5347633750.0,	0.058200836181640625,	0.11765289306640625
5347648125.0,	0.0584564208984375,	0.11766815185546875
5347662500.0,	0.05654144287109375,	0.11696624755859375
5347676875.0,	0.05939483642578125,	0.11548614501953125
5347691250.0,	0.058624267578125,	0.11556625366210938
5347705625.0,	0.05877685546875,	0.11613845825195312
5347720000.0,	0.059986114501953125,	0.11798095703125
5347734375.0,	0.06034088134765625,	0.11624908447265625
5347748750.0,	0.061573028564453125,	0.11857223510742188
5347763125.0,	0.06023406982421875,	0.11670303344726562
5347777500.0,	0.05971527099609375,	0.11388397216796875
5347791875.0,	0.061431884765625,	0.11404800415039062
5347806250.0,	0.0621490478515625,	0.11290359497070312
5347820625.0,	0.061359405517578125,	0.11290740966796875
5347835000.0,	0.0599365234375,	0.114166259765625
5347849375.0,	0.06361770629882812,	0.11187362670898438
5347863750.0,	0.06362152099609375,	0.1137847900390625
5347878125.0,	0.06073760986328125,	0.11326217651367188
5347892500.0,	0.063446044921875,	0.11246490478515625
5347906875.0,	0.06267929077148438,	0.11271286010742188
5347921250.0,	0.06278228759765625,	0.11277389526367188
5347935625.0,	0.0621490478515625,	0.11134719848632812
5347950000.0,	0.06406021118164062,	0.11271286010742188
5347964375.0,	0.06438827514648438,	0.11181640625
5347978750.0,	0.06315994262695312,	0.11133193969726562
5347993125.0,	0.06586837768554688,	0.1108245849609375
5348007500.0,	0.06505966186523438,	0.11083602905273438
5348021875.0,	0.06381988525390625,	0.1087188720703125
5348036250.0,	0.06602096557617188,	0.11044692993164062
5348050625.0,	0.06418228149414062,	0.11106491088867188
5348065000.0,	0.06752777099609375,	0.1101837158203125
5348079375.0,	0.064544677734375,	0.10792922973632812
5348093750.0,	0.06539535522460938,	0.1088409423828125
5348108125.0,	0.06621551513671875,	0.10947036743164062
5348122500.0,	0.06540298461914062,	0.10921096801757812
5348136875.0,	0.0667724609375,	0.10817718505859375
5348151250.0,	0.065673828125,	0.10883331298828125
5348165625.0,	0.0666961669921875,	0.10738754272460938
5348180000.0,	0.06521224975585938,	0.10754776000976562
5348194375.0,	0.06698989868164062,	0.1100921630859375
5348208750.0,	0.06694793701171875,	0.10755538940429688
5348223125.0,	0.06614303588867188,	0.10875701904296875
5348237500.0,	0.06670379638671875,	0.108978271484375
5348251875.0,	0.06850814819335938,	0.107696533203125
5348266250.0,	0.0677947998046875,	0.10492706298828125
5348280625.0,	0.0675048828125,	0.107025146484375
5348295000.0,	0.070831298828125,	0.10477828979492188
5348309375.0,	0.06946182250976562,	0.10515594482421875
5348323750.0,	0.06855010986328125,	0.10593414306640625
5348338125.0,	0.06711196899414062,	0.10495376586914062
5348352500.0,	0.06759262084960938,	0.106536865234375
5348366875.0,	0.068572998046875,	0.10428237915039062
5348381250.0,	0.06861495971679688,	0.10496139526367188
5348395625.0,	0.0670623779296875,	0.1052398681640625
5348410000.0,	0.06750106811523438,	0.10418319702148438
5348424375.0,	0.06825637817382812,	0.10501861572265625
5348438750.0,	0.0716094970703125,	0.10430526733398438
5348453125.0,	0.07026290893554688,	0.10486602783203125
5348467500.0,	0.06894683837890625,	0.10335159301757812
5348481875.0,	0.0690155029296875,	0.10284042358398438
5348496250.0,	0.0702667236328125,	0.10663604736328125
5348510625.0,	0.06995773315429688,	0.102386474609375
5348525000.0,	0.0707550048828125,	0.10123062133789062
5348539375.0,	0.0712432861328125,	0.10293960571289062
5348553750.0,	0.0695648193359375,	0.10199356079101562
5348568125.0,	0.07119369506835938,	0.10210037231445312
5348582500.0,	0.07004928588867188,	0.1015625
5348596875.0,	0.07120513916015625,	0.10179519653320312
5348611250.0,	0.07356643676757812,	0.10215377807617188
5348625625.0,	0.06962203979492188,	0.1004791259765625
5348640000.0,	0.070220947265625,	0.10138702392578125
5348654375.0,	0.0711517333984375,	0.103363037109375
5348668750.0,	0.07205963134765625,	0.10063934326171875
5348683125.0,	0.06969451904296875,	0.10341262817382812
5348697500.0,	0.07053756713867188,	0.10062026977539062
5348711875.0,	0.07193374633789062,	0.10272979736328125
5348726250.0,	0.06966400146484375,	0.10002899169921875
5348740625.0,	0.07053756713867188,	0.10051345825195312
5348755000.0,	0.07139968872070312,	0.098968505859375
5348769375.0,	0.07129669189453125,	0.09992599487304688
5348783750.0,	0.07056808471679688,	0.09953689575195312
5348798125.0,	0.07150650024414062,	0.09979629516601562
5348812500.0,	0.07000350952148438,	0.09801101684570312
5348826875.0,	0.07167434692382812,	0.09978103637695312
5348841250.0,	0.07275390625,	0.09863662719726562
5348855625.0,	0.07146072387695312,	0.09898757934570312
5348870000.0,	0.07094955444335938,	0.1003875732421875
5348884375.0,	0.07128143310546875,	0.09893798828125
5348898750.0,	0.07292938232421875,	0.09956741333007812
5348913125.0,	0.07120895385742188,	0.098876953125
5348927500.0,	0.07269668579101562,	0.09727859497070312
5348941875.0,	0.07356643676757812,	0.09451675415039062
5348956250.0,	0.07050323486328125,	0.0978851318359375
5348970625.0,	0.07146835327148438,	0.097503662109375
5348985000.0,	0.07113265991210938,	0.09658050537109375
5348999375.0,	0.07139205932617188,	0.09796142578125
5349013750.0,	0.06999969482421875,	0.09674835205078125
5349028125.0,	0.07149124145507812,	0.09685516357421875
5349042500.0,	0.07365798950195312,	0.09865951538085938
5349056875.0,	0.07215499877929688,	0.09836959838867188
5349071250.0,	0.07276153564453125,	0.09544754028320312
5349085625.0,	0.07332229614257812,	0.09535598754882812
5349100000.0,	0.07012557983398438,	0.0945281982421875
5349114375.0,	0.07402801513671875,	0.09511184692382812
5349128750.0,	0.07204818725585938,	0.0968170166015625
5349143125.0,	0.07264328002929688,	0.09454727172851562
5349157500.0,	0.07309341430664062,	0.09642410278320312
5349171875.0,	0.07586288452148438,	0.09454727172851562
5349186250.0,	0.07193374633789062,	0.09415435791015625
5349200625.0,	0.07259750366210938,	0.09442138671875
5349215000.0,	0.07583999633789062,	0.09526824951171875
5349229375.0,	0.07309722900390625,	0.09576416015625
5349243750.0,	0.07432937622070312,	0.0937652587890625
5349258125.0,	0.07362747192382812,	0.0937652587890625
5349272500.0,	0.073028564453125,	0.09636306762695312
5349286875.0,	0.074188232421875,	0.0937347412109375
5349301250.0,	0.0753021240234375,	0.09486770629882812
5349315625.0,	0.07512283325195312,	0.09437942504882812
5349330000.0,	0.07393264770507812,	0.09376144409179688
5349344375.0,	0.07391738891601562,	0.09273147583007812
5349358750.0,	0.07378005981445312,	0.09103775024414062
5349373125.0,	0.07693099975585938,	0.09254837036132812
5349387500.0,	0.07355499267578125,	0.09248733520507812
5349401875.0,	0.07471466064453125,	0.09317779541015625
5349416250.0,	0.07377243041992188,	0.09258651733398438
5349430625.0,	0.0731964111328125,	0.09271621704101562
5349445000.0,	0.07155990600585938,	0.0926361083984375
5349459375.0,	0.07637786865234375,	0.09251022338867188
5349473750.0,	0.07439041137695312,	0.0911712646484375
5349488125.0,	0.07411956787109375,	0.09184646606445312
5349502500.0,	0.07500076293945312,	0.09247589111328125
5349516875.0,	0.0766143798828125,	0.0918121337890625
5349531250.0,	0.07391738891601562,	0.09103775024414062
5349545625.0,	0.07430267333984375,	0.09288406372070312
5349560000.0,	0.07735061645507812,	0.091949462890625
5349574375.0,	0.07291793823242188,	0.09084701538085938
5349588750.0,	0.075531005859375,	0.09068679809570312
5349603125.0,	0.07479095458984375,	0.09122848510742188
5349617500.0,	0.07591629028320312,	0.08794784545898438
5349631875.0,	0.07322311401367188,	0.08914566040039062
5349646250.0,	0.0750274658203125,	0.09136581420898438
5349660625.0,	0.0738677978515625,	0.08875656127929688
5349675000.0,	0.0728607177734375,	0.08987045288085938
5349689375.0,	0.07581710815429688,	0.0877532958984375
5349703750.0,	0.07497024536132812,	0.09037399291992188
5349718125.0,	0.07666015625,	0.09045791625976562
5349732500.0,	0.07412338256835938,	0.08911895751953125
5349746875.0,	0.07608795166015625,	0.0882415771484375
5349761250.0,	0.0754852294921875,	0.08935546875
5349775625.0,	0.0770111083984375,	0.08935928344726562
5349790000.0,	0.07254409790039062,	0.08880233764648438
5349804375.0,	0.07721710205078125,	0.087432861328125
5349818750.0,	0.0753936767578125,	0.089385986328125
5349833125.0,	0.07470703125,	0.08777999877929688
5349847500.0,	0.0752105712890625,	0.08635711669921875
5349861875.0,	0.07391357421875,	0.08896255493164062
5349876250.0,	0.07548904418945312,	0.089141845703125
5349890625.0,	0.074676513671875,	0.08593368530273438
5349905000.0,	0.07400894165039062,	0.08927154541015625
5349919375.0,	0.07736968994140625,	0.08890914916992188
5349933750.0,	0.07727813720703125,	0.087738037109375
5349948125.0,	0.07518768310546875,	0.08721923828125
5349962500.0,	0.07640838623046875,	0.08832931518554688
5349976875.0,	0.07842254638671875,	0.08750534057617188
5349991250.0,	0.07664108276367188,	0.08723068237304688
5350005625.0,	0.07481765747070312,	0.08596038818359375
5350020000.0,	0.07581710815429688,	0.08815383911132812
5350034375.0,	0.07433700561523438,	0.08678436279296875
5350048750.0,	0.07683563232421875,	0.08571624755859375
5350063125.0,	0.0746307373046875,	0.0865631103515625
5350077500.0,	0.07763671875,	0.08665084838867188
5350091875.0,	0.075836181640625,	0.0877227783203125
5350106250.0,	0.07384490966796875,	0.08746719360351562
5350120625.0,	0.07860183715820312,	0.08628082275390625
5350135000.0,	0.07719039916992188,	0.08660125732421875
5350149375.0,	0.075775146484375,	0.08725738525390625
5350163750.0,	0.07906723022460938,	0.08588790893554688
5350178125.0,	0.07664108276367188,	0.08465957641601562
5350192500.0,	0.07659149169921875,	0.08739852905273438
5350206875.0,	0.07655715942382812,	0.0849609375
5350221250.0,	0.074066162109375,	0.08499526977539062
5350235625.0,	0.075225830078125,	0.08654403686523438
5350250000.0,	0.07634353637695312,	0.0851593017578125
5350264375.0,	0.075592041015625,	0.08324813842773438
5350278750.0,	0.07770156860351562,	0.084564208984375
5350293125.0,	0.0780792236328125,	0.08457565307617188
5350307500.0,	0.07807540893554688,	0.08391571044921875
5350321875.0,	0.07564163208007812,	0.08465576171875
5350336250.0,	0.07546615600585938,	0.0865478515625
5350350625.0,	0.07527542114257812,	0.0852203369140625
5350365000.0,	0.076385498046875,	0.08341598510742188
5350379375.0,	0.07738876342773438,	0.08557891845703125
5350393750.0,	0.07598114013671875,	0.08362197875976562
5350408125.0,	0.07532882690429688,	0.082061767578125
5350422500.0,	0.07619857788085938,	0.08382797241210938
5350436875.0,	0.0763092041015625,	0.08536529541015625
5350451250.0,	0.07794570922851562,	0.08409881591796875
5350465625.0,	0.07536697387695312,	0.08404159545898438
5350480000.0,	0.07658767700195312,	0.08454132080078125
5350494375.0,	0.07581710815429688,	0.08356857299804688
5350508750.0,	0.07548904418945312,	0.08294677734375
5350523125.0,	0.07700729370117188,	0.08385086059570312
5350537500.0,	0.07462310791015625,	0.08078765869140625
5350551875.0,	0.07728195190429688,	0.08176040649414062
5350566250.0,	0.07635116577148438,	0.08245468139648438
5350580625.0,	0.07600784301757812,	0.08351898193359375
5350595000.0,	0.07669448852539062,	0.08412933349609375
5350609375.0,	0.07573699951171875,	0.08251190185546875
5350623750.0,	0.07651519775390625,	0.08224868774414062
5350638125.0,	0.07571792602539062,	0.08383560180664062
5350652500.0,	0.07564926147460938,	0.08364486694335938
5350666875.0,	0.07707977294921875,	0.08408355712890625
5350681250.0,	0.07581710815429688,	0.08132171630859375
5350695625.0,	0.07668304443359375,	0.08089447021484375
5350710000.0,	0.07624435424804688,	0.08067703247070312
5350724375.0,	0.07749176025390625,	0.08289718627929688
5350738750.0,	0.07568359375,	0.08171463012695312
5350753125.0,	0.0765838623046875,	0.08300399780273438
5350767500.0,	0.07687759399414062,	0.08396148681640625
5350781875.0,	0.07700729370117188,	0.08226394653320312
5350796250.0,	0.07733535766601562,	0.08167266845703125
5350810625.0,	0.07665634155273438,	0.08144378662109375
5350825000.0,	0.07825851440429688,	0.08165740966796875
5350839375.0,	0.07727813720703125,	0.0805206298828125
5350853750.0,	0.07596588134765625,	0.08126068115234375
5350868125.0,	0.07672500610351562,	0.07927703857421875
5350882500.0,	0.07596969604492188,	0.08019638061523438
5350896875.0,	0.07588958740234375,	0.0796051025390625
5350911250.0,	0.0780029296875,	0.08203125
5350925625.0,	0.07517242431640625,	0.08014297485351562
5350940000.0,	0.07660675048828125,	0.08137893676757812
5350954375.0,	0.07564544677734375,	0.07947158813476562
5350968750.0,	0.07799911499023438,	0.07804489135742188
5350983125.0,	0.07806396484375,	0.08031082153320312
5350997500.0,	0.07625579833984375,	0.08046340942382812
5351011875.0,	0.07632827758789062,	0.08061599731445312
5351026250.0,	0.07574081420898438,	0.07938385009765625
5351040625.0,	0.075836181640625,	0.08106613159179688
5351055000.0,	0.0763397216796875,	0.07997512817382812
5351069375.0,	0.07640457153320312,	0.08003997802734375
5351083750.0,	0.07516860961914062,	0.07902145385742188
5351098125.0,	0.07758712768554688,	0.07928466796875
5351112500.0,	0.07622909545898438,	0.07939910888671875
5351126875.0,	0.07845687866210938,	0.07881546020507812
5351141250.0,	0.07606124877929688,	0.078277587890625
5351155625.0,	0.07707595825195312,	0.08057403564453125
5351170000.0,	0.07654953002929688,	0.07912445068359375
5351184375.0,	0.07637786865234375,	0.08008956909179688
5351198750.0,	0.07566452026367188,	0.07891845703125
5351213125.0,	0.07532882690429688,	0.07988739013671875
5351227500.0,	0.076385498046875,	0.08039474487304688
5351241875.0,	0.07611465454101562,	0.07932662963867188
5351256250.0,	0.07613372802734375,	0.07883453369140625
5351270625.0,	0.0771026611328125,	0.07892608642578125
5351285000.0,	0.07656478881835938,	0.07879638671875
5351299375.0,	0.07751846313476562,	0.0793609619140625
5351313750.0,	0.07748031616210938,	0.0800018310546875
5351328125.0,	0.07746505737304688,	0.07868576049804688
5351342500.0,	0.07635879516601562,	0.0774383544921875
5351356875.0,	0.07755279541015625,	0.07671356201171875
5351371250.0,	0.07564926147460938,	0.07658004760742188
5351385625.0,	0.07566070556640625,	0.0771942138671875
5351400000.0,	0.07635879516601562,	0.08185195922851562
5351414375.0,	0.07862472534179688,	0.07917022705078125
5351428750.0,	0.07902145385742188,	0.07828903198242188
5351443125.0,	0.07861709594726562,	0.07822418212890625
5351457500.0,	0.07767868041992188,	0.07936477661132812
5351471875.0,	0.07722854614257812,	0.0772705078125
5351486250.0,	0.07720184326171875,	0.076141357421875
5351500625.0,	0.07578659057617188,	0.07757568359375
5351515000.0,	0.07659530639648438,	0.077056884765625
5351529375.0,	0.07566452026367188,	0.07739639282226562
5351543750.0,	0.077392578125,	0.07541275024414062
5351558125.0,	0.07349777221679688,	0.07874679565429688
5351572500.0,	0.07612228393554688,	0.0771636962890625
5351586875.0,	0.07869720458984375,	0.07706069946289062
5351601250.0,	0.07506179809570312,	0.07815170288085938
5351615625.0,	0.07847976684570312,	0.07905197143554688
5351630000.0,	0.07499313354492188,	0.07776641845703125
5351644375.0,	0.07416534423828125,	0.07771682739257812
5351658750.0,	0.07724761962890625,	0.076995849609375
5351673125.0,	0.07900619506835938,	0.07712936401367188
5351687500.0,	0.07876968383789062,	0.07616043090820312
5351701875.0,	0.07533645629882812,	0.07666778564453125
5351716250.0,	0.07608413696289062,	0.07688140869140625
5351730625.0,	0.07720184326171875,	0.07486343383789062
5351745000.0,	0.07462310791015625,	0.07576751708984375
5351759375.0,	0.0774993896484375,	0.07610702514648438
5351773750.0,	0.07675552368164062,	0.07675552368164062
5351788125.0,	0.07659149169921875,	0.07759857177734375
5351802500.0,	0.07767868041992188,	0.07686614990234375
5351816875.0,	0.0767364501953125,	0.07659149169921875
5351831250.0,	0.07559585571289062,	0.0781097412109375
5351845625.0,	0.0784454345703125,	0.07463455200195312
5351860000.0,	0.07646942138671875,	0.07618331909179688
5351874375.0,	0.07602691650390625,	0.07666397094726562
5351888750.0,	0.0769805908203125,	0.07860183715820312
5351903125.0,	0.07411575317382812,	0.07639694213867188
5351917500.0,	0.07658767700195312,	0.0747528076171875
5351931875.0,	0.07590866088867188,	0.07457351684570312
5351946250.0,	0.07690811157226562,	0.07452392578125
5351960625.0,	0.07576751708984375,	0.075408935546875
5351975000.0,	0.07813644409179688,	0.07523727416992188
5351989375.0,	0.07548904418945312,	0.07633209228515625
5352003750.0,	0.07455062866210938,	0.07459640502929688
5352018125.0,	0.07732772827148438,	0.077239990234375
5352032500.0,	0.07706832885742188,	0.07695388793945312
5352046875.0,	0.0769195556640625,	0.07576370239257812
5352061250.0,	0.07425689697265625,	0.0746002197265625
5352075625.0,	0.07799148559570312,	0.07558822631835938
5352090000.0,	0.0753173828125,	0.07505035400390625
5352104375.0,	0.07584762573242188,	0.07424545288085938
5352118750.0,	0.0781097412109375,	0.07091903686523438
5352133125.0,	0.0778350830078125,	0.0750885009765625
5352147500.0,	0.07738494873046875,	0.07619094848632812
5352161875.0,	0.07484054565429688,	0.0751953125
5352176250.0,	0.07957839965820312,	0.07264328002929688
5352190625.0,	0.07642364501953125,	0.07468032836914062
5352205000.0,	0.07476806640625,	0.07402801513671875
5352219375.0,	0.07585906982421875,	0.07416915893554688
5352233750.0,	0.07654190063476562,	0.07439804077148438
5352248125.0,	0.07712173461914062,	0.07401275634765625
5352262500.0,	0.07599639892578125,	0.07302474975585938
5352276875.0,	0.076873779296875,	0.07435989379882812
5352291250.0,	0.07362747192382812,	0.07278823852539062
5352305625.0,	0.07444381713867188,	0.0749969482421875
5352320000.0,	0.07653045654296875,	0.07320785522460938
5352334375.0,	0.07794189453125,	0.07550048828125
5352348750.0,	0.0782318115234375,	0.075042724609375
5352363125.0,	0.075927734375,	0.0727996826171875
5352377500.0,	0.07640457153320312,	0.0751190185546875
5352391875.0,	0.07748794555664062,	0.0740203857421875
5352406250.0,	0.0759735107421875,	0.07477951049804688
5352420625.0,	0.07695770263671875,	0.07211685180664062
5352435000.0,	0.07659149169921875,	0.07445526123046875
5352449375.0,	0.07735061645507812,	0.07249069213867188
5352463750.0,	0.07550811767578125,	0.07366561889648438
5352478125.0,	0.07239532470703125,	0.07336044311523438
5352492500.0,	0.07469558715820312,	0.073455810546875
5352506875.0,	0.0778045654296875,	0.0713348388671875
5352521250.0,	0.07567977905273438,	0.0729217529296875
5352535625.0,	0.07818603515625,	0.07012176513671875
5352550000.0,	0.07550430297851562,	0.0745086669921875
5352564375.0,	0.07797622680664062,	0.07349395751953125
5352578750.0,	0.07594680786132812,	0.07142257690429688
5352593125.0,	0.07600021362304688,	0.07346725463867188
5352607500.0,	0.07740020751953125,	0.07262802124023438
5352621875.0,	0.07567214965820312,	0.07364654541015625
5352636250.0,	0.0774688720703125,	0.07400894165039062
5352650625.0,	0.07765960693359375,	0.07164764404296875
5352665000.0,	0.0767822265625,	0.07339096069335938
5352679375.0,	0.07749176025390625,	0.071075439453125
5352693750.0,	0.07391357421875,	0.07360076904296875
5352708125.0,	0.07762527465820312,	0.07203292846679688
5352722500.0,	0.07643890380859375,	0.071746826171875
5352736875.0,	0.07538986206054688,	0.07349395751953125
5352751250.0,	0.07629776000976562,	0.0705718994140625
5352765625.0,	0.076019287109375,	0.07207489013671875
5352780000.0,	0.0775299072265625,	0.072418212890625
5352794375.0,	0.07548141479492188,	0.0741119384765625
5352808750.0,	0.07861328125,	0.07213973999023438
5352823125.0,	0.0756072998046875,	0.07138442993164062
5352837500.0,	0.07485580444335938,	0.0734405517578125
5352851875.0,	0.07558059692382812,	0.07089614868164062
5352866250.0,	0.07700729370117188,	0.07311630249023438
5352880625.0,	0.0767669677734375,	0.07169723510742188
5352895000.0,	0.07708358764648438,	0.07083511352539062
5352909375.0,	0.07355117797851562,	0.07159805297851562
5352923750.0,	0.07616806030273438,	0.07126617431640625
5352938125.0,	0.07561492919921875,	0.07130813598632812
5352952500.0,	0.07794189453125,	0.07239532470703125
5352966875.0,	0.0774078369140625,	0.07364654541015625
5352981250.0,	0.07735443115234375,	0.0721435546875
5352995625.0,	0.07709884643554688,	0.07145309448242188
5353010000.0,	0.07546615600585938,	0.071502685546875
5353024375.0,	0.07623672485351562,	0.07135391235351562
5353038750.0,	0.07667922973632812,	0.07016372680664062
5353053125.0,	0.07922744750976562,	0.07190322875976562
5353067500.0,	0.07610321044921875,	0.07212448120117188
5353081875.0,	0.076629638671875,	0.0715484619140625
5353096250.0,	0.07691192626953125,	0.07117080688476562
5353110625.0,	0.074676513671875,	0.07244873046875
5353125000.0,	0.07619857788085938,	0.07026290893554688
5353139375.0,	0.07627105712890625,	0.07143020629882812
5353153750.0,	0.07425308227539062,	0.07040786743164062
5353168125.0,	0.07630157470703125,	0.07129287719726562
5353182500.0,	0.07651519775390625,	0.07037734985351562
5353196875.0,	0.07527542114257812,	0.070343017578125
5353211250.0,	0.07689666748046875,	0.06962966918945312
5353225625.0,	0.07839202880859375,	0.07021331787109375
5353240000.0,	0.0749969482421875,	0.06930160522460938
5353254375.0,	0.07607269287109375,	0.07025527954101562
5353268750.0,	0.07383346557617188,	0.070709228515625
5353283125.0,	0.0750732421875,	0.06935882568359375
5353297500.0,	0.07630538940429688,	0.07339859008789062
5353311875.0,	0.0765533447265625,	0.071563720703125
5353326250.0,	0.07750320434570312,	0.07133865356445312
5353340625.0,	0.0758819580078125,	0.06975936889648438
5353355000.0,	0.07611846923828125,	0.06876754760742188
5353369375.0,	0.0755615234375,	0.0686492919921875
5353383750.0,	0.07564163208007812,	0.07127761840820312
5353398125.0,	0.07744979858398438,	0.06875228881835938
5353412500.0,	0.07644271850585938,	0.06908035278320312
5353426875.0,	0.078125,	0.07085800170898438
5353441250.0,	0.07537841796875,	0.06970596313476562
5353455625.0,	0.07680511474609375,	0.06991958618164062
5353470000.0,	0.07715225219726562,	0.07042312622070312
5353484375.0,	0.07570266723632812,	0.07126617431640625
5353498750.0,	0.07532119750976562,	0.06816482543945312
5353513125.0,	0.07752227783203125,	0.0699462890625
5353527500.0,	0.07586669921875,	0.069183349609375
5353541875.0,	0.07664108276367188,	0.06877517700195312
5353556250.0,	0.0749664306640625,	0.0702056884765625
5353570625.0,	0.07643890380859375,	0.06863021850585938
5353585000.0,	0.07661056518554688,	0.07167434692382812
5353599375.0,	0.07427978515625,	0.06957244873046875
5353613750.0,	0.07521438598632812,	0.06896591186523438
5353628125.0,	0.07474899291992188,	0.06807327270507812
5353642500.0,	0.07500457763671875,	0.06911849975585938
5353656875.0,	0.07567214965820312,	0.07056045532226562
5353671250.0,	0.07521820068359375,	0.06680679321289062
5353685625.0,	0.07538223266601562,	0.06995391845703125
5353700000.0,	0.07531356811523438,	0.06808853149414062
5353714375.0,	0.07578277587890625,	0.07049179077148438
5353728750.0,	0.07728958129882812,	0.06940841674804688
5353743125.0,	0.07964324951171875,	0.06713104248046875
5353757500.0,	0.0729827880859375,	0.07109832763671875
5353771875.0,	0.07281875610351562,	0.06856918334960938
5353786250.0,	0.07714462280273438,	0.06964492797851562
5353800625.0,	0.07587432861328125,	0.06843948364257812
5353815000.0,	0.07653045654296875,	0.06976699829101562
5353829375.0,	0.07523727416992188,	0.07028579711914062
5353843750.0,	0.07866287231445312,	0.06724929809570312
5353858125.0,	0.0770111083984375,	0.07111740112304688
5353872500.0,	0.07543182373046875,	0.0677490234375
5353886875.0,	0.07468032836914062,	0.07028579711914062
5353901250.0,	0.07736968994140625,	0.06808090209960938
5353915625.0,	0.07581329345703125,	0.06906509399414062
5353930000.0,	0.07374191284179688,	0.06688308715820312
5353944375.0,	0.07612991333007812,	0.06627655029296875
5353958750.0,	0.07730484008789062,	0.06768417358398438
5353973125.0,	0.0755462646484375,	0.06826400756835938
5353987500.0,	0.07523727416992188,	0.068450927734375
5354001875.0,	0.07562255859375,	0.06888198852539062
5354016250.0,	0.07520294189453125,	0.06942367553710938
5354030625.0,	0.07503128051757812,	0.06729507446289062
5354045000.0,	0.07612228393554688,	0.0669403076171875
5354059375.0,	0.07452392578125,	0.06931686401367188
5354073750.0,	0.07645416259765625,	0.06737518310546875
5354088125.0,	0.07633209228515625,	0.066925048828125
5354102500.0,	0.07678985595703125,	0.0697479248046875
5354116875.0,	0.07614517211914062,	0.06812286376953125
5354131250.0,	0.07543563842773438,	0.06789016723632812
5354145625.0,	0.07605361938476562,	0.06802749633789062
5354160000.0,	0.07731246948242188,	0.06795883178710938
5354174375.0,	0.07553482055664062,	0.06750106811523438
5354188750.0,	0.078216552734375,	0.06612777709960938
5354203125.0,	0.075927734375,	0.06849288940429688
5354217500.0,	0.0756072998046875,	0.0667724609375
5354231875.0,	0.07605361938476562,	0.06604385375976562
5354246250.0,	0.07470703125,	0.06772613525390625
5354260625.0,	0.07700729370117188,	0.06620025634765625
5354275000.0,	0.07402420043945312,	0.06979751586914062
5354289375.0,	0.07521820068359375,	0.06789016723632812
5354303750.0,	0.07315826416015625,	0.06752395629882812
5354318125.0,	0.07486343383789062,	0.06662368774414062
5354332500.0,	0.074493408203125,	0.06554794311523438
5354346875.0,	0.07711410522460938,	0.06922149658203125
5354361250.0,	0.07655715942382812,	0.06648635864257812
5354375625.0,	0.07526779174804688,	0.06739044189453125
5354390000.0,	0.07665634155273438,	0.0669097900390625
5354404375.0,	0.07741165161132812,	0.06815719604492188
5354418750.0,	0.07442474365234375,	0.0662384033203125
5354433125.0,	0.07698440551757812,	0.06641387939453125
5354447500.0,	0.07987213134765625,	0.06637191772460938
5354461875.0,	0.07619094848632812,	0.06633758544921875
5354476250.0,	0.076873779296875,	0.06690597534179688
5354490625.0,	0.07561111450195312,	0.0665740966796875
5354505000.0,	0.07415008544921875,	0.06764602661132812
5354519375.0,	0.07609176635742188,	0.0671539306640625
5354533750.0,	0.07611083984375,	0.06777191162109375
5354548125.0,	0.07558441162109375,	0.06602859497070312
5354562500.0,	0.07702255249023438,	0.0647430419921875
5354576875.0,	0.07574844360351562,	0.06821441650390625
5354591250.0,	0.07516098022460938,	0.0677642822265625
5354605625.0,	0.07531356811523438,	0.065704345703125
5354620000.0,	0.07445907592773438,	0.0662994384765625
5354634375.0,	0.0745086669921875,	0.06641769409179688
5354648750.0,	0.07325363159179688,	0.06723785400390625
5354663125.0,	0.07706832885742188,	0.06598663330078125
5354677500.0,	0.07245635986328125,	0.06633758544921875
5354691875.0,	0.07466888427734375,	0.06661224365234375
5354706250.0,	0.07595443725585938,	0.06652069091796875
5354720625.0,	0.074798583984375,	0.0657196044921875
5354735000.0,	0.07611846923828125,	0.06690597534179688
5354749375.0,	0.07647323608398438,	0.06457138061523438
5354763750.0,	0.07769775390625,	0.06575393676757812
5354778125.0,	0.0757293701171875,	0.0666656494140625
5354792500.0,	0.07212448120117188,	0.06632614135742188
5354806875.0,	0.07411956787109375,	0.06409835815429688
5354821250.0,	0.07535934448242188,	0.06481552124023438
5354835625.0,	0.07484817504882812,	0.065765380859375
5354850000.0,	0.0753631591796875,	0.06815338134765625
5354864375.0,	0.07663726806640625,	0.06566619873046875
5354878750.0,	0.07616043090820312,	0.06705093383789062
5354893125.0,	0.075958251953125,	0.06732940673828125
5354907500.0,	0.07568740844726562,	0.06594085693359375
5354921875.0,	0.07312393188476562,	0.06451797485351562
5354936250.0,	0.07379531860351562,	0.06665420532226562
5354950625.0,	0.07677078247070312,	0.06694793701171875
5354965000.0,	0.07342910766601562,	0.06641769409179688
5354979375.0,	0.07494735717773438,	0.0657501220703125
5354993750.0,	0.07574081420898438,	0.0630340576171875
5355008125.0,	0.0738067626953125,	0.06661605834960938
5355022500.0,	0.07735824584960938,	0.06691741943359375
5355036875.0,	0.07613372802734375,	0.06534957885742188
5355051250.0,	0.07640457153320312,	0.06608200073242188
5355065625.0,	0.0760498046875,	0.0664825439453125
5355080000.0,	0.07386016845703125,	0.0667724609375
5355094375.0,	0.0746917724609375,	0.06605148315429688
5355108750.0,	0.07306289672851562,	0.06453704833984375
5355123125.0,	0.07510757446289062,	0.06598663330078125
5355137500.0,	0.07575607299804688,	0.06326675415039062
5355151875.0,	0.0729827880859375,	0.06559371948242188
5355166250.0,	0.07576751708984375,	0.066986083984375
5355180625.0,	0.07488250732421875,	0.06402206420898438
5355195000.0,	0.07431411743164062,	0.06637954711914062
5355209375.0,	0.0764007568359375,	0.06646728515625
5355223750.0,	0.07581329345703125,	0.06677627563476562
5355238125.0,	0.073883056640625,	0.0650787353515625
5355252500.0,	0.07566070556640625,	0.06476211547851562
5355266875.0,	0.0736541748046875,	0.06602096557617188
5355281250.0,	0.07658767700195312,	0.06704330444335938
5355295625.0,	0.07384872436523438,	0.06519699096679688
5355310000.0,	0.073944091796875,	0.0649871826171875
5355324375.0,	0.07604217529296875,	0.06427001953125
5355338750.0,	0.07444381713867188,	0.06378173828125
5355353125.0,	0.0754547119140625,	0.0630340576171875
5355367500.0,	0.07579421997070312,	0.06364059448242188
5355381875.0,	0.07525634765625,	0.06606674194335938
5355396250.0,	0.07580947875976562,	0.06379318237304688
5355410625.0,	0.07503890991210938,	0.06562423706054688
5355425000.0,	0.07572555541992188,	0.06279754638671875
5355439375.0,	0.0757293701171875,	0.06335830688476562
5355453750.0,	0.07402801513671875,	0.06545257568359375
5355468125.0,	0.07422637939453125,	0.06384658813476562
5355482500.0,	0.07537078857421875,	0.06607818603515625
5355496875.0,	0.0745086669921875,	0.06268692016601562
5355511250.0,	0.07825088500976562,	0.06268692016601562
5355525625.0,	0.0751495361328125,	0.06438064575195312
5355540000.0,	0.07599258422851562,	0.06464767456054688
5355554375.0,	0.07428359985351562,	0.06352996826171875
5355568750.0,	0.07475662231445312,	0.06368637084960938
5355583125.0,	0.07616424560546875,	0.06258392333984375
5355597500.0,	0.0760955810546875,	0.06447601318359375
5355611875.0,	0.07466506958007812,	0.0639495849609375
5355626250.0,	0.07445144653320312,	0.06429290771484375
5355640625.0,	0.07464981079101562,	0.06465530395507812
5355655000.0,	0.07544708251953125,	0.063995361328125
5355669375.0,	0.07360458374023438,	0.061656951904296875
5355683750.0,	0.07251739501953125,	0.06466293334960938
5355698125.0,	0.07564544677734375,	0.063873291015625
5355712500.0,	0.07404327392578125,	0.06291961669921875
5355726875.0,	0.07406234741210938,	0.0634002685546875
5355741250.0,	0.0714569091796875,	0.06396484375
5355755625.0,	0.07510757446289062,	0.06356430053710938
5355770000.0,	0.07431793212890625,	0.0642852783203125
5355784375.0,	0.07754135131835938,	0.06582260131835938
5355798750.0,	0.07439804077148438,	0.0627593994140625
5355813125.0,	0.07562637329101562,	0.06281280517578125
5355827500.0,	0.07510757446289062,	0.06430435180664062
5355841875.0,	0.07598114013671875,	0.062442779541015625
5355856250.0,	0.0745086669921875,	0.06366729736328125
5355870625.0,	0.075347900390625,	0.06656265258789062
5355885000.0,	0.07336044311523438,	0.062313079833984375
5355899375.0,	0.07427215576171875,	0.06453704833984375
5355913750.0,	0.07303237915039062,	0.06372451782226562
5355928125.0,	0.07416152954101562,	0.06349563598632812
5355942500.0,	0.07515716552734375,	0.062225341796875
5355956875.0,	0.07555389404296875,	0.06542587280273438
5355971250.0,	0.07546234130859375,	0.06433486938476562
5355985625.0,	0.07485198974609375,	0.064788818359375
5356000000.0,	0.07413101196289062,	0.06259918212890625
