5865008125.0,	0.1139068603515625,	0.08642959594726562
5865016250.0,	0.11433029174804688,	0.08806228637695312
5865024375.0,	0.11382675170898438,	0.08859634399414062
5865032500.0,	0.114654541015625,	0.08767318725585938
5865040625.0,	0.11449813842773438,	0.08623886108398438
5865048750.0,	0.11472702026367188,	0.08785629272460938
5865056875.0,	0.11265182495117188,	0.08562469482421875
5865065000.0,	0.11176681518554688,	0.08802032470703125
5865073125.0,	0.11478424072265625,	0.08613204956054688
5865081250.0,	0.11304092407226562,	0.08886337280273438
5865089375.0,	0.11359024047851562,	0.0869903564453125
5865097500.0,	0.11543655395507812,	0.08665847778320312
5865105625.0,	0.1156463623046875,	0.08574676513671875
5865113750.0,	0.11288070678710938,	0.08643722534179688
5865121875.0,	0.11602401733398438,	0.08824539184570312
5865130000.0,	0.11388397216796875,	0.087493896484375
5865138125.0,	0.11571884155273438,	0.08828353881835938
5865146250.0,	0.11400985717773438,	0.08788299560546875
5865154375.0,	0.11638641357421875,	0.08812713623046875
5865162500.0,	0.11498641967773438,	0.08646011352539062
5865170625.0,	0.11519241333007812,	0.0864410400390625
5865178750.0,	0.11456298828125,	0.08655166625976562
5865186875.0,	0.11351776123046875,	0.08693313598632812
5865195000.0,	0.11425399780273438,	0.08637237548828125
5865203125.0,	0.11589431762695312,	0.0850677490234375
5865211250.0,	0.11750411987304688,	0.08546066284179688
5865219375.0,	0.11530303955078125,	0.08507537841796875
5865227500.0,	0.1170654296875,	0.08822250366210938
5865235625.0,	0.1163482666015625,	0.0874481201171875
5865243750.0,	0.11570358276367188,	0.08582305908203125
5865251875.0,	0.1140289306640625,	0.08638381958007812
5865260000.0,	0.1146240234375,	0.08704376220703125
5865268125.0,	0.11547470092773438,	0.08477401733398438
5865276250.0,	0.11439895629882812,	0.08643341064453125
5865284375.0,	0.11565780639648438,	0.08569717407226562
5865292500.0,	0.11496353149414062,	0.08478927612304688
5865300625.0,	0.11482620239257812,	0.08346939086914062
5865308750.0,	0.11432266235351562,	0.08441925048828125
5865316875.0,	0.1150360107421875,	0.084381103515625
5865325000.0,	0.11728286743164062,	0.08535003662109375
5865333125.0,	0.11660003662109375,	0.08579635620117188
5865341250.0,	0.11565780639648438,	0.08777999877929688
5865349375.0,	0.11611557006835938,	0.08449554443359375
5865357500.0,	0.11589431762695312,	0.08333969116210938
5865365625.0,	0.11481857299804688,	0.08601760864257812
5865373750.0,	0.11488723754882812,	0.08720016479492188
5865381875.0,	0.11446380615234375,	0.08376312255859375
5865390000.0,	0.11342239379882812,	0.0846405029296875
5865398125.0,	0.11749267578125,	0.084686279296875
5865406250.0,	0.11715316772460938,	0.08663558959960938
5865414375.0,	0.11527252197265625,	0.08414077758789062
5865422500.0,	0.1165924072265625,	0.0839691162109375
5865430625.0,	0.1153106689453125,	0.08469390869140625
5865438750.0,	0.11661148071289062,	0.08588027954101562
5865446875.0,	0.11639785766601562,	0.084320068359375
5865455000.0,	0.11496734619140625,	0.08545684814453125
5865463125.0,	0.11816024780273438,	0.08375167846679688
5865471250.0,	0.11677932739257812,	0.08323287963867188
5865479375.0,	0.11613845825195312,	0.08369064331054688
5865487500.0,	0.1150054931640625,	0.0846710205078125
5865495625.0,	0.11675643920898438,	0.08246994018554688
5865503750.0,	0.11597442626953125,	0.08646774291992188
5865511875.0,	0.1170806884765625,	0.0831298828125
5865520000.0,	0.11688995361328125,	0.08312606811523438
5865528125.0,	0.11852645874023438,	0.08423233032226562
5865536250.0,	0.1177215576171875,	0.084320068359375
5865544375.0,	0.11858749389648438,	0.08226394653320312
5865552500.0,	0.11848831176757812,	0.08435440063476562
5865560625.0,	0.11600875854492188,	0.08382415771484375
5865568750.0,	0.11664199829101562,	0.08485794067382812
5865576875.0,	0.119140625,	0.08356857299804688
5865585000.0,	0.1178131103515625,	0.08383941650390625
5865593125.0,	0.11809539794921875,	0.0843505859375
5865601250.0,	0.11752700805664062,	0.0867767333984375
5865609375.0,	0.11913299560546875,	0.0836181640625
5865617500.0,	0.11810684204101562,	0.082794189453125
5865625625.0,	0.11728286743164062,	0.083831787109375
5865633750.0,	0.118377685546875,	0.08251953125
5865641875.0,	0.11907958984375,	0.08172607421875
5865650000.0,	0.11929702758789062,	0.08388519287109375
5865658125.0,	0.11883926391601562,	0.08308029174804688
5865666250.0,	0.11817169189453125,	0.08147811889648438
5865674375.0,	0.11780166625976562,	0.082672119140625
5865682500.0,	0.1188201904296875,	0.08356475830078125
5865690625.0,	0.1167449951171875,	0.08175277709960938
5865698750.0,	0.11920547485351562,	0.08082199096679688
5865706875.0,	0.11710739135742188,	0.08251571655273438
5865715000.0,	0.11763381958007812,	0.082763671875
5865723125.0,	0.11753463745117188,	0.08311080932617188
5865731250.0,	0.119140625,	0.08420181274414062
5865739375.0,	0.118804931640625,	0.0828857421875
5865747500.0,	0.11942291259765625,	0.0819244384765625
5865755625.0,	0.118896484375,	0.08127975463867188
5865763750.0,	0.11863327026367188,	0.08154678344726562
5865771875.0,	0.119354248046875,	0.08180618286132812
5865780000.0,	0.11627578735351562,	0.08272933959960938
5865788125.0,	0.12002944946289062,	0.08011627197265625
5865796250.0,	0.11770248413085938,	0.08293914794921875
5865804375.0,	0.11857223510742188,	0.08205795288085938
5865812500.0,	0.11594390869140625,	0.08109283447265625
5865820625.0,	0.116912841796875,	0.08143234252929688
5865828750.0,	0.11795425415039062,	0.08236312866210938
5865836875.0,	0.1169891357421875,	0.08159637451171875
5865845000.0,	0.11925506591796875,	0.08137893676757812
5865853125.0,	0.11975479125976562,	0.082183837890625
5865861250.0,	0.1183013916015625,	0.0814056396484375
5865869375.0,	0.1195526123046875,	0.07993316650390625
5865877500.0,	0.12205886840820312,	0.08066177368164062
5865885625.0,	0.11853408813476562,	0.08063507080078125
5865893750.0,	0.12158584594726562,	0.08157730102539062
5865901875.0,	0.11936187744140625,	0.08095932006835938
5865910000.0,	0.11873626708984375,	0.08093643188476562
5865918125.0,	0.1204681396484375,	0.07911300659179688
5865926250.0,	0.12016677856445312,	0.08041763305664062
5865934375.0,	0.1205902099609375,	0.08001327514648438
5865942500.0,	0.12077713012695312,	0.0797882080078125
5865950625.0,	0.12078857421875,	0.08110809326171875
5865958750.0,	0.11809158325195312,	0.07859420776367188
5865966875.0,	0.119415283203125,	0.08061599731445312
5865975000.0,	0.12092971801757812,	0.07909393310546875
5865983125.0,	0.12062454223632812,	0.0784454345703125
5865991250.0,	0.12230682373046875,	0.07780838012695312
5865999375.0,	0.12204742431640625,	0.0792388916015625
5866007500.0,	0.12196731567382812,	0.07991790771484375
5866015625.0,	0.12113189697265625,	0.077362060546875
5866023750.0,	0.1185455322265625,	0.07653427124023438
5866031875.0,	0.12089157104492188,	0.07804107666015625
5866040000.0,	0.12054061889648438,	0.07854461669921875
5866048125.0,	0.1213226318359375,	0.07833480834960938
5866056250.0,	0.12098312377929688,	0.07769012451171875
5866064375.0,	0.119659423828125,	0.08003616333007812
5866072500.0,	0.1207427978515625,	0.07782745361328125
5866080625.0,	0.12137985229492188,	0.0796051025390625
5866088750.0,	0.11920928955078125,	0.0768585205078125
5866096875.0,	0.12128829956054688,	0.0796051025390625
5866105000.0,	0.12027740478515625,	0.07773208618164062
5866113125.0,	0.12003326416015625,	0.07861328125
5866121250.0,	0.121124267578125,	0.07806015014648438
5866129375.0,	0.12233734130859375,	0.078399658203125
5866137500.0,	0.12198638916015625,	0.07777023315429688
5866145625.0,	0.12263107299804688,	0.07606124877929688
5866153750.0,	0.12018203735351562,	0.07757949829101562
5866161875.0,	0.12052536010742188,	0.07732391357421875
5866170000.0,	0.12260055541992188,	0.07830047607421875
5866178125.0,	0.12079238891601562,	0.07772445678710938
5866186250.0,	0.12078475952148438,	0.07805633544921875
5866194375.0,	0.12177658081054688,	0.07468032836914062
5866202500.0,	0.12160873413085938,	0.07830429077148438
5866210625.0,	0.123321533203125,	0.07653045654296875
5866218750.0,	0.12097549438476562,	0.07527923583984375
5866226875.0,	0.12150192260742188,	0.0762176513671875
5866235000.0,	0.12168121337890625,	0.0771942138671875
5866243125.0,	0.12207794189453125,	0.07701873779296875
5866251250.0,	0.12314224243164062,	0.07565689086914062
5866259375.0,	0.12247467041015625,	0.07593154907226562
5866267500.0,	0.12380218505859375,	0.0752410888671875
5866275625.0,	0.12394332885742188,	0.07627105712890625
5866283750.0,	0.12289047241210938,	0.07604598999023438
5866291875.0,	0.12287139892578125,	0.07526397705078125
5866300000.0,	0.12377166748046875,	0.0765380859375
5866308125.0,	0.12201690673828125,	0.07632064819335938
5866316250.0,	0.12215423583984375,	0.07533645629882812
5866324375.0,	0.11990737915039062,	0.07415771484375
5866332500.0,	0.12334823608398438,	0.07493972778320312
5866340625.0,	0.12274551391601562,	0.07468414306640625
5866348750.0,	0.12475204467773438,	0.07389450073242188
5866356875.0,	0.123443603515625,	0.07643890380859375
5866365000.0,	0.12430572509765625,	0.07506179809570312
5866373125.0,	0.1241912841796875,	0.07283401489257812
5866381250.0,	0.122100830078125,	0.07363510131835938
5866389375.0,	0.12281417846679688,	0.07395553588867188
5866397500.0,	0.1239166259765625,	0.07471466064453125
5866405625.0,	0.120208740234375,	0.07391738891601562
5866413750.0,	0.12273788452148438,	0.07603836059570312
5866421875.0,	0.12216949462890625,	0.07326889038085938
5866430000.0,	0.12282562255859375,	0.07274246215820312
5866438125.0,	0.12366104125976562,	0.07378387451171875
5866446250.0,	0.12412261962890625,	0.07460784912109375
5866454375.0,	0.12216949462890625,	0.07201004028320312
5866462500.0,	0.12285995483398438,	0.07444381713867188
5866470625.0,	0.12511444091796875,	0.07480621337890625
5866478750.0,	0.1220245361328125,	0.07422256469726562
5866486875.0,	0.12407302856445312,	0.0725250244140625
5866495000.0,	0.12564849853515625,	0.0736083984375
5866503125.0,	0.1237030029296875,	0.07218551635742188
5866511250.0,	0.12317276000976562,	0.07287979125976562
5866519375.0,	0.1238861083984375,	0.07368850708007812
5866527500.0,	0.12480545043945312,	0.0731658935546875
5866535625.0,	0.12567138671875,	0.072906494140625
5866543750.0,	0.1247711181640625,	0.07375335693359375
5866551875.0,	0.12355422973632812,	0.07117080688476562
5866560000.0,	0.12584686279296875,	0.07245635986328125
5866568125.0,	0.1255950927734375,	0.07196807861328125
5866576250.0,	0.125030517578125,	0.07129669189453125
5866584375.0,	0.125,	0.0727081298828125
5866592500.0,	0.12541961669921875,	0.071380615234375
5866600625.0,	0.1221160888671875,	0.06951141357421875
5866608750.0,	0.12430572509765625,	0.07012939453125
5866616875.0,	0.1265106201171875,	0.0721588134765625
5866625000.0,	0.12441635131835938,	0.07182693481445312
5866633125.0,	0.12393951416015625,	0.07151031494140625
5866641250.0,	0.124267578125,	0.06956863403320312
5866649375.0,	0.12466049194335938,	0.07220840454101562
5866657500.0,	0.12529754638671875,	0.071685791015625
5866665625.0,	0.12551116943359375,	0.07207489013671875
5866673750.0,	0.126068115234375,	0.07118988037109375
5866681875.0,	0.12735748291015625,	0.0716094970703125
5866690000.0,	0.126983642578125,	0.0693817138671875
5866698125.0,	0.12731170654296875,	0.07138824462890625
5866706250.0,	0.126190185546875,	0.06999969482421875
5866714375.0,	0.1271209716796875,	0.0692291259765625
5866722500.0,	0.1266021728515625,	0.07003021240234375
5866730625.0,	0.125762939453125,	0.06912994384765625
5866738750.0,	0.1244964599609375,	0.068511962890625
5866746875.0,	0.12651824951171875,	0.070770263671875
5866755000.0,	0.12747955322265625,	0.066925048828125
5866763125.0,	0.12715911865234375,	0.0697479248046875
5866771250.0,	0.1266326904296875,	0.06766510009765625
5866779375.0,	0.1259918212890625,	0.0686187744140625
5866787500.0,	0.12475204467773438,	0.06734085083007812
5866795625.0,	0.1262969970703125,	0.06865692138671875
5866803750.0,	0.12639617919921875,	0.0667724609375
5866811875.0,	0.127685546875,	0.06797027587890625
5866820000.0,	0.1250457763671875,	0.0684661865234375
5866828125.0,	0.1262359619140625,	0.06894683837890625
5866836250.0,	0.1273193359375,	0.06694793701171875
5866844375.0,	0.1258697509765625,	0.068115234375
5866852500.0,	0.12766265869140625,	0.0666351318359375
5866860625.0,	0.12668609619140625,	0.06644439697265625
5866868750.0,	0.1275482177734375,	0.06707763671875
5866876875.0,	0.12845611572265625,	0.066162109375
5866885000.0,	0.1264190673828125,	0.0666046142578125
5866893125.0,	0.128265380859375,	0.066162109375
5866901250.0,	0.12949371337890625,	0.06764984130859375
5866909375.0,	0.12761688232421875,	0.06487274169921875
5866917500.0,	0.12606048583984375,	0.06562042236328125
5866925625.0,	0.1261138916015625,	0.06609344482421875
5866933750.0,	0.1275177001953125,	0.0660858154296875
5866941875.0,	0.128936767578125,	0.06481170654296875
5866950000.0,	0.12636566162109375,	0.06674957275390625
5866958125.0,	0.12714385986328125,	0.06487274169921875
5866966250.0,	0.12714385986328125,	0.0637359619140625
5866974375.0,	0.12689208984375,	0.064544677734375
5866982500.0,	0.1280975341796875,	0.0639801025390625
5866990625.0,	0.1279144287109375,	0.06447601318359375
5866998750.0,	0.12770843505859375,	0.06467437744140625
5867006875.0,	0.12926483154296875,	0.0655670166015625
5867015000.0,	0.129608154296875,	0.06485748291015625
5867023125.0,	0.12563323974609375,	0.0659332275390625
5867031250.0,	0.129608154296875,	0.065155029296875
5867039375.0,	0.1285858154296875,	0.06368255615234375
5867047500.0,	0.12603759765625,	0.06514739990234375
5867055625.0,	0.1293182373046875,	0.06414794921875
5867063750.0,	0.12872314453125,	0.062591552734375
5867071875.0,	0.1303558349609375,	0.06319427490234375
5867080000.0,	0.127838134765625,	0.06203460693359375
5867088125.0,	0.12635040283203125,	0.06301116943359375
5867096250.0,	0.12953948974609375,	0.06192779541015625
5867104375.0,	0.13141632080078125,	0.06108856201171875
5867112500.0,	0.12789154052734375,	0.063140869140625
5867120625.0,	0.12905120849609375,	0.061553955078125
5867128750.0,	0.12773895263671875,	0.06107330322265625
5867136875.0,	0.1291046142578125,	0.0618133544921875
5867145000.0,	0.1279144287109375,	0.0617523193359375
5867153125.0,	0.131500244140625,	0.05927276611328125
5867161250.0,	0.12987518310546875,	0.060333251953125
5867169375.0,	0.128570556640625,	0.0607757568359375
5867177500.0,	0.12775421142578125,	0.0598602294921875
5867185625.0,	0.12877655029296875,	0.06220245361328125
5867193750.0,	0.1306915283203125,	0.06241607666015625
5867201875.0,	0.1303253173828125,	0.06160736083984375
5867210000.0,	0.1288299560546875,	0.0592803955078125
5867218125.0,	0.12958526611328125,	0.05803680419921875
5867226250.0,	0.13214111328125,	0.06049346923828125
5867234375.0,	0.1291961669921875,	0.0591888427734375
5867242500.0,	0.129730224609375,	0.058258056640625
5867250625.0,	0.13170623779296875,	0.0581207275390625
5867258750.0,	0.1292266845703125,	0.0589447021484375
5867266875.0,	0.13104248046875,	0.05899810791015625
5867275000.0,	0.12834930419921875,	0.05718994140625
5867283125.0,	0.131195068359375,	0.057525634765625
5867291250.0,	0.13103485107421875,	0.05901336669921875
5867299375.0,	0.13101959228515625,	0.05707550048828125
5867307500.0,	0.1302947998046875,	0.05611419677734375
5867315625.0,	0.127655029296875,	0.05792236328125
5867323750.0,	0.13263702392578125,	0.05805206298828125
5867331875.0,	0.12897491455078125,	0.05316925048828125
5867340000.0,	0.13077545166015625,	0.05376434326171875
5867348125.0,	0.13359832763671875,	0.0570526123046875
5867356250.0,	0.12993621826171875,	0.05683135986328125
5867364375.0,	0.12996673583984375,	0.055267333984375
5867372500.0,	0.13127899169921875,	0.05516815185546875
5867380625.0,	0.13153839111328125,	0.0551300048828125
5867388750.0,	0.13097381591796875,	0.0543975830078125
5867396875.0,	0.1299896240234375,	0.054107666015625
5867405000.0,	0.13202667236328125,	0.05500030517578125
5867413125.0,	0.13043212890625,	0.0535736083984375
5867421250.0,	0.13013458251953125,	0.05410003662109375
5867429375.0,	0.1316986083984375,	0.05620574951171875
5867437500.0,	0.1307830810546875,	0.05274200439453125
5867445625.0,	0.13202667236328125,	0.05474853515625
5867453750.0,	0.1316070556640625,	0.0528717041015625
5867461875.0,	0.130859375,	0.05271148681640625
5867470000.0,	0.1314697265625,	0.05352783203125
5867478125.0,	0.1314849853515625,	0.0500335693359375
5867486250.0,	0.13230133056640625,	0.0543365478515625
5867494375.0,	0.13208770751953125,	0.05216217041015625
5867502500.0,	0.13213348388671875,	0.0533294677734375
5867510625.0,	0.1320648193359375,	0.0525970458984375
5867518750.0,	0.13129425048828125,	0.05229949951171875
5867526875.0,	0.13233184814453125,	0.05290985107421875
5867535000.0,	0.13274383544921875,	0.05025482177734375
5867543125.0,	0.130462646484375,	0.0513458251953125
5867551250.0,	0.13165283203125,	0.0510711669921875
5867559375.0,	0.1295928955078125,	0.05161285400390625
5867567500.0,	0.1335296630859375,	0.0511474609375
5867575625.0,	0.1330413818359375,	0.04998779296875
5867583750.0,	0.13080596923828125,	0.05031585693359375
5867591875.0,	0.13226318359375,	0.048248291015625
5867600000.0,	0.13278961181640625,	0.04804229736328125
5867608125.0,	0.13211822509765625,	0.0483551025390625
5867616250.0,	0.1324920654296875,	0.04712677001953125
5867624375.0,	0.1313323974609375,	0.04965972900390625
5867632500.0,	0.131561279296875,	0.04656982421875
5867640625.0,	0.1331787109375,	0.047760009765625
5867648750.0,	0.1316375732421875,	0.0487060546875
5867656875.0,	0.13100433349609375,	0.0475616455078125
5867665000.0,	0.13425445556640625,	0.0468292236328125
5867673125.0,	0.1324005126953125,	0.0461578369140625
5867681250.0,	0.13233184814453125,	0.04730224609375
5867689375.0,	0.1305999755859375,	0.04526519775390625
5867697500.0,	0.13262939453125,	0.04383087158203125
5867705625.0,	0.13178253173828125,	0.0452728271484375
5867713750.0,	0.13344573974609375,	0.04529571533203125
5867721875.0,	0.13338470458984375,	0.04477691650390625
5867730000.0,	0.1335601806640625,	0.0455169677734375
5867738125.0,	0.133270263671875,	0.04476165771484375
5867746250.0,	0.13397216796875,	0.0428314208984375
5867754375.0,	0.131805419921875,	0.04567718505859375
5867762500.0,	0.1312255859375,	0.0428466796875
5867770625.0,	0.1324920654296875,	0.04090118408203125
5867778750.0,	0.130035400390625,	0.0433197021484375
5867786875.0,	0.12946319580078125,	0.042327880859375
5867795000.0,	0.13390350341796875,	0.0439300537109375
5867803125.0,	0.13155364990234375,	0.04010009765625
5867811250.0,	0.13130950927734375,	0.042694091796875
5867819375.0,	0.132965087890625,	0.04093170166015625
5867827500.0,	0.13472747802734375,	0.0413360595703125
5867835625.0,	0.1303558349609375,	0.0419769287109375
5867843750.0,	0.1337432861328125,	0.04035186767578125
5867851875.0,	0.132415771484375,	0.03961944580078125
5867860000.0,	0.13410186767578125,	0.04114532470703125
5867868125.0,	0.1329803466796875,	0.0384979248046875
5867876250.0,	0.13280487060546875,	0.03937530517578125
5867884375.0,	0.13140106201171875,	0.03769683837890625
5867892500.0,	0.13173675537109375,	0.0390472412109375
5867900625.0,	0.13333892822265625,	0.038482666015625
5867908750.0,	0.1313323974609375,	0.03681182861328125
5867916875.0,	0.1326446533203125,	0.0364990234375
5867925000.0,	0.1323699951171875,	0.035980224609375
5867933125.0,	0.13346099853515625,	0.0364227294921875
5867941250.0,	0.1329345703125,	0.03692626953125
5867949375.0,	0.13434600830078125,	0.0374603271484375
5867957500.0,	0.1328277587890625,	0.034759521484375
5867965625.0,	0.13312530517578125,	0.03680419921875
5867973750.0,	0.1316375732421875,	0.03719329833984375
5867981875.0,	0.13249969482421875,	0.034637451171875
5867990000.0,	0.1311798095703125,	0.03536224365234375
5867998125.0,	0.13169097900390625,	0.03490447998046875
5868006250.0,	0.13066864013671875,	0.0345306396484375
5868014375.0,	0.1312408447265625,	0.034027099609375
5868022500.0,	0.1305389404296875,	0.03369903564453125
5868030625.0,	0.13304901123046875,	0.0335693359375
5868038750.0,	0.132354736328125,	0.03595733642578125
5868046875.0,	0.1321563720703125,	0.0318450927734375
5868055000.0,	0.1328582763671875,	0.03282928466796875
5868063125.0,	0.1328887939453125,	0.0327606201171875
5868071250.0,	0.13095855712890625,	0.03102874755859375
5868079375.0,	0.132781982421875,	0.032318115234375
5868087500.0,	0.1327056884765625,	0.03260040283203125
5868095625.0,	0.13089752197265625,	0.0314483642578125
5868103750.0,	0.13146209716796875,	0.02960205078125
5868111875.0,	0.13275146484375,	0.02758026123046875
5868120000.0,	0.13135528564453125,	0.02867889404296875
5868128125.0,	0.13226318359375,	0.02779388427734375
5868136250.0,	0.1316070556640625,	0.02771759033203125
5868144375.0,	0.13126373291015625,	0.02777862548828125
5868152500.0,	0.13050079345703125,	0.02785491943359375
5868160625.0,	0.130584716796875,	0.02703094482421875
5868168750.0,	0.1324615478515625,	0.02710723876953125
5868176875.0,	0.130615234375,	0.0283966064453125
5868185000.0,	0.1297454833984375,	0.0269012451171875
5868193125.0,	0.13076019287109375,	0.02582550048828125
5868201250.0,	0.1305389404296875,	0.02594757080078125
5868209375.0,	0.130523681640625,	0.023834228515625
5868217500.0,	0.12918853759765625,	0.0253143310546875
5868225625.0,	0.1312713623046875,	0.0242462158203125
5868233750.0,	0.12947845458984375,	0.0241241455078125
5868241875.0,	0.13068389892578125,	0.023406982421875
5868250000.0,	0.13008880615234375,	0.02326202392578125
5868258125.0,	0.12923431396484375,	0.0241241455078125
5868266250.0,	0.12967681884765625,	0.02454376220703125
5868274375.0,	0.1305694580078125,	0.02484130859375
5868282500.0,	0.1298065185546875,	0.02419281005859375
5868290625.0,	0.12939453125,	0.0217132568359375
5868298750.0,	0.1304779052734375,	0.02048492431640625
5868306875.0,	0.128204345703125,	0.02069091796875
5868315000.0,	0.12859344482421875,	0.019866943359375
5868323125.0,	0.13013458251953125,	0.02109527587890625
5868331250.0,	0.129669189453125,	0.02008056640625
5868339375.0,	0.129364013671875,	0.0183258056640625
5868347500.0,	0.12912750244140625,	0.02030181884765625
5868355625.0,	0.1280364990234375,	0.01786041259765625
5868363750.0,	0.12932586669921875,	0.01879119873046875
5868371875.0,	0.12839508056640625,	0.01734161376953125
5868380000.0,	0.1276397705078125,	0.0178680419921875
5868388125.0,	0.1273345947265625,	0.0164337158203125
5868396250.0,	0.12621307373046875,	0.01904296875
5868404375.0,	0.12699127197265625,	0.01584625244140625
5868412500.0,	0.1253509521484375,	0.0147705078125
5868420625.0,	0.12924957275390625,	0.01598358154296875
5868428750.0,	0.12728118896484375,	0.0142974853515625
5868436875.0,	0.1253662109375,	0.01422119140625
5868445000.0,	0.126129150390625,	0.0149993896484375
5868453125.0,	0.1288909912109375,	0.01570892333984375
5868461250.0,	0.12676239013671875,	0.0148162841796875
5868469375.0,	0.1264190673828125,	0.013916015625
5868477500.0,	0.12607574462890625,	0.01361083984375
5868485625.0,	0.1267547607421875,	0.01171875
5868493750.0,	0.12427520751953125,	0.012401580810546875
5868501875.0,	0.12713623046875,	0.01213836669921875
5868510000.0,	0.127288818359375,	0.0117645263671875
5868518125.0,	0.12421417236328125,	0.0116119384765625
5868526250.0,	0.12427139282226562,	0.012157440185546875
5868534375.0,	0.12434768676757812,	0.011234283447265625
5868542500.0,	0.12680816650390625,	0.01045989990234375
5868550625.0,	0.12406158447265625,	0.007843017578125
5868558750.0,	0.12630462646484375,	0.01032257080078125
5868566875.0,	0.12641143798828125,	0.00887298583984375
5868575000.0,	0.12200164794921875,	0.009151458740234375
5868583125.0,	0.12396240234375,	0.00588226318359375
5868591250.0,	0.12359619140625,	0.00754547119140625
5868599375.0,	0.12502288818359375,	0.0061187744140625
5868607500.0,	0.12185287475585938,	0.00682830810546875
5868615625.0,	0.12347793579101562,	0.005329132080078125
5868623750.0,	0.1233367919921875,	0.005138397216796875
5868631875.0,	0.12089920043945312,	0.0062255859375
5868640000.0,	0.11960983276367188,	0.00250244140625
5868648125.0,	0.12306594848632812,	0.0031585693359375
5868656250.0,	0.12148666381835938,	0.004665374755859375
5868664375.0,	0.1208038330078125,	0.002490997314453125
5868672500.0,	0.12339019775390625,	0.00103759765625
5868680625.0,	0.1185302734375,	0.00232696533203125
5868688750.0,	0.119293212890625,	0.001140594482421875
5868696875.0,	0.11943435668945312,	0.001964569091796875
5868705000.0,	0.1186676025390625,	6.866455078125e-05
5868713125.0,	0.11777496337890625,	0.004154205322265625
5868721250.0,	0.11423873901367188,	0.00127410888671875
5868729375.0,	0.11541748046875,	0.001285552978515625
5868737500.0,	0.1175537109375,	-0.000751495361328125
5868745625.0,	0.11756515502929688,	0.000377655029296875
5868753750.0,	0.11928939819335938,	-0.000751495361328125
5868761875.0,	0.11588287353515625,	-0.00228118896484375
5868770000.0,	0.1174163818359375,	-0.0010833740234375
5868778125.0,	0.11778640747070312,	-0.0040130615234375
5868786250.0,	0.11538314819335938,	-0.003734588623046875
5868794375.0,	0.11551284790039062,	-0.002956390380859375
5868802500.0,	0.11777877807617188,	-0.001743316650390625
5868810625.0,	0.11664199829101562,	-0.001804351806640625
5868818750.0,	0.11551284790039062,	-0.00466156005859375
5868826875.0,	0.11590194702148438,	-0.004306793212890625
5868835000.0,	0.11299514770507812,	-0.003753662109375
5868843125.0,	0.11459732055664062,	-0.00588226318359375
5868851250.0,	0.1141510009765625,	-0.005443572998046875
5868859375.0,	0.11400604248046875,	-0.00586700439453125
5868867500.0,	0.1131744384765625,	-0.006000518798828125
5868875625.0,	0.11252212524414062,	-0.0070648193359375
5868883750.0,	0.11143875122070312,	-0.008060455322265625
5868891875.0,	0.11149215698242188,	-0.009502410888671875
5868900000.0,	0.1107635498046875,	-0.008090972900390625
5868908125.0,	0.11243438720703125,	-0.0092926025390625
5868916250.0,	0.10933685302734375,	-0.010746002197265625
5868924375.0,	0.10985183715820312,	-0.008373260498046875
5868932500.0,	0.10934829711914062,	-0.008098602294921875
5868940625.0,	0.10929489135742188,	-0.0102386474609375
5868948750.0,	0.1085357666015625,	-0.01116180419921875
5868956875.0,	0.10823822021484375,	-0.009807586669921875
5868965000.0,	0.10738372802734375,	-0.0127105712890625
5868973125.0,	0.10917282104492188,	-0.010280609130859375
5868981250.0,	0.1074371337890625,	-0.0133209228515625
5868989375.0,	0.10655975341796875,	-0.01064300537109375
5868997500.0,	0.10535812377929688,	-0.010028839111328125
5869005625.0,	0.10419845581054688,	-0.012981414794921875
5869013750.0,	0.1024169921875,	-0.01267242431640625
5869021875.0,	0.1034393310546875,	-0.012599945068359375
5869030000.0,	0.10244369506835938,	-0.01296234130859375
5869038125.0,	0.1028594970703125,	-0.01398468017578125
5869046250.0,	0.10249710083007812,	-0.01434326171875
5869054375.0,	0.1033782958984375,	-0.013454437255859375
5869062500.0,	0.10062026977539062,	-0.016162872314453125
5869070625.0,	0.10184478759765625,	-0.01401519775390625
5869078750.0,	0.10153579711914062,	-0.016021728515625
5869086875.0,	0.0987548828125,	-0.0164337158203125
5869095000.0,	0.09981918334960938,	-0.016071319580078125
5869103125.0,	0.09910964965820312,	-0.017215728759765625
5869111250.0,	0.0977935791015625,	-0.01717376708984375
5869119375.0,	0.09703826904296875,	-0.017528533935546875
5869127500.0,	0.096466064453125,	-0.015308380126953125
5869135625.0,	0.09639739990234375,	-0.01605224609375
5869143750.0,	0.09569931030273438,	-0.017284393310546875
5869151875.0,	0.09434127807617188,	-0.01789093017578125
5869160000.0,	0.09610748291015625,	-0.0190582275390625
5869168125.0,	0.09563827514648438,	-0.017704010009765625
5869176250.0,	0.09424972534179688,	-0.0183563232421875
5869184375.0,	0.09465789794921875,	-0.018596649169921875
5869192500.0,	0.091461181640625,	-0.02024078369140625
5869200625.0,	0.09173202514648438,	-0.01973724365234375
5869208750.0,	0.09310531616210938,	-0.018524169921875
5869216875.0,	0.09110641479492188,	-0.022129058837890625
5869225000.0,	0.0926055908203125,	-0.0199127197265625
5869233125.0,	0.09038543701171875,	-0.02194976806640625
5869241250.0,	0.08964157104492188,	-0.020343780517578125
5869249375.0,	0.09011077880859375,	-0.020843505859375
5869257500.0,	0.08837890625,	-0.020702362060546875
5869265625.0,	0.087921142578125,	-0.021503448486328125
5869273750.0,	0.08845138549804688,	-0.0198822021484375
5869281875.0,	0.087554931640625,	-0.022426605224609375
5869290000.0,	0.08694839477539062,	-0.023952484130859375
5869298125.0,	0.0848388671875,	-0.023342132568359375
5869306250.0,	0.08520126342773438,	-0.02263641357421875
5869314375.0,	0.08465194702148438,	-0.023193359375
5869322500.0,	0.0821685791015625,	-0.021575927734375
5869330625.0,	0.08559417724609375,	-0.0236358642578125
5869338750.0,	0.08113479614257812,	-0.02367401123046875
5869346875.0,	0.08275604248046875,	-0.023166656494140625
5869355000.0,	0.08378982543945312,	-0.023174285888671875
5869363125.0,	0.08243560791015625,	-0.02364349365234375
5869371250.0,	0.08033370971679688,	-0.023288726806640625
5869379375.0,	0.07975387573242188,	-0.02484130859375
5869387500.0,	0.07787322998046875,	-0.02455902099609375
5869395625.0,	0.07983016967773438,	-0.022796630859375
5869403750.0,	0.0782318115234375,	-0.0248260498046875
5869411875.0,	0.07559585571289062,	-0.0225830078125
5869420000.0,	0.0782928466796875,	-0.024074554443359375
5869428125.0,	0.0769500732421875,	-0.023433685302734375
5869436250.0,	0.07427597045898438,	-0.0252685546875
5869444375.0,	0.07452011108398438,	-0.024021148681640625
5869452500.0,	0.0733795166015625,	-0.023529052734375
5869460625.0,	0.07236480712890625,	-0.025608062744140625
5869468750.0,	0.0725250244140625,	-0.025020599365234375
5869476875.0,	0.07138442993164062,	-0.025482177734375
5869485000.0,	0.070098876953125,	-0.024753570556640625
5869493125.0,	0.0702972412109375,	-0.025112152099609375
5869501250.0,	0.06765365600585938,	-0.0259857177734375
5869509375.0,	0.069000244140625,	-0.025238037109375
5869517500.0,	0.07003021240234375,	-0.026355743408203125
5869525625.0,	0.06871414184570312,	-0.024311065673828125
5869533750.0,	0.06717300415039062,	-0.02536773681640625
5869541875.0,	0.0673370361328125,	-0.0271759033203125
5869550000.0,	0.06602859497070312,	-0.02423095703125
5869558125.0,	0.06547927856445312,	-0.02559661865234375
5869566250.0,	0.06592178344726562,	-0.02480316162109375
5869574375.0,	0.06235313415527344,	-0.025783538818359375
5869582500.0,	0.062183380126953125,	-0.022876739501953125
5869590625.0,	0.06208038330078125,	-0.02288055419921875
5869598750.0,	0.061676025390625,	-0.02667999267578125
5869606875.0,	0.060970306396484375,	-0.025646209716796875
5869615000.0,	0.061641693115234375,	-0.024785995483398438
5869623125.0,	0.058032989501953125,	-0.023748397827148438
5869631250.0,	0.0581817626953125,	-0.023237228393554688
5869639375.0,	0.057460784912109375,	-0.02455902099609375
5869647500.0,	0.05860710144042969,	-0.022687911987304688
5869655625.0,	0.056064605712890625,	-0.023263931274414062
5869663750.0,	0.05706596374511719,	-0.025068283081054688
5869671875.0,	0.05718231201171875,	-0.023134231567382812
5869680000.0,	0.05629158020019531,	-0.02630615234375
5869688125.0,	0.05591773986816406,	-0.022989273071289062
5869696250.0,	0.05338478088378906,	-0.023363113403320312
5869704375.0,	0.05323219299316406,	-0.02423858642578125
5869712500.0,	0.05267906188964844,	-0.02326202392578125
5869720625.0,	0.051624298095703125,	-0.023015975952148438
5869728750.0,	0.05209541320800781,	-0.023027420043945312
5869736875.0,	0.05081939697265625,	-0.022876739501953125
5869745000.0,	0.04913330078125,	-0.022525787353515625
5869753125.0,	0.05250740051269531,	-0.026088714599609375
5869761250.0,	0.049163818359375,	-0.02249908447265625
5869769375.0,	0.04879188537597656,	-0.0225677490234375
5869777500.0,	0.04798316955566406,	-0.02266693115234375
5869785625.0,	0.04762077331542969,	-0.02127838134765625
5869793750.0,	0.04723548889160156,	-0.01970672607421875
5869801875.0,	0.044841766357421875,	-0.021459579467773438
5869810000.0,	0.0441131591796875,	-0.021909713745117188
5869818125.0,	0.04390716552734375,	-0.021692276000976562
5869826250.0,	0.04503440856933594,	-0.02271270751953125
5869834375.0,	0.04257011413574219,	-0.020715713500976562
5869842500.0,	0.04497528076171875,	-0.020898818969726562
5869850625.0,	0.0419158935546875,	-0.021802902221679688
5869858750.0,	0.04062461853027344,	-0.020605087280273438
5869866875.0,	0.04246330261230469,	-0.020824432373046875
5869875000.0,	0.040782928466796875,	-0.02127838134765625
5869883125.0,	0.0394287109375,	-0.020154953002929688
5869891250.0,	0.0402374267578125,	-0.020208358764648438
5869899375.0,	0.03964996337890625,	-0.019252777099609375
5869907500.0,	0.03873443603515625,	-0.018541336059570312
5869915625.0,	0.0376129150390625,	-0.017772674560546875
5869923750.0,	0.03777313232421875,	-0.015703201293945312
5869931875.0,	0.03618812561035156,	-0.020532608032226562
5869940000.0,	0.033824920654296875,	-0.018352508544921875
5869948125.0,	0.035060882568359375,	-0.016490936279296875
5869956250.0,	0.03645515441894531,	-0.015979766845703125
5869964375.0,	0.03426551818847656,	-0.017330169677734375
5869972500.0,	0.03528594970703125,	-0.015710830688476562
5869980625.0,	0.03403472900390625,	-0.0165863037109375
5869988750.0,	0.033802032470703125,	-0.015081405639648438
5869996875.0,	0.03094959259033203,	-0.01702404022216797
5870005000.0,	0.03346443176269531,	-0.015445709228515625
5870013125.0,	0.030602455139160156,	-0.015597343444824219
5870021250.0,	0.030432701110839844,	-0.014166831970214844
5870029375.0,	0.03133583068847656,	-0.013982772827148438
5870037500.0,	0.029346466064453125,	-0.013479232788085938
5870045625.0,	0.02913188934326172,	-0.014585494995117188
5870053750.0,	0.02984905242919922,	-0.013690948486328125
5870061875.0,	0.029326438903808594,	-0.013890266418457031
5870070000.0,	0.029390335083007812,	-0.013111114501953125
5870078125.0,	0.026067733764648438,	-0.01250457763671875
5870086250.0,	0.02859783172607422,	-0.012636184692382812
5870094375.0,	0.027841567993164062,	-0.011935234069824219
5870102500.0,	0.02530956268310547,	-0.012043952941894531
5870110625.0,	0.025554656982421875,	-0.010701179504394531
5870118750.0,	0.025572776794433594,	-0.011432647705078125
5870126875.0,	0.02412700653076172,	-0.010066986083984375
5870135000.0,	0.02336597442626953,	-0.008544921875
5870143125.0,	0.02304840087890625,	-0.009700775146484375
5870151250.0,	0.02291107177734375,	-0.009676933288574219
5870159375.0,	0.022614479064941406,	-0.0089874267578125
5870167500.0,	0.02093029022216797,	-0.006949424743652344
5870175625.0,	0.020715713500976562,	-0.009542465209960938
5870183750.0,	0.02298736572265625,	-0.008932113647460938
5870191875.0,	0.01902484893798828,	-0.0065708160400390625
5870200000.0,	0.020926475524902344,	-0.007434844970703125
5870208125.0,	0.021462440490722656,	-0.0072307586669921875
5870216250.0,	0.020204544067382812,	-0.007470130920410156
5870224375.0,	0.018804550170898438,	-0.006900787353515625
5870232500.0,	0.018630027770996094,	-0.005936622619628906
5870240625.0,	0.018616676330566406,	-0.004100799560546875
5870248750.0,	0.019965171813964844,	-0.0039157867431640625
5870256875.0,	0.017999649047851562,	-0.002635955810546875
5870265000.0,	0.016951560974121094,	-0.0058574676513671875
5870273125.0,	0.01582622528076172,	-0.00400543212890625
5870281250.0,	0.01731109619140625,	-0.0038042068481445312
5870289375.0,	0.015243053436279297,	-0.0014605522155761719
5870297500.0,	0.014629364013671875,	-0.0014042854309082031
5870305625.0,	0.01489877700805664,	-0.0027337074279785156
5870313750.0,	0.016388893127441406,	-0.0024738311767578125
5870321875.0,	0.01480722427368164,	-0.0014181137084960938
5870330000.0,	0.013636589050292969,	-0.0015292167663574219
5870338125.0,	0.01292562484741211,	-0.0005578994750976562
5870346250.0,	0.014758586883544922,	0.0002951622009277344
5870354375.0,	0.014736652374267578,	0.0009551048278808594
5870362500.0,	0.014096736907958984,	0.0005178451538085938
5870370625.0,	0.014194488525390625,	0.0007586479187011719
5870378750.0,	0.011457443237304688,	0.0017986297607421875
5870386875.0,	0.010977745056152344,	0.002246379852294922
5870395000.0,	0.013479232788085938,	0.0026297569274902344
5870403125.0,	0.014091968536376953,	0.003216266632080078
5870411250.0,	0.011829853057861328,	0.002913951873779297
5870419375.0,	0.01363372802734375,	0.0030775070190429688
5870427500.0,	0.009979724884033203,	0.004636287689208984
5870435625.0,	0.010436534881591797,	0.004870891571044922
5870443750.0,	0.010195255279541016,	0.0038347244262695312
5870451875.0,	0.00807046890258789,	0.007208824157714844
5870460000.0,	0.009654045104980469,	0.007205486297607422
5870468125.0,	0.011643409729003906,	0.006244659423828125
5870476250.0,	0.009394168853759766,	0.0069637298583984375
5870484375.0,	0.010424613952636719,	0.00885009765625
5870492500.0,	0.009932994842529297,	0.009576797485351562
5870500625.0,	0.008618354797363281,	0.00806427001953125
5870508750.0,	0.006855487823486328,	0.00897073745727539
5870516875.0,	0.0075206756591796875,	0.009497642517089844
5870525000.0,	0.005500316619873047,	0.010244369506835938
5870533125.0,	0.008323192596435547,	0.00927591323852539
5870541250.0,	0.007505893707275391,	0.01044321060180664
5870549375.0,	0.007806539535522461,	0.007394313812255859
5870557500.0,	0.007370948791503906,	0.01123809814453125
5870565625.0,	0.005225658416748047,	0.011312007904052734
5870573750.0,	0.006083965301513672,	0.014811992645263672
5870581875.0,	0.005866050720214844,	0.012325763702392578
5870590000.0,	0.006108283996582031,	0.014107227325439453
5870598125.0,	0.0042171478271484375,	0.0152130126953125
5870606250.0,	0.008197307586669922,	0.014843463897705078
5870614375.0,	0.005970478057861328,	0.01499032974243164
5870622500.0,	0.005639076232910156,	0.016663551330566406
5870630625.0,	0.006772518157958984,	0.014806747436523438
5870638750.0,	0.0037631988525390625,	0.015954017639160156
5870646875.0,	0.004624366760253906,	0.016692161560058594
5870655000.0,	0.006087303161621094,	0.016988754272460938
5870663125.0,	0.0047149658203125,	0.015496253967285156
5870671250.0,	0.005137443542480469,	0.017325401306152344
5870679375.0,	0.0032072067260742188,	0.01949787139892578
5870687500.0,	0.005069732666015625,	0.0188751220703125
5870695625.0,	0.0046844482421875,	0.019164085388183594
5870703750.0,	0.0041713714599609375,	0.021701812744140625
5870711875.0,	0.00376129150390625,	0.019303321838378906
5870720000.0,	0.0044097900390625,	0.020412445068359375
5870728125.0,	0.005051612854003906,	0.02053546905517578
5870736250.0,	0.003996849060058594,	0.021010398864746094
5870744375.0,	0.003002166748046875,	0.01977825164794922
5870752500.0,	0.004891395568847656,	0.019298553466796875
5870760625.0,	0.0038938522338867188,	0.022556304931640625
5870768750.0,	0.00214385986328125,	0.02340221405029297
5870776875.0,	0.00341796875,	0.02303600311279297
5870785000.0,	0.0024957656860351562,	0.024530410766601562
5870793125.0,	3.337860107421875e-05,	0.025038719177246094
5870801250.0,	0.00321197509765625,	0.02315044403076172
5870809375.0,	0.0009546279907226562,	0.023904800415039062
5870817500.0,	0.000118255615234375,	0.02601337432861328
5870825625.0,	0.0010328292846679688,	0.02740478515625
5870833750.0,	0.0022401809692382812,	0.027418136596679688
5870841875.0,	0.0026950836181640625,	0.02666950225830078
5870850000.0,	0.0017242431640625,	0.027950286865234375
5870858125.0,	0.0025043487548828125,	0.026830673217773438
5870866250.0,	0.00202178955078125,	0.028644561767578125
5870874375.0,	0.0015993118286132812,	0.029087066650390625
5870882500.0,	0.0021448135375976562,	0.03023242950439453
5870890625.0,	0.0016946792602539062,	0.02955913543701172
5870898750.0,	-0.00034046173095703125,	0.028553009033203125
5870906875.0,	0.0015764236450195312,	0.029567718505859375
5870915000.0,	0.000720977783203125,	0.032073974609375
5870923125.0,	0.0007419586181640625,	0.029018402099609375
5870931250.0,	0.0017242431640625,	0.03180885314941406
5870939375.0,	0.002079010009765625,	0.031189918518066406
5870947500.0,	-0.0005025863647460938,	0.029632568359375
5870955625.0,	0.00089263916015625,	0.03167152404785156
5870963750.0,	-7.2479248046875e-05,	0.03228569030761719
5870971875.0,	-1.1444091796875e-05,	0.03474235534667969
5870980000.0,	0.000980377197265625,	0.03249931335449219
5870988125.0,	6.67572021484375e-05,	0.03413200378417969
5870996250.0,	0.0022573471069335938,	0.030851364135742188
5871004375.0,	0.0015468597412109375,	0.03353691101074219
5871012500.0,	0.00067138671875,	0.034931182861328125
5871020625.0,	0.0017299652099609375,	0.03373146057128906
5871028750.0,	0.0012531280517578125,	0.03756141662597656
5871036875.0,	0.0013790130615234375,	0.0360565185546875
5871045000.0,	0.000461578369140625,	0.03561210632324219
5871053125.0,	-1.9073486328125e-06,	0.03517341613769531
5871061250.0,	0.0015621185302734375,	0.03606414794921875
5871069375.0,	0.0006999969482421875,	0.036670684814453125
5871077500.0,	-0.000213623046875,	0.0357208251953125
5871085625.0,	0.0010395050048828125,	0.03761100769042969
5871093750.0,	0.0007495880126953125,	0.03718757629394531
5871101875.0,	-0.0001621246337890625,	0.039783477783203125
5871110000.0,	0.0020923614501953125,	0.03793525695800781
5871118125.0,	0.0011501312255859375,	0.04177284240722656
5871126250.0,	4.76837158203125e-05,	0.040050506591796875
5871134375.0,	-0.0008182525634765625,	0.040203094482421875
5871142500.0,	0.001495361328125,	0.03885459899902344
5871150625.0,	0.0002193450927734375,	0.04144859313964844
5871158750.0,	0.0019130706787109375,	0.041530609130859375
5871166875.0,	0.00115966796875,	0.04233551025390625
5871175000.0,	-8.96453857421875e-05,	0.04033851623535156
5871183125.0,	0.0001201629638671875,	0.03917121887207031
5871191250.0,	-0.0006389617919921875,	0.042003631591796875
5871199375.0,	0.00043487548828125,	0.04434394836425781
5871207500.0,	0.000728607177734375,	0.04187774658203125
5871215625.0,	0.000865936279296875,	0.041118621826171875
5871223750.0,	0.000988006591796875,	0.04231452941894531
5871231875.0,	0.0007171630859375,	0.04185676574707031
5871240000.0,	0.0003108978271484375,	0.0468902587890625
5871248125.0,	-0.0005512237548828125,	0.04416465759277344
5871256250.0,	0.00055694580078125,	0.042926788330078125
5871264375.0,	0.000331878662109375,	0.04541206359863281
5871272500.0,	0.000453948974609375,	0.04491233825683594
5871280625.0,	8.58306884765625e-05,	0.04484367370605469
5871288750.0,	0.0011730194091796875,	0.04581451416015625
5871296875.0,	-0.00030517578125,	0.04459381103515625
5871305000.0,	0.001857757568359375,	0.04666709899902344
5871313125.0,	0.0010623931884765625,	0.04678916931152344
5871321250.0,	-4.9591064453125e-05,	0.04894256591796875
5871329375.0,	0.0006694793701171875,	0.048107147216796875
5871337500.0,	0.000431060791015625,	0.04733085632324219
5871345625.0,	-7.43865966796875e-05,	0.04935455322265625
5871353750.0,	0.0012989044189453125,	0.049163818359375
5871361875.0,	-0.0022335052490234375,	0.04859352111816406
5871370000.0,	0.000762939453125,	0.048370361328125
5871378125.0,	0.00074005126953125,	0.04909324645996094
5871386250.0,	0.0005359649658203125,	0.047466278076171875
5871394375.0,	0.001079559326171875,	0.05162811279296875
5871402500.0,	0.001068115234375,	0.05010032653808594
5871410625.0,	0.0001506805419921875,	0.051631927490234375
5871418750.0,	-9.72747802734375e-05,	0.05156517028808594
5871426875.0,	-0.000293731689453125,	0.05217933654785156
5871435000.0,	-0.0021495819091796875,	0.051143646240234375
5871443125.0,	5.14984130859375e-05,	0.052242279052734375
5871451250.0,	-0.0002460479736328125,	0.051082611083984375
5871459375.0,	0.000823974609375,	0.05199432373046875
5871467500.0,	0.0043087005615234375,	0.05262565612792969
5871475625.0,	0.001796722412109375,	0.05316162109375
5871483750.0,	0.00244903564453125,	0.052642822265625
5871491875.0,	0.002185821533203125,	0.053569793701171875
5871500000.0,	-0.0006046295166015625,	0.05272674560546875
5871508125.0,	0.000743865966796875,	0.054462432861328125
5871516250.0,	0.0017871856689453125,	0.05462455749511719
5871524375.0,	0.000873565673828125,	0.054607391357421875
5871532500.0,	0.0010833740234375,	0.05474853515625
5871540625.0,	0.0012912750244140625,	0.05268096923828125
5871548750.0,	0.002849578857421875,	0.05315971374511719
5871556875.0,	0.00150299072265625,	0.05672454833984375
5871565000.0,	0.0026988983154296875,	0.05567741394042969
5871573125.0,	0.0008640289306640625,	0.05537605285644531
5871581250.0,	0.000415802001953125,	0.05690574645996094
5871589375.0,	0.0027408599853515625,	0.05608558654785156
5871597500.0,	0.001918792724609375,	0.05753898620605469
5871605625.0,	0.001422882080078125,	0.05602264404296875
5871613750.0,	0.002796173095703125,	0.057270050048828125
5871621875.0,	0.000347137451171875,	0.05668830871582031
5871630000.0,	0.001972198486328125,	0.05886077880859375
5871638125.0,	0.0031986236572265625,	0.05848884582519531
5871646250.0,	0.0038051605224609375,	0.06010627746582031
5871654375.0,	0.0014095306396484375,	0.06014060974121094
5871662500.0,	0.0015125274658203125,	0.05908966064453125
5871670625.0,	0.00275421142578125,	0.05920600891113281
5871678750.0,	0.003322601318359375,	0.05943489074707031
5871686875.0,	0.0030231475830078125,	0.06061363220214844
5871695000.0,	0.004116058349609375,	0.06015586853027344
5871703125.0,	0.002696990966796875,	0.059154510498046875
5871711250.0,	0.004550933837890625,	0.062152862548828125
5871719375.0,	0.0036296844482421875,	0.06232643127441406
5871727500.0,	0.0031185150146484375,	0.059757232666015625
5871735625.0,	0.0022068023681640625,	0.06023597717285156
5871743750.0,	0.0020427703857421875,	0.06003379821777344
5871751875.0,	0.0026454925537109375,	0.06027030944824219
5871760000.0,	0.003704071044921875,	0.062267303466796875
5871768125.0,	0.004119873046875,	0.0637359619140625
5871776250.0,	0.00301361083984375,	0.0626068115234375
5871784375.0,	0.0027523040771484375,	0.062023162841796875
5871792500.0,	0.0055065155029296875,	0.06230354309082031
5871800625.0,	0.00380706787109375,	0.06377029418945312
5871808750.0,	0.003017425537109375,	0.06340789794921875
5871816875.0,	0.003032684326171875,	0.06471633911132812
5871825000.0,	0.00666046142578125,	0.063140869140625
5871833125.0,	0.0044956207275390625,	0.062274932861328125
5871841250.0,	0.00490570068359375,	0.06435012817382812
5871849375.0,	0.003986358642578125,	0.06493759155273438
5871857500.0,	0.004390716552734375,	0.0644378662109375
5871865625.0,	0.003627777099609375,	0.0648193359375
5871873750.0,	0.0037689208984375,	0.06600189208984375
5871881875.0,	0.00499725341796875,	0.06410980224609375
5871890000.0,	0.006267547607421875,	0.06600189208984375
5871898125.0,	0.003040313720703125,	0.0635986328125
5871906250.0,	0.004894256591796875,	0.06637191772460938
5871914375.0,	0.00319671630859375,	0.06711578369140625
5871922500.0,	0.00466156005859375,	0.06591415405273438
5871930625.0,	0.00554656982421875,	0.06530380249023438
5871938750.0,	0.0039825439453125,	0.06527328491210938
5871946875.0,	0.00658416748046875,	0.06792068481445312
5871955000.0,	0.005645751953125,	0.06574630737304688
5871963125.0,	0.006626129150390625,	0.06567764282226562
5871971250.0,	0.005794525146484375,	0.06597518920898438
5871979375.0,	0.004650115966796875,	0.06664276123046875
5871987500.0,	0.006679534912109375,	0.066925048828125
5871995625.0,	0.00533294677734375,	0.06512832641601562
5872003750.0,	0.004039764404296875,	0.06850051879882812
5872011875.0,	0.005336761474609375,	0.06613922119140625
5872020000.0,	0.00568389892578125,	0.07018280029296875
5872028125.0,	0.007434844970703125,	0.06808090209960938
5872036250.0,	0.0077362060546875,	0.0692291259765625
5872044375.0,	0.006740570068359375,	0.06821441650390625
5872052500.0,	0.00685882568359375,	0.06841278076171875
5872060625.0,	0.008480072021484375,	0.069580078125
5872068750.0,	0.0059051513671875,	0.067901611328125
5872076875.0,	0.0066986083984375,	0.07025146484375
5872085000.0,	0.0063323974609375,	0.068695068359375
5872093125.0,	0.0054779052734375,	0.06760406494140625
5872101250.0,	0.006671905517578125,	0.07007980346679688
5872109375.0,	0.00713348388671875,	0.07070541381835938
5872117500.0,	0.00627899169921875,	0.06853103637695312
5872125625.0,	0.007564544677734375,	0.07031631469726562
5872133750.0,	0.007091522216796875,	0.07065963745117188
5872141875.0,	0.007030487060546875,	0.071990966796875
5872150000.0,	0.00524139404296875,	0.06960678100585938
5872158125.0,	0.006107330322265625,	0.07159805297851562
5872166250.0,	0.00518035888671875,	0.07439804077148438
5872174375.0,	0.005565643310546875,	0.07050323486328125
5872182500.0,	0.005931854248046875,	0.07287979125976562
5872190625.0,	0.005847930908203125,	0.07228469848632812
5872198750.0,	0.00717926025390625,	0.07262039184570312
5872206875.0,	0.00695037841796875,	0.07238388061523438
5872215000.0,	0.0072021484375,	0.07102203369140625
5872223125.0,	0.00785064697265625,	0.07017135620117188
5872231250.0,	0.009700775146484375,	0.07338714599609375
5872239375.0,	0.00785064697265625,	0.0744171142578125
5872247500.0,	0.00836944580078125,	0.07361602783203125
5872255625.0,	0.00830078125,	0.07347488403320312
5872263750.0,	0.006664276123046875,	0.07241058349609375
5872271875.0,	0.010417938232421875,	0.07598876953125
5872280000.0,	0.0074615478515625,	0.07358551025390625
5872288125.0,	0.007579803466796875,	0.0729522705078125
5872296250.0,	0.01123809814453125,	0.07212448120117188
5872304375.0,	0.007961273193359375,	0.07447052001953125
5872312500.0,	0.00917816162109375,	0.07484054565429688
5872320625.0,	0.00940704345703125,	0.07337188720703125
5872328750.0,	0.007598876953125,	0.07483291625976562
5872336875.0,	0.010807037353515625,	0.07635879516601562
5872345000.0,	0.010005950927734375,	0.076507568359375
5872353125.0,	0.01092529296875,	0.0754547119140625
5872361250.0,	0.00800323486328125,	0.07596206665039062
5872369375.0,	0.008251190185546875,	0.07596969604492188
5872377500.0,	0.010303497314453125,	0.07776260375976562
5872385625.0,	0.00800323486328125,	0.07531356811523438
5872393750.0,	0.008777618408203125,	0.075469970703125
5872401875.0,	0.008632659912109375,	0.07673263549804688
5872410000.0,	0.0080413818359375,	0.0755157470703125
5872418125.0,	0.01177978515625,	0.077056884765625
5872426250.0,	0.00717926025390625,	0.07553482055664062
5872434375.0,	0.008869171142578125,	0.07766342163085938
5872442500.0,	0.00904083251953125,	0.07671356201171875
5872450625.0,	0.010692596435546875,	0.07703018188476562
5872458750.0,	0.00940704345703125,	0.07717132568359375
5872466875.0,	0.01102447509765625,	0.07786941528320312
5872475000.0,	0.00920867919921875,	0.07817840576171875
5872483125.0,	0.009929656982421875,	0.0779266357421875
5872491250.0,	0.011356353759765625,	0.07773971557617188
5872499375.0,	0.010044097900390625,	0.0789642333984375
5872507500.0,	0.00998687744140625,	0.07621002197265625
5872515625.0,	0.011837005615234375,	0.07825851440429688
5872523750.0,	0.01198577880859375,	0.07728195190429688
5872531875.0,	0.01084136962890625,	0.07746505737304688
5872540000.0,	0.011165618896484375,	0.07823562622070312
5872548125.0,	0.01136016845703125,	0.07706451416015625
5872556250.0,	0.01168060302734375,	0.07847976684570312
5872564375.0,	0.00914764404296875,	0.07818603515625
5872572500.0,	0.012928009033203125,	0.07986831665039062
5872580625.0,	0.012294769287109375,	0.07902145385742188
5872588750.0,	0.009754180908203125,	0.07956314086914062
5872596875.0,	0.009914398193359375,	0.07896041870117188
5872605000.0,	0.01285552978515625,	0.07908248901367188
5872613125.0,	0.013088226318359375,	0.08105087280273438
5872621250.0,	0.01383209228515625,	0.07897186279296875
5872629375.0,	0.010265350341796875,	0.07796859741210938
5872637500.0,	0.01142120361328125,	0.08046722412109375
5872645625.0,	0.011280059814453125,	0.08161544799804688
5872653750.0,	0.012310028076171875,	0.07931900024414062
5872661875.0,	0.012348175048828125,	0.080413818359375
5872670000.0,	0.010101318359375,	0.08008575439453125
5872678125.0,	0.01275634765625,	0.08148574829101562
5872686250.0,	0.012798309326171875,	0.08077621459960938
5872694375.0,	0.0121917724609375,	0.08020782470703125
5872702500.0,	0.01328277587890625,	0.081756591796875
5872710625.0,	0.01181793212890625,	0.08074951171875
5872718750.0,	0.012134552001953125,	0.08184432983398438
5872726875.0,	0.011859893798828125,	0.08221435546875
5872735000.0,	0.0125732421875,	0.07954788208007812
5872743125.0,	0.014003753662109375,	0.08103179931640625
5872751250.0,	0.012645721435546875,	0.0817108154296875
5872759375.0,	0.01300811767578125,	0.08160018920898438
5872767500.0,	0.01398468017578125,	0.08183670043945312
5872775625.0,	0.016193389892578125,	0.0825958251953125
5872783750.0,	0.0146484375,	0.08161544799804688
5872791875.0,	0.01245880126953125,	0.082000732421875
5872800000.0,	0.015621185302734375,	0.08141326904296875
5872808125.0,	0.013835906982421875,	0.08218002319335938
5872816250.0,	0.015277862548828125,	0.08370208740234375
5872824375.0,	0.01465606689453125,	0.08243942260742188
5872832500.0,	0.013301849365234375,	0.08201980590820312
5872840625.0,	0.013690948486328125,	0.082275390625
5872848750.0,	0.0143890380859375,	0.08323287963867188
5872856875.0,	0.014781951904296875,	0.08292007446289062
5872865000.0,	0.0150909423828125,	0.08258438110351562
5872873125.0,	0.014469146728515625,	0.08261871337890625
5872881250.0,	0.013172149658203125,	0.08118820190429688
5872889375.0,	0.0150909423828125,	0.08446121215820312
5872897500.0,	0.0141754150390625,	0.08258438110351562
5872905625.0,	0.014774322509765625,	0.08475875854492188
5872913750.0,	0.016345977783203125,	0.0857696533203125
5872921875.0,	0.015689849853515625,	0.08362579345703125
5872930000.0,	0.01483917236328125,	0.08418655395507812
5872938125.0,	0.013278961181640625,	0.082550048828125
5872946250.0,	0.01670074462890625,	0.08465957641601562
5872954375.0,	0.01576995849609375,	0.08449935913085938
5872962500.0,	0.01401519775390625,	0.08373260498046875
5872970625.0,	0.017303466796875,	0.08349990844726562
5872978750.0,	0.016094207763671875,	0.08367919921875
5872986875.0,	0.018131256103515625,	0.08344650268554688
5872995000.0,	0.014209747314453125,	0.08374404907226562
5873003125.0,	0.01590728759765625,	0.08477783203125
5873011250.0,	0.01617431640625,	0.08533477783203125
5873019375.0,	0.01568603515625,	0.08530044555664062
5873027500.0,	0.01544952392578125,	0.08274459838867188
5873035625.0,	0.01494598388671875,	0.08512496948242188
5873043750.0,	0.015239715576171875,	0.08603286743164062
5873051875.0,	0.01644134521484375,	0.08475494384765625
5873060000.0,	0.0157318115234375,	0.08690643310546875
5873068125.0,	0.01519012451171875,	0.0854034423828125
5873076250.0,	0.016582489013671875,	0.0855712890625
5873084375.0,	0.015819549560546875,	0.0847625732421875
5873092500.0,	0.018276214599609375,	0.08574676513671875
5873100625.0,	0.01556396484375,	0.08697509765625
5873108750.0,	0.018245697021484375,	0.08651351928710938
5873116875.0,	0.01513671875,	0.08683013916015625
5873125000.0,	0.017181396484375,	0.08631515502929688
5873133125.0,	0.0154571533203125,	0.08539581298828125
5873141250.0,	0.016510009765625,	0.08620834350585938
5873149375.0,	0.015956878662109375,	0.08685684204101562
5873157500.0,	0.017749786376953125,	0.08623123168945312
5873165625.0,	0.0145263671875,	0.08736801147460938
5873173750.0,	0.017627716064453125,	0.08594894409179688
5873181875.0,	0.016529083251953125,	0.08646392822265625
5873190000.0,	0.016864776611328125,	0.08574676513671875
5873198125.0,	0.016498565673828125,	0.08806991577148438
5873206250.0,	0.018024444580078125,	0.08796310424804688
5873214375.0,	0.015926361083984375,	0.086212158203125
5873222500.0,	0.015575408935546875,	0.0897979736328125
5873230625.0,	0.016635894775390625,	0.08667373657226562
5873238750.0,	0.017429351806640625,	0.08565139770507812
5873246875.0,	0.018436431884765625,	0.086029052734375
5873255000.0,	0.0153656005859375,	0.08618545532226562
5873263125.0,	0.018726348876953125,	0.08849716186523438
5873271250.0,	0.017910003662109375,	0.0882720947265625
5873279375.0,	0.0191802978515625,	0.08782958984375
5873287500.0,	0.017608642578125,	0.08613967895507812
5873295625.0,	0.0194549560546875,	0.08982467651367188
5873303750.0,	0.01958465576171875,	0.0887908935546875
5873311875.0,	0.019237518310546875,	0.0873870849609375
5873320000.0,	0.017505645751953125,	0.08845901489257812
5873328125.0,	0.016937255859375,	0.088775634765625
5873336250.0,	0.01888275146484375,	0.08799362182617188
5873344375.0,	0.018291473388671875,	0.08945083618164062
5873352500.0,	0.01767730712890625,	0.08871841430664062
5873360625.0,	0.01956939697265625,	0.0882415771484375
5873368750.0,	0.019073486328125,	0.088470458984375
5873376875.0,	0.021442413330078125,	0.09040451049804688
5873385000.0,	0.0196685791015625,	0.08722686767578125
5873393125.0,	0.020847320556640625,	0.08974075317382812
5873401250.0,	0.02037811279296875,	0.08997726440429688
5873409375.0,	0.018215179443359375,	0.08770370483398438
5873417500.0,	0.017810821533203125,	0.0891571044921875
5873425625.0,	0.01869964599609375,	0.09157180786132812
5873433750.0,	0.01740264892578125,	0.09027099609375
5873441875.0,	0.020641326904296875,	0.0880889892578125
5873450000.0,	0.016933441162109375,	0.09174346923828125
5873458125.0,	0.01873016357421875,	0.08829879760742188
5873466250.0,	0.019680023193359375,	0.091827392578125
5873474375.0,	0.020477294921875,	0.09024429321289062
5873482500.0,	0.020526885986328125,	0.08945846557617188
5873490625.0,	0.019680023193359375,	0.087921142578125
5873498750.0,	0.0205230712890625,	0.09002685546875
5873506875.0,	0.019378662109375,	0.09053421020507812
5873515000.0,	0.019512176513671875,	0.09009552001953125
5873523125.0,	0.02036285400390625,	0.09189605712890625
5873531250.0,	0.02089691162109375,	0.08966064453125
5873539375.0,	0.02105712890625,	0.09209823608398438
5873547500.0,	0.021854400634765625,	0.0897674560546875
5873555625.0,	0.01940155029296875,	0.0915374755859375
5873563750.0,	0.020252227783203125,	0.09006500244140625
5873571875.0,	0.022502899169921875,	0.090667724609375
5873580000.0,	0.024951934814453125,	0.08894729614257812
5873588125.0,	0.021114349365234375,	0.09131240844726562
5873596250.0,	0.0212860107421875,	0.09024429321289062
5873604375.0,	0.020709991455078125,	0.08935546875
5873612500.0,	0.0220794677734375,	0.08954620361328125
5873620625.0,	0.020862579345703125,	0.09040451049804688
5873628750.0,	0.02117156982421875,	0.08995819091796875
5873636875.0,	0.02022552490234375,	0.09215927124023438
5873645000.0,	0.0212860107421875,	0.09272384643554688
5873653125.0,	0.022899627685546875,	0.09352874755859375
5873661250.0,	0.022106170654296875,	0.09273910522460938
5873669375.0,	0.021144866943359375,	0.09064865112304688
5873677500.0,	0.019451141357421875,	0.09125900268554688
5873685625.0,	0.020511627197265625,	0.09277725219726562
5873693750.0,	0.022006988525390625,	0.09088134765625
5873701875.0,	0.021533966064453125,	0.09329986572265625
5873710000.0,	0.023380279541015625,	0.09035491943359375
5873718125.0,	0.020015716552734375,	0.09110641479492188
5873726250.0,	0.0234527587890625,	0.09158706665039062
5873734375.0,	0.0209197998046875,	0.0903778076171875
5873742500.0,	0.022762298583984375,	0.09178543090820312
5873750625.0,	0.023197174072265625,	0.09302139282226562
5873758750.0,	0.021312713623046875,	0.09149551391601562
5873766875.0,	0.021312713623046875,	0.09325790405273438
5873775000.0,	0.021892547607421875,	0.09305191040039062
5873783125.0,	0.021884918212890625,	0.09061431884765625
5873791250.0,	0.023639678955078125,	0.09283447265625
5873799375.0,	0.023532867431640625,	0.09241485595703125
5873807500.0,	0.022796630859375,	0.09219741821289062
5873815625.0,	0.02390289306640625,	0.094512939453125
5873823750.0,	0.02364349365234375,	0.09034347534179688
5873831875.0,	0.022918701171875,	0.09269332885742188
5873840000.0,	0.024799346923828125,	0.0926513671875
5873848125.0,	0.0225372314453125,	0.09270477294921875
5873856250.0,	0.02440643310546875,	0.090789794921875
5873864375.0,	0.020687103271484375,	0.09206771850585938
5873872500.0,	0.0222320556640625,	0.09310150146484375
5873880625.0,	0.02342987060546875,	0.0941925048828125
5873888750.0,	0.02208709716796875,	0.09328460693359375
5873896875.0,	0.02280426025390625,	0.0942230224609375
5873905000.0,	0.02442169189453125,	0.09186553955078125
5873913125.0,	0.02411651611328125,	0.09374618530273438
5873921250.0,	0.024288177490234375,	0.09470748901367188
5873929375.0,	0.02439117431640625,	0.09374618530273438
5873937500.0,	0.02439117431640625,	0.09273529052734375
5873945625.0,	0.02407073974609375,	0.092803955078125
5873953750.0,	0.0242919921875,	0.09293746948242188
5873961875.0,	0.0224761962890625,	0.0927734375
5873970000.0,	0.0226898193359375,	0.09304428100585938
5873978125.0,	0.02388763427734375,	0.09333419799804688
5873986250.0,	0.02286529541015625,	0.09444046020507812
5873994375.0,	0.0242462158203125,	0.09357070922851562
5874002500.0,	0.0237884521484375,	0.09300994873046875
5874010625.0,	0.02213287353515625,	0.095001220703125
5874018750.0,	0.02515411376953125,	0.09410858154296875
5874026875.0,	0.0228271484375,	0.09585952758789062
5874035000.0,	0.022735595703125,	0.0918426513671875
5874043125.0,	0.0247650146484375,	0.092803955078125
5874051250.0,	0.023288726806640625,	0.09519577026367188
5874059375.0,	0.022922515869140625,	0.09588623046875
5874067500.0,	0.023715972900390625,	0.09462356567382812
5874075625.0,	0.0240478515625,	0.0923614501953125
5874083750.0,	0.02386474609375,	0.09326934814453125
5874091875.0,	0.02307891845703125,	0.09437179565429688
5874100000.0,	0.023967742919921875,	0.09558868408203125
5874108125.0,	0.02259063720703125,	0.09241867065429688
5874116250.0,	0.025798797607421875,	0.09293365478515625
5874124375.0,	0.024227142333984375,	0.09445953369140625
5874132500.0,	0.023303985595703125,	0.0954742431640625
5874140625.0,	0.023563385009765625,	0.09621047973632812
5874148750.0,	0.0245513916015625,	0.096099853515625
5874156875.0,	0.025905609130859375,	0.09494400024414062
5874165000.0,	0.024356842041015625,	0.0966796875
5874173125.0,	0.02452850341796875,	0.094573974609375
5874181250.0,	0.026142120361328125,	0.09277725219726562
5874189375.0,	0.026866912841796875,	0.09452438354492188
5874197500.0,	0.0252532958984375,	0.09575271606445312
5874205625.0,	0.0257568359375,	0.095794677734375
5874213750.0,	0.024658203125,	0.09376144409179688
5874221875.0,	0.025615692138671875,	0.0957183837890625
5874230000.0,	0.0267333984375,	0.09399032592773438
5874238125.0,	0.024990081787109375,	0.0959320068359375
5874246250.0,	0.02669525146484375,	0.095367431640625
5874254375.0,	0.02608489990234375,	0.09380722045898438
5874262500.0,	0.025287628173828125,	0.09307098388671875
5874270625.0,	0.02483367919921875,	0.0966644287109375
5874278750.0,	0.025638580322265625,	0.09565353393554688
5874286875.0,	0.023654937744140625,	0.09548187255859375
5874295000.0,	0.024692535400390625,	0.09533309936523438
5874303125.0,	0.024677276611328125,	0.09711837768554688
5874311250.0,	0.027507781982421875,	0.09566497802734375
5874319375.0,	0.0243377685546875,	0.09637451171875
5874327500.0,	0.02736663818359375,	0.09611129760742188
5874335625.0,	0.02752685546875,	0.09472274780273438
5874343750.0,	0.026874542236328125,	0.09584808349609375
5874351875.0,	0.025997161865234375,	0.09548568725585938
5874360000.0,	0.027164459228515625,	0.09679412841796875
5874368125.0,	0.02667236328125,	0.0967864990234375
5874376250.0,	0.026218414306640625,	0.09539031982421875
5874384375.0,	0.02687835693359375,	0.09736251831054688
5874392500.0,	0.027347564697265625,	0.09444427490234375
5874400625.0,	0.028438568115234375,	0.093048095703125
5874408750.0,	0.02735137939453125,	0.09712600708007812
5874416875.0,	0.027202606201171875,	0.096893310546875
5874425000.0,	0.025936126708984375,	0.09769821166992188
5874433125.0,	0.027034759521484375,	0.09686279296875
5874441250.0,	0.026653289794921875,	0.09617996215820312
5874449375.0,	0.027500152587890625,	0.09543228149414062
5874457500.0,	0.026340484619140625,	0.09657669067382812
5874465625.0,	0.025997161865234375,	0.09632110595703125
5874473750.0,	0.02552032470703125,	0.095123291015625
5874481875.0,	0.027435302734375,	0.09586715698242188
5874490000.0,	0.028743743896484375,	0.0976715087890625
5874498125.0,	0.027435302734375,	0.09765625
5874506250.0,	0.02864837646484375,	0.09593582153320312
5874514375.0,	0.027812957763671875,	0.09568405151367188
5874522500.0,	0.02735137939453125,	0.0976409912109375
5874530625.0,	0.02677154541015625,	0.09690475463867188
5874538750.0,	0.026401519775390625,	0.0968017578125
5874546875.0,	0.02703857421875,	0.09709548950195312
5874555000.0,	0.027984619140625,	0.09714126586914062
5874563125.0,	0.02555084228515625,	0.0973663330078125
5874571250.0,	0.027034759521484375,	0.09757232666015625
5874579375.0,	0.02773284912109375,	0.09598159790039062
5874587500.0,	0.02812957763671875,	0.09758377075195312
5874595625.0,	0.02880096435546875,	0.09873580932617188
5874603750.0,	0.028167724609375,	0.09980392456054688
5874611875.0,	0.025783538818359375,	0.09609222412109375
5874620000.0,	0.027896881103515625,	0.09945297241210938
5874628125.0,	0.028759002685546875,	0.09777450561523438
5874636250.0,	0.026947021484375,	0.09734725952148438
5874644375.0,	0.02486419677734375,	0.09601211547851562
5874652500.0,	0.02809906005859375,	0.09597015380859375
5874660625.0,	0.027130126953125,	0.09810256958007812
5874668750.0,	0.027820587158203125,	0.09754562377929688
5874676875.0,	0.027286529541015625,	0.09975433349609375
5874685000.0,	0.02794647216796875,	0.09845352172851562
5874693125.0,	0.02780914306640625,	0.09786605834960938
5874701250.0,	0.028812408447265625,	0.09740829467773438
5874709375.0,	0.02683258056640625,	0.09711837768554688
5874717500.0,	0.02925872802734375,	0.09861373901367188
5874725625.0,	0.028675079345703125,	0.0977325439453125
5874733750.0,	0.027217864990234375,	0.096954345703125
5874741875.0,	0.02776336669921875,	0.09838485717773438
5874750000.0,	0.02764892578125,	0.09644317626953125
5874758125.0,	0.029205322265625,	0.097991943359375
5874766250.0,	0.030178070068359375,	0.09690475463867188
5874774375.0,	0.027019500732421875,	0.09790802001953125
5874782500.0,	0.02889251708984375,	0.09628677368164062
5874790625.0,	0.027828216552734375,	0.09549713134765625
5874798750.0,	0.02887725830078125,	0.0994873046875
5874806875.0,	0.03139495849609375,	0.09661483764648438
5874815000.0,	0.031566619873046875,	0.09819412231445312
5874823125.0,	0.028301239013671875,	0.09727096557617188
5874831250.0,	0.02933502197265625,	0.097686767578125
5874839375.0,	0.029544830322265625,	0.09718704223632812
5874847500.0,	0.031330108642578125,	0.09819412231445312
5874855625.0,	0.0294952392578125,	0.09881591796875
5874863750.0,	0.030242919921875,	0.099151611328125
5874871875.0,	0.0301666259765625,	0.09853744506835938
5874880000.0,	0.03115081787109375,	0.09785079956054688
5874888125.0,	0.02796173095703125,	0.09841537475585938
5874896250.0,	0.03021240234375,	0.10027694702148438
5874904375.0,	0.030139923095703125,	0.09969329833984375
5874912500.0,	0.028881072998046875,	0.09867477416992188
5874920625.0,	0.030467987060546875,	0.09936141967773438
5874928750.0,	0.028446197509765625,	0.1001129150390625
5874936875.0,	0.029254913330078125,	0.09822463989257812
5874945000.0,	0.030071258544921875,	0.09696197509765625
5874953125.0,	0.029514312744140625,	0.09901809692382812
5874961250.0,	0.030673980712890625,	0.09791946411132812
5874969375.0,	0.030529022216796875,	0.09885787963867188
5874977500.0,	0.031528472900390625,	0.10018157958984375
5874985625.0,	0.029308319091796875,	0.0979766845703125
5874993750.0,	0.031078338623046875,	0.09954452514648438
5875001875.0,	0.0298919677734375,	0.09849166870117188
5875010000.0,	0.030155181884765625,	0.0965728759765625
5875018125.0,	0.029815673828125,	0.09962844848632812
5875026250.0,	0.030597686767578125,	0.09939193725585938
5875034375.0,	0.030384063720703125,	0.09959030151367188
5875042500.0,	0.030120849609375,	0.09791183471679688
5875050625.0,	0.02941131591796875,	0.09695816040039062
5875058750.0,	0.029384613037109375,	0.09811782836914062
5875066875.0,	0.0305633544921875,	0.09786224365234375
5875075000.0,	0.03006744384765625,	0.09951400756835938
5875083125.0,	0.02973175048828125,	0.09878158569335938
5875091250.0,	0.030364990234375,	0.09878158569335938
5875099375.0,	0.029964447021484375,	0.10186386108398438
5875107500.0,	0.0323944091796875,	0.0997772216796875
5875115625.0,	0.028888702392578125,	0.10140228271484375
5875123750.0,	0.03086090087890625,	0.1000213623046875
5875131875.0,	0.031261444091796875,	0.09926223754882812
5875140000.0,	0.0320892333984375,	0.09929656982421875
5875148125.0,	0.03044891357421875,	0.0975189208984375
5875156250.0,	0.029510498046875,	0.09914398193359375
5875164375.0,	0.0320281982421875,	0.09979629516601562
5875172500.0,	0.032680511474609375,	0.09918594360351562
5875180625.0,	0.031162261962890625,	0.09653472900390625
5875188750.0,	0.031490325927734375,	0.09806442260742188
5875196875.0,	0.030792236328125,	0.09743118286132812
5875205000.0,	0.0321502685546875,	0.09837722778320312
5875213125.0,	0.030170440673828125,	0.10034942626953125
5875221250.0,	0.031024932861328125,	0.1004638671875
5875229375.0,	0.02960968017578125,	0.10061264038085938
5875237500.0,	0.0341033935546875,	0.09906768798828125
5875245625.0,	0.03173828125,	0.0977783203125
5875253750.0,	0.031383514404296875,	0.10065078735351562
5875261875.0,	0.031185150146484375,	0.10057830810546875
5875270000.0,	0.0311126708984375,	0.09881973266601562
5875278125.0,	0.032222747802734375,	0.09891128540039062
5875286250.0,	0.03218841552734375,	0.10108566284179688
5875294375.0,	0.0321502685546875,	0.10099411010742188
5875302500.0,	0.032135009765625,	0.09865570068359375
5875310625.0,	0.03238677978515625,	0.099456787109375
5875318750.0,	0.03153228759765625,	0.09984588623046875
5875326875.0,	0.03354644775390625,	0.09955596923828125
5875335000.0,	0.03108978271484375,	0.10035324096679688
5875343125.0,	0.032283782958984375,	0.1025390625
5875351250.0,	0.030216217041015625,	0.09945297241210938
5875359375.0,	0.031101226806640625,	0.10077285766601562
5875367500.0,	0.03153228759765625,	0.10031509399414062
5875375625.0,	0.031696319580078125,	0.1002349853515625
5875383750.0,	0.03369903564453125,	0.09854888916015625
5875391875.0,	0.031833648681640625,	0.10152816772460938
5875400000.0,	0.031795501708984375,	0.10132217407226562
5875408125.0,	0.032741546630859375,	0.10257339477539062
5875416250.0,	0.033008575439453125,	0.098114013671875
5875424375.0,	0.033145904541015625,	0.09978485107421875
5875432500.0,	0.033222198486328125,	0.10000228881835938
5875440625.0,	0.03115081787109375,	0.09893798828125
5875448750.0,	0.031406402587890625,	0.09766387939453125
5875456875.0,	0.033023834228515625,	0.10076522827148438
5875465000.0,	0.032871246337890625,	0.10208511352539062
5875473125.0,	0.03145599365234375,	0.09984207153320312
5875481250.0,	0.032100677490234375,	0.1011505126953125
5875489375.0,	0.032878875732421875,	0.0997467041015625
5875497500.0,	0.03253173828125,	0.09905624389648438
5875505625.0,	0.032840728759765625,	0.09965133666992188
5875513750.0,	0.032073974609375,	0.10066604614257812
5875521875.0,	0.03200531005859375,	0.09954833984375
5875530000.0,	0.033603668212890625,	0.10009002685546875
5875538125.0,	0.03202056884765625,	0.09931564331054688
5875546250.0,	0.031421661376953125,	0.10297012329101562
5875554375.0,	0.03376007080078125,	0.10088729858398438
5875562500.0,	0.032489776611328125,	0.10005950927734375
5875570625.0,	0.03154754638671875,	0.10191726684570312
5875578750.0,	0.033817291259765625,	0.10255050659179688
5875586875.0,	0.0320892333984375,	0.10088348388671875
5875595000.0,	0.032398223876953125,	0.10055160522460938
5875603125.0,	0.033634185791015625,	0.09854507446289062
5875611250.0,	0.032512664794921875,	0.10147857666015625
5875619375.0,	0.03204345703125,	0.09991836547851562
5875627500.0,	0.034854888916015625,	0.09969711303710938
5875635625.0,	0.035182952880859375,	0.10124588012695312
5875643750.0,	0.03282928466796875,	0.10142135620117188
5875651875.0,	0.03136444091796875,	0.101806640625
5875660000.0,	0.03351593017578125,	0.1007080078125
5875668125.0,	0.033702850341796875,	0.09950637817382812
5875676250.0,	0.03353118896484375,	0.09984207153320312
5875684375.0,	0.033687591552734375,	0.10191726684570312
5875692500.0,	0.033565521240234375,	0.09936141967773438
5875700625.0,	0.0328521728515625,	0.10123443603515625
5875708750.0,	0.03441619873046875,	0.09943389892578125
5875716875.0,	0.03371429443359375,	0.1014862060546875
5875725000.0,	0.033267974853515625,	0.1024017333984375
5875733125.0,	0.03368377685546875,	0.1014404296875
5875741250.0,	0.0318603515625,	0.10137176513671875
5875749375.0,	0.0345001220703125,	0.10221481323242188
5875757500.0,	0.034061431884765625,	0.10155105590820312
5875765625.0,	0.034152984619140625,	0.10192489624023438
5875773750.0,	0.034519195556640625,	0.10285186767578125
5875781875.0,	0.034984588623046875,	0.10317611694335938
5875790000.0,	0.0330657958984375,	0.10082244873046875
5875798125.0,	0.0346832275390625,	0.10054779052734375
5875806250.0,	0.03340911865234375,	0.10356903076171875
5875814375.0,	0.0330810546875,	0.10110855102539062
5875822500.0,	0.03452301025390625,	0.10222244262695312
5875830625.0,	0.03429412841796875,	0.10100555419921875
5875838750.0,	0.033588409423828125,	0.1026153564453125
5875846875.0,	0.034397125244140625,	0.1015625
5875855000.0,	0.035793304443359375,	0.10058975219726562
5875863125.0,	0.03391265869140625,	0.10156631469726562
5875871250.0,	0.034519195556640625,	0.1017913818359375
5875879375.0,	0.033550262451171875,	0.10056304931640625
5875887500.0,	0.034893035888671875,	0.101165771484375
5875895625.0,	0.034393310546875,	0.1042938232421875
5875903750.0,	0.03307342529296875,	0.10422134399414062
5875911875.0,	0.035701751708984375,	0.10092926025390625
5875920000.0,	0.03501129150390625,	0.10125732421875
5875928125.0,	0.033107757568359375,	0.10280990600585938
5875936250.0,	0.03542327880859375,	0.10045242309570312
5875944375.0,	0.034778594970703125,	0.10259246826171875
5875952500.0,	0.035366058349609375,	0.10025405883789062
5875960625.0,	0.035335540771484375,	0.10115432739257812
5875968750.0,	0.0350189208984375,	0.10096359252929688
5875976875.0,	0.03462982177734375,	0.10079193115234375
5875985000.0,	0.0355987548828125,	0.10200881958007812
5875993125.0,	0.035663604736328125,	0.10218429565429688
5876001250.0,	0.0365753173828125,	0.10205078125
5876009375.0,	0.035900115966796875,	0.10352325439453125
5876017500.0,	0.03322601318359375,	0.10101318359375
5876025625.0,	0.03766632080078125,	0.10282135009765625
5876033750.0,	0.036373138427734375,	0.10296249389648438
5876041875.0,	0.03534698486328125,	0.1019439697265625
5876050000.0,	0.036102294921875,	0.10391998291015625
5876058125.0,	0.035152435302734375,	0.10136032104492188
5876066250.0,	0.03433990478515625,	0.10375595092773438
5876074375.0,	0.035358428955078125,	0.10309982299804688
5876082500.0,	0.035411834716796875,	0.10286331176757812
5876090625.0,	0.035182952880859375,	0.10047149658203125
5876098750.0,	0.035533905029296875,	0.10419464111328125
5876106875.0,	0.03484344482421875,	0.103790283203125
5876115000.0,	0.036724090576171875,	0.1019287109375
5876123125.0,	0.03595733642578125,	0.10054779052734375
5876131250.0,	0.034305572509765625,	0.10359573364257812
5876139375.0,	0.03583526611328125,	0.10181808471679688
5876147500.0,	0.036468505859375,	0.10264968872070312
5876155625.0,	0.03565216064453125,	0.10348129272460938
5876163750.0,	0.03603363037109375,	0.10230255126953125
5876171875.0,	0.03469085693359375,	0.10023117065429688
5876180000.0,	0.036319732666015625,	0.10286331176757812
5876188125.0,	0.037769317626953125,	0.10318756103515625
5876196250.0,	0.036098480224609375,	0.10288238525390625
5876204375.0,	0.034351348876953125,	0.10243988037109375
5876212500.0,	0.036441802978515625,	0.1031646728515625
5876220625.0,	0.035327911376953125,	0.10272979736328125
5876228750.0,	0.036808013916015625,	0.10197067260742188
5876236875.0,	0.035243988037109375,	0.10377120971679688
5876245000.0,	0.035846710205078125,	0.10223770141601562
5876253125.0,	0.03530120849609375,	0.1010589599609375
5876261250.0,	0.03690338134765625,	0.1037445068359375
5876269375.0,	0.0373382568359375,	0.10468673706054688
5876277500.0,	0.0354156494140625,	0.103424072265625
5876285625.0,	0.0351409912109375,	0.10416412353515625
5876293750.0,	0.0363616943359375,	0.1036224365234375
5876301875.0,	0.036785125732421875,	0.1036224365234375
5876310000.0,	0.037014007568359375,	0.10326385498046875
5876318125.0,	0.03574371337890625,	0.104278564453125
5876326250.0,	0.03531646728515625,	0.10395050048828125
5876334375.0,	0.035335540771484375,	0.10376739501953125
5876342500.0,	0.03624725341796875,	0.10263442993164062
5876350625.0,	0.035289764404296875,	0.10569381713867188
5876358750.0,	0.037136077880859375,	0.10207748413085938
5876366875.0,	0.03615570068359375,	0.10445404052734375
5876375000.0,	0.0381317138671875,	0.10312271118164062
5876383125.0,	0.036579132080078125,	0.102691650390625
5876391250.0,	0.035984039306640625,	0.10352325439453125
5876399375.0,	0.035984039306640625,	0.1024932861328125
5876407500.0,	0.03772735595703125,	0.10295867919921875
5876415625.0,	0.03569793701171875,	0.10352325439453125
5876423750.0,	0.03627777099609375,	0.1028289794921875
5876431875.0,	0.0355377197265625,	0.10381317138671875
5876440000.0,	0.034679412841796875,	0.10290908813476562
5876448125.0,	0.0372467041015625,	0.10224151611328125
5876456250.0,	0.0362091064453125,	0.10347366333007812
5876464375.0,	0.03692626953125,	0.1038360595703125
5876472500.0,	0.036670684814453125,	0.10470199584960938
5876480625.0,	0.03499603271484375,	0.104339599609375
5876488750.0,	0.036159515380859375,	0.10413360595703125
5876496875.0,	0.037014007568359375,	0.10467910766601562
5876505000.0,	0.038249969482421875,	0.10422515869140625
5876513125.0,	0.035266876220703125,	0.103729248046875
5876521250.0,	0.03723907470703125,	0.10140609741210938
5876529375.0,	0.038787841796875,	0.1021270751953125
5876537500.0,	0.0393218994140625,	0.104583740234375
5876545625.0,	0.0387725830078125,	0.1034088134765625
5876553750.0,	0.036197662353515625,	0.10353469848632812
5876561875.0,	0.03702545166015625,	0.10420608520507812
5876570000.0,	0.036075592041015625,	0.106170654296875
5876578125.0,	0.037929534912109375,	0.10265731811523438
5876586250.0,	0.038410186767578125,	0.10276031494140625
5876594375.0,	0.037601470947265625,	0.10222625732421875
5876602500.0,	0.03478240966796875,	0.10450363159179688
5876610625.0,	0.03633880615234375,	0.10231781005859375
5876618750.0,	0.03693389892578125,	0.10314178466796875
5876626875.0,	0.036205291748046875,	0.10329055786132812
5876635000.0,	0.0372314453125,	0.10326766967773438
5876643125.0,	0.03876495361328125,	0.10479354858398438
5876651250.0,	0.03630828857421875,	0.10299301147460938
5876659375.0,	0.036800384521484375,	0.10320281982421875
5876667500.0,	0.038234710693359375,	0.10463714599609375
5876675625.0,	0.039073944091796875,	0.1020660400390625
5876683750.0,	0.0372467041015625,	0.10480499267578125
5876691875.0,	0.037555694580078125,	0.10416030883789062
5876700000.0,	0.0364837646484375,	0.10456085205078125
5876708125.0,	0.036457061767578125,	0.10497665405273438
5876716250.0,	0.03795623779296875,	0.10523223876953125
5876724375.0,	0.036281585693359375,	0.103515625
5876732500.0,	0.036712646484375,	0.10321426391601562
5876740625.0,	0.0368194580078125,	0.10308837890625
5876748750.0,	0.038238525390625,	0.10344696044921875
5876756875.0,	0.037418365478515625,	0.10382461547851562
5876765000.0,	0.039173126220703125,	0.10515975952148438
5876773125.0,	0.036960601806640625,	0.10401153564453125
5876781250.0,	0.0381011962890625,	0.10501861572265625
5876789375.0,	0.037136077880859375,	0.10405731201171875
5876797500.0,	0.038898468017578125,	0.10527801513671875
5876805625.0,	0.038074493408203125,	0.10480117797851562
5876813750.0,	0.039188385009765625,	0.10355758666992188
5876821875.0,	0.037841796875,	0.10420989990234375
5876830000.0,	0.037776947021484375,	0.10332870483398438
5876838125.0,	0.0385589599609375,	0.10596847534179688
5876846250.0,	0.037281036376953125,	0.10583877563476562
5876854375.0,	0.039463043212890625,	0.10594940185546875
5876862500.0,	0.03664398193359375,	0.10503768920898438
5876870625.0,	0.038909912109375,	0.10275650024414062
5876878750.0,	0.0386810302734375,	0.10631179809570312
5876886875.0,	0.03781890869140625,	0.10349655151367188
5876895000.0,	0.03667449951171875,	0.104095458984375
5876903125.0,	0.0395050048828125,	0.104583740234375
5876911250.0,	0.039989471435546875,	0.102691650390625
5876919375.0,	0.03746795654296875,	0.10402297973632812
5876927500.0,	0.03748321533203125,	0.10484695434570312
5876935625.0,	0.038562774658203125,	0.1045684814453125
5876943750.0,	0.03919219970703125,	0.10483551025390625
5876951875.0,	0.036479949951171875,	0.10452651977539062
5876960000.0,	0.038105010986328125,	0.10477828979492188
5876968125.0,	0.03916168212890625,	0.1033782958984375
5876976250.0,	0.040103912353515625,	0.10495376586914062
5876984375.0,	0.0362396240234375,	0.10565185546875
5876992500.0,	0.037967681884765625,	0.10511016845703125
5877000625.0,	0.037776947021484375,	0.1056976318359375
5877008750.0,	0.038196563720703125,	0.10379791259765625
5877016875.0,	0.038394927978515625,	0.1025390625
5877025000.0,	0.039276123046875,	0.104705810546875
5877033125.0,	0.0399322509765625,	0.105438232421875
5877041250.0,	0.038898468017578125,	0.105712890625
5877049375.0,	0.039112091064453125,	0.10499954223632812
5877057500.0,	0.037689208984375,	0.10387420654296875
5877065625.0,	0.040637969970703125,	0.1052398681640625
5877073750.0,	0.0382232666015625,	0.10675048828125
5877081875.0,	0.0391998291015625,	0.10409927368164062
5877090000.0,	0.037227630615234375,	0.10615158081054688
5877098125.0,	0.039020538330078125,	0.10387039184570312
5877106250.0,	0.037876129150390625,	0.10572052001953125
5877114375.0,	0.040313720703125,	0.104644775390625
5877122500.0,	0.039257049560546875,	0.10318756103515625
5877130625.0,	0.04003143310546875,	0.10571670532226562
5877138750.0,	0.041210174560546875,	0.10382080078125
5877146875.0,	0.0371551513671875,	0.10562896728515625
5877155000.0,	0.038898468017578125,	0.1052093505859375
5877163125.0,	0.037715911865234375,	0.10564804077148438
5877171250.0,	0.039615631103515625,	0.10477066040039062
5877179375.0,	0.040439605712890625,	0.10351181030273438
5877187500.0,	0.037723541259765625,	0.10480117797851562
5877195625.0,	0.03823089599609375,	0.106903076171875
5877203750.0,	0.038082122802734375,	0.10530853271484375
5877211875.0,	0.038379669189453125,	0.10497283935546875
5877220000.0,	0.037967681884765625,	0.10263824462890625
5877228125.0,	0.038860321044921875,	0.10393142700195312
5877236250.0,	0.0385589599609375,	0.10657882690429688
5877244375.0,	0.03668212890625,	0.105010986328125
5877252500.0,	0.03751373291015625,	0.10543060302734375
5877260625.0,	0.038356781005859375,	0.104156494140625
5877268750.0,	0.0399627685546875,	0.1051483154296875
5877276875.0,	0.036930084228515625,	0.10416793823242188
5877285000.0,	0.03920745849609375,	0.1048126220703125
5877293125.0,	0.03912353515625,	0.10540390014648438
5877301250.0,	0.04062652587890625,	0.10565567016601562
5877309375.0,	0.0381011962890625,	0.10401535034179688
5877317500.0,	0.039402008056640625,	0.1042327880859375
5877325625.0,	0.039432525634765625,	0.10523223876953125
5877333750.0,	0.041164398193359375,	0.10635757446289062
5877341875.0,	0.03932952880859375,	0.10387420654296875
5877350000.0,	0.0384368896484375,	0.10376358032226562
5877358125.0,	0.038082122802734375,	0.10262298583984375
5877366250.0,	0.041042327880859375,	0.10323715209960938
5877374375.0,	0.039699554443359375,	0.10335922241210938
5877382500.0,	0.041172027587890625,	0.10514450073242188
5877390625.0,	0.04007720947265625,	0.1055145263671875
5877398750.0,	0.0399322509765625,	0.10457229614257812
5877406875.0,	0.041866302490234375,	0.10402679443359375
5877415000.0,	0.04071807861328125,	0.10593795776367188
5877423125.0,	0.04129791259765625,	0.10327529907226562
5877431250.0,	0.039302825927734375,	0.10688400268554688
5877439375.0,	0.041225433349609375,	0.1055450439453125
5877447500.0,	0.038970947265625,	0.10390090942382812
5877455625.0,	0.03919219970703125,	0.10566329956054688
5877463750.0,	0.0400848388671875,	0.10394287109375
5877471875.0,	0.038463592529296875,	0.10571670532226562
5877480000.0,	0.040576934814453125,	0.1031341552734375
5877488125.0,	0.040821075439453125,	0.10536575317382812
5877496250.0,	0.039134979248046875,	0.10778045654296875
5877504375.0,	0.037654876708984375,	0.10445785522460938
5877512500.0,	0.0411224365234375,	0.10537338256835938
5877520625.0,	0.039867401123046875,	0.10795974731445312
5877528750.0,	0.0400390625,	0.107421875
5877536875.0,	0.042438507080078125,	0.10684585571289062
5877545000.0,	0.041534423828125,	0.10467910766601562
5877553125.0,	0.039974212646484375,	0.10668563842773438
5877561250.0,	0.0379791259765625,	0.10613632202148438
5877569375.0,	0.03874969482421875,	0.10535812377929688
5877577500.0,	0.040157318115234375,	0.10402679443359375
5877585625.0,	0.0406494140625,	0.10587692260742188
5877593750.0,	0.038661956787109375,	0.10554885864257812
5877601875.0,	0.03852081298828125,	0.10527801513671875
5877610000.0,	0.040454864501953125,	0.105987548828125
5877618125.0,	0.040019989013671875,	0.1060638427734375
5877626250.0,	0.039638519287109375,	0.1063385009765625
5877634375.0,	0.040691375732421875,	0.10609817504882812
5877642500.0,	0.04327392578125,	0.10359954833984375
5877650625.0,	0.039463043212890625,	0.10525894165039062
5877658750.0,	0.038486480712890625,	0.10539627075195312
5877666875.0,	0.04116058349609375,	0.1049957275390625
5877675000.0,	0.03995513916015625,	0.10688400268554688
5877683125.0,	0.039478302001953125,	0.10437393188476562
5877691250.0,	0.04087066650390625,	0.10510635375976562
5877699375.0,	0.039886474609375,	0.104248046875
5877707500.0,	0.041767120361328125,	0.10578155517578125
5877715625.0,	0.0411834716796875,	0.105133056640625
5877723750.0,	0.04071807861328125,	0.10650634765625
5877731875.0,	0.04085540771484375,	0.10463333129882812
5877740000.0,	0.0408782958984375,	0.10577774047851562
5877748125.0,	0.04022216796875,	0.10681533813476562
5877756250.0,	0.04193878173828125,	0.10662078857421875
5877764375.0,	0.040836334228515625,	0.1065521240234375
5877772500.0,	0.039684295654296875,	0.10663986206054688
5877780625.0,	0.038326263427734375,	0.104217529296875
5877788750.0,	0.040683746337890625,	0.10715484619140625
5877796875.0,	0.043247222900390625,	0.10388946533203125
5877805000.0,	0.041889190673828125,	0.10625076293945312
5877813125.0,	0.042507171630859375,	0.10636138916015625
5877821250.0,	0.04154205322265625,	0.10340499877929688
5877829375.0,	0.0428314208984375,	0.10713577270507812
5877837500.0,	0.040554046630859375,	0.10805511474609375
5877845625.0,	0.04051971435546875,	0.1068572998046875
5877853750.0,	0.041484832763671875,	0.10529708862304688
5877861875.0,	0.040866851806640625,	0.10536575317382812
5877870000.0,	0.041156768798828125,	0.10637283325195312
5877878125.0,	0.043483734130859375,	0.10757064819335938
5877886250.0,	0.039279937744140625,	0.10637664794921875
5877894375.0,	0.04221343994140625,	0.10497665405273438
5877902500.0,	0.043304443359375,	0.106170654296875
5877910625.0,	0.041614532470703125,	0.10652923583984375
5877918750.0,	0.0396575927734375,	0.1071319580078125
5877926875.0,	0.0388946533203125,	0.10642623901367188
5877935000.0,	0.04248046875,	0.1070404052734375
5877943125.0,	0.042034149169921875,	0.1071014404296875
5877951250.0,	0.042957305908203125,	0.1072845458984375
5877959375.0,	0.040821075439453125,	0.10718536376953125
5877967500.0,	0.042530059814453125,	0.10567855834960938
5877975625.0,	0.041675567626953125,	0.1070098876953125
5877983750.0,	0.04279327392578125,	0.10576248168945312
5877991875.0,	0.04209136962890625,	0.10772323608398438
5878000000.0,	0.04071807861328125,	0.10702896118164062
