5633008125.0,	0.10290145874023438,	0.10429000854492188
5633016250.0,	0.10277175903320312,	0.10315704345703125
5633024375.0,	0.10296249389648438,	0.10451889038085938
5633032500.0,	0.10174179077148438,	0.10344696044921875
5633040625.0,	0.10154342651367188,	0.105804443359375
5633048750.0,	0.10347747802734375,	0.10534286499023438
5633056875.0,	0.10326004028320312,	0.10332870483398438
5633065000.0,	0.10143661499023438,	0.10454177856445312
5633073125.0,	0.1013946533203125,	0.10562896728515625
5633081250.0,	0.10493850708007812,	0.10394287109375
5633089375.0,	0.10314178466796875,	0.1015777587890625
5633097500.0,	0.10470199584960938,	0.10213088989257812
5633105625.0,	0.10422897338867188,	0.10345077514648438
5633113750.0,	0.10323715209960938,	0.10541152954101562
5633121875.0,	0.10256195068359375,	0.10412216186523438
5633130000.0,	0.10173797607421875,	0.10417938232421875
5633138125.0,	0.1058349609375,	0.10346603393554688
5633146250.0,	0.10362625122070312,	0.10532760620117188
5633154375.0,	0.1053466796875,	0.104248046875
5633162500.0,	0.10223770141601562,	0.10564422607421875
5633170625.0,	0.1049652099609375,	0.10036849975585938
5633178750.0,	0.10449600219726562,	0.10388946533203125
5633186875.0,	0.10375595092773438,	0.10423660278320312
5633195000.0,	0.10379409790039062,	0.10546112060546875
5633203125.0,	0.10464096069335938,	0.10251235961914062
5633211250.0,	0.10591888427734375,	0.10573196411132812
5633219375.0,	0.10398101806640625,	0.10165786743164062
5633227500.0,	0.10283660888671875,	0.10470962524414062
5633235625.0,	0.10216522216796875,	0.10292816162109375
5633243750.0,	0.10326385498046875,	0.10308837890625
5633251875.0,	0.1040191650390625,	0.10324478149414062
5633260000.0,	0.10495758056640625,	0.10491561889648438
5633268125.0,	0.10648345947265625,	0.1039276123046875
5633276250.0,	0.10383987426757812,	0.1040191650390625
5633284375.0,	0.10464096069335938,	0.10459518432617188
5633292500.0,	0.10357284545898438,	0.1043548583984375
5633300625.0,	0.10547637939453125,	0.10203170776367188
5633308750.0,	0.1029205322265625,	0.10334014892578125
5633316875.0,	0.10527801513671875,	0.10311508178710938
5633325000.0,	0.10514068603515625,	0.10382080078125
5633333125.0,	0.1047210693359375,	0.101593017578125
5633341250.0,	0.10333633422851562,	0.10276031494140625
5633349375.0,	0.1053619384765625,	0.10562896728515625
5633357500.0,	0.10502243041992188,	0.10393142700195312
5633365625.0,	0.10411834716796875,	0.10329055786132812
5633373750.0,	0.10423660278320312,	0.10213851928710938
5633381875.0,	0.10290908813476562,	0.10272979736328125
5633390000.0,	0.10467910766601562,	0.1037750244140625
5633398125.0,	0.10337448120117188,	0.10235214233398438
5633406250.0,	0.10592269897460938,	0.10291671752929688
5633414375.0,	0.10429000854492188,	0.10404205322265625
5633422500.0,	0.10511398315429688,	0.10195541381835938
5633430625.0,	0.1063385009765625,	0.105224609375
5633438750.0,	0.10406494140625,	0.10290145874023438
5633446875.0,	0.10550308227539062,	0.10312271118164062
5633455000.0,	0.10221099853515625,	0.10208511352539062
5633463125.0,	0.10532379150390625,	0.10353469848632812
5633471250.0,	0.10447311401367188,	0.10201644897460938
5633479375.0,	0.1067962646484375,	0.10327911376953125
5633487500.0,	0.10496902465820312,	0.1043243408203125
5633495625.0,	0.10517120361328125,	0.10457992553710938
5633503750.0,	0.10683822631835938,	0.102874755859375
5633511875.0,	0.10608291625976562,	0.10313034057617188
5633520000.0,	0.10610580444335938,	0.10511016845703125
5633528125.0,	0.10762405395507812,	0.106201171875
5633536250.0,	0.10559463500976562,	0.103271484375
5633544375.0,	0.106658935546875,	0.10367584228515625
5633552500.0,	0.1052093505859375,	0.1038970947265625
5633560625.0,	0.10630416870117188,	0.10314559936523438
5633568750.0,	0.1045989990234375,	0.10237503051757812
5633576875.0,	0.1070556640625,	0.10322952270507812
5633585000.0,	0.10584259033203125,	0.10296630859375
5633593125.0,	0.10846328735351562,	0.10165023803710938
5633601250.0,	0.1055908203125,	0.10240554809570312
5633609375.0,	0.1070404052734375,	0.103485107421875
5633617500.0,	0.105804443359375,	0.10247421264648438
5633625625.0,	0.10670852661132812,	0.10308456420898438
5633633750.0,	0.10594940185546875,	0.10335159301757812
5633641875.0,	0.10516357421875,	0.10318374633789062
5633650000.0,	0.10668563842773438,	0.10298538208007812
5633658125.0,	0.10471725463867188,	0.10198974609375
5633666250.0,	0.10634231567382812,	0.102996826171875
5633674375.0,	0.10754013061523438,	0.10335540771484375
5633682500.0,	0.10705947875976562,	0.10552597045898438
5633690625.0,	0.1046905517578125,	0.10416793823242188
5633698750.0,	0.1071929931640625,	0.10108566284179688
5633706875.0,	0.1060028076171875,	0.10375595092773438
5633715000.0,	0.10549163818359375,	0.10023880004882812
5633723125.0,	0.10739898681640625,	0.10297393798828125
5633731250.0,	0.1072235107421875,	0.10268402099609375
5633739375.0,	0.10831832885742188,	0.10230636596679688
5633747500.0,	0.11061477661132812,	0.10417556762695312
5633755625.0,	0.10757064819335938,	0.10249710083007812
5633763750.0,	0.1059112548828125,	0.10230636596679688
5633771875.0,	0.1077117919921875,	0.10113525390625
5633780000.0,	0.10656356811523438,	0.10398483276367188
5633788125.0,	0.10651397705078125,	0.10202407836914062
5633796250.0,	0.10595321655273438,	0.10396575927734375
5633804375.0,	0.10698699951171875,	0.10344696044921875
5633812500.0,	0.1071929931640625,	0.10137557983398438
5633820625.0,	0.10420608520507812,	0.10149002075195312
5633828750.0,	0.10798263549804688,	0.10298919677734375
5633836875.0,	0.10764694213867188,	0.10509490966796875
5633845000.0,	0.10660552978515625,	0.10244369506835938
5633853125.0,	0.10793304443359375,	0.10316848754882812
5633861250.0,	0.10882186889648438,	0.10347366333007812
5633869375.0,	0.10671234130859375,	0.101776123046875
5633877500.0,	0.10755157470703125,	0.10198593139648438
5633885625.0,	0.108551025390625,	0.10061264038085938
5633893750.0,	0.1072235107421875,	0.10162353515625
5633901875.0,	0.10837936401367188,	0.10120010375976562
5633910000.0,	0.1078948974609375,	0.10378265380859375
5633918125.0,	0.10711669921875,	0.10344314575195312
5633926250.0,	0.10843658447265625,	0.105072021484375
5633934375.0,	0.10984420776367188,	0.10549545288085938
5633942500.0,	0.10845184326171875,	0.10115432739257812
5633950625.0,	0.10947036743164062,	0.10250473022460938
5633958750.0,	0.109161376953125,	0.10234832763671875
5633966875.0,	0.10736846923828125,	0.1027374267578125
5633975000.0,	0.10799407958984375,	0.10158920288085938
5633983125.0,	0.10895538330078125,	0.1020050048828125
5633991250.0,	0.10956573486328125,	0.10520172119140625
5633999375.0,	0.10751724243164062,	0.1026763916015625
5634007500.0,	0.106475830078125,	0.10545730590820312
5634015625.0,	0.10575485229492188,	0.10272979736328125
5634023750.0,	0.1100311279296875,	0.1019744873046875
5634031875.0,	0.10760116577148438,	0.10399627685546875
5634040000.0,	0.10942459106445312,	0.10194778442382812
5634048125.0,	0.10831832885742188,	0.10294723510742188
5634056250.0,	0.11102676391601562,	0.10390853881835938
5634064375.0,	0.109466552734375,	0.10254287719726562
5634072500.0,	0.10927200317382812,	0.10372543334960938
5634080625.0,	0.110015869140625,	0.10097885131835938
5634088750.0,	0.11021804809570312,	0.10100173950195312
5634096875.0,	0.109710693359375,	0.10274887084960938
5634105000.0,	0.11061477661132812,	0.102203369140625
5634113125.0,	0.10711669921875,	0.10173416137695312
5634121250.0,	0.10918426513671875,	0.10004425048828125
5634129375.0,	0.11066055297851562,	0.100921630859375
5634137500.0,	0.1113128662109375,	0.10240554809570312
5634145625.0,	0.11025619506835938,	0.10244369506835938
5634153750.0,	0.109619140625,	0.10332107543945312
5634161875.0,	0.11063003540039062,	0.10215377807617188
5634170000.0,	0.10921096801757812,	0.1001739501953125
5634178125.0,	0.10919952392578125,	0.10087966918945312
5634186250.0,	0.11002731323242188,	0.10341644287109375
5634194375.0,	0.10725021362304688,	0.101654052734375
5634202500.0,	0.10942840576171875,	0.10095596313476562
5634210625.0,	0.11008071899414062,	0.10167694091796875
5634218750.0,	0.110748291015625,	0.10083770751953125
5634226875.0,	0.11075973510742188,	0.10114288330078125
5634235000.0,	0.10911941528320312,	0.10175704956054688
5634243125.0,	0.10931396484375,	0.10296249389648438
5634251250.0,	0.11090087890625,	0.10156631469726562
5634259375.0,	0.1107635498046875,	0.10123443603515625
5634267500.0,	0.11008834838867188,	0.10114669799804688
5634275625.0,	0.10750961303710938,	0.10130691528320312
5634283750.0,	0.11167526245117188,	0.1007080078125
5634291875.0,	0.11035537719726562,	0.10134506225585938
5634300000.0,	0.1091766357421875,	0.1024627685546875
5634308125.0,	0.11218643188476562,	0.10443496704101562
5634316250.0,	0.11201858520507812,	0.1004486083984375
5634324375.0,	0.10947799682617188,	0.10190963745117188
5634332500.0,	0.11100387573242188,	0.09941482543945312
5634340625.0,	0.11159133911132812,	0.10288238525390625
5634348750.0,	0.10982131958007812,	0.10198593139648438
5634356875.0,	0.11053466796875,	0.103179931640625
5634365000.0,	0.11278915405273438,	0.10219573974609375
5634373125.0,	0.11129379272460938,	0.10271453857421875
5634381250.0,	0.11194992065429688,	0.10145950317382812
5634389375.0,	0.11210250854492188,	0.1021881103515625
5634397500.0,	0.11279678344726562,	0.10006332397460938
5634405625.0,	0.11244964599609375,	0.10270309448242188
5634413750.0,	0.11338424682617188,	0.10179901123046875
5634421875.0,	0.11359786987304688,	0.10238265991210938
5634430000.0,	0.11148834228515625,	0.10307693481445312
5634438125.0,	0.11290740966796875,	0.10364913940429688
5634446250.0,	0.112884521484375,	0.1018524169921875
5634454375.0,	0.11082077026367188,	0.1033935546875
5634462500.0,	0.11022186279296875,	0.10452651977539062
5634470625.0,	0.11188507080078125,	0.09992218017578125
5634478750.0,	0.11024856567382812,	0.10191726684570312
5634486875.0,	0.1118011474609375,	0.10091018676757812
5634495000.0,	0.11196517944335938,	0.10150527954101562
5634503125.0,	0.11165618896484375,	0.10214996337890625
5634511250.0,	0.11291885375976562,	0.10145187377929688
5634519375.0,	0.1120452880859375,	0.10203170776367188
5634527500.0,	0.11418533325195312,	0.10212326049804688
5634535625.0,	0.11082077026367188,	0.1022491455078125
5634543750.0,	0.11400985717773438,	0.10077285766601562
5634551875.0,	0.11444091796875,	0.10103225708007812
5634560000.0,	0.11335372924804688,	0.1017303466796875
5634568125.0,	0.11438751220703125,	0.10066604614257812
5634576250.0,	0.11104965209960938,	0.10274124145507812
5634584375.0,	0.112518310546875,	0.10099029541015625
5634592500.0,	0.11321640014648438,	0.10248565673828125
5634600625.0,	0.11528778076171875,	0.10120391845703125
5634608750.0,	0.11186981201171875,	0.1008758544921875
5634616875.0,	0.1139068603515625,	0.1009521484375
5634625000.0,	0.1141204833984375,	0.1005096435546875
5634633125.0,	0.11243438720703125,	0.10107421875
5634641250.0,	0.11305618286132812,	0.0999603271484375
5634649375.0,	0.11345672607421875,	0.09968185424804688
5634657500.0,	0.11487579345703125,	0.10006332397460938
5634665625.0,	0.11301422119140625,	0.10013961791992188
5634673750.0,	0.1151275634765625,	0.10016250610351562
5634681875.0,	0.11311721801757812,	0.10359573364257812
5634690000.0,	0.11378097534179688,	0.10128021240234375
5634698125.0,	0.11292266845703125,	0.10100936889648438
5634706250.0,	0.114013671875,	0.1013946533203125
5634714375.0,	0.11383438110351562,	0.1019744873046875
5634722500.0,	0.11437225341796875,	0.09926605224609375
5634730625.0,	0.11297225952148438,	0.09900283813476562
5634738750.0,	0.11493682861328125,	0.09933090209960938
5634746875.0,	0.11572647094726562,	0.101776123046875
5634755000.0,	0.11443328857421875,	0.09935760498046875
5634763125.0,	0.1150360107421875,	0.100616455078125
5634771250.0,	0.1137542724609375,	0.10099029541015625
5634779375.0,	0.11541748046875,	0.10164642333984375
5634787500.0,	0.1145477294921875,	0.10281753540039062
5634795625.0,	0.1153717041015625,	0.10070037841796875
5634803750.0,	0.11478042602539062,	0.10108566284179688
5634811875.0,	0.11533355712890625,	0.10001373291015625
5634820000.0,	0.1139984130859375,	0.10022354125976562
5634828125.0,	0.11503982543945312,	0.10186004638671875
5634836250.0,	0.11533355712890625,	0.10032272338867188
5634844375.0,	0.11540603637695312,	0.10030364990234375
5634852500.0,	0.11424636840820312,	0.10181808471679688
5634860625.0,	0.11601638793945312,	0.10068511962890625
5634868750.0,	0.11760330200195312,	0.10028076171875
5634876875.0,	0.11868667602539062,	0.10125732421875
5634885000.0,	0.11523818969726562,	0.099090576171875
5634893125.0,	0.1166229248046875,	0.09881210327148438
5634901250.0,	0.1171417236328125,	0.10108184814453125
5634909375.0,	0.11523056030273438,	0.09980392456054688
5634917500.0,	0.11530685424804688,	0.10036468505859375
5634925625.0,	0.116302490234375,	0.10131072998046875
5634933750.0,	0.115631103515625,	0.09873580932617188
5634941875.0,	0.1159515380859375,	0.10040283203125
5634950000.0,	0.11541366577148438,	0.09852981567382812
5634958125.0,	0.11768341064453125,	0.09997177124023438
5634966250.0,	0.11708831787109375,	0.10041427612304688
5634974375.0,	0.11812591552734375,	0.09930038452148438
5634982500.0,	0.11611175537109375,	0.09842300415039062
5634990625.0,	0.11806869506835938,	0.10113143920898438
5634998750.0,	0.11608505249023438,	0.0996856689453125
5635006875.0,	0.11664581298828125,	0.10184097290039062
5635015000.0,	0.11727142333984375,	0.09732437133789062
5635023125.0,	0.11835098266601562,	0.0972442626953125
5635031250.0,	0.1180572509765625,	0.1000518798828125
5635039375.0,	0.11650466918945312,	0.09890365600585938
5635047500.0,	0.11903762817382812,	0.10036468505859375
5635055625.0,	0.118865966796875,	0.099365234375
5635063750.0,	0.11635971069335938,	0.10027694702148438
5635071875.0,	0.11868667602539062,	0.09969329833984375
5635080000.0,	0.1182403564453125,	0.09912872314453125
5635088125.0,	0.11694717407226562,	0.09850692749023438
5635096250.0,	0.11756134033203125,	0.09812164306640625
5635104375.0,	0.119110107421875,	0.09966278076171875
5635112500.0,	0.11703872680664062,	0.09772109985351562
5635120625.0,	0.11902999877929688,	0.10011672973632812
5635128750.0,	0.11664581298828125,	0.0999755859375
5635136875.0,	0.116485595703125,	0.0992584228515625
5635145000.0,	0.117767333984375,	0.09854507446289062
5635153125.0,	0.11782455444335938,	0.09923553466796875
5635161250.0,	0.11686325073242188,	0.10046768188476562
5635169375.0,	0.117431640625,	0.09985733032226562
5635177500.0,	0.11767196655273438,	0.09814834594726562
5635185625.0,	0.1180877685546875,	0.0997314453125
5635193750.0,	0.11798477172851562,	0.09882736206054688
5635201875.0,	0.11890792846679688,	0.09825897216796875
5635210000.0,	0.1179351806640625,	0.09964370727539062
5635218125.0,	0.11940383911132812,	0.09764480590820312
5635226250.0,	0.1172637939453125,	0.097198486328125
5635234375.0,	0.11962890625,	0.09813690185546875
5635242500.0,	0.12152862548828125,	0.09827041625976562
5635250625.0,	0.11692047119140625,	0.09856796264648438
5635258750.0,	0.11932373046875,	0.09729385375976562
5635266875.0,	0.11942291259765625,	0.09814834594726562
5635275000.0,	0.12130355834960938,	0.10027313232421875
5635283125.0,	0.11879730224609375,	0.0977630615234375
5635291250.0,	0.11886215209960938,	0.09843826293945312
5635299375.0,	0.12100601196289062,	0.09823226928710938
5635307500.0,	0.11864471435546875,	0.09815597534179688
5635315625.0,	0.12206268310546875,	0.09929275512695312
5635323750.0,	0.11923980712890625,	0.09829330444335938
5635331875.0,	0.1214752197265625,	0.09933853149414062
5635340000.0,	0.12183761596679688,	0.09856033325195312
5635348125.0,	0.12099838256835938,	0.09789657592773438
5635356250.0,	0.12113571166992188,	0.09699630737304688
5635364375.0,	0.1207427978515625,	0.09724044799804688
5635372500.0,	0.12056350708007812,	0.0984954833984375
5635380625.0,	0.12111663818359375,	0.09850311279296875
5635388750.0,	0.120819091796875,	0.09873580932617188
5635396875.0,	0.1222991943359375,	0.09682083129882812
5635405000.0,	0.12196731567382812,	0.09827804565429688
5635413125.0,	0.120361328125,	0.0975189208984375
5635421250.0,	0.12259292602539062,	0.0967864990234375
5635429375.0,	0.12103652954101562,	0.09984970092773438
5635437500.0,	0.1216583251953125,	0.09762191772460938
5635445625.0,	0.12294387817382812,	0.09723281860351562
5635453750.0,	0.12139511108398438,	0.09761810302734375
5635461875.0,	0.12186813354492188,	0.0979156494140625
5635470000.0,	0.12158966064453125,	0.09945297241210938
5635478125.0,	0.12056350708007812,	0.09897232055664062
5635486250.0,	0.12225723266601562,	0.0977935791015625
5635494375.0,	0.12225723266601562,	0.09651947021484375
5635502500.0,	0.1243896484375,	0.09755706787109375
5635510625.0,	0.123626708984375,	0.09726333618164062
5635518750.0,	0.1243896484375,	0.09686660766601562
5635526875.0,	0.12288665771484375,	0.09685516357421875
5635535000.0,	0.1251220703125,	0.0987091064453125
5635543125.0,	0.12345504760742188,	0.09749984741210938
5635551250.0,	0.12212371826171875,	0.0968475341796875
5635559375.0,	0.12417221069335938,	0.09521865844726562
5635567500.0,	0.1254730224609375,	0.09860992431640625
5635575625.0,	0.12273788452148438,	0.09717559814453125
5635583750.0,	0.12523651123046875,	0.0963134765625
5635591875.0,	0.12361526489257812,	0.09773635864257812
5635600000.0,	0.12380599975585938,	0.09587478637695312
5635608125.0,	0.125274658203125,	0.09539794921875
5635616250.0,	0.12526702880859375,	0.0966796875
5635624375.0,	0.12487411499023438,	0.09549713134765625
5635632500.0,	0.12531280517578125,	0.0965118408203125
5635640625.0,	0.1243896484375,	0.09807586669921875
5635648750.0,	0.12432479858398438,	0.09533309936523438
5635656875.0,	0.124359130859375,	0.09596633911132812
5635665000.0,	0.1235809326171875,	0.09566879272460938
5635673125.0,	0.12320709228515625,	0.09592819213867188
5635681250.0,	0.1251220703125,	0.0938568115234375
5635689375.0,	0.12497711181640625,	0.09671783447265625
5635697500.0,	0.12253952026367188,	0.0952606201171875
5635705625.0,	0.12541961669921875,	0.09259033203125
5635713750.0,	0.12506866455078125,	0.09815216064453125
5635721875.0,	0.12662506103515625,	0.095611572265625
5635730000.0,	0.12633514404296875,	0.09470367431640625
5635738125.0,	0.1256103515625,	0.0950164794921875
5635746250.0,	0.12518310546875,	0.0961456298828125
5635754375.0,	0.1263427734375,	0.0947113037109375
5635762500.0,	0.124908447265625,	0.09426498413085938
5635770625.0,	0.126739501953125,	0.097625732421875
5635778750.0,	0.1259765625,	0.096710205078125
5635786875.0,	0.12535858154296875,	0.09572601318359375
5635795000.0,	0.12398910522460938,	0.09735488891601562
5635803125.0,	0.12542724609375,	0.09500885009765625
5635811250.0,	0.12650299072265625,	0.0947113037109375
5635819375.0,	0.1263427734375,	0.09563446044921875
5635827500.0,	0.12554931640625,	0.09204864501953125
5635835625.0,	0.1269683837890625,	0.09358978271484375
5635843750.0,	0.12735748291015625,	0.09476470947265625
5635851875.0,	0.12854766845703125,	0.09525299072265625
5635860000.0,	0.128387451171875,	0.093902587890625
5635868125.0,	0.12786865234375,	0.0960235595703125
5635876250.0,	0.126190185546875,	0.09423828125
5635884375.0,	0.12712860107421875,	0.0955963134765625
5635892500.0,	0.12831878662109375,	0.094818115234375
5635900625.0,	0.1287689208984375,	0.09351348876953125
5635908750.0,	0.12728118896484375,	0.0925750732421875
5635916875.0,	0.12680816650390625,	0.09487152099609375
5635925000.0,	0.12897491455078125,	0.095672607421875
5635933125.0,	0.12896728515625,	0.093170166015625
5635941250.0,	0.12995147705078125,	0.095489501953125
5635949375.0,	0.1282806396484375,	0.0924835205078125
5635957500.0,	0.1292724609375,	0.093597412109375
5635965625.0,	0.130157470703125,	0.09295654296875
5635973750.0,	0.12941741943359375,	0.090850830078125
5635981875.0,	0.12778472900390625,	0.09180450439453125
5635990000.0,	0.13008880615234375,	0.09332275390625
5635998125.0,	0.130157470703125,	0.09348297119140625
5636006250.0,	0.12978363037109375,	0.09491729736328125
5636014375.0,	0.1321868896484375,	0.0934295654296875
5636022500.0,	0.1292572021484375,	0.09063720703125
5636030625.0,	0.13053131103515625,	0.0958404541015625
5636038750.0,	0.13138580322265625,	0.09194183349609375
5636046875.0,	0.13092041015625,	0.0934295654296875
5636055000.0,	0.1300048828125,	0.0919342041015625
5636063125.0,	0.13060760498046875,	0.09079742431640625
5636071250.0,	0.1307373046875,	0.09333038330078125
5636079375.0,	0.13094329833984375,	0.09003448486328125
5636087500.0,	0.1306610107421875,	0.0926666259765625
5636095625.0,	0.130096435546875,	0.09095001220703125
5636103750.0,	0.1321868896484375,	0.0915985107421875
5636111875.0,	0.1302032470703125,	0.09226226806640625
5636120000.0,	0.1328887939453125,	0.0914306640625
5636128125.0,	0.13034820556640625,	0.0923309326171875
5636136250.0,	0.13159942626953125,	0.09160614013671875
5636144375.0,	0.13388824462890625,	0.09079742431640625
5636152500.0,	0.13318634033203125,	0.0905914306640625
5636160625.0,	0.129486083984375,	0.09243011474609375
5636168750.0,	0.13457489013671875,	0.08983612060546875
5636176875.0,	0.1331329345703125,	0.093109130859375
5636185000.0,	0.13339996337890625,	0.09209442138671875
5636193125.0,	0.13135528564453125,	0.09027862548828125
5636201250.0,	0.1311798095703125,	0.0916595458984375
5636209375.0,	0.13348388671875,	0.09117889404296875
5636217500.0,	0.13303375244140625,	0.09175872802734375
5636225625.0,	0.1331329345703125,	0.09149932861328125
5636233750.0,	0.1337738037109375,	0.09217071533203125
5636241875.0,	0.13382720947265625,	0.08892059326171875
5636250000.0,	0.135650634765625,	0.0917510986328125
5636258125.0,	0.13555145263671875,	0.09348297119140625
5636266250.0,	0.13367462158203125,	0.090972900390625
5636274375.0,	0.13561248779296875,	0.091705322265625
5636282500.0,	0.13695526123046875,	0.08963775634765625
5636290625.0,	0.13442230224609375,	0.09017181396484375
5636298750.0,	0.1348419189453125,	0.09110260009765625
5636306875.0,	0.1378021240234375,	0.08841705322265625
5636315000.0,	0.134307861328125,	0.0886077880859375
5636323125.0,	0.13527679443359375,	0.090911865234375
5636331250.0,	0.13341522216796875,	0.08929443359375
5636339375.0,	0.13330078125,	0.08971405029296875
5636347500.0,	0.1345367431640625,	0.0883026123046875
5636355625.0,	0.1366119384765625,	0.0899810791015625
5636363750.0,	0.13535308837890625,	0.0886383056640625
5636371875.0,	0.13555908203125,	0.089385986328125
5636380000.0,	0.13355255126953125,	0.0887451171875
5636388125.0,	0.1371612548828125,	0.08943939208984375
5636396250.0,	0.13748931884765625,	0.0890655517578125
5636404375.0,	0.13861083984375,	0.0872802734375
5636412500.0,	0.1359405517578125,	0.0895233154296875
5636420625.0,	0.13724517822265625,	0.08933258056640625
5636428750.0,	0.136993408203125,	0.08846282958984375
5636436875.0,	0.139617919921875,	0.08698272705078125
5636445000.0,	0.137664794921875,	0.08940887451171875
5636453125.0,	0.138885498046875,	0.08660125732421875
5636461250.0,	0.13787841796875,	0.0888671875
5636469375.0,	0.1400146484375,	0.0878448486328125
5636477500.0,	0.138641357421875,	0.08602142333984375
5636485625.0,	0.138885498046875,	0.086456298828125
5636493750.0,	0.13770294189453125,	0.086944580078125
5636501875.0,	0.1384735107421875,	0.08599853515625
5636510000.0,	0.138519287109375,	0.0876007080078125
5636518125.0,	0.13957977294921875,	0.0886688232421875
5636526250.0,	0.14038848876953125,	0.08573150634765625
5636534375.0,	0.14075469970703125,	0.0864715576171875
5636542500.0,	0.1373291015625,	0.08502197265625
5636550625.0,	0.13817596435546875,	0.08563232421875
5636558750.0,	0.13875579833984375,	0.08514404296875
5636566875.0,	0.1386260986328125,	0.08693695068359375
5636575000.0,	0.14131927490234375,	0.08551788330078125
5636583125.0,	0.13869476318359375,	0.08567047119140625
5636591250.0,	0.13961029052734375,	0.08392333984375
5636599375.0,	0.14006805419921875,	0.085662841796875
5636607500.0,	0.1408233642578125,	0.08412933349609375
5636615625.0,	0.1405029296875,	0.08477020263671875
5636623750.0,	0.140625,	0.08155059814453125
5636631875.0,	0.1409759521484375,	0.081878662109375
5636640000.0,	0.14192962646484375,	0.085113525390625
5636648125.0,	0.140167236328125,	0.082305908203125
5636656250.0,	0.140472412109375,	0.08315277099609375
5636664375.0,	0.1435394287109375,	0.08483123779296875
5636672500.0,	0.1406707763671875,	0.08343505859375
5636680625.0,	0.1404876708984375,	0.0816192626953125
5636688750.0,	0.143280029296875,	0.08258819580078125
5636696875.0,	0.14199066162109375,	0.08106231689453125
5636705000.0,	0.1432952880859375,	0.08359527587890625
5636713125.0,	0.14366912841796875,	0.08158111572265625
5636721250.0,	0.14484405517578125,	0.08298492431640625
5636729375.0,	0.141754150390625,	0.08246612548828125
5636737500.0,	0.14258575439453125,	0.08068084716796875
5636745625.0,	0.14469146728515625,	0.081695556640625
5636753750.0,	0.1424713134765625,	0.08342742919921875
5636761875.0,	0.14514923095703125,	0.08060455322265625
5636770000.0,	0.1439666748046875,	0.0828704833984375
5636778125.0,	0.143035888671875,	0.08167266845703125
5636786250.0,	0.14368438720703125,	0.08258056640625
5636794375.0,	0.14550018310546875,	0.081146240234375
5636802500.0,	0.14453125,	0.07946014404296875
5636810625.0,	0.1457061767578125,	0.08043670654296875
5636818750.0,	0.14644622802734375,	0.08019256591796875
5636826875.0,	0.14583587646484375,	0.07868194580078125
5636835000.0,	0.14422607421875,	0.08145904541015625
5636843125.0,	0.1454925537109375,	0.07993316650390625
5636851250.0,	0.14565277099609375,	0.0785675048828125
5636859375.0,	0.14763641357421875,	0.07894134521484375
5636867500.0,	0.14473724365234375,	0.07794952392578125
5636875625.0,	0.14794158935546875,	0.0772247314453125
5636883750.0,	0.147369384765625,	0.07910919189453125
5636891875.0,	0.1479034423828125,	0.07791900634765625
5636900000.0,	0.14835357666015625,	0.07767486572265625
5636908125.0,	0.14900970458984375,	0.0757904052734375
5636916250.0,	0.1469268798828125,	0.0786895751953125
5636924375.0,	0.14825439453125,	0.077667236328125
5636932500.0,	0.14916229248046875,	0.07582855224609375
5636940625.0,	0.14962005615234375,	0.07776641845703125
5636948750.0,	0.148651123046875,	0.079559326171875
5636956875.0,	0.14975738525390625,	0.07427978515625
5636965000.0,	0.14945220947265625,	0.07694244384765625
5636973125.0,	0.14972686767578125,	0.076507568359375
5636981250.0,	0.14934539794921875,	0.075439453125
5636989375.0,	0.15000152587890625,	0.075042724609375
5636997500.0,	0.15016937255859375,	0.07344818115234375
5637005625.0,	0.1497955322265625,	0.07750701904296875
5637013750.0,	0.15183258056640625,	0.0759429931640625
5637021875.0,	0.14981842041015625,	0.075347900390625
5637030000.0,	0.15033721923828125,	0.07439422607421875
5637038125.0,	0.15143585205078125,	0.0752410888671875
5637046250.0,	0.150665283203125,	0.07529449462890625
5637054375.0,	0.15090179443359375,	0.07347869873046875
5637062500.0,	0.14987945556640625,	0.07273101806640625
5637070625.0,	0.15224456787109375,	0.07236480712890625
5637078750.0,	0.150482177734375,	0.0724639892578125
5637086875.0,	0.1537628173828125,	0.07247161865234375
5637095000.0,	0.15123748779296875,	0.07196807861328125
5637103125.0,	0.15241241455078125,	0.0724639892578125
5637111250.0,	0.153167724609375,	0.07286834716796875
5637119375.0,	0.1549835205078125,	0.0738983154296875
5637127500.0,	0.15393829345703125,	0.07131195068359375
5637135625.0,	0.15387725830078125,	0.07073974609375
5637143750.0,	0.15473175048828125,	0.07123565673828125
5637151875.0,	0.15407562255859375,	0.06975555419921875
5637160000.0,	0.155181884765625,	0.06832122802734375
5637168125.0,	0.152862548828125,	0.07004547119140625
5637176250.0,	0.15473175048828125,	0.06851959228515625
5637184375.0,	0.1540374755859375,	0.07080078125
5637192500.0,	0.15499114990234375,	0.0688934326171875
5637200625.0,	0.15581512451171875,	0.06667327880859375
5637208750.0,	0.1560821533203125,	0.06691741943359375
5637216875.0,	0.1559600830078125,	0.06667327880859375
5637225000.0,	0.1566925048828125,	0.06577301025390625
5637233125.0,	0.154937744140625,	0.06560516357421875
5637241250.0,	0.15624237060546875,	0.06780242919921875
5637249375.0,	0.15459442138671875,	0.0656280517578125
5637257500.0,	0.156890869140625,	0.06565093994140625
5637265625.0,	0.15761566162109375,	0.0643463134765625
5637273750.0,	0.15850830078125,	0.0626373291015625
5637281875.0,	0.15885162353515625,	0.064453125
5637290000.0,	0.15778350830078125,	0.064483642578125
5637298125.0,	0.15708160400390625,	0.06432342529296875
5637306250.0,	0.15674591064453125,	0.0616455078125
5637314375.0,	0.15688323974609375,	0.06268310546875
5637322500.0,	0.157745361328125,	0.062713623046875
5637330625.0,	0.159149169921875,	0.06044769287109375
5637338750.0,	0.15608978271484375,	0.06017303466796875
5637346875.0,	0.15906524658203125,	0.06024169921875
5637355000.0,	0.15982818603515625,	0.06116485595703125
5637363125.0,	0.162353515625,	0.05939483642578125
5637371250.0,	0.15769195556640625,	0.06162261962890625
5637379375.0,	0.159393310546875,	0.0599212646484375
5637387500.0,	0.159027099609375,	0.058074951171875
5637395625.0,	0.16188812255859375,	0.058197021484375
5637403750.0,	0.1600799560546875,	0.05831146240234375
5637411875.0,	0.1619110107421875,	0.0605010986328125
5637420000.0,	0.1628570556640625,	0.054931640625
5637428125.0,	0.16133880615234375,	0.0559234619140625
5637436250.0,	0.16265869140625,	0.0555267333984375
5637444375.0,	0.1614227294921875,	0.0568695068359375
5637452500.0,	0.16284942626953125,	0.055633544921875
5637460625.0,	0.160888671875,	0.05480194091796875
5637468750.0,	0.1627349853515625,	0.05570220947265625
5637476875.0,	0.16329193115234375,	0.05188751220703125
5637485000.0,	0.16307830810546875,	0.05384063720703125
5637493125.0,	0.162353515625,	0.05394744873046875
5637501250.0,	0.1629180908203125,	0.0527191162109375
5637509375.0,	0.163116455078125,	0.0505218505859375
5637517500.0,	0.16365814208984375,	0.0516815185546875
5637525625.0,	0.1629486083984375,	0.04929351806640625
5637533750.0,	0.16396331787109375,	0.0512847900390625
5637541875.0,	0.16411590576171875,	0.04781341552734375
5637550000.0,	0.16513824462890625,	0.050750732421875
5637558125.0,	0.16307830810546875,	0.0506439208984375
5637566250.0,	0.16530609130859375,	0.04742431640625
5637574375.0,	0.1641387939453125,	0.0474395751953125
5637582500.0,	0.16495513916015625,	0.0461578369140625
5637590625.0,	0.16632080078125,	0.046295166015625
5637598750.0,	0.16464996337890625,	0.04589080810546875
5637606875.0,	0.1646881103515625,	0.0443572998046875
5637615000.0,	0.1649017333984375,	0.04398345947265625
5637623125.0,	0.1670684814453125,	0.0435028076171875
5637631250.0,	0.16565704345703125,	0.04444122314453125
5637639375.0,	0.16388702392578125,	0.0437469482421875
5637647500.0,	0.1648101806640625,	0.03978729248046875
5637655625.0,	0.1651153564453125,	0.04113006591796875
5637663750.0,	0.1667633056640625,	0.04156494140625
5637671875.0,	0.1658172607421875,	0.0392303466796875
5637680000.0,	0.1658477783203125,	0.03936767578125
5637688125.0,	0.16826629638671875,	0.03878021240234375
5637696250.0,	0.1647796630859375,	0.0377960205078125
5637704375.0,	0.16556549072265625,	0.0352020263671875
5637712500.0,	0.1667022705078125,	0.03562164306640625
5637720625.0,	0.1656646728515625,	0.0334625244140625
5637728750.0,	0.16803741455078125,	0.0341796875
5637736875.0,	0.1663360595703125,	0.0326995849609375
5637745000.0,	0.16701507568359375,	0.03363800048828125
5637753125.0,	0.16664886474609375,	0.03276824951171875
5637761250.0,	0.1672210693359375,	0.0325469970703125
5637769375.0,	0.16805267333984375,	0.03177642822265625
5637777500.0,	0.16669464111328125,	0.0304718017578125
5637785625.0,	0.1685333251953125,	0.028350830078125
5637793750.0,	0.16719818115234375,	0.0312957763671875
5637801875.0,	0.167755126953125,	0.02747344970703125
5637810000.0,	0.167816162109375,	0.02719879150390625
5637818125.0,	0.16863250732421875,	0.02535247802734375
5637826250.0,	0.1670379638671875,	0.02707672119140625
5637834375.0,	0.16658782958984375,	0.025970458984375
5637842500.0,	0.16724395751953125,	0.02416229248046875
5637850625.0,	0.1680755615234375,	0.02344512939453125
5637858750.0,	0.1662139892578125,	0.022125244140625
5637866875.0,	0.167510986328125,	0.0214691162109375
5637875000.0,	0.16658782958984375,	0.01883697509765625
5637883125.0,	0.166015625,	0.018646240234375
5637891250.0,	0.16916656494140625,	0.0185699462890625
5637899375.0,	0.1678009033203125,	0.01888275146484375
5637907500.0,	0.16790771484375,	0.01885223388671875
5637915625.0,	0.167572021484375,	0.01688385009765625
5637923750.0,	0.166229248046875,	0.01219940185546875
5637931875.0,	0.16536712646484375,	0.0134429931640625
5637940000.0,	0.16436767578125,	0.01256561279296875
5637948125.0,	0.1652069091796875,	0.0103912353515625
5637956250.0,	0.1663970947265625,	0.01052093505859375
5637964375.0,	0.16698455810546875,	0.00946044921875
5637972500.0,	0.16545867919921875,	0.00968170166015625
5637980625.0,	0.1669158935546875,	0.00891876220703125
5637988750.0,	0.16385650634765625,	0.004241943359375
5637996875.0,	0.16480255126953125,	0.00848388671875
5638005000.0,	0.16432952880859375,	0.004180908203125
5638013125.0,	0.1651611328125,	0.003387451171875
5638021250.0,	0.16454315185546875,	0.00347900390625
5638029375.0,	0.1648406982421875,	0.00164794921875
5638037500.0,	0.1637420654296875,	-0.0003204345703125
5638045625.0,	0.16324615478515625,	0.001861572265625
5638053750.0,	0.16286468505859375,	0.0003204345703125
5638061875.0,	0.16152191162109375,	-0.00211334228515625
5638070000.0,	0.16229248046875,	-0.002960205078125
5638078125.0,	0.15816497802734375,	-0.00400543212890625
5638086250.0,	0.16205596923828125,	-0.00774383544921875
5638094375.0,	0.16064453125,	-0.00666046142578125
5638102500.0,	0.15793609619140625,	-0.007293701171875
5638110625.0,	0.15969085693359375,	-0.009429931640625
5638118750.0,	0.15871429443359375,	-0.00777435302734375
5638126875.0,	0.158050537109375,	-0.01241302490234375
5638135000.0,	0.15543365478515625,	-0.01239776611328125
5638143125.0,	0.156341552734375,	-0.01171875
5638151250.0,	0.1558837890625,	-0.0137939453125
5638159375.0,	0.15650177001953125,	-0.014678955078125
5638167500.0,	0.15259552001953125,	-0.0143890380859375
5638175625.0,	0.15346527099609375,	-0.01471710205078125
5638183750.0,	0.1533050537109375,	-0.01488494873046875
5638191875.0,	0.15128326416015625,	-0.018463134765625
5638200000.0,	0.1522674560546875,	-0.0189666748046875
5638208125.0,	0.152496337890625,	-0.02164459228515625
5638216250.0,	0.1495361328125,	-0.02123260498046875
5638224375.0,	0.14878082275390625,	-0.022186279296875
5638232500.0,	0.14882659912109375,	-0.023834228515625
5638240625.0,	0.148529052734375,	-0.0232391357421875
5638248750.0,	0.14650726318359375,	-0.02460479736328125
5638256875.0,	0.1466217041015625,	-0.02637481689453125
5638265000.0,	0.144012451171875,	-0.02794647216796875
5638273125.0,	0.145050048828125,	-0.02811431884765625
5638281250.0,	0.14272308349609375,	-0.0286712646484375
5638289375.0,	0.14263916015625,	-0.02935028076171875
5638297500.0,	0.14017486572265625,	-0.02886962890625
5638305625.0,	0.13887786865234375,	-0.0321502685546875
5638313750.0,	0.13745880126953125,	-0.030609130859375
5638321875.0,	0.13813018798828125,	-0.03539276123046875
5638330000.0,	0.13773345947265625,	-0.0323028564453125
5638338125.0,	0.13555145263671875,	-0.035736083984375
5638346250.0,	0.13494873046875,	-0.036651611328125
5638354375.0,	0.13236236572265625,	-0.03659820556640625
5638362500.0,	0.13025665283203125,	-0.03580474853515625
5638370625.0,	0.13278961181640625,	-0.0387725830078125
5638378750.0,	0.13126373291015625,	-0.03736114501953125
5638386875.0,	0.12766265869140625,	-0.039520263671875
5638395000.0,	0.12770843505859375,	-0.03932952880859375
5638403125.0,	0.12563323974609375,	-0.039154052734375
5638411250.0,	0.12391281127929688,	-0.042694091796875
5638419375.0,	0.12289810180664062,	-0.043182373046875
5638427500.0,	0.12299346923828125,	-0.04250335693359375
5638435625.0,	0.121429443359375,	-0.044605255126953125
5638443750.0,	0.12005615234375,	-0.04347991943359375
5638451875.0,	0.11687088012695312,	-0.0452117919921875
5638460000.0,	0.1165771484375,	-0.04537200927734375
5638468125.0,	0.11519241333007812,	-0.044567108154296875
5638476250.0,	0.1154632568359375,	-0.045444488525390625
5638484375.0,	0.11227035522460938,	-0.045780181884765625
5638492500.0,	0.11206436157226562,	-0.0487213134765625
5638500625.0,	0.10912704467773438,	-0.049457550048828125
5638508750.0,	0.10845184326171875,	-0.047332763671875
5638516875.0,	0.10934066772460938,	-0.046543121337890625
5638525000.0,	0.10377120971679688,	-0.04705810546875
5638533125.0,	0.10547256469726562,	-0.049808502197265625
5638541250.0,	0.10220718383789062,	-0.0477447509765625
5638549375.0,	0.10230636596679688,	-0.049083709716796875
5638557500.0,	0.09935760498046875,	-0.049671173095703125
5638565625.0,	0.09773635864257812,	-0.047649383544921875
5638573750.0,	0.09926605224609375,	-0.049243927001953125
5638581875.0,	0.09531021118164062,	-0.0466766357421875
5638590000.0,	0.09358596801757812,	-0.0492095947265625
5638598125.0,	0.094146728515625,	-0.04967498779296875
5638606250.0,	0.09176254272460938,	-0.050029754638671875
5638614375.0,	0.09012222290039062,	-0.047725677490234375
5638622500.0,	0.08830642700195312,	-0.04920196533203125
5638630625.0,	0.08730316162109375,	-0.050167083740234375
5638638750.0,	0.08525466918945312,	-0.048580169677734375
5638646875.0,	0.08311080932617188,	-0.050426483154296875
5638655000.0,	0.08463668823242188,	-0.04857635498046875
5638663125.0,	0.08197784423828125,	-0.046825408935546875
5638671250.0,	0.08189773559570312,	-0.0493316650390625
5638679375.0,	0.0769195556640625,	-0.04737091064453125
5638687500.0,	0.07811737060546875,	-0.04631805419921875
5638695625.0,	0.07653427124023438,	-0.0479736328125
5638703750.0,	0.07641220092773438,	-0.045223236083984375
5638711875.0,	0.07367324829101562,	-0.047245025634765625
5638720000.0,	0.0738525390625,	-0.046291351318359375
5638728125.0,	0.06965255737304688,	-0.048274993896484375
5638736250.0,	0.070037841796875,	-0.04453277587890625
5638744375.0,	0.06773757934570312,	-0.044704437255859375
5638752500.0,	0.06577301025390625,	-0.0439300537109375
5638760625.0,	0.06668853759765625,	-0.04549407958984375
5638768750.0,	0.062713623046875,	-0.043857574462890625
5638776875.0,	0.0638580322265625,	-0.04299163818359375
5638785000.0,	0.0631103515625,	-0.04061126708984375
5638793125.0,	0.061054229736328125,	-0.04068565368652344
5638801250.0,	0.06198310852050781,	-0.04054069519042969
5638809375.0,	0.059375762939453125,	-0.04013633728027344
5638817500.0,	0.056125640869140625,	-0.041118621826171875
5638825625.0,	0.05718040466308594,	-0.04193878173828125
5638833750.0,	0.05458641052246094,	-0.03969001770019531
5638841875.0,	0.0557708740234375,	-0.040874481201171875
5638850000.0,	0.053134918212890625,	-0.0380706787109375
5638858125.0,	0.05120658874511719,	-0.03559112548828125
5638866250.0,	0.052188873291015625,	-0.03561973571777344
5638874375.0,	0.05072975158691406,	-0.034698486328125
5638882500.0,	0.04987907409667969,	-0.03485870361328125
5638890625.0,	0.04673004150390625,	-0.032909393310546875
5638898750.0,	0.04510688781738281,	-0.035793304443359375
5638906875.0,	0.047031402587890625,	-0.0344696044921875
5638915000.0,	0.04516410827636719,	-0.031011581420898438
5638923125.0,	0.04482841491699219,	-0.031126022338867188
5638931250.0,	0.04409599304199219,	-0.027547836303710938
5638939375.0,	0.04654693603515625,	-0.028575897216796875
5638947500.0,	0.04170799255371094,	-0.02796173095703125
5638955625.0,	0.04239845275878906,	-0.028245925903320312
5638963750.0,	0.04033660888671875,	-0.027606964111328125
5638971875.0,	0.03896522521972656,	-0.027332305908203125
5638980000.0,	0.03687477111816406,	-0.025697708129882812
5638988125.0,	0.04021644592285156,	-0.023937225341796875
5638996250.0,	0.038116455078125,	-0.024507522583007812
5639004375.0,	0.03708839416503906,	-0.023639678955078125
5639012500.0,	0.0351104736328125,	-0.022935867309570312
5639020625.0,	0.03553962707519531,	-0.020069122314453125
5639028750.0,	0.03597259521484375,	-0.020879745483398438
5639036875.0,	0.03371429443359375,	-0.017110824584960938
5639045000.0,	0.03492164611816406,	-0.017980575561523438
5639053125.0,	0.033664703369140625,	-0.019693374633789062
5639061250.0,	0.030373573303222656,	-0.01737499237060547
5639069375.0,	0.03055572509765625,	-0.01698589324951172
5639077500.0,	0.032161712646484375,	-0.014019012451171875
5639085625.0,	0.028919219970703125,	-0.016241073608398438
5639093750.0,	0.02985095977783203,	-0.014010429382324219
5639101875.0,	0.02956867218017578,	-0.012460708618164062
5639110000.0,	0.029348373413085938,	-0.013071060180664062
5639118125.0,	0.02740192413330078,	-0.012093544006347656
5639126250.0,	0.028820037841796875,	-0.010896682739257812
5639134375.0,	0.0280303955078125,	-0.0089111328125
5639142500.0,	0.02652454376220703,	-0.007038116455078125
5639150625.0,	0.02792644500732422,	-0.008286476135253906
5639158750.0,	0.024852752685546875,	-0.006287574768066406
5639166875.0,	0.02632427215576172,	-0.005309104919433594
5639175000.0,	0.02456378936767578,	-0.005755424499511719
5639183125.0,	0.023405075073242188,	-0.0030527114868164062
5639191250.0,	0.02324676513671875,	-0.003941535949707031
5639199375.0,	0.024659156799316406,	-0.003949165344238281
5639207500.0,	0.023311614990234375,	-0.004464149475097656
5639215625.0,	0.023258209228515625,	-0.0010728836059570312
5639223750.0,	0.023261070251464844,	-0.0018148422241210938
5639231875.0,	0.023786544799804688,	0.00046825408935546875
5639240000.0,	0.02352428436279297,	0.0028047561645507812
5639248125.0,	0.021813392639160156,	0.00377655029296875
5639256250.0,	0.023824691772460938,	0.0022802352905273438
5639264375.0,	0.02180767059326172,	0.0030164718627929688
5639272500.0,	0.021775245666503906,	0.004894256591796875
5639280625.0,	0.02130413055419922,	0.005402565002441406
5639288750.0,	0.021532058715820312,	0.003911018371582031
5639296875.0,	0.020834922790527344,	0.007649421691894531
5639305000.0,	0.021038055419921875,	0.007618904113769531
5639313125.0,	0.02073955535888672,	0.007595062255859375
5639321250.0,	0.021022796630859375,	0.009538650512695312
5639329375.0,	0.02086925506591797,	0.009674072265625
5639337500.0,	0.02147960662841797,	0.011073112487792969
5639345625.0,	0.019571304321289062,	0.0122833251953125
5639353750.0,	0.019319534301757812,	0.012622833251953125
5639361875.0,	0.018823623657226562,	0.013004302978515625
5639370000.0,	0.020212173461914062,	0.014757156372070312
5639378125.0,	0.01840496063232422,	0.012600898742675781
5639386250.0,	0.018601417541503906,	0.01647472381591797
5639394375.0,	0.019321441650390625,	0.0157318115234375
5639402500.0,	0.019911766052246094,	0.017656326293945312
5639410625.0,	0.020447731018066406,	0.01729297637939453
5639418750.0,	0.01773548126220703,	0.017744064331054688
5639426875.0,	0.01880168914794922,	0.0187530517578125
5639435000.0,	0.017093658447265625,	0.018423080444335938
5639443125.0,	0.020653724670410156,	0.022180557250976562
5639451250.0,	0.01830768585205078,	0.019884109497070312
5639459375.0,	0.018785476684570312,	0.022272109985351562
5639467500.0,	0.01961994171142578,	0.022762298583984375
5639475625.0,	0.018655776977539062,	0.023636817932128906
5639483750.0,	0.017852783203125,	0.02364826202392578
5639491875.0,	0.019074440002441406,	0.025699615478515625
5639500000.0,	0.01973724365234375,	0.025867462158203125
5639508125.0,	0.01937103271484375,	0.025069236755371094
5639516250.0,	0.017106056213378906,	0.02718353271484375
5639524375.0,	0.01938343048095703,	0.027431488037109375
5639532500.0,	0.01691722869873047,	0.028646469116210938
5639540625.0,	0.020124435424804688,	0.027276039123535156
5639548750.0,	0.019968032836914062,	0.02689838409423828
5639556875.0,	0.016300201416015625,	0.028311729431152344
5639565000.0,	0.019121170043945312,	0.03270149230957031
5639573125.0,	0.01873493194580078,	0.031096458435058594
5639581250.0,	0.016824722290039062,	0.03060626983642578
5639589375.0,	0.017587661743164062,	0.031402587890625
5639597500.0,	0.017877578735351562,	0.03290748596191406
5639605625.0,	0.017942428588867188,	0.03350067138671875
5639613750.0,	0.01876068115234375,	0.03342437744140625
5639621875.0,	0.0199432373046875,	0.03320121765136719
5639630000.0,	0.018733978271484375,	0.03418731689453125
5639638125.0,	0.018604278564453125,	0.03529930114746094
5639646250.0,	0.017963409423828125,	0.03426933288574219
5639654375.0,	0.019239425659179688,	0.036518096923828125
5639662500.0,	0.020441055297851562,	0.03606605529785156
5639670625.0,	0.019458770751953125,	0.03760528564453125
5639678750.0,	0.019084930419921875,	0.038265228271484375
5639686875.0,	0.01912689208984375,	0.03794288635253906
5639695000.0,	0.020395278930664062,	0.037792205810546875
5639703125.0,	0.02083587646484375,	0.038516998291015625
5639711250.0,	0.019029617309570312,	0.03917884826660156
5639719375.0,	0.0222015380859375,	0.04083442687988281
5639727500.0,	0.0195770263671875,	0.041271209716796875
5639735625.0,	0.020784378051757812,	0.04110145568847656
5639743750.0,	0.020145416259765625,	0.0439910888671875
5639751875.0,	0.019929885864257812,	0.03915977478027344
5639760000.0,	0.02027130126953125,	0.042835235595703125
5639768125.0,	0.020992279052734375,	0.04256439208984375
5639776250.0,	0.018985748291015625,	0.045902252197265625
5639784375.0,	0.022212982177734375,	0.04340362548828125
5639792500.0,	0.021486282348632812,	0.043918609619140625
5639800625.0,	0.021509170532226562,	0.04567718505859375
5639808750.0,	0.021760940551757812,	0.04662132263183594
5639816875.0,	0.021291732788085938,	0.04891395568847656
5639825000.0,	0.021389007568359375,	0.04819679260253906
5639833125.0,	0.022413253784179688,	0.04681587219238281
5639841250.0,	0.020965576171875,	0.048122406005859375
5639849375.0,	0.02184295654296875,	0.046413421630859375
5639857500.0,	0.023138046264648438,	0.04805755615234375
5639865625.0,	0.022066116333007812,	0.04794502258300781
5639873750.0,	0.021203994750976562,	0.05140113830566406
5639881875.0,	0.023830413818359375,	0.04952812194824219
5639890000.0,	0.020313262939453125,	0.048374176025390625
5639898125.0,	0.023866653442382812,	0.04985809326171875
5639906250.0,	0.022647857666015625,	0.05203437805175781
5639914375.0,	0.022100448608398438,	0.05214500427246094
5639922500.0,	0.023639678955078125,	0.05268287658691406
5639930625.0,	0.023096084594726562,	0.0540008544921875
5639938750.0,	0.025098800659179688,	0.050853729248046875
5639946875.0,	0.0245513916015625,	0.053802490234375
5639955000.0,	0.025203704833984375,	0.05335044860839844
5639963125.0,	0.02213287353515625,	0.051738739013671875
5639971250.0,	0.022390365600585938,	0.056278228759765625
5639979375.0,	0.025707244873046875,	0.054325103759765625
5639987500.0,	0.024133682250976562,	0.055454254150390625
5639995625.0,	0.025051116943359375,	0.055072784423828125
5640003750.0,	0.025362014770507812,	0.058315277099609375
5640011875.0,	0.025983810424804688,	0.05338096618652344
5640020000.0,	0.023996353149414062,	0.05658912658691406
5640028125.0,	0.024692535400390625,	0.05612754821777344
5640036250.0,	0.025354385375976562,	0.05667877197265625
5640044375.0,	0.026575088500976562,	0.05644798278808594
5640052500.0,	0.025421142578125,	0.057308197021484375
5640060625.0,	0.024896621704101562,	0.05809783935546875
5640068750.0,	0.0258026123046875,	0.05857658386230469
5640076875.0,	0.02700042724609375,	0.058013916015625
5640085000.0,	0.027471542358398438,	0.05890655517578125
5640093125.0,	0.02840423583984375,	0.059967041015625
5640101250.0,	0.025140762329101562,	0.059783935546875
5640109375.0,	0.02692413330078125,	0.058933258056640625
5640117500.0,	0.027177810668945312,	0.060302734375
5640125625.0,	0.027181625366210938,	0.058990478515625
5640133750.0,	0.026464462280273438,	0.061443328857421875
5640141875.0,	0.028280258178710938,	0.05979728698730469
5640150000.0,	0.02614593505859375,	0.06115531921386719
5640158125.0,	0.0275421142578125,	0.06046104431152344
5640166250.0,	0.028076171875,	0.063201904296875
5640174375.0,	0.029016494750976562,	0.06174659729003906
5640182500.0,	0.028308868408203125,	0.062713623046875
5640190625.0,	0.027294158935546875,	0.06422042846679688
5640198750.0,	0.029895782470703125,	0.06311798095703125
5640206875.0,	0.027057647705078125,	0.062896728515625
5640215000.0,	0.030376434326171875,	0.06467056274414062
5640223125.0,	0.027477264404296875,	0.06373214721679688
5640231250.0,	0.027292251586914062,	0.06056976318359375
5640239375.0,	0.02899169921875,	0.066253662109375
5640247500.0,	0.028194427490234375,	0.06528854370117188
5640255625.0,	0.030193328857421875,	0.06341934204101562
5640263750.0,	0.02899932861328125,	0.06414794921875
5640271875.0,	0.029399871826171875,	0.06395721435546875
5640280000.0,	0.02930450439453125,	0.06322479248046875
5640288125.0,	0.030059814453125,	0.06439590454101562
5640296250.0,	0.03188323974609375,	0.06628036499023438
5640304375.0,	0.02971649169921875,	0.06429672241210938
5640312500.0,	0.02840423583984375,	0.06640243530273438
5640320625.0,	0.03162384033203125,	0.06598663330078125
5640328750.0,	0.031887054443359375,	0.06618881225585938
5640336875.0,	0.030452728271484375,	0.06777572631835938
5640345000.0,	0.03163909912109375,	0.06622695922851562
5640353125.0,	0.031795501708984375,	0.06744384765625
5640361250.0,	0.03221893310546875,	0.06785964965820312
5640369375.0,	0.032749176025390625,	0.06727981567382812
5640377500.0,	0.0321197509765625,	0.0688629150390625
5640385625.0,	0.032581329345703125,	0.06696319580078125
5640393750.0,	0.03227996826171875,	0.0671234130859375
5640401875.0,	0.03327178955078125,	0.06716537475585938
5640410000.0,	0.03154754638671875,	0.06976699829101562
5640418125.0,	0.033451080322265625,	0.07007980346679688
5640426250.0,	0.033855438232421875,	0.0700225830078125
5640434375.0,	0.029880523681640625,	0.0702667236328125
5640442500.0,	0.032390594482421875,	0.06841659545898438
5640450625.0,	0.03389739990234375,	0.0702972412109375
5640458750.0,	0.033733367919921875,	0.06925201416015625
5640466875.0,	0.033138275146484375,	0.06981277465820312
5640475000.0,	0.032764434814453125,	0.06966018676757812
5640483125.0,	0.035373687744140625,	0.07180404663085938
5640491250.0,	0.034832000732421875,	0.06981277465820312
5640499375.0,	0.035308837890625,	0.07093429565429688
5640507500.0,	0.033596038818359375,	0.07142257690429688
5640515625.0,	0.035160064697265625,	0.07332229614257812
5640523750.0,	0.034626007080078125,	0.07259750366210938
5640531875.0,	0.035274505615234375,	0.071807861328125
5640540000.0,	0.0360107421875,	0.07220077514648438
5640548125.0,	0.03560638427734375,	0.07439041137695312
5640556250.0,	0.03705596923828125,	0.07140350341796875
5640564375.0,	0.0350189208984375,	0.07344818115234375
5640572500.0,	0.0355682373046875,	0.07371139526367188
5640580625.0,	0.035797119140625,	0.07364654541015625
5640588750.0,	0.03662109375,	0.0751495361328125
5640596875.0,	0.036113739013671875,	0.07358169555664062
5640605000.0,	0.036151885986328125,	0.07444000244140625
5640613125.0,	0.037967681884765625,	0.07433700561523438
5640621250.0,	0.0367279052734375,	0.07427597045898438
5640629375.0,	0.036495208740234375,	0.07257843017578125
5640637500.0,	0.03607177734375,	0.07466506958007812
5640645625.0,	0.037784576416015625,	0.0746307373046875
5640653750.0,	0.037761688232421875,	0.07391738891601562
5640661875.0,	0.03701019287109375,	0.07489013671875
5640670000.0,	0.037441253662109375,	0.07756805419921875
5640678125.0,	0.03751373291015625,	0.07486343383789062
5640686250.0,	0.036144256591796875,	0.07659149169921875
5640694375.0,	0.03456878662109375,	0.07535552978515625
5640702500.0,	0.037334442138671875,	0.07540512084960938
5640710625.0,	0.03958892822265625,	0.07503890991210938
5640718750.0,	0.037021636962890625,	0.07653427124023438
5640726875.0,	0.0393524169921875,	0.075347900390625
5640735000.0,	0.038051605224609375,	0.07552337646484375
5640743125.0,	0.039562225341796875,	0.07682037353515625
5640751250.0,	0.03801727294921875,	0.076751708984375
5640759375.0,	0.039867401123046875,	0.07767868041992188
5640767500.0,	0.039592742919921875,	0.07793807983398438
5640775625.0,	0.038852691650390625,	0.07747650146484375
5640783750.0,	0.0379638671875,	0.07672500610351562
5640791875.0,	0.0389251708984375,	0.07736587524414062
5640800000.0,	0.040767669677734375,	0.07635879516601562
5640808125.0,	0.04132080078125,	0.07691574096679688
5640816250.0,	0.04053497314453125,	0.07909393310546875
5640824375.0,	0.03992462158203125,	0.0780487060546875
5640832500.0,	0.038982391357421875,	0.07913589477539062
5640840625.0,	0.041019439697265625,	0.0765228271484375
5640848750.0,	0.04032135009765625,	0.0771331787109375
5640856875.0,	0.042079925537109375,	0.0773162841796875
5640865000.0,	0.04048919677734375,	0.07749176025390625
5640873125.0,	0.040164947509765625,	0.0780181884765625
5640881250.0,	0.04145050048828125,	0.08036422729492188
5640889375.0,	0.041210174560546875,	0.07887649536132812
5640897500.0,	0.0399017333984375,	0.07760238647460938
5640905625.0,	0.03839111328125,	0.079833984375
5640913750.0,	0.043544769287109375,	0.07857513427734375
5640921875.0,	0.0411224365234375,	0.0787811279296875
5640930000.0,	0.04116058349609375,	0.08099746704101562
5640938125.0,	0.04006195068359375,	0.08002090454101562
5640946250.0,	0.042236328125,	0.08041763305664062
5640954375.0,	0.04192352294921875,	0.07915878295898438
5640962500.0,	0.041225433349609375,	0.07917404174804688
5640970625.0,	0.04372406005859375,	0.07960891723632812
5640978750.0,	0.04166412353515625,	0.081207275390625
5640986875.0,	0.0435943603515625,	0.0804443359375
5640995000.0,	0.042598724365234375,	0.080902099609375
5641003125.0,	0.041164398193359375,	0.0801849365234375
5641011250.0,	0.04491424560546875,	0.07962417602539062
5641019375.0,	0.04347991943359375,	0.07984542846679688
5641027500.0,	0.0428466796875,	0.08245849609375
5641035625.0,	0.04206085205078125,	0.08234024047851562
5641043750.0,	0.042816162109375,	0.0819244384765625
5641051875.0,	0.0441741943359375,	0.0814666748046875
5641060000.0,	0.042873382568359375,	0.08150100708007812
5641068125.0,	0.04644775390625,	0.07976150512695312
5641076250.0,	0.04427337646484375,	0.08155059814453125
5641084375.0,	0.04306793212890625,	0.08304214477539062
5641092500.0,	0.044704437255859375,	0.08282852172851562
5641100625.0,	0.044811248779296875,	0.0799560546875
5641108750.0,	0.043483734130859375,	0.08061599731445312
5641116875.0,	0.04364013671875,	0.08185577392578125
5641125000.0,	0.04529571533203125,	0.08227157592773438
5641133125.0,	0.0444183349609375,	0.08179855346679688
5641141250.0,	0.0435333251953125,	0.0834197998046875
5641149375.0,	0.0447235107421875,	0.08428573608398438
5641157500.0,	0.04437255859375,	0.08101272583007812
5641165625.0,	0.043392181396484375,	0.08034515380859375
5641173750.0,	0.04630279541015625,	0.08171844482421875
5641181875.0,	0.046604156494140625,	0.08264923095703125
5641190000.0,	0.04605865478515625,	0.08176422119140625
5641198125.0,	0.04763031005859375,	0.08408737182617188
5641206250.0,	0.045261383056640625,	0.08175277709960938
5641214375.0,	0.04576873779296875,	0.08127593994140625
5641222500.0,	0.04483795166015625,	0.08391952514648438
5641230625.0,	0.046222686767578125,	0.08465957641601562
5641238750.0,	0.046581268310546875,	0.08526611328125
5641246875.0,	0.047092437744140625,	0.08316802978515625
5641255000.0,	0.047031402587890625,	0.08299636840820312
5641263125.0,	0.046733856201171875,	0.0836181640625
5641271250.0,	0.045154571533203125,	0.08443450927734375
5641279375.0,	0.0457305908203125,	0.08201980590820312
5641287500.0,	0.046222686767578125,	0.08526611328125
5641295625.0,	0.045665740966796875,	0.08381271362304688
5641303750.0,	0.046894073486328125,	0.0865325927734375
5641311875.0,	0.0466156005859375,	0.08472824096679688
5641320000.0,	0.04691314697265625,	0.08405685424804688
5641328125.0,	0.047145843505859375,	0.08258819580078125
5641336250.0,	0.048152923583984375,	0.08390045166015625
5641344375.0,	0.050144195556640625,	0.08281326293945312
5641352500.0,	0.046253204345703125,	0.08559036254882812
5641360625.0,	0.04666900634765625,	0.08296966552734375
5641368750.0,	0.046543121337890625,	0.08445358276367188
5641376875.0,	0.048274993896484375,	0.08494186401367188
5641385000.0,	0.048969268798828125,	0.08451080322265625
5641393125.0,	0.049442291259765625,	0.08388519287109375
5641401250.0,	0.050289154052734375,	0.08431625366210938
5641409375.0,	0.04807281494140625,	0.08443450927734375
5641417500.0,	0.048641204833984375,	0.08446121215820312
5641425625.0,	0.049007415771484375,	0.08547592163085938
5641433750.0,	0.048717498779296875,	0.08494186401367188
5641441875.0,	0.04801177978515625,	0.08510971069335938
5641450000.0,	0.047779083251953125,	0.08460617065429688
5641458125.0,	0.050312042236328125,	0.08403778076171875
5641466250.0,	0.04876708984375,	0.0865478515625
5641474375.0,	0.049091339111328125,	0.08332443237304688
5641482500.0,	0.048038482666015625,	0.08529281616210938
5641490625.0,	0.048553466796875,	0.08617019653320312
5641498750.0,	0.050884246826171875,	0.0857696533203125
5641506875.0,	0.050975799560546875,	0.08498001098632812
5641515000.0,	0.0498046875,	0.08560562133789062
5641523125.0,	0.04982757568359375,	0.08553314208984375
5641531250.0,	0.05086517333984375,	0.083526611328125
5641539375.0,	0.049823760986328125,	0.08535385131835938
5641547500.0,	0.049999237060546875,	0.08587646484375
5641555625.0,	0.0487213134765625,	0.08584976196289062
5641563750.0,	0.050930023193359375,	0.08375930786132812
5641571875.0,	0.05023193359375,	0.08765792846679688
5641580000.0,	0.05072784423828125,	0.08689498901367188
5641588125.0,	0.05120086669921875,	0.087890625
5641596250.0,	0.05036163330078125,	0.08481216430664062
5641604375.0,	0.051715850830078125,	0.08785629272460938
5641612500.0,	0.0497589111328125,	0.086639404296875
5641620625.0,	0.050689697265625,	0.08582687377929688
5641628750.0,	0.051944732666015625,	0.08565902709960938
5641636875.0,	0.04981231689453125,	0.08781051635742188
5641645000.0,	0.05107879638671875,	0.08706283569335938
5641653125.0,	0.053436279296875,	0.08600997924804688
5641661250.0,	0.0522918701171875,	0.08670806884765625
5641669375.0,	0.050624847412109375,	0.0857086181640625
5641677500.0,	0.05035400390625,	0.08858108520507812
5641685625.0,	0.05060577392578125,	0.08726882934570312
5641693750.0,	0.051784515380859375,	0.0881805419921875
5641701875.0,	0.05202484130859375,	0.08700942993164062
5641710000.0,	0.052608489990234375,	0.08702850341796875
5641718125.0,	0.052700042724609375,	0.08696746826171875
5641726250.0,	0.052791595458984375,	0.08917617797851562
5641734375.0,	0.052001953125,	0.08777618408203125
5641742500.0,	0.054561614990234375,	0.08629608154296875
5641750625.0,	0.055057525634765625,	0.08613967895507812
5641758750.0,	0.05052947998046875,	0.08959579467773438
5641766875.0,	0.05511474609375,	0.08639907836914062
5641775000.0,	0.054225921630859375,	0.0901641845703125
5641783125.0,	0.0540618896484375,	0.08893585205078125
5641791250.0,	0.050800323486328125,	0.08909988403320312
5641799375.0,	0.052478790283203125,	0.08656692504882812
5641807500.0,	0.052825927734375,	0.08684158325195312
5641815625.0,	0.05596160888671875,	0.08583831787109375
5641823750.0,	0.05309295654296875,	0.09009933471679688
5641831875.0,	0.053318023681640625,	0.08946990966796875
5641840000.0,	0.054965972900390625,	0.08869552612304688
5641848125.0,	0.0526123046875,	0.08715438842773438
5641856250.0,	0.054477691650390625,	0.087615966796875
5641864375.0,	0.053905487060546875,	0.08798980712890625
5641872500.0,	0.052555084228515625,	0.088775634765625
5641880625.0,	0.05298614501953125,	0.08762741088867188
5641888750.0,	0.0554656982421875,	0.08892440795898438
5641896875.0,	0.054012298583984375,	0.089263916015625
5641905000.0,	0.053516387939453125,	0.08883285522460938
5641913125.0,	0.053752899169921875,	0.08760452270507812
5641921250.0,	0.05300140380859375,	0.0901947021484375
5641929375.0,	0.05535888671875,	0.08910751342773438
5641937500.0,	0.054485321044921875,	0.08798599243164062
5641945625.0,	0.054798126220703125,	0.09057998657226562
5641953750.0,	0.05413055419921875,	0.0894775390625
5641961875.0,	0.0554656982421875,	0.08998489379882812
5641970000.0,	0.05374908447265625,	0.0887603759765625
5641978125.0,	0.053928375244140625,	0.08723068237304688
5641986250.0,	0.054931640625,	0.087799072265625
5641994375.0,	0.0546875,	0.08872222900390625
5642002500.0,	0.05638885498046875,	0.09017562866210938
5642010625.0,	0.054210662841796875,	0.089935302734375
5642018750.0,	0.0545501708984375,	0.089202880859375
5642026875.0,	0.057094573974609375,	0.0868988037109375
5642035000.0,	0.05617523193359375,	0.09048843383789062
5642043125.0,	0.055599212646484375,	0.0897369384765625
5642051250.0,	0.055843353271484375,	0.09093093872070312
5642059375.0,	0.0544586181640625,	0.08856201171875
5642067500.0,	0.0549163818359375,	0.08769989013671875
5642075625.0,	0.05570220947265625,	0.09009552001953125
5642083750.0,	0.057987213134765625,	0.09068679809570312
5642091875.0,	0.055660247802734375,	0.08887100219726562
5642100000.0,	0.05487060546875,	0.08870697021484375
5642108125.0,	0.056934356689453125,	0.0899505615234375
5642116250.0,	0.057422637939453125,	0.08965682983398438
5642124375.0,	0.055568695068359375,	0.0887603759765625
5642132500.0,	0.05712890625,	0.08941650390625
5642140625.0,	0.05628204345703125,	0.09021377563476562
5642148750.0,	0.054561614990234375,	0.09050750732421875
5642156875.0,	0.055561065673828125,	0.08870315551757812
5642165000.0,	0.055950164794921875,	0.09015655517578125
5642173125.0,	0.05715179443359375,	0.08924102783203125
5642181250.0,	0.0565948486328125,	0.0903472900390625
5642189375.0,	0.05573272705078125,	0.09172821044921875
5642197500.0,	0.057209014892578125,	0.08936691284179688
5642205625.0,	0.057689666748046875,	0.08861541748046875
5642213750.0,	0.05910491943359375,	0.09072494506835938
5642221875.0,	0.0542449951171875,	0.08787155151367188
5642230000.0,	0.057422637939453125,	0.08815383911132812
5642238125.0,	0.057712554931640625,	0.08761978149414062
5642246250.0,	0.058162689208984375,	0.09154891967773438
5642254375.0,	0.057834625244140625,	0.08989715576171875
5642262500.0,	0.0591583251953125,	0.08928680419921875
5642270625.0,	0.058162689208984375,	0.09235763549804688
5642278750.0,	0.058444976806640625,	0.08864974975585938
5642286875.0,	0.055389404296875,	0.09032058715820312
5642295000.0,	0.056514739990234375,	0.09006118774414062
5642303125.0,	0.058502197265625,	0.08963775634765625
5642311250.0,	0.056102752685546875,	0.0908660888671875
5642319375.0,	0.056644439697265625,	0.08833694458007812
5642327500.0,	0.056854248046875,	0.08975982666015625
5642335625.0,	0.05686187744140625,	0.0918731689453125
5642343750.0,	0.05759429931640625,	0.08786392211914062
5642351875.0,	0.05621337890625,	0.09173202514648438
5642360000.0,	0.057033538818359375,	0.0914154052734375
5642368125.0,	0.06050872802734375,	0.08958816528320312
5642376250.0,	0.057437896728515625,	0.09192657470703125
5642384375.0,	0.056507110595703125,	0.0894622802734375
5642392500.0,	0.057621002197265625,	0.09110260009765625
5642400625.0,	0.058521270751953125,	0.08934402465820312
5642408750.0,	0.05916595458984375,	0.09076309204101562
5642416875.0,	0.0583343505859375,	0.09007644653320312
5642425000.0,	0.059246063232421875,	0.09203338623046875
5642433125.0,	0.06005096435546875,	0.08922958374023438
5642441250.0,	0.05877685546875,	0.09103775024414062
5642449375.0,	0.05721282958984375,	0.0909271240234375
5642457500.0,	0.060031890869140625,	0.08971786499023438
5642465625.0,	0.0593109130859375,	0.08967971801757812
5642473750.0,	0.058917999267578125,	0.090484619140625
5642481875.0,	0.059085845947265625,	0.09086227416992188
5642490000.0,	0.05759429931640625,	0.0926971435546875
5642498125.0,	0.059299468994140625,	0.08877182006835938
5642506250.0,	0.059986114501953125,	0.09099197387695312
5642514375.0,	0.060543060302734375,	0.09160232543945312
5642522500.0,	0.06002044677734375,	0.0899810791015625
5642530625.0,	0.060394287109375,	0.09052658081054688
5642538750.0,	0.06087493896484375,	0.09251022338867188
5642546875.0,	0.059368133544921875,	0.09186553955078125
5642555000.0,	0.060756683349609375,	0.08935928344726562
5642563125.0,	0.0608367919921875,	0.09031295776367188
5642571250.0,	0.061153411865234375,	0.0902099609375
5642579375.0,	0.06005096435546875,	0.0912628173828125
5642587500.0,	0.061115264892578125,	0.09106826782226562
5642595625.0,	0.0610504150390625,	0.0916748046875
5642603750.0,	0.0606842041015625,	0.09248733520507812
5642611875.0,	0.060512542724609375,	0.09207534790039062
5642620000.0,	0.05910491943359375,	0.09128952026367188
5642628125.0,	0.0625457763671875,	0.091766357421875
5642636250.0,	0.0612945556640625,	0.09275436401367188
5642644375.0,	0.059978485107421875,	0.092315673828125
5642652500.0,	0.060581207275390625,	0.0917205810546875
5642660625.0,	0.060863494873046875,	0.09149169921875
5642668750.0,	0.058868408203125,	0.0916290283203125
5642676875.0,	0.0618133544921875,	0.09042739868164062
5642685000.0,	0.0607147216796875,	0.09069061279296875
5642693125.0,	0.061412811279296875,	0.092437744140625
5642701250.0,	0.06226348876953125,	0.09174728393554688
5642709375.0,	0.06031036376953125,	0.09243392944335938
5642717500.0,	0.06061553955078125,	0.09233474731445312
5642725625.0,	0.06147003173828125,	0.09160232543945312
5642733750.0,	0.0624542236328125,	0.09271621704101562
5642741875.0,	0.060333251953125,	0.09210205078125
5642750000.0,	0.061374664306640625,	0.0926513671875
5642758125.0,	0.062442779541015625,	0.09293365478515625
5642766250.0,	0.061767578125,	0.09133148193359375
5642774375.0,	0.061603546142578125,	0.0904388427734375
5642782500.0,	0.060810089111328125,	0.09173583984375
5642790625.0,	0.062068939208984375,	0.09093475341796875
5642798750.0,	0.06150054931640625,	0.09307098388671875
5642806875.0,	0.06170654296875,	0.09136962890625
5642815000.0,	0.06338119506835938,	0.09095382690429688
5642823125.0,	0.060817718505859375,	0.09257888793945312
5642831250.0,	0.061840057373046875,	0.09224700927734375
5642839375.0,	0.06031036376953125,	0.09115982055664062
5642847500.0,	0.061580657958984375,	0.09210205078125
5642855625.0,	0.06355667114257812,	0.09119033813476562
5642863750.0,	0.06290054321289062,	0.0918731689453125
5642871875.0,	0.06384658813476562,	0.09227371215820312
5642880000.0,	0.06227874755859375,	0.09381866455078125
5642888125.0,	0.06257247924804688,	0.09006118774414062
5642896250.0,	0.0615997314453125,	0.09331130981445312
5642904375.0,	0.06103515625,	0.0927276611328125
5642912500.0,	0.061733245849609375,	0.09055709838867188
5642920625.0,	0.06414794921875,	0.09266281127929688
5642928750.0,	0.06431198120117188,	0.09326171875
5642936875.0,	0.060649871826171875,	0.09130859375
5642945000.0,	0.06341552734375,	0.09130859375
5642953125.0,	0.06171417236328125,	0.09222030639648438
5642961250.0,	0.06311798095703125,	0.0919342041015625
5642969375.0,	0.06247711181640625,	0.09035491943359375
5642977500.0,	0.063812255859375,	0.091644287109375
5642985625.0,	0.061614990234375,	0.09163284301757812
5642993750.0,	0.06276321411132812,	0.09171676635742188
5643001875.0,	0.06583023071289062,	0.09222793579101562
5643010000.0,	0.06255340576171875,	0.08996200561523438
5643018125.0,	0.0640716552734375,	0.09285354614257812
5643026250.0,	0.06443405151367188,	0.09120559692382812
5643034375.0,	0.06447219848632812,	0.09202957153320312
5643042500.0,	0.06573486328125,	0.09199142456054688
5643050625.0,	0.06298065185546875,	0.09299850463867188
5643058750.0,	0.0623016357421875,	0.09199142456054688
5643066875.0,	0.06330108642578125,	0.09302520751953125
5643075000.0,	0.06394195556640625,	0.0917816162109375
5643083125.0,	0.0637664794921875,	0.09189224243164062
5643091250.0,	0.06467056274414062,	0.09302520751953125
5643099375.0,	0.06466293334960938,	0.09339141845703125
5643107500.0,	0.06392669677734375,	0.09080886840820312
5643115625.0,	0.06496429443359375,	0.09222793579101562
5643123750.0,	0.06447982788085938,	0.0936126708984375
5643131875.0,	0.06389617919921875,	0.09236907958984375
5643140000.0,	0.0639495849609375,	0.09078598022460938
5643148125.0,	0.06578826904296875,	0.09400177001953125
5643156250.0,	0.0631256103515625,	0.09231948852539062
5643164375.0,	0.06385040283203125,	0.09199142456054688
5643172500.0,	0.0639495849609375,	0.09296035766601562
5643180625.0,	0.06478118896484375,	0.09118270874023438
5643188750.0,	0.06505966186523438,	0.09272384643554688
5643196875.0,	0.06407928466796875,	0.09325408935546875
5643205000.0,	0.06497955322265625,	0.09246444702148438
5643213125.0,	0.0649566650390625,	0.0916595458984375
5643221250.0,	0.06659698486328125,	0.09320831298828125
5643229375.0,	0.06443405151367188,	0.09280014038085938
5643237500.0,	0.066986083984375,	0.09382247924804688
5643245625.0,	0.06444931030273438,	0.09207534790039062
5643253750.0,	0.06573486328125,	0.09431838989257812
5643261875.0,	0.06554794311523438,	0.09322357177734375
5643270000.0,	0.0652008056640625,	0.09526824951171875
5643278125.0,	0.06589508056640625,	0.09555816650390625
5643286250.0,	0.06555557250976562,	0.09183883666992188
5643294375.0,	0.06324386596679688,	0.09254837036132812
5643302500.0,	0.067474365234375,	0.09449005126953125
5643310625.0,	0.06631851196289062,	0.09404754638671875
5643318750.0,	0.06591415405273438,	0.09388351440429688
5643326875.0,	0.06580734252929688,	0.0911102294921875
5643335000.0,	0.06587600708007812,	0.09250640869140625
5643343125.0,	0.06465530395507812,	0.0919952392578125
5643351250.0,	0.06688690185546875,	0.09549713134765625
5643359375.0,	0.06624984741210938,	0.09165191650390625
5643367500.0,	0.0661468505859375,	0.091827392578125
5643375625.0,	0.06612014770507812,	0.09256744384765625
5643383750.0,	0.0654144287109375,	0.094329833984375
5643391875.0,	0.06359481811523438,	0.09131622314453125
5643400000.0,	0.06438064575195312,	0.09360885620117188
5643408125.0,	0.06622314453125,	0.09272384643554688
5643416250.0,	0.06769561767578125,	0.09178543090820312
5643424375.0,	0.0667572021484375,	0.09275436401367188
5643432500.0,	0.06634521484375,	0.0929718017578125
5643440625.0,	0.06666183471679688,	0.09176254272460938
5643448750.0,	0.06732940673828125,	0.09246063232421875
5643456875.0,	0.06488418579101562,	0.09232330322265625
5643465000.0,	0.06668472290039062,	0.095733642578125
5643473125.0,	0.06541824340820312,	0.0920562744140625
5643481250.0,	0.06732940673828125,	0.09319305419921875
5643489375.0,	0.06847763061523438,	0.09140777587890625
5643497500.0,	0.06824493408203125,	0.09062957763671875
5643505625.0,	0.0668792724609375,	0.09253692626953125
5643513750.0,	0.06362533569335938,	0.09399032592773438
5643521875.0,	0.06581878662109375,	0.09197998046875
5643530000.0,	0.0670013427734375,	0.09326553344726562
5643538125.0,	0.06549072265625,	0.09209442138671875
5643546250.0,	0.06662368774414062,	0.09220504760742188
5643554375.0,	0.0661773681640625,	0.09206771850585938
5643562500.0,	0.06641006469726562,	0.0920867919921875
5643570625.0,	0.06584548950195312,	0.09206390380859375
5643578750.0,	0.06610107421875,	0.09493255615234375
5643586875.0,	0.06754684448242188,	0.09268951416015625
5643595000.0,	0.06856536865234375,	0.09269332885742188
5643603125.0,	0.06796646118164062,	0.09389114379882812
5643611250.0,	0.06802749633789062,	0.09108352661132812
5643619375.0,	0.06885528564453125,	0.09325790405273438
5643627500.0,	0.06553268432617188,	0.09224319458007812
5643635625.0,	0.06808853149414062,	0.0941162109375
5643643750.0,	0.0688018798828125,	0.093414306640625
5643651875.0,	0.0681610107421875,	0.09446334838867188
5643660000.0,	0.06857681274414062,	0.09292984008789062
5643668125.0,	0.06698989868164062,	0.09395980834960938
5643676250.0,	0.0679168701171875,	0.09228134155273438
5643684375.0,	0.06768035888671875,	0.09331130981445312
5643692500.0,	0.0681610107421875,	0.09212112426757812
5643700625.0,	0.06838607788085938,	0.09495162963867188
5643708750.0,	0.06725311279296875,	0.09326171875
5643716875.0,	0.0680389404296875,	0.09020614624023438
5643725000.0,	0.0695343017578125,	0.09435272216796875
5643733125.0,	0.0685577392578125,	0.09276962280273438
5643741250.0,	0.06644058227539062,	0.09489822387695312
5643749375.0,	0.06758499145507812,	0.09171295166015625
5643757500.0,	0.06914138793945312,	0.09527206420898438
5643765625.0,	0.06778335571289062,	0.0938873291015625
5643773750.0,	0.06797027587890625,	0.09388351440429688
5643781875.0,	0.0674896240234375,	0.09355545043945312
5643790000.0,	0.06882476806640625,	0.09525680541992188
5643798125.0,	0.07047653198242188,	0.0958709716796875
5643806250.0,	0.06896209716796875,	0.09540176391601562
5643814375.0,	0.06842422485351562,	0.09302139282226562
5643822500.0,	0.06865692138671875,	0.09241867065429688
5643830625.0,	0.06626510620117188,	0.09174346923828125
5643838750.0,	0.06766891479492188,	0.09310531616210938
5643846875.0,	0.07038497924804688,	0.0923614501953125
5643855000.0,	0.06880950927734375,	0.09444808959960938
5643863125.0,	0.06816864013671875,	0.09384536743164062
5643871250.0,	0.06787109375,	0.09658432006835938
5643879375.0,	0.06928634643554688,	0.09290313720703125
5643887500.0,	0.06523895263671875,	0.09385299682617188
5643895625.0,	0.06629562377929688,	0.09338760375976562
5643903750.0,	0.0666656494140625,	0.09430694580078125
5643911875.0,	0.06725692749023438,	0.09206008911132812
5643920000.0,	0.06807708740234375,	0.09265518188476562
5643928125.0,	0.06891250610351562,	0.09212493896484375
5643936250.0,	0.06955718994140625,	0.0942230224609375
5643944375.0,	0.06615066528320312,	0.09217071533203125
5643952500.0,	0.06904983520507812,	0.09447097778320312
5643960625.0,	0.06772232055664062,	0.09440231323242188
5643968750.0,	0.06867218017578125,	0.0928497314453125
5643976875.0,	0.06709671020507812,	0.09359359741210938
5643985000.0,	0.06897735595703125,	0.09292984008789062
5643993125.0,	0.07001495361328125,	0.09454345703125
5644001250.0,	0.06887054443359375,	0.09421157836914062
5644009375.0,	0.07038116455078125,	0.0933685302734375
5644017500.0,	0.06776046752929688,	0.09387969970703125
5644025625.0,	0.069915771484375,	0.09371566772460938
5644033750.0,	0.06975936889648438,	0.09466552734375
5644041875.0,	0.06853866577148438,	0.09296035766601562
5644050000.0,	0.06975936889648438,	0.09378814697265625
5644058125.0,	0.06877899169921875,	0.09417343139648438
5644066250.0,	0.07037353515625,	0.095184326171875
5644074375.0,	0.07058334350585938,	0.09263992309570312
5644082500.0,	0.06951522827148438,	0.09158706665039062
5644090625.0,	0.07067108154296875,	0.093231201171875
5644098750.0,	0.07010269165039062,	0.09331512451171875
5644106875.0,	0.0699615478515625,	0.0946044921875
5644115000.0,	0.06903457641601562,	0.09658050537109375
5644123125.0,	0.07184982299804688,	0.09230422973632812
5644131250.0,	0.07049942016601562,	0.09393310546875
5644139375.0,	0.0693206787109375,	0.09533309936523438
5644147500.0,	0.06914138793945312,	0.09311676025390625
5644155625.0,	0.06966018676757812,	0.09335708618164062
5644163750.0,	0.06928253173828125,	0.09239959716796875
5644171875.0,	0.06928253173828125,	0.09334564208984375
5644180000.0,	0.07006072998046875,	0.09353256225585938
5644188125.0,	0.06958770751953125,	0.09332656860351562
5644196250.0,	0.06957626342773438,	0.09533309936523438
5644204375.0,	0.07020950317382812,	0.09251785278320312
5644212500.0,	0.06844711303710938,	0.09320831298828125
5644220625.0,	0.0700836181640625,	0.09466171264648438
5644228750.0,	0.07143402099609375,	0.0939788818359375
5644236875.0,	0.07004547119140625,	0.0936737060546875
5644245000.0,	0.06972503662109375,	0.09301376342773438
5644253125.0,	0.07036209106445312,	0.094268798828125
5644261250.0,	0.06921005249023438,	0.09341049194335938
5644269375.0,	0.06788253784179688,	0.09325408935546875
5644277500.0,	0.07184982299804688,	0.09344863891601562
5644285625.0,	0.07199478149414062,	0.09401702880859375
5644293750.0,	0.07045364379882812,	0.093963623046875
5644301875.0,	0.07222366333007812,	0.09313583374023438
5644310000.0,	0.0706329345703125,	0.09323883056640625
5644318125.0,	0.07210159301757812,	0.09305953979492188
5644326250.0,	0.07031631469726562,	0.0948028564453125
5644334375.0,	0.0694427490234375,	0.09452056884765625
5644342500.0,	0.06827545166015625,	0.09209060668945312
5644350625.0,	0.07232284545898438,	0.09315872192382812
5644358750.0,	0.07038497924804688,	0.0942840576171875
5644366875.0,	0.07258224487304688,	0.09580230712890625
5644375000.0,	0.07185745239257812,	0.09466934204101562
5644383125.0,	0.07166290283203125,	0.09381484985351562
5644391250.0,	0.07088851928710938,	0.09175872802734375
5644399375.0,	0.07136154174804688,	0.09451675415039062
5644407500.0,	0.072540283203125,	0.09602737426757812
5644415625.0,	0.07056427001953125,	0.09334182739257812
5644423750.0,	0.07070541381835938,	0.09171295166015625
5644431875.0,	0.07024383544921875,	0.0953826904296875
5644440000.0,	0.0710906982421875,	0.09313583374023438
5644448125.0,	0.07001495361328125,	0.09717559814453125
5644456250.0,	0.07184600830078125,	0.09241867065429688
5644464375.0,	0.07147979736328125,	0.0923614501953125
5644472500.0,	0.07230758666992188,	0.09241867065429688
5644480625.0,	0.07025909423828125,	0.09529876708984375
5644488750.0,	0.07180404663085938,	0.09448623657226562
5644496875.0,	0.069183349609375,	0.09548568725585938
5644505000.0,	0.07307815551757812,	0.09341049194335938
5644513125.0,	0.07082748413085938,	0.0933074951171875
5644521250.0,	0.07149124145507812,	0.09355545043945312
5644529375.0,	0.07235336303710938,	0.09418869018554688
5644537500.0,	0.07086563110351562,	0.09282684326171875
5644545625.0,	0.07312774658203125,	0.09470748901367188
5644553750.0,	0.07051849365234375,	0.09348297119140625
5644561875.0,	0.07421112060546875,	0.09407424926757812
5644570000.0,	0.07119369506835938,	0.09445571899414062
5644578125.0,	0.07200241088867188,	0.09296798706054688
5644586250.0,	0.070892333984375,	0.09356307983398438
5644594375.0,	0.07216644287109375,	0.09270095825195312
5644602500.0,	0.07233428955078125,	0.09515762329101562
5644610625.0,	0.06994247436523438,	0.0939788818359375
5644618750.0,	0.07083511352539062,	0.09125518798828125
5644626875.0,	0.07334518432617188,	0.09337234497070312
5644635000.0,	0.07287979125976562,	0.0922698974609375
5644643125.0,	0.07061004638671875,	0.09447479248046875
5644651250.0,	0.07127761840820312,	0.09294891357421875
5644659375.0,	0.07228469848632812,	0.095428466796875
5644667500.0,	0.07332229614257812,	0.09446334838867188
5644675625.0,	0.07133102416992188,	0.09470748901367188
5644683750.0,	0.07152557373046875,	0.09405136108398438
5644691875.0,	0.07202529907226562,	0.09304428100585938
5644700000.0,	0.0730743408203125,	0.09440994262695312
5644708125.0,	0.07372665405273438,	0.09366226196289062
5644716250.0,	0.07283782958984375,	0.0936737060546875
5644724375.0,	0.0723419189453125,	0.09210968017578125
5644732500.0,	0.072540283203125,	0.09450149536132812
5644740625.0,	0.07297134399414062,	0.09393310546875
5644748750.0,	0.07183074951171875,	0.09482574462890625
5644756875.0,	0.07213592529296875,	0.09563827514648438
5644765000.0,	0.07314682006835938,	0.09596633911132812
5644773125.0,	0.07342147827148438,	0.09482192993164062
5644781250.0,	0.07082366943359375,	0.0931854248046875
5644789375.0,	0.072052001953125,	0.09207534790039062
5644797500.0,	0.07220840454101562,	0.09418487548828125
5644805625.0,	0.0723876953125,	0.09228897094726562
5644813750.0,	0.0729827880859375,	0.09519577026367188
5644821875.0,	0.07220458984375,	0.093109130859375
5644830000.0,	0.07291793823242188,	0.09342575073242188
5644838125.0,	0.07244491577148438,	0.09220123291015625
5644846250.0,	0.07247161865234375,	0.09307861328125
5644854375.0,	0.07494735717773438,	0.09334564208984375
5644862500.0,	0.0735321044921875,	0.09304428100585938
5644870625.0,	0.07375335693359375,	0.09316253662109375
5644878750.0,	0.0732269287109375,	0.09252548217773438
5644886875.0,	0.07262039184570312,	0.09475326538085938
5644895000.0,	0.07445144653320312,	0.09597396850585938
5644903125.0,	0.0745697021484375,	0.09259033203125
5644911250.0,	0.07481002807617188,	0.0933380126953125
5644919375.0,	0.07271575927734375,	0.0930023193359375
5644927500.0,	0.0719757080078125,	0.09316253662109375
5644935625.0,	0.07355499267578125,	0.09502410888671875
5644943750.0,	0.07125473022460938,	0.09566497802734375
5644951875.0,	0.0720672607421875,	0.0944061279296875
5644960000.0,	0.07468032836914062,	0.09373092651367188
5644968125.0,	0.07220077514648438,	0.09168243408203125
5644976250.0,	0.07420730590820312,	0.09383392333984375
5644984375.0,	0.07318115234375,	0.09173583984375
5644992500.0,	0.07526779174804688,	0.09278488159179688
5645000625.0,	0.07305145263671875,	0.09366607666015625
5645008750.0,	0.07416534423828125,	0.09329605102539062
5645016875.0,	0.074432373046875,	0.09420394897460938
5645025000.0,	0.07507705688476562,	0.09490203857421875
5645033125.0,	0.07482528686523438,	0.09452438354492188
5645041250.0,	0.07480239868164062,	0.09331130981445312
5645049375.0,	0.07210922241210938,	0.0939483642578125
5645057500.0,	0.07220840454101562,	0.09320449829101562
5645065625.0,	0.073272705078125,	0.09364700317382812
5645073750.0,	0.07258224487304688,	0.09252166748046875
5645081875.0,	0.07504653930664062,	0.09373855590820312
5645090000.0,	0.07564163208007812,	0.09437942504882812
5645098125.0,	0.07282638549804688,	0.09317398071289062
5645106250.0,	0.07522201538085938,	0.09404754638671875
5645114375.0,	0.06983566284179688,	0.09454345703125
5645122500.0,	0.07538986206054688,	0.09452438354492188
5645130625.0,	0.0718536376953125,	0.09489059448242188
5645138750.0,	0.07407760620117188,	0.09214019775390625
5645146875.0,	0.07431793212890625,	0.0941619873046875
5645155000.0,	0.07353973388671875,	0.09490966796875
5645163125.0,	0.07239151000976562,	0.09404754638671875
5645171250.0,	0.0745697021484375,	0.09458541870117188
5645179375.0,	0.07349014282226562,	0.0934906005859375
5645187500.0,	0.07494354248046875,	0.0935516357421875
5645195625.0,	0.07431793212890625,	0.0936126708984375
5645203750.0,	0.07506179809570312,	0.09275436401367188
5645211875.0,	0.0735626220703125,	0.09319305419921875
5645220000.0,	0.07390213012695312,	0.09180450439453125
5645228125.0,	0.074066162109375,	0.09267807006835938
5645236250.0,	0.073883056640625,	0.09642791748046875
5645244375.0,	0.07429122924804688,	0.09332656860351562
5645252500.0,	0.07466506958007812,	0.092559814453125
5645260625.0,	0.07386398315429688,	0.09263992309570312
5645268750.0,	0.07472610473632812,	0.092620849609375
5645276875.0,	0.07358932495117188,	0.09444427490234375
5645285000.0,	0.07482528686523438,	0.09329605102539062
5645293125.0,	0.07386016845703125,	0.09486770629882812
5645301250.0,	0.07513427734375,	0.09495162963867188
5645309375.0,	0.07490158081054688,	0.09238815307617188
5645317500.0,	0.0749359130859375,	0.09325790405273438
5645325625.0,	0.07559585571289062,	0.09189987182617188
5645333750.0,	0.0752410888671875,	0.09316635131835938
5645341875.0,	0.07439422607421875,	0.09428024291992188
5645350000.0,	0.07363510131835938,	0.09421920776367188
5645358125.0,	0.07168960571289062,	0.09503555297851562
5645366250.0,	0.07422637939453125,	0.0930633544921875
5645374375.0,	0.0745697021484375,	0.092987060546875
5645382500.0,	0.07434844970703125,	0.09279251098632812
5645390625.0,	0.07392501831054688,	0.09366607666015625
5645398750.0,	0.07331085205078125,	0.09294509887695312
5645406875.0,	0.07543182373046875,	0.09119415283203125
5645415000.0,	0.0747222900390625,	0.09362030029296875
5645423125.0,	0.073638916015625,	0.09447479248046875
5645431250.0,	0.07741546630859375,	0.09381866455078125
5645439375.0,	0.0760345458984375,	0.094024658203125
5645447500.0,	0.07509231567382812,	0.09505081176757812
5645455625.0,	0.0744781494140625,	0.09721755981445312
5645463750.0,	0.07409286499023438,	0.09382247924804688
5645471875.0,	0.07459259033203125,	0.09439849853515625
5645480000.0,	0.0768890380859375,	0.0938720703125
5645488125.0,	0.07682418823242188,	0.095550537109375
5645496250.0,	0.07445144653320312,	0.09203338623046875
5645504375.0,	0.07673263549804688,	0.09164047241210938
5645512500.0,	0.075286865234375,	0.09349822998046875
5645520625.0,	0.07487869262695312,	0.09329986572265625
5645528750.0,	0.07580947875976562,	0.093109130859375
5645536875.0,	0.07644271850585938,	0.0952301025390625
5645545000.0,	0.0758819580078125,	0.09478378295898438
5645553125.0,	0.0747833251953125,	0.09214019775390625
5645561250.0,	0.07521438598632812,	0.0930328369140625
5645569375.0,	0.07431411743164062,	0.09421157836914062
5645577500.0,	0.07517242431640625,	0.094635009765625
5645585625.0,	0.07529830932617188,	0.0944976806640625
5645593750.0,	0.07267379760742188,	0.09329986572265625
5645601875.0,	0.074951171875,	0.09296417236328125
5645610000.0,	0.076263427734375,	0.09410476684570312
5645618125.0,	0.076019287109375,	0.093536376953125
5645626250.0,	0.07594680786132812,	0.09154891967773438
5645634375.0,	0.07703781127929688,	0.09335708618164062
5645642500.0,	0.0739288330078125,	0.09253692626953125
5645650625.0,	0.076507568359375,	0.09482192993164062
5645658750.0,	0.07381820678710938,	0.09255218505859375
5645666875.0,	0.0775604248046875,	0.09399032592773438
5645675000.0,	0.07462310791015625,	0.0935821533203125
5645683125.0,	0.07647323608398438,	0.09444427490234375
5645691250.0,	0.07621383666992188,	0.09255218505859375
5645699375.0,	0.07538604736328125,	0.0936737060546875
5645707500.0,	0.07610321044921875,	0.09340667724609375
5645715625.0,	0.07534027099609375,	0.09479522705078125
5645723750.0,	0.07513809204101562,	0.0935211181640625
5645731875.0,	0.07652664184570312,	0.0941619873046875
5645740000.0,	0.07541275024414062,	0.09067916870117188
5645748125.0,	0.07422637939453125,	0.09481430053710938
5645756250.0,	0.07641983032226562,	0.09261703491210938
5645764375.0,	0.07463836669921875,	0.09368896484375
5645772500.0,	0.077301025390625,	0.09260177612304688
5645780625.0,	0.07561874389648438,	0.09302139282226562
5645788750.0,	0.0754547119140625,	0.093109130859375
5645796875.0,	0.0755157470703125,	0.09377288818359375
5645805000.0,	0.07518386840820312,	0.09225845336914062
5645813125.0,	0.07575225830078125,	0.09357833862304688
5645821250.0,	0.0757293701171875,	0.09386062622070312
5645829375.0,	0.07521438598632812,	0.0902557373046875
5645837500.0,	0.07576751708984375,	0.09455490112304688
5645845625.0,	0.07648468017578125,	0.09429550170898438
5645853750.0,	0.07807159423828125,	0.09491729736328125
5645861875.0,	0.076873779296875,	0.09401702880859375
5645870000.0,	0.07658767700195312,	0.0930633544921875
5645878125.0,	0.07613372802734375,	0.09338760375976562
5645886250.0,	0.07550811767578125,	0.09366226196289062
5645894375.0,	0.07631683349609375,	0.09408187866210938
5645902500.0,	0.07785415649414062,	0.0933837890625
5645910625.0,	0.07626724243164062,	0.094696044921875
5645918750.0,	0.07822418212890625,	0.09428024291992188
5645926875.0,	0.0774383544921875,	0.09549331665039062
5645935000.0,	0.07770538330078125,	0.0910797119140625
5645943125.0,	0.07524490356445312,	0.09210205078125
5645951250.0,	0.07673263549804688,	0.09259033203125
5645959375.0,	0.076416015625,	0.0941162109375
5645967500.0,	0.075714111328125,	0.09146881103515625
5645975625.0,	0.0768280029296875,	0.09340286254882812
5645983750.0,	0.0763702392578125,	0.09506988525390625
5645991875.0,	0.07486343383789062,	0.09395980834960938
5646000000.0,	0.07727813720703125,	0.09463119506835938
