5865008125.0,	0.11234664916992188,	0.08721542358398438
5865016250.0,	0.11267852783203125,	0.08893585205078125
5865024375.0,	0.11550140380859375,	0.08631134033203125
5865032500.0,	0.11647796630859375,	0.08745574951171875
5865040625.0,	0.11532974243164062,	0.088165283203125
5865048750.0,	0.1148529052734375,	0.08737564086914062
5865056875.0,	0.11768722534179688,	0.088714599609375
5865065000.0,	0.115631103515625,	0.0859832763671875
5865073125.0,	0.113067626953125,	0.087188720703125
5865081250.0,	0.11540985107421875,	0.087158203125
5865089375.0,	0.115081787109375,	0.08455657958984375
5865097500.0,	0.11451339721679688,	0.08599472045898438
5865105625.0,	0.11455535888671875,	0.0863494873046875
5865113750.0,	0.11451339721679688,	0.08834457397460938
5865121875.0,	0.11525726318359375,	0.08578109741210938
5865130000.0,	0.11624908447265625,	0.08698654174804688
5865138125.0,	0.11600875854492188,	0.08551025390625
5865146250.0,	0.11536026000976562,	0.08626174926757812
5865154375.0,	0.11651992797851562,	0.087493896484375
5865162500.0,	0.11478805541992188,	0.08617019653320312
5865170625.0,	0.11648941040039062,	0.08396148681640625
5865178750.0,	0.11706161499023438,	0.08339691162109375
5865186875.0,	0.11553573608398438,	0.08661270141601562
5865195000.0,	0.11677932739257812,	0.08785247802734375
5865203125.0,	0.1168670654296875,	0.08534622192382812
5865211250.0,	0.11484909057617188,	0.08565902709960938
5865219375.0,	0.11672210693359375,	0.08563995361328125
5865227500.0,	0.11830520629882812,	0.08695602416992188
5865235625.0,	0.1158294677734375,	0.08476638793945312
5865243750.0,	0.11594390869140625,	0.08460617065429688
5865251875.0,	0.11504745483398438,	0.08433151245117188
5865260000.0,	0.115966796875,	0.0847625732421875
5865268125.0,	0.11578369140625,	0.08544158935546875
5865276250.0,	0.11444473266601562,	0.0875701904296875
5865284375.0,	0.11705780029296875,	0.08582687377929688
5865292500.0,	0.11704254150390625,	0.0854339599609375
5865300625.0,	0.11527252197265625,	0.08520126342773438
5865308750.0,	0.11716461181640625,	0.08470916748046875
5865316875.0,	0.11655807495117188,	0.08569717407226562
5865325000.0,	0.11839675903320312,	0.08476638793945312
5865333125.0,	0.11754608154296875,	0.08712387084960938
5865341250.0,	0.11577606201171875,	0.0849456787109375
5865349375.0,	0.11732864379882812,	0.08380508422851562
5865357500.0,	0.11624908447265625,	0.08516311645507812
5865365625.0,	0.11783981323242188,	0.08386993408203125
5865373750.0,	0.11846542358398438,	0.085235595703125
5865381875.0,	0.1189727783203125,	0.08612442016601562
5865390000.0,	0.11890411376953125,	0.08526229858398438
5865398125.0,	0.11965179443359375,	0.08483123779296875
5865406250.0,	0.11634445190429688,	0.08617019653320312
5865414375.0,	0.11816024780273438,	0.08483123779296875
5865422500.0,	0.11713409423828125,	0.08543777465820312
5865430625.0,	0.11652755737304688,	0.08329010009765625
5865438750.0,	0.11754608154296875,	0.0833740234375
5865446875.0,	0.11782073974609375,	0.08417129516601562
5865455000.0,	0.11615753173828125,	0.08396148681640625
5865463125.0,	0.12039566040039062,	0.08426284790039062
5865471250.0,	0.1171722412109375,	0.08480072021484375
5865479375.0,	0.11835861206054688,	0.08301162719726562
5865487500.0,	0.11719131469726562,	0.08436203002929688
5865495625.0,	0.11820220947265625,	0.08271026611328125
5865503750.0,	0.11901473999023438,	0.08329391479492188
5865511875.0,	0.11891937255859375,	0.08086013793945312
5865520000.0,	0.11623001098632812,	0.08340072631835938
5865528125.0,	0.1185302734375,	0.08320236206054688
5865536250.0,	0.11810302734375,	0.08305740356445312
5865544375.0,	0.11864852905273438,	0.08289718627929688
5865552500.0,	0.11792373657226562,	0.08440780639648438
5865560625.0,	0.1166839599609375,	0.08333206176757812
5865568750.0,	0.1161346435546875,	0.0822906494140625
5865576875.0,	0.11913299560546875,	0.08343124389648438
5865585000.0,	0.11956787109375,	0.08407211303710938
5865593125.0,	0.11914443969726562,	0.08267974853515625
5865601250.0,	0.11732101440429688,	0.08324432373046875
5865609375.0,	0.11869049072265625,	0.08272933959960938
5865617500.0,	0.11859893798828125,	0.08210372924804688
5865625625.0,	0.11674880981445312,	0.08226776123046875
5865633750.0,	0.11933517456054688,	0.0835418701171875
5865641875.0,	0.11709976196289062,	0.08319091796875
5865650000.0,	0.118621826171875,	0.08353805541992188
5865658125.0,	0.11627960205078125,	0.08187103271484375
5865666250.0,	0.11917495727539062,	0.08195114135742188
5865674375.0,	0.11859130859375,	0.08420562744140625
5865682500.0,	0.11956405639648438,	0.08004379272460938
5865690625.0,	0.11732864379882812,	0.08123016357421875
5865698750.0,	0.11973190307617188,	0.0818023681640625
5865706875.0,	0.11867141723632812,	0.08170700073242188
5865715000.0,	0.11734771728515625,	0.08096694946289062
5865723125.0,	0.118896484375,	0.0819854736328125
5865731250.0,	0.11919784545898438,	0.08213424682617188
5865739375.0,	0.11997222900390625,	0.080841064453125
5865747500.0,	0.119354248046875,	0.08151626586914062
5865755625.0,	0.11825942993164062,	0.08183670043945312
5865763750.0,	0.11836624145507812,	0.08174896240234375
5865771875.0,	0.11796188354492188,	0.08151626586914062
5865780000.0,	0.12051773071289062,	0.07999801635742188
5865788125.0,	0.12099456787109375,	0.08153915405273438
5865796250.0,	0.12015151977539062,	0.08353424072265625
5865804375.0,	0.12021636962890625,	0.08317947387695312
5865812500.0,	0.11937332153320312,	0.08076095581054688
5865820625.0,	0.11951065063476562,	0.0814208984375
5865828750.0,	0.12109375,	0.08269500732421875
5865836875.0,	0.11979293823242188,	0.08275604248046875
5865845000.0,	0.12012481689453125,	0.0789794921875
5865853125.0,	0.11993026733398438,	0.0807647705078125
5865861250.0,	0.1200408935546875,	0.08090591430664062
5865869375.0,	0.1194305419921875,	0.08068466186523438
5865877500.0,	0.1195220947265625,	0.08065414428710938
5865885625.0,	0.11998748779296875,	0.08182525634765625
5865893750.0,	0.11858367919921875,	0.07985305786132812
5865901875.0,	0.12044906616210938,	0.07954788208007812
5865910000.0,	0.120330810546875,	0.079803466796875
5865918125.0,	0.1196136474609375,	0.08044052124023438
5865926250.0,	0.12081146240234375,	0.08189010620117188
5865934375.0,	0.12079238891601562,	0.0795135498046875
5865942500.0,	0.12017440795898438,	0.08067703247070312
5865950625.0,	0.12173080444335938,	0.07928085327148438
5865958750.0,	0.12216567993164062,	0.07997512817382812
5865966875.0,	0.121734619140625,	0.07840728759765625
5865975000.0,	0.12139129638671875,	0.08087539672851562
5865983125.0,	0.12245559692382812,	0.07886123657226562
5865991250.0,	0.12119293212890625,	0.07998275756835938
5865999375.0,	0.12134170532226562,	0.07909011840820312
5866007500.0,	0.12131500244140625,	0.07879638671875
5866015625.0,	0.12215805053710938,	0.0789337158203125
5866023750.0,	0.122222900390625,	0.07958984375
5866031875.0,	0.12263870239257812,	0.0802154541015625
5866040000.0,	0.12374496459960938,	0.07868194580078125
5866048125.0,	0.12213134765625,	0.07763671875
5866056250.0,	0.12253952026367188,	0.07922744750976562
5866064375.0,	0.12206649780273438,	0.08013153076171875
5866072500.0,	0.12168502807617188,	0.07907867431640625
5866080625.0,	0.12400436401367188,	0.07759475708007812
5866088750.0,	0.1220703125,	0.07864761352539062
5866096875.0,	0.12410354614257812,	0.07756805419921875
5866105000.0,	0.12181472778320312,	0.0777740478515625
5866113125.0,	0.1219482421875,	0.075927734375
5866121250.0,	0.12115478515625,	0.07863235473632812
5866129375.0,	0.12189865112304688,	0.07740020751953125
5866137500.0,	0.12174606323242188,	0.07806015014648438
5866145625.0,	0.12286758422851562,	0.07594680786132812
5866153750.0,	0.1234283447265625,	0.07712173461914062
5866161875.0,	0.122528076171875,	0.07709121704101562
5866170000.0,	0.12385177612304688,	0.07651519775390625
5866178125.0,	0.12310791015625,	0.0783843994140625
5866186250.0,	0.12298965454101562,	0.07595443725585938
5866194375.0,	0.12206649780273438,	0.0775604248046875
5866202500.0,	0.12470626831054688,	0.07499313354492188
5866210625.0,	0.1233367919921875,	0.07720565795898438
5866218750.0,	0.12300872802734375,	0.07961273193359375
5866226875.0,	0.12374114990234375,	0.0772857666015625
5866235000.0,	0.12318038940429688,	0.078369140625
5866243125.0,	0.12379074096679688,	0.07573318481445312
5866251250.0,	0.1229400634765625,	0.07573699951171875
5866259375.0,	0.12406539916992188,	0.0743865966796875
5866267500.0,	0.12197113037109375,	0.07670974731445312
5866275625.0,	0.12214279174804688,	0.0752716064453125
5866283750.0,	0.12624359130859375,	0.07525634765625
5866291875.0,	0.12326812744140625,	0.0742950439453125
5866300000.0,	0.1219024658203125,	0.07651138305664062
5866308125.0,	0.12377548217773438,	0.0766754150390625
5866316250.0,	0.12454605102539062,	0.07480621337890625
5866324375.0,	0.12458419799804688,	0.0753326416015625
5866332500.0,	0.12471771240234375,	0.0737152099609375
5866340625.0,	0.12467193603515625,	0.0737152099609375
5866348750.0,	0.12537384033203125,	0.07453155517578125
5866356875.0,	0.12636566162109375,	0.07634735107421875
5866365000.0,	0.12291336059570312,	0.07477569580078125
5866373125.0,	0.12314987182617188,	0.07472991943359375
5866381250.0,	0.12279510498046875,	0.0748291015625
5866389375.0,	0.12487411499023438,	0.07318878173828125
5866397500.0,	0.12334823608398438,	0.07477569580078125
5866405625.0,	0.12435531616210938,	0.07254791259765625
5866413750.0,	0.12342071533203125,	0.07342147827148438
5866421875.0,	0.121002197265625,	0.0742034912109375
5866430000.0,	0.12440872192382812,	0.07505035400390625
5866438125.0,	0.12437057495117188,	0.07256317138671875
5866446250.0,	0.12356948852539062,	0.073394775390625
5866454375.0,	0.12417221069335938,	0.07342910766601562
5866462500.0,	0.12469863891601562,	0.07412338256835938
5866470625.0,	0.1249542236328125,	0.07318878173828125
5866478750.0,	0.12498092651367188,	0.072052001953125
5866486875.0,	0.125396728515625,	0.07353973388671875
5866495000.0,	0.12714385986328125,	0.07146453857421875
5866503125.0,	0.12346267700195312,	0.07149505615234375
5866511250.0,	0.12708282470703125,	0.0721435546875
5866519375.0,	0.12311935424804688,	0.0722503662109375
5866527500.0,	0.12657928466796875,	0.0725555419921875
5866535625.0,	0.124725341796875,	0.07030487060546875
5866543750.0,	0.12528228759765625,	0.07332611083984375
5866551875.0,	0.1241302490234375,	0.0731353759765625
5866560000.0,	0.12577056884765625,	0.0736236572265625
5866568125.0,	0.126739501953125,	0.0717620849609375
5866576250.0,	0.1295013427734375,	0.07273101806640625
5866584375.0,	0.125091552734375,	0.0731964111328125
5866592500.0,	0.12563323974609375,	0.0726470947265625
5866600625.0,	0.12831878662109375,	0.0708770751953125
5866608750.0,	0.12564849853515625,	0.069976806640625
5866616875.0,	0.12848663330078125,	0.06964111328125
5866625000.0,	0.1255035400390625,	0.07147216796875
5866633125.0,	0.125213623046875,	0.071563720703125
5866641250.0,	0.12644195556640625,	0.06993865966796875
5866649375.0,	0.12572479248046875,	0.07111358642578125
5866657500.0,	0.12633514404296875,	0.070068359375
5866665625.0,	0.12613677978515625,	0.06961822509765625
5866673750.0,	0.12706756591796875,	0.07105255126953125
5866681875.0,	0.12413406372070312,	0.0711212158203125
5866690000.0,	0.12596893310546875,	0.0696868896484375
5866698125.0,	0.12859344482421875,	0.0685272216796875
5866706250.0,	0.1261444091796875,	0.06829071044921875
5866714375.0,	0.126495361328125,	0.06990814208984375
5866722500.0,	0.1258392333984375,	0.07076263427734375
5866730625.0,	0.12766265869140625,	0.06914520263671875
5866738750.0,	0.1266021728515625,	0.068450927734375
5866746875.0,	0.1264801025390625,	0.0662384033203125
5866755000.0,	0.128021240234375,	0.06887054443359375
5866763125.0,	0.12668609619140625,	0.068817138671875
5866771250.0,	0.1263275146484375,	0.06684112548828125
5866779375.0,	0.127410888671875,	0.06876373291015625
5866787500.0,	0.1266021728515625,	0.06584930419921875
5866795625.0,	0.128387451171875,	0.06795501708984375
5866803750.0,	0.1263427734375,	0.06848907470703125
5866811875.0,	0.1256103515625,	0.0687255859375
5866820000.0,	0.12776947021484375,	0.06739044189453125
5866828125.0,	0.12802886962890625,	0.06720733642578125
5866836250.0,	0.12787628173828125,	0.0665283203125
5866844375.0,	0.12889862060546875,	0.067657470703125
5866852500.0,	0.12917327880859375,	0.0657501220703125
5866860625.0,	0.13011932373046875,	0.06674957275390625
5866868750.0,	0.1281585693359375,	0.06768035888671875
5866876875.0,	0.12801361083984375,	0.06673431396484375
5866885000.0,	0.12670135498046875,	0.0670166015625
5866893125.0,	0.127471923828125,	0.0683441162109375
5866901250.0,	0.12892913818359375,	0.06520843505859375
5866909375.0,	0.12770843505859375,	0.06813812255859375
5866917500.0,	0.12738800048828125,	0.06572723388671875
5866925625.0,	0.130126953125,	0.06615447998046875
5866933750.0,	0.12839508056640625,	0.06375885009765625
5866941875.0,	0.12841033935546875,	0.0650787353515625
5866950000.0,	0.12955474853515625,	0.06490325927734375
5866958125.0,	0.12738037109375,	0.0655670166015625
5866966250.0,	0.1280975341796875,	0.06548309326171875
5866974375.0,	0.12807464599609375,	0.06496429443359375
5866982500.0,	0.12924957275390625,	0.06256866455078125
5866990625.0,	0.12833404541015625,	0.06439208984375
5866998750.0,	0.1293792724609375,	0.064453125
5867006875.0,	0.12935638427734375,	0.06435394287109375
5867015000.0,	0.128997802734375,	0.062744140625
5867023125.0,	0.12645721435546875,	0.06450653076171875
5867031250.0,	0.12866973876953125,	0.0631256103515625
5867039375.0,	0.12931060791015625,	0.06333160400390625
5867047500.0,	0.1303253173828125,	0.06247711181640625
5867055625.0,	0.12851715087890625,	0.06182861328125
5867063750.0,	0.12694549560546875,	0.06237030029296875
5867071875.0,	0.12966156005859375,	0.062957763671875
5867080000.0,	0.1299896240234375,	0.06136322021484375
5867088125.0,	0.12943267822265625,	0.0630340576171875
5867096250.0,	0.13188934326171875,	0.06118011474609375
5867104375.0,	0.13112640380859375,	0.06055450439453125
5867112500.0,	0.129730224609375,	0.06006622314453125
5867120625.0,	0.12989044189453125,	0.06041717529296875
5867128750.0,	0.13069915771484375,	0.06168365478515625
5867136875.0,	0.13043975830078125,	0.06099700927734375
5867145000.0,	0.1298980712890625,	0.0593414306640625
5867153125.0,	0.1277923583984375,	0.06012725830078125
5867161250.0,	0.1299896240234375,	0.0606689453125
5867169375.0,	0.131103515625,	0.06157684326171875
5867177500.0,	0.1305389404296875,	0.059478759765625
5867185625.0,	0.13016510009765625,	0.059783935546875
5867193750.0,	0.1295013427734375,	0.06012725830078125
5867201875.0,	0.1305084228515625,	0.06085968017578125
5867210000.0,	0.130279541015625,	0.06031036376953125
5867218125.0,	0.131561279296875,	0.05912017822265625
5867226250.0,	0.13311004638671875,	0.0594329833984375
5867234375.0,	0.131805419921875,	0.0595855712890625
5867242500.0,	0.13072967529296875,	0.0594482421875
5867250625.0,	0.13158416748046875,	0.05728912353515625
5867258750.0,	0.13195037841796875,	0.05780792236328125
5867266875.0,	0.13147735595703125,	0.05603790283203125
5867275000.0,	0.12880706787109375,	0.0563812255859375
5867283125.0,	0.1302490234375,	0.0567779541015625
5867291250.0,	0.1322784423828125,	0.056182861328125
5867299375.0,	0.130096435546875,	0.05541229248046875
5867307500.0,	0.13149261474609375,	0.05852508544921875
5867315625.0,	0.13220977783203125,	0.05541229248046875
5867323750.0,	0.13112640380859375,	0.056640625
5867331875.0,	0.13124847412109375,	0.05655670166015625
5867340000.0,	0.13005828857421875,	0.055572509765625
5867348125.0,	0.12909698486328125,	0.0554351806640625
5867356250.0,	0.13172149658203125,	0.053314208984375
5867364375.0,	0.1309356689453125,	0.05622100830078125
5867372500.0,	0.13201141357421875,	0.05509185791015625
5867380625.0,	0.1312408447265625,	0.05460357666015625
5867388750.0,	0.1316070556640625,	0.05507659912109375
5867396875.0,	0.1320037841796875,	0.054534912109375
5867405000.0,	0.13226318359375,	0.0533599853515625
5867413125.0,	0.1329498291015625,	0.05170440673828125
5867421250.0,	0.13112640380859375,	0.05391693115234375
5867429375.0,	0.1339263916015625,	0.051055908203125
5867437500.0,	0.13253021240234375,	0.05257415771484375
5867445625.0,	0.12985992431640625,	0.0536956787109375
5867453750.0,	0.13421630859375,	0.0544891357421875
5867461875.0,	0.1323089599609375,	0.0520172119140625
5867470000.0,	0.13176727294921875,	0.05294036865234375
5867478125.0,	0.13232421875,	0.05142974853515625
5867486250.0,	0.13226318359375,	0.05197906494140625
5867494375.0,	0.13214111328125,	0.0498504638671875
5867502500.0,	0.13504791259765625,	0.05170440673828125
5867510625.0,	0.132476806640625,	0.05110931396484375
5867518750.0,	0.13299560546875,	0.049896240234375
5867526875.0,	0.13452911376953125,	0.05103302001953125
5867535000.0,	0.13231658935546875,	0.0520782470703125
5867543125.0,	0.13349151611328125,	0.0492706298828125
5867551250.0,	0.13233184814453125,	0.04955291748046875
5867559375.0,	0.1321868896484375,	0.05039215087890625
5867567500.0,	0.13321685791015625,	0.0500030517578125
5867575625.0,	0.13394927978515625,	0.04880523681640625
5867583750.0,	0.13443756103515625,	0.0484619140625
5867591875.0,	0.13101959228515625,	0.050018310546875
5867600000.0,	0.13190460205078125,	0.0498046875
5867608125.0,	0.1314544677734375,	0.04726409912109375
5867616250.0,	0.1326141357421875,	0.04810333251953125
5867624375.0,	0.13309478759765625,	0.04833221435546875
5867632500.0,	0.13177490234375,	0.04752349853515625
5867640625.0,	0.13347625732421875,	0.04656982421875
5867648750.0,	0.133392333984375,	0.0464630126953125
5867656875.0,	0.13083648681640625,	0.047637939453125
5867665000.0,	0.13238525390625,	0.04781341552734375
5867673125.0,	0.1322021484375,	0.0460662841796875
5867681250.0,	0.13236236572265625,	0.04761505126953125
5867689375.0,	0.13358306884765625,	0.0460205078125
5867697500.0,	0.13419342041015625,	0.04546356201171875
5867705625.0,	0.13387298583984375,	0.047210693359375
5867713750.0,	0.13525390625,	0.04482269287109375
5867721875.0,	0.13498687744140625,	0.04412078857421875
5867730000.0,	0.135162353515625,	0.04354095458984375
5867738125.0,	0.134521484375,	0.0446929931640625
5867746250.0,	0.133056640625,	0.0438690185546875
5867754375.0,	0.13421630859375,	0.044525146484375
5867762500.0,	0.1322021484375,	0.04302215576171875
5867770625.0,	0.13323974609375,	0.04169464111328125
5867778750.0,	0.13439178466796875,	0.04146575927734375
5867786875.0,	0.13416290283203125,	0.04309844970703125
5867795000.0,	0.13420867919921875,	0.04007720947265625
5867803125.0,	0.134765625,	0.04178619384765625
5867811250.0,	0.133819580078125,	0.04143524169921875
5867819375.0,	0.13263702392578125,	0.040679931640625
5867827500.0,	0.13137054443359375,	0.04273223876953125
5867835625.0,	0.13330841064453125,	0.04064178466796875
5867843750.0,	0.1349029541015625,	0.040771484375
5867851875.0,	0.13196563720703125,	0.04024505615234375
5867860000.0,	0.13277435302734375,	0.03769683837890625
5867868125.0,	0.13301849365234375,	0.03720855712890625
5867876250.0,	0.1340179443359375,	0.03826141357421875
5867884375.0,	0.13294219970703125,	0.0377655029296875
5867892500.0,	0.13347625732421875,	0.03884124755859375
5867900625.0,	0.1335601806640625,	0.036712646484375
5867908750.0,	0.133819580078125,	0.038787841796875
5867916875.0,	0.13407135009765625,	0.03919219970703125
5867925000.0,	0.13202667236328125,	0.0356597900390625
5867933125.0,	0.13372039794921875,	0.03528594970703125
5867941250.0,	0.13330078125,	0.0368194580078125
5867949375.0,	0.1326446533203125,	0.03664398193359375
5867957500.0,	0.1328125,	0.03736114501953125
5867965625.0,	0.13303375244140625,	0.0367431640625
5867973750.0,	0.13330078125,	0.03243255615234375
5867981875.0,	0.13187408447265625,	0.0374298095703125
5867990000.0,	0.13263702392578125,	0.03543853759765625
5867998125.0,	0.13405609130859375,	0.03369140625
5868006250.0,	0.13055419921875,	0.033233642578125
5868014375.0,	0.13253021240234375,	0.033905029296875
5868022500.0,	0.13304901123046875,	0.03284454345703125
5868030625.0,	0.132049560546875,	0.03216552734375
5868038750.0,	0.13210296630859375,	0.0335845947265625
5868046875.0,	0.13297271728515625,	0.0304107666015625
5868055000.0,	0.13262939453125,	0.031219482421875
5868063125.0,	0.13045501708984375,	0.0320281982421875
5868071250.0,	0.131622314453125,	0.03125762939453125
5868079375.0,	0.13211822509765625,	0.027618408203125
5868087500.0,	0.13117218017578125,	0.031005859375
5868095625.0,	0.13150787353515625,	0.0287017822265625
5868103750.0,	0.13265228271484375,	0.0301971435546875
5868111875.0,	0.13286590576171875,	0.02874755859375
5868120000.0,	0.13196563720703125,	0.029571533203125
5868128125.0,	0.132904052734375,	0.02950286865234375
5868136250.0,	0.1317291259765625,	0.02548980712890625
5868144375.0,	0.132843017578125,	0.0274658203125
5868152500.0,	0.13248443603515625,	0.02729034423828125
5868160625.0,	0.13104248046875,	0.02679443359375
5868168750.0,	0.1324615478515625,	0.02703857421875
5868176875.0,	0.13134002685546875,	0.0254974365234375
5868185000.0,	0.1302032470703125,	0.02552032470703125
5868193125.0,	0.13134765625,	0.026153564453125
5868201250.0,	0.1321868896484375,	0.0260162353515625
5868209375.0,	0.13239288330078125,	0.0237274169921875
5868217500.0,	0.1333160400390625,	0.02382659912109375
5868225625.0,	0.13025665283203125,	0.02411651611328125
5868233750.0,	0.131011962890625,	0.02288818359375
5868241875.0,	0.13162994384765625,	0.0253448486328125
5868250000.0,	0.1307220458984375,	0.021331787109375
5868258125.0,	0.13224029541015625,	0.0207977294921875
5868266250.0,	0.1301116943359375,	0.02291107177734375
5868274375.0,	0.1307220458984375,	0.02117919921875
5868282500.0,	0.130157470703125,	0.0215301513671875
5868290625.0,	0.13202667236328125,	0.02014923095703125
5868298750.0,	0.1295318603515625,	0.0218963623046875
5868306875.0,	0.130401611328125,	0.0224151611328125
5868315000.0,	0.12926483154296875,	0.021484375
5868323125.0,	0.13120269775390625,	0.0207977294921875
5868331250.0,	0.13030242919921875,	0.0189971923828125
5868339375.0,	0.12841796875,	0.019073486328125
5868347500.0,	0.1286163330078125,	0.01862335205078125
5868355625.0,	0.12847900390625,	0.0197296142578125
5868363750.0,	0.1299896240234375,	0.01700592041015625
5868371875.0,	0.12952423095703125,	0.017852783203125
5868380000.0,	0.129119873046875,	0.01784515380859375
5868388125.0,	0.1280059814453125,	0.01453399658203125
5868396250.0,	0.12823486328125,	0.01619720458984375
5868404375.0,	0.1306304931640625,	0.01357269287109375
5868412500.0,	0.12909698486328125,	0.01537322998046875
5868420625.0,	0.127960205078125,	0.0154266357421875
5868428750.0,	0.127685546875,	0.01323699951171875
5868436875.0,	0.1262969970703125,	0.0121002197265625
5868445000.0,	0.1278228759765625,	0.01245880126953125
5868453125.0,	0.12790679931640625,	0.013763427734375
5868461250.0,	0.126312255859375,	0.0136566162109375
5868469375.0,	0.12805938720703125,	0.01399993896484375
5868477500.0,	0.125946044921875,	0.011962890625
5868485625.0,	0.12937164306640625,	0.0100250244140625
5868493750.0,	0.1259307861328125,	0.01154327392578125
5868501875.0,	0.1262969970703125,	0.0098114013671875
5868510000.0,	0.12680816650390625,	0.0100860595703125
5868518125.0,	0.1254425048828125,	0.00926971435546875
5868526250.0,	0.12622833251953125,	0.00970458984375
5868534375.0,	0.12407684326171875,	0.00885772705078125
5868542500.0,	0.12477874755859375,	0.008453369140625
5868550625.0,	0.1240234375,	0.007511138916015625
5868558750.0,	0.12355804443359375,	0.008487701416015625
5868566875.0,	0.12616729736328125,	0.0072479248046875
5868575000.0,	0.12424850463867188,	0.00812530517578125
5868583125.0,	0.1258697509765625,	0.00772857666015625
5868591250.0,	0.124725341796875,	0.00574493408203125
5868599375.0,	0.12439727783203125,	0.0067138671875
5868607500.0,	0.12409591674804688,	0.003238677978515625
5868615625.0,	0.12417984008789062,	0.005523681640625
5868623750.0,	0.12353515625,	0.005886077880859375
5868631875.0,	0.1189117431640625,	0.005840301513671875
5868640000.0,	0.12324905395507812,	0.00351715087890625
5868648125.0,	0.12092208862304688,	0.002223968505859375
5868656250.0,	0.1215972900390625,	0.00249481201171875
5868664375.0,	0.12268447875976562,	0.003376007080078125
5868672500.0,	0.12233734130859375,	0.0010528564453125
5868680625.0,	0.11994171142578125,	0.003185272216796875
5868688750.0,	0.1201629638671875,	0.002811431884765625
5868696875.0,	0.12013626098632812,	0.000537872314453125
5868705000.0,	0.12030029296875,	0.001529693603515625
5868713125.0,	0.1190185546875,	0.0015411376953125
5868721250.0,	0.11916732788085938,	-0.0009307861328125
5868729375.0,	0.119293212890625,	-0.002048492431640625
5868737500.0,	0.11838531494140625,	-0.0017852783203125
5868745625.0,	0.1190185546875,	0.00034332275390625
5868753750.0,	0.11826324462890625,	-0.0012664794921875
5868761875.0,	0.11882781982421875,	0.000217437744140625
5868770000.0,	0.11744308471679688,	-0.00202178955078125
5868778125.0,	0.1163177490234375,	-0.00339508056640625
5868786250.0,	0.11726760864257812,	-0.002643585205078125
5868794375.0,	0.11585617065429688,	-0.004726409912109375
5868802500.0,	0.11574935913085938,	-0.004608154296875
5868810625.0,	0.11508560180664062,	-0.004627227783203125
5868818750.0,	0.11311721801757812,	-0.00415802001953125
5868826875.0,	0.11419296264648438,	-0.00327301025390625
5868835000.0,	0.11623382568359375,	-0.006412506103515625
5868843125.0,	0.112548828125,	-0.0059356689453125
5868851250.0,	0.113922119140625,	-0.007823944091796875
5868859375.0,	0.11283493041992188,	-0.0059051513671875
5868867500.0,	0.11063766479492188,	-0.007747650146484375
5868875625.0,	0.1119232177734375,	-0.006866455078125
5868883750.0,	0.11212921142578125,	-0.006927490234375
5868891875.0,	0.11142349243164062,	-0.004817962646484375
5868900000.0,	0.10960006713867188,	-0.00823974609375
5868908125.0,	0.11166000366210938,	-0.009185791015625
5868916250.0,	0.11168289184570312,	-0.008792877197265625
5868924375.0,	0.11030197143554688,	-0.010028839111328125
5868932500.0,	0.10965347290039062,	-0.010143280029296875
5868940625.0,	0.1056365966796875,	-0.011531829833984375
5868948750.0,	0.10880661010742188,	-0.01035308837890625
5868956875.0,	0.10910797119140625,	-0.0108795166015625
5868965000.0,	0.10690689086914062,	-0.010890960693359375
5868973125.0,	0.10823822021484375,	-0.011425018310546875
5868981250.0,	0.10672378540039062,	-0.009937286376953125
5868989375.0,	0.1063995361328125,	-0.01207733154296875
5868997500.0,	0.10423660278320312,	-0.012744903564453125
5869005625.0,	0.10466384887695312,	-0.013141632080078125
5869013750.0,	0.10395431518554688,	-0.0127105712890625
5869021875.0,	0.1036224365234375,	-0.0137481689453125
5869030000.0,	0.10352325439453125,	-0.0133056640625
5869038125.0,	0.10298919677734375,	-0.01495361328125
5869046250.0,	0.10333633422851562,	-0.015964508056640625
5869054375.0,	0.10243606567382812,	-0.01862335205078125
5869062500.0,	0.10137939453125,	-0.015933990478515625
5869070625.0,	0.10026168823242188,	-0.016727447509765625
5869078750.0,	0.10260009765625,	-0.016139984130859375
5869086875.0,	0.09975814819335938,	-0.01590728759765625
5869095000.0,	0.10338592529296875,	-0.016208648681640625
5869103125.0,	0.10058975219726562,	-0.017063140869140625
5869111250.0,	0.098358154296875,	-0.01758575439453125
5869119375.0,	0.09709548950195312,	-0.0189056396484375
5869127500.0,	0.09777450561523438,	-0.019077301025390625
5869135625.0,	0.09709930419921875,	-0.01891326904296875
5869143750.0,	0.0968475341796875,	-0.0177459716796875
5869151875.0,	0.0964202880859375,	-0.01888275146484375
5869160000.0,	0.09539413452148438,	-0.020236968994140625
5869168125.0,	0.0948333740234375,	-0.0192413330078125
5869176250.0,	0.09547805786132812,	-0.019580841064453125
5869184375.0,	0.09267425537109375,	-0.018886566162109375
5869192500.0,	0.09447097778320312,	-0.018505096435546875
5869200625.0,	0.0928802490234375,	-0.019634246826171875
5869208750.0,	0.09278106689453125,	-0.020908355712890625
5869216875.0,	0.09316253662109375,	-0.020839691162109375
5869225000.0,	0.09350204467773438,	-0.019199371337890625
5869233125.0,	0.09169769287109375,	-0.021419525146484375
5869241250.0,	0.09152984619140625,	-0.019420623779296875
5869249375.0,	0.08922958374023438,	-0.02095794677734375
5869257500.0,	0.088653564453125,	-0.022369384765625
5869265625.0,	0.08926773071289062,	-0.02184295654296875
5869273750.0,	0.08782958984375,	-0.023406982421875
5869281875.0,	0.085357666015625,	-0.021636962890625
5869290000.0,	0.08667373657226562,	-0.0209197998046875
5869298125.0,	0.08551788330078125,	-0.02353668212890625
5869306250.0,	0.08532333374023438,	-0.02367401123046875
5869314375.0,	0.08355712890625,	-0.0241241455078125
5869322500.0,	0.0839080810546875,	-0.023662567138671875
5869330625.0,	0.08439254760742188,	-0.025051116943359375
5869338750.0,	0.08242034912109375,	-0.02469635009765625
5869346875.0,	0.08248138427734375,	-0.023021697998046875
5869355000.0,	0.0828857421875,	-0.024505615234375
5869363125.0,	0.08142471313476562,	-0.02243804931640625
5869371250.0,	0.08111190795898438,	-0.023128509521484375
5869379375.0,	0.07910919189453125,	-0.02646636962890625
5869387500.0,	0.07882308959960938,	-0.022796630859375
5869395625.0,	0.078338623046875,	-0.022369384765625
5869403750.0,	0.07667922973632812,	-0.025066375732421875
5869411875.0,	0.0766448974609375,	-0.024768829345703125
5869420000.0,	0.076385498046875,	-0.023181915283203125
5869428125.0,	0.0745849609375,	-0.0243682861328125
5869436250.0,	0.07535552978515625,	-0.024852752685546875
5869444375.0,	0.07469940185546875,	-0.023471832275390625
5869452500.0,	0.07279586791992188,	-0.026401519775390625
5869460625.0,	0.07162094116210938,	-0.02630615234375
5869468750.0,	0.07248306274414062,	-0.024425506591796875
5869476875.0,	0.072784423828125,	-0.02515411376953125
5869485000.0,	0.07184982299804688,	-0.024692535400390625
5869493125.0,	0.06936264038085938,	-0.02802276611328125
5869501250.0,	0.0667877197265625,	-0.02365875244140625
5869509375.0,	0.06774139404296875,	-0.02565765380859375
5869517500.0,	0.06809234619140625,	-0.02515411376953125
5869525625.0,	0.06652069091796875,	-0.02497100830078125
5869533750.0,	0.06895828247070312,	-0.02679443359375
5869541875.0,	0.06349563598632812,	-0.02581787109375
5869550000.0,	0.06769943237304688,	-0.024250030517578125
5869558125.0,	0.06605911254882812,	-0.026821136474609375
5869566250.0,	0.0621185302734375,	-0.026433944702148438
5869574375.0,	0.0649871826171875,	-0.02558135986328125
5869582500.0,	0.06351089477539062,	-0.026561737060546875
5869590625.0,	0.06370925903320312,	-0.025325775146484375
5869598750.0,	0.062366485595703125,	-0.024950027465820312
5869606875.0,	0.06158447265625,	-0.02422332763671875
5869615000.0,	0.060527801513671875,	-0.024198532104492188
5869623125.0,	0.060420989990234375,	-0.025751113891601562
5869631250.0,	0.0599212646484375,	-0.023969650268554688
5869639375.0,	0.05961799621582031,	-0.024097442626953125
5869647500.0,	0.05694770812988281,	-0.024333953857421875
5869655625.0,	0.05764198303222656,	-0.02443695068359375
5869663750.0,	0.05663299560546875,	-0.024126052856445312
5869671875.0,	0.0557708740234375,	-0.024417877197265625
5869680000.0,	0.05582237243652344,	-0.024766921997070312
5869688125.0,	0.05655860900878906,	-0.025920867919921875
5869696250.0,	0.053417205810546875,	-0.025726318359375
5869704375.0,	0.05405616760253906,	-0.02466583251953125
5869712500.0,	0.053012847900390625,	-0.023229598999023438
5869720625.0,	0.052410125732421875,	-0.0247650146484375
5869728750.0,	0.05046844482421875,	-0.023113250732421875
5869736875.0,	0.0525665283203125,	-0.024919509887695312
5869745000.0,	0.05007171630859375,	-0.024267196655273438
5869753125.0,	0.05006599426269531,	-0.022508621215820312
5869761250.0,	0.04787635803222656,	-0.022268295288085938
5869769375.0,	0.048763275146484375,	-0.02440643310546875
5869777500.0,	0.048778533935546875,	-0.021373748779296875
5869785625.0,	0.04838371276855469,	-0.022855758666992188
5869793750.0,	0.044986724853515625,	-0.024019241333007812
5869801875.0,	0.045257568359375,	-0.021116256713867188
5869810000.0,	0.045543670654296875,	-0.020887374877929688
5869818125.0,	0.04624748229980469,	-0.02336883544921875
5869826250.0,	0.04533576965332031,	-0.023405075073242188
5869834375.0,	0.043731689453125,	-0.021818161010742188
5869842500.0,	0.04159355163574219,	-0.023128509521484375
5869850625.0,	0.043178558349609375,	-0.021259307861328125
5869858750.0,	0.044078826904296875,	-0.019989013671875
5869866875.0,	0.04256248474121094,	-0.021724700927734375
5869875000.0,	0.0413970947265625,	-0.020488739013671875
5869883125.0,	0.04132652282714844,	-0.021482467651367188
5869891250.0,	0.041362762451171875,	-0.021488189697265625
5869899375.0,	0.03929901123046875,	-0.020782470703125
5869907500.0,	0.03802490234375,	-0.019672393798828125
5869915625.0,	0.03608131408691406,	-0.0218505859375
5869923750.0,	0.0359649658203125,	-0.018451690673828125
5869931875.0,	0.036468505859375,	-0.017068862915039062
5869940000.0,	0.03513908386230469,	-0.01883697509765625
5869948125.0,	0.03573036193847656,	-0.017734527587890625
5869956250.0,	0.03619194030761719,	-0.0172882080078125
5869964375.0,	0.03584861755371094,	-0.015474319458007812
5869972500.0,	0.033946990966796875,	-0.018857955932617188
5869980625.0,	0.033008575439453125,	-0.015935897827148438
5869988750.0,	0.03216552734375,	-0.018434524536132812
5869996875.0,	0.03208732604980469,	-0.0153656005859375
5870005000.0,	0.03302192687988281,	-0.01605224609375
5870013125.0,	0.030670166015625,	-0.015705108642578125
5870021250.0,	0.03094482421875,	-0.012966156005859375
5870029375.0,	0.02953815460205078,	-0.013869285583496094
5870037500.0,	0.02984905242919922,	-0.014453887939453125
5870045625.0,	0.029909133911132812,	-0.013105392456054688
5870053750.0,	0.030437469482421875,	-0.016602516174316406
5870061875.0,	0.028074264526367188,	-0.013854026794433594
5870070000.0,	0.026190757751464844,	-0.013279914855957031
5870078125.0,	0.026453018188476562,	-0.011410713195800781
5870086250.0,	0.027616500854492188,	-0.012128829956054688
5870094375.0,	0.027060508728027344,	-0.012777328491210938
5870102500.0,	0.025651931762695312,	-0.011771202087402344
5870110625.0,	0.023702621459960938,	-0.011599540710449219
5870118750.0,	0.02454376220703125,	-0.009819984436035156
5870126875.0,	0.02417278289794922,	-0.011300086975097656
5870135000.0,	0.02508831024169922,	-0.011086463928222656
5870143125.0,	0.02219104766845703,	-0.008371353149414062
5870151250.0,	0.022884368896484375,	-0.008116722106933594
5870159375.0,	0.020522117614746094,	-0.008778572082519531
5870167500.0,	0.02208423614501953,	-0.008856773376464844
5870175625.0,	0.022803306579589844,	-0.008062362670898438
5870183750.0,	0.019906044006347656,	-0.0057964324951171875
5870191875.0,	0.02144622802734375,	-0.006348609924316406
5870200000.0,	0.021148681640625,	-0.00829315185546875
5870208125.0,	0.019945144653320312,	-0.005599021911621094
5870216250.0,	0.01983642578125,	-0.0035982131958007812
5870224375.0,	0.01890087127685547,	-0.0050792694091796875
5870232500.0,	0.01965618133544922,	-0.0033721923828125
5870240625.0,	0.019928932189941406,	-0.004923820495605469
5870248750.0,	0.0182037353515625,	-0.00377655029296875
5870256875.0,	0.018594741821289062,	-0.002536773681640625
5870265000.0,	0.015735626220703125,	-0.0043888092041015625
5870273125.0,	0.019392013549804688,	-0.0051822662353515625
5870281250.0,	0.01766204833984375,	-0.0030298233032226562
5870289375.0,	0.01726245880126953,	-0.0036134719848632812
5870297500.0,	0.0160675048828125,	-0.00054168701171875
5870305625.0,	0.016878128051757812,	-0.0019083023071289062
5870313750.0,	0.014631271362304688,	-0.0009870529174804688
5870321875.0,	0.014454841613769531,	0.0017695426940917969
5870330000.0,	0.01371622085571289,	-0.0008435249328613281
5870338125.0,	0.013678550720214844,	-0.0003418922424316406
5870346250.0,	0.013413429260253906,	0.0007696151733398438
5870354375.0,	0.01478433609008789,	0.001079559326171875
5870362500.0,	0.013956069946289062,	0.0012912750244140625
5870370625.0,	0.015198707580566406,	0.002171039581298828
5870378750.0,	0.011610984802246094,	0.0026841163635253906
5870386875.0,	0.01141977310180664,	0.002845287322998047
5870395000.0,	0.0124359130859375,	0.003482341766357422
5870403125.0,	0.011433601379394531,	0.0038137435913085938
5870411250.0,	0.012076854705810547,	0.004566192626953125
5870419375.0,	0.012343883514404297,	0.002231597900390625
5870427500.0,	0.008394718170166016,	0.0033082962036132812
5870435625.0,	0.01039266586303711,	0.005555629730224609
5870443750.0,	0.010956764221191406,	0.006671428680419922
5870451875.0,	0.011269569396972656,	0.005986690521240234
5870460000.0,	0.010583877563476562,	0.0067882537841796875
5870468125.0,	0.008845806121826172,	0.006331920623779297
5870476250.0,	0.00989532470703125,	0.007817268371582031
5870484375.0,	0.009357929229736328,	0.009453296661376953
5870492500.0,	0.010294914245605469,	0.008689403533935547
5870500625.0,	0.00921773910522461,	0.010261058807373047
5870508750.0,	0.008619308471679688,	0.009839057922363281
5870516875.0,	0.00885915756225586,	0.009778022766113281
5870525000.0,	0.007843971252441406,	0.007792472839355469
5870533125.0,	0.008405685424804688,	0.011949539184570312
5870541250.0,	0.009325504302978516,	0.012213706970214844
5870549375.0,	0.007824420928955078,	0.010821342468261719
5870557500.0,	0.009183883666992188,	0.011108875274658203
5870565625.0,	0.007236003875732422,	0.010950088500976562
5870573750.0,	0.007829666137695312,	0.012650012969970703
5870581875.0,	0.007733345031738281,	0.014023303985595703
5870590000.0,	0.006297111511230469,	0.014956474304199219
5870598125.0,	0.005829811096191406,	0.015760421752929688
5870606250.0,	0.006221771240234375,	0.016121864318847656
5870614375.0,	0.005263328552246094,	0.015119552612304688
5870622500.0,	0.005493640899658203,	0.015578746795654297
5870630625.0,	0.004063606262207031,	0.01478719711303711
5870638750.0,	0.00414276123046875,	0.01638507843017578
5870646875.0,	0.00733184814453125,	0.016973495483398438
5870655000.0,	0.0038347244262695312,	0.017625808715820312
5870663125.0,	0.005054950714111328,	0.014844417572021484
5870671250.0,	0.0036420822143554688,	0.017249107360839844
5870679375.0,	0.004622459411621094,	0.016564369201660156
5870687500.0,	0.0037746429443359375,	0.020789146423339844
5870695625.0,	0.004569053649902344,	0.020705223083496094
5870703750.0,	0.0037660598754882812,	0.019295692443847656
5870711875.0,	0.00545501708984375,	0.02077770233154297
5870720000.0,	0.0035543441772460938,	0.022011756896972656
5870728125.0,	0.00360870361328125,	0.02108287811279297
5870736250.0,	0.0024747848510742188,	0.01910400390625
5870744375.0,	0.004233360290527344,	0.022154808044433594
5870752500.0,	0.0035381317138671875,	0.02145099639892578
5870760625.0,	0.0027532577514648438,	0.023108482360839844
5870768750.0,	0.0023412704467773438,	0.02051067352294922
5870776875.0,	0.004696846008300781,	0.023009300231933594
5870785000.0,	0.002574920654296875,	0.0225982666015625
5870793125.0,	0.0012941360473632812,	0.02286243438720703
5870801250.0,	0.00039005279541015625,	0.0245819091796875
5870809375.0,	0.0035028457641601562,	0.0250244140625
5870817500.0,	0.0024747848510742188,	0.02657604217529297
5870825625.0,	0.0008306503295898438,	0.026781082153320312
5870833750.0,	0.0008802413940429688,	0.02715301513671875
5870841875.0,	0.0030584335327148438,	0.026456832885742188
5870850000.0,	0.0008411407470703125,	0.026558876037597656
5870858125.0,	0.001087188720703125,	0.02790069580078125
5870866250.0,	0.0032548904418945312,	0.02704906463623047
5870874375.0,	0.003421783447265625,	0.027503013610839844
5870882500.0,	0.0009546279907226562,	0.030447006225585938
5870890625.0,	0.0023984909057617188,	0.028998374938964844
5870898750.0,	0.0006837844848632812,	0.028290748596191406
5870906875.0,	0.0011577606201171875,	0.030249595642089844
5870915000.0,	0.0003147125244140625,	0.02935791015625
5870923125.0,	0.000858306884765625,	0.03037548065185547
5870931250.0,	0.0011472702026367188,	0.029564857482910156
5870939375.0,	0.0015239715576171875,	0.03345489501953125
5870947500.0,	0.003391265869140625,	0.031003952026367188
5870955625.0,	0.002307891845703125,	0.03246116638183594
5870963750.0,	0.0016002655029296875,	0.03354454040527344
5870971875.0,	-0.0016021728515625,	0.034404754638671875
5870980000.0,	-0.00029754638671875,	0.03487396240234375
5870988125.0,	0.000789642333984375,	0.03137969970703125
5870996250.0,	0.000579833984375,	0.03513908386230469
5871004375.0,	-0.00093841552734375,	0.034244537353515625
5871012500.0,	0.00080108642578125,	0.0355224609375
5871020625.0,	-2.6702880859375e-05,	0.03482627868652344
5871028750.0,	0.0013141632080078125,	0.03552055358886719
5871036875.0,	-0.00031280517578125,	0.034915924072265625
5871045000.0,	-0.0005359649658203125,	0.03582000732421875
5871053125.0,	5.53131103515625e-05,	0.03854560852050781
5871061250.0,	0.0010967254638671875,	0.03591156005859375
5871069375.0,	0.0006256103515625,	0.03845024108886719
5871077500.0,	0.002292633056640625,	0.03724479675292969
5871085625.0,	0.0002193450927734375,	0.0371856689453125
5871093750.0,	0.001865386962890625,	0.038143157958984375
5871101875.0,	0.001743316650390625,	0.03859710693359375
5871110000.0,	0.0007915496826171875,	0.040828704833984375
5871118125.0,	0.00199127197265625,	0.03836822509765625
5871126250.0,	-0.00054168701171875,	0.041095733642578125
5871134375.0,	-0.0013885498046875,	0.03977012634277344
5871142500.0,	0.0008335113525390625,	0.04074668884277344
5871150625.0,	2.09808349609375e-05,	0.03929710388183594
5871158750.0,	-0.0009403228759765625,	0.04216575622558594
5871166875.0,	0.00138092041015625,	0.04220390319824219
5871175000.0,	0.0026721954345703125,	0.04335594177246094
5871183125.0,	-0.000446319580078125,	0.042362213134765625
5871191250.0,	-0.0002460479736328125,	0.04344940185546875
5871199375.0,	-1.71661376953125e-05,	0.04424095153808594
5871207500.0,	0.001194000244140625,	0.04324150085449219
5871215625.0,	-0.0009174346923828125,	0.04503822326660156
5871223750.0,	0.0009918212890625,	0.04409599304199219
5871231875.0,	0.000339508056640625,	0.04452705383300781
5871240000.0,	-0.000476837158203125,	0.043243408203125
5871248125.0,	-0.0001239776611328125,	0.04480552673339844
5871256250.0,	0.000743865966796875,	0.044979095458984375
5871264375.0,	0.000461578369140625,	0.045696258544921875
5871272500.0,	0.00103759765625,	0.045284271240234375
5871280625.0,	-0.0015869140625,	0.04562950134277344
5871288750.0,	-0.00080108642578125,	0.04515838623046875
5871296875.0,	0.000217437744140625,	0.04743766784667969
5871305000.0,	0.001861572265625,	0.05076408386230469
5871313125.0,	-0.0001926422119140625,	0.046504974365234375
5871321250.0,	0.0009822845458984375,	0.04762458801269531
5871329375.0,	0.0033779144287109375,	0.04795646667480469
5871337500.0,	0.0015869140625,	0.049228668212890625
5871345625.0,	-0.0001468658447265625,	0.04824638366699219
5871353750.0,	0.0001087188720703125,	0.049320220947265625
5871361875.0,	0.00180816650390625,	0.048736572265625
5871370000.0,	-0.0002040863037109375,	0.04943275451660156
5871378125.0,	-0.0002193450927734375,	0.05119895935058594
5871386250.0,	0.0033893585205078125,	0.05148506164550781
5871394375.0,	0.0015201568603515625,	0.050655364990234375
5871402500.0,	0.0001697540283203125,	0.0515594482421875
5871410625.0,	0.001796722412109375,	0.050296783447265625
5871418750.0,	0.0005550384521484375,	0.05199432373046875
5871426875.0,	0.0017299652099609375,	0.04878807067871094
5871435000.0,	0.0007171630859375,	0.049160003662109375
5871443125.0,	5.14984130859375e-05,	0.05027961730957031
5871451250.0,	0.0007419586181640625,	0.05245018005371094
5871459375.0,	0.0022830963134765625,	0.05240631103515625
5871467500.0,	0.0021820068359375,	0.05379676818847656
5871475625.0,	0.0003414154052734375,	0.05385589599609375
5871483750.0,	0.0013427734375,	0.05346107482910156
5871491875.0,	0.0035800933837890625,	0.055217742919921875
5871500000.0,	-0.0001735687255859375,	0.05425262451171875
5871508125.0,	0.0009517669677734375,	0.05240631103515625
5871516250.0,	0.001178741455078125,	0.05381011962890625
5871524375.0,	0.00098419189453125,	0.05383491516113281
5871532500.0,	-0.00018310546875,	0.05438804626464844
5871540625.0,	-0.0003986358642578125,	0.05645942687988281
5871548750.0,	0.0042896270751953125,	0.05609130859375
5871556875.0,	0.0018711090087890625,	0.05506706237792969
5871565000.0,	0.0025806427001953125,	0.056072235107421875
5871573125.0,	0.001598358154296875,	0.05846214294433594
5871581250.0,	0.00209808349609375,	0.05672454833984375
5871589375.0,	0.00318145751953125,	0.05445098876953125
5871597500.0,	0.0015125274658203125,	0.05849456787109375
5871605625.0,	0.0034580230712890625,	0.05742454528808594
5871613750.0,	0.0032062530517578125,	0.058437347412109375
5871621875.0,	0.001605987548828125,	0.05748748779296875
5871630000.0,	0.0040035247802734375,	0.060138702392578125
5871638125.0,	0.0033702850341796875,	0.05863761901855469
5871646250.0,	0.00445556640625,	0.05901336669921875
5871654375.0,	0.0022029876708984375,	0.05832481384277344
5871662500.0,	0.001949310302734375,	0.06012535095214844
5871670625.0,	0.003406524658203125,	0.05797004699707031
5871678750.0,	0.0051727294921875,	0.060455322265625
5871686875.0,	0.0034847259521484375,	0.0594635009765625
5871695000.0,	0.0025501251220703125,	0.05879020690917969
5871703125.0,	0.003662109375,	0.05974578857421875
5871711250.0,	0.00138092041015625,	0.059478759765625
5871719375.0,	0.003864288330078125,	0.060741424560546875
5871727500.0,	0.004756927490234375,	0.061214447021484375
5871735625.0,	0.0037097930908203125,	0.06213188171386719
5871743750.0,	0.0044803619384765625,	0.06057167053222656
5871751875.0,	0.005039215087890625,	0.063507080078125
5871760000.0,	0.003154754638671875,	0.06072807312011719
5871768125.0,	0.0023822784423828125,	0.060947418212890625
5871776250.0,	0.002521514892578125,	0.06445693969726562
5871784375.0,	0.003101348876953125,	0.06293106079101562
5871792500.0,	0.00392913818359375,	0.06413650512695312
5871800625.0,	0.001232147216796875,	0.06427001953125
5871808750.0,	0.005474090576171875,	0.06481170654296875
5871816875.0,	0.004680633544921875,	0.06348800659179688
5871825000.0,	0.004009246826171875,	0.06381607055664062
5871833125.0,	0.00388336181640625,	0.06425094604492188
5871841250.0,	0.00453948974609375,	0.06271743774414062
5871849375.0,	0.00455474853515625,	0.06488418579101562
5871857500.0,	0.005481719970703125,	0.06450271606445312
5871865625.0,	0.004955291748046875,	0.0645599365234375
5871873750.0,	0.00417327880859375,	0.06529617309570312
5871881875.0,	0.004756927490234375,	0.06567001342773438
5871890000.0,	0.0037994384765625,	0.06391143798828125
5871898125.0,	0.004039764404296875,	0.06527328491210938
5871906250.0,	0.0063934326171875,	0.066314697265625
5871914375.0,	0.004383087158203125,	0.06406402587890625
5871922500.0,	0.003627777099609375,	0.065216064453125
5871930625.0,	0.005214691162109375,	0.06697463989257812
5871938750.0,	0.007343292236328125,	0.06780624389648438
5871946875.0,	0.005390167236328125,	0.0669403076171875
5871955000.0,	0.004703521728515625,	0.06633758544921875
5871963125.0,	0.004302978515625,	0.06674575805664062
5871971250.0,	0.004058837890625,	0.06765365600585938
5871979375.0,	0.0069122314453125,	0.06738662719726562
5871987500.0,	0.006954193115234375,	0.06716156005859375
5871995625.0,	0.00440216064453125,	0.06647109985351562
5872003750.0,	0.00618743896484375,	0.06890487670898438
5872011875.0,	0.007167816162109375,	0.06877517700195312
5872020000.0,	0.00531768798828125,	0.07126235961914062
5872028125.0,	0.0063018798828125,	0.06946182250976562
5872036250.0,	0.00437164306640625,	0.07067489624023438
5872044375.0,	0.005069732666015625,	0.0688629150390625
5872052500.0,	0.007244110107421875,	0.069732666015625
5872060625.0,	0.005741119384765625,	0.06998825073242188
5872068750.0,	0.005100250244140625,	0.07006072998046875
5872076875.0,	0.0047760009765625,	0.07120513916015625
5872085000.0,	0.00803375244140625,	0.0722198486328125
5872093125.0,	0.005702972412109375,	0.06881332397460938
5872101250.0,	0.007015228271484375,	0.07030487060546875
5872109375.0,	0.008777618408203125,	0.07190322875976562
5872117500.0,	0.008899688720703125,	0.0714263916015625
5872125625.0,	0.00763702392578125,	0.07111358642578125
5872133750.0,	0.007659912109375,	0.07265472412109375
5872141875.0,	0.005565643310546875,	0.0727691650390625
5872150000.0,	0.0068206787109375,	0.07112503051757812
5872158125.0,	0.007534027099609375,	0.07036209106445312
5872166250.0,	0.005580902099609375,	0.0720672607421875
5872174375.0,	0.009616851806640625,	0.07279205322265625
5872182500.0,	0.006603240966796875,	0.07188796997070312
5872190625.0,	0.00778961181640625,	0.0710906982421875
5872198750.0,	0.00923919677734375,	0.0720062255859375
5872206875.0,	0.0082855224609375,	0.0718536376953125
5872215000.0,	0.007015228271484375,	0.07330322265625
5872223125.0,	0.009235382080078125,	0.07268524169921875
5872231250.0,	0.006374359130859375,	0.07346725463867188
5872239375.0,	0.00826263427734375,	0.07273101806640625
5872247500.0,	0.00884246826171875,	0.07460403442382812
5872255625.0,	0.009189605712890625,	0.07622146606445312
5872263750.0,	0.008823394775390625,	0.07625579833984375
5872271875.0,	0.00762939453125,	0.07303619384765625
5872280000.0,	0.008495330810546875,	0.07490158081054688
5872288125.0,	0.00887298583984375,	0.07387542724609375
5872296250.0,	0.008571624755859375,	0.0756378173828125
5872304375.0,	0.008502960205078125,	0.07510757446289062
5872312500.0,	0.01007843017578125,	0.07482147216796875
5872320625.0,	0.008426666259765625,	0.07661056518554688
5872328750.0,	0.0105438232421875,	0.07414627075195312
5872336875.0,	0.0100250244140625,	0.07616424560546875
5872345000.0,	0.010799407958984375,	0.07596969604492188
5872353125.0,	0.007884979248046875,	0.07495880126953125
5872361250.0,	0.009197235107421875,	0.07465744018554688
5872369375.0,	0.010345458984375,	0.07670974731445312
5872377500.0,	0.010074615478515625,	0.0761566162109375
5872385625.0,	0.010471343994140625,	0.0780181884765625
5872393750.0,	0.012653350830078125,	0.0766448974609375
5872401875.0,	0.0080718994140625,	0.07590103149414062
5872410000.0,	0.011714935302734375,	0.07843780517578125
5872418125.0,	0.008449554443359375,	0.07802963256835938
5872426250.0,	0.0098724365234375,	0.08015823364257812
5872434375.0,	0.011829376220703125,	0.07431411743164062
5872442500.0,	0.011234283447265625,	0.0765838623046875
5872450625.0,	0.0099029541015625,	0.07666397094726562
5872458750.0,	0.01210784912109375,	0.077392578125
5872466875.0,	0.010189056396484375,	0.07955551147460938
5872475000.0,	0.01074981689453125,	0.07860183715820312
5872483125.0,	0.009288787841796875,	0.07718658447265625
5872491250.0,	0.011272430419921875,	0.07777023315429688
5872499375.0,	0.0111083984375,	0.07657623291015625
5872507500.0,	0.009124755859375,	0.078643798828125
5872515625.0,	0.011474609375,	0.07793807983398438
5872523750.0,	0.010227203369140625,	0.08032608032226562
5872531875.0,	0.0117340087890625,	0.07991790771484375
5872540000.0,	0.012538909912109375,	0.07812118530273438
5872548125.0,	0.012237548828125,	0.07761001586914062
5872556250.0,	0.010517120361328125,	0.079345703125
5872564375.0,	0.0117340087890625,	0.07821273803710938
5872572500.0,	0.0124053955078125,	0.07979583740234375
5872580625.0,	0.011142730712890625,	0.07953643798828125
5872588750.0,	0.010990142822265625,	0.077667236328125
5872596875.0,	0.010410308837890625,	0.077880859375
5872605000.0,	0.012584686279296875,	0.07959747314453125
5872613125.0,	0.01129150390625,	0.08104324340820312
5872621250.0,	0.012481689453125,	0.0810394287109375
5872629375.0,	0.01404571533203125,	0.08137893676757812
5872637500.0,	0.0118408203125,	0.08028030395507812
5872645625.0,	0.013011932373046875,	0.08005905151367188
5872653750.0,	0.0139923095703125,	0.08121109008789062
5872661875.0,	0.010471343994140625,	0.07973480224609375
5872670000.0,	0.014492034912109375,	0.08106231689453125
5872678125.0,	0.011241912841796875,	0.08141326904296875
5872686250.0,	0.012271881103515625,	0.07862472534179688
5872694375.0,	0.011981964111328125,	0.08077621459960938
5872702500.0,	0.013637542724609375,	0.08108901977539062
5872710625.0,	0.014522552490234375,	0.08274459838867188
5872718750.0,	0.014095306396484375,	0.08172225952148438
5872726875.0,	0.01226043701171875,	0.08208847045898438
5872735000.0,	0.015186309814453125,	0.08337020874023438
5872743125.0,	0.0141754150390625,	0.07952117919921875
5872751250.0,	0.01446533203125,	0.084197998046875
5872759375.0,	0.01338958740234375,	0.0814971923828125
5872767500.0,	0.01256561279296875,	0.0808868408203125
5872775625.0,	0.014019012451171875,	0.08243942260742188
5872783750.0,	0.01534271240234375,	0.08137893676757812
5872791875.0,	0.012725830078125,	0.08288955688476562
5872800000.0,	0.014492034912109375,	0.08197784423828125
5872808125.0,	0.014892578125,	0.08285903930664062
5872816250.0,	0.012683868408203125,	0.08325576782226562
5872824375.0,	0.01375579833984375,	0.08129119873046875
5872832500.0,	0.015117645263671875,	0.08304595947265625
5872840625.0,	0.014675140380859375,	0.0840911865234375
5872848750.0,	0.01294708251953125,	0.08270645141601562
5872856875.0,	0.0152740478515625,	0.0846099853515625
5872865000.0,	0.015758514404296875,	0.08402633666992188
5872873125.0,	0.017047882080078125,	0.0843658447265625
5872881250.0,	0.013584136962890625,	0.08423614501953125
5872889375.0,	0.01656341552734375,	0.0821990966796875
5872897500.0,	0.01712799072265625,	0.08404922485351562
5872905625.0,	0.0147247314453125,	0.08396530151367188
5872913750.0,	0.013866424560546875,	0.08429718017578125
5872921875.0,	0.01659393310546875,	0.08453750610351562
5872930000.0,	0.01499176025390625,	0.08498764038085938
5872938125.0,	0.0143890380859375,	0.08486175537109375
5872946250.0,	0.016345977783203125,	0.08282089233398438
5872954375.0,	0.015178680419921875,	0.08515548706054688
5872962500.0,	0.0157928466796875,	0.08740234375
5872970625.0,	0.01715087890625,	0.08313369750976562
5872978750.0,	0.0181121826171875,	0.08483505249023438
5872986875.0,	0.017482757568359375,	0.0836944580078125
5872995000.0,	0.016712188720703125,	0.0847015380859375
5873003125.0,	0.017192840576171875,	0.08716201782226562
5873011250.0,	0.01615142822265625,	0.08645248413085938
5873019375.0,	0.014255523681640625,	0.08695220947265625
5873027500.0,	0.01563262939453125,	0.08526229858398438
5873035625.0,	0.016658782958984375,	0.08473968505859375
5873043750.0,	0.01519775390625,	0.08560562133789062
5873051875.0,	0.014995574951171875,	0.086151123046875
5873060000.0,	0.0173492431640625,	0.08501434326171875
5873068125.0,	0.018428802490234375,	0.0858917236328125
5873076250.0,	0.017536163330078125,	0.08601760864257812
5873084375.0,	0.0175628662109375,	0.0847015380859375
5873092500.0,	0.015743255615234375,	0.08665847778320312
5873100625.0,	0.01567840576171875,	0.08843612670898438
5873108750.0,	0.018951416015625,	0.08689117431640625
5873116875.0,	0.01679229736328125,	0.08753204345703125
5873125000.0,	0.01784515380859375,	0.08615493774414062
5873133125.0,	0.018001556396484375,	0.08694839477539062
5873141250.0,	0.019073486328125,	0.08637619018554688
5873149375.0,	0.016063690185546875,	0.08696746826171875
5873157500.0,	0.01840972900390625,	0.0861663818359375
5873165625.0,	0.0181884765625,	0.0867156982421875
5873173750.0,	0.01885223388671875,	0.08666229248046875
5873181875.0,	0.017734527587890625,	0.08737945556640625
5873190000.0,	0.018131256103515625,	0.08788299560546875
5873198125.0,	0.018344879150390625,	0.08805084228515625
5873206250.0,	0.01917266845703125,	0.08813095092773438
5873214375.0,	0.017139434814453125,	0.0886688232421875
5873222500.0,	0.01849365234375,	0.088714599609375
5873230625.0,	0.017864227294921875,	0.08915328979492188
5873238750.0,	0.018833160400390625,	0.08803939819335938
5873246875.0,	0.0185089111328125,	0.0872650146484375
5873255000.0,	0.018672943115234375,	0.08839035034179688
5873263125.0,	0.01682281494140625,	0.08882522583007812
5873271250.0,	0.019504547119140625,	0.08971023559570312
5873279375.0,	0.01827239990234375,	0.08909988403320312
5873287500.0,	0.01844024658203125,	0.08870697021484375
5873295625.0,	0.021121978759765625,	0.08946609497070312
5873303750.0,	0.01941680908203125,	0.089202880859375
5873311875.0,	0.01824951171875,	0.09052658081054688
5873320000.0,	0.019855499267578125,	0.08855056762695312
5873328125.0,	0.018947601318359375,	0.08997726440429688
5873336250.0,	0.0193939208984375,	0.08944320678710938
5873344375.0,	0.01892852783203125,	0.08983993530273438
5873352500.0,	0.01789093017578125,	0.08833694458007812
5873360625.0,	0.020931243896484375,	0.0892181396484375
5873368750.0,	0.02048492431640625,	0.09039306640625
5873376875.0,	0.020298004150390625,	0.08855819702148438
5873385000.0,	0.01773834228515625,	0.09063720703125
5873393125.0,	0.0206756591796875,	0.08961868286132812
5873401250.0,	0.018917083740234375,	0.0895233154296875
5873409375.0,	0.01959228515625,	0.08795547485351562
5873417500.0,	0.01970672607421875,	0.089202880859375
5873425625.0,	0.019931793212890625,	0.09014511108398438
5873433750.0,	0.0191650390625,	0.09025192260742188
5873441875.0,	0.019702911376953125,	0.08929824829101562
5873450000.0,	0.021884918212890625,	0.09016799926757812
5873458125.0,	0.02083587646484375,	0.090850830078125
5873466250.0,	0.01885986328125,	0.09193801879882812
5873474375.0,	0.021881103515625,	0.08803176879882812
5873482500.0,	0.019771575927734375,	0.08976364135742188
5873490625.0,	0.021129608154296875,	0.09013748168945312
5873498750.0,	0.02008056640625,	0.09049224853515625
5873506875.0,	0.020442962646484375,	0.08916473388671875
5873515000.0,	0.020381927490234375,	0.08998870849609375
5873523125.0,	0.022705078125,	0.08892440795898438
5873531250.0,	0.022190093994140625,	0.0908203125
5873539375.0,	0.02172088623046875,	0.08988189697265625
5873547500.0,	0.022304534912109375,	0.09167861938476562
5873555625.0,	0.0187225341796875,	0.091094970703125
5873563750.0,	0.02239227294921875,	0.09144973754882812
5873571875.0,	0.02129364013671875,	0.0904541015625
5873580000.0,	0.020511627197265625,	0.08971786499023438
5873588125.0,	0.0226593017578125,	0.08930587768554688
5873596250.0,	0.020442962646484375,	0.0910797119140625
5873604375.0,	0.02388763427734375,	0.08953475952148438
5873612500.0,	0.021942138671875,	0.09180831909179688
5873620625.0,	0.0234375,	0.09168624877929688
5873628750.0,	0.02205657958984375,	0.0908660888671875
5873636875.0,	0.023380279541015625,	0.09131240844726562
5873645000.0,	0.021602630615234375,	0.09230804443359375
5873653125.0,	0.01969146728515625,	0.09320831298828125
5873661250.0,	0.022586822509765625,	0.09379196166992188
5873669375.0,	0.023197174072265625,	0.08986663818359375
5873677500.0,	0.021636962890625,	0.0910491943359375
5873685625.0,	0.02288055419921875,	0.091766357421875
5873693750.0,	0.02178955078125,	0.09125900268554688
5873701875.0,	0.022632598876953125,	0.09154510498046875
5873710000.0,	0.02191162109375,	0.09270858764648438
5873718125.0,	0.022968292236328125,	0.09056472778320312
5873726250.0,	0.020740509033203125,	0.09268951416015625
5873734375.0,	0.0214691162109375,	0.090606689453125
5873742500.0,	0.023578643798828125,	0.09495925903320312
5873750625.0,	0.02071380615234375,	0.091552734375
5873758750.0,	0.02215576171875,	0.08921432495117188
5873766875.0,	0.02268218994140625,	0.0923004150390625
5873775000.0,	0.023712158203125,	0.09134674072265625
5873783125.0,	0.025402069091796875,	0.093292236328125
5873791250.0,	0.0232391357421875,	0.093902587890625
5873799375.0,	0.02333831787109375,	0.09244537353515625
5873807500.0,	0.02392578125,	0.09238433837890625
5873815625.0,	0.02315521240234375,	0.09341812133789062
5873823750.0,	0.024494171142578125,	0.092254638671875
5873831875.0,	0.024616241455078125,	0.09195709228515625
5873840000.0,	0.0233001708984375,	0.09252548217773438
5873848125.0,	0.023532867431640625,	0.0949554443359375
5873856250.0,	0.02303314208984375,	0.09247589111328125
5873864375.0,	0.023540496826171875,	0.09172439575195312
5873872500.0,	0.023799896240234375,	0.09261322021484375
5873880625.0,	0.022594451904296875,	0.09105300903320312
5873888750.0,	0.022701263427734375,	0.0918121337890625
5873896875.0,	0.024875640869140625,	0.09297943115234375
5873905000.0,	0.024951934814453125,	0.09379196166992188
5873913125.0,	0.024944305419921875,	0.09368133544921875
5873921250.0,	0.025928497314453125,	0.09286117553710938
5873929375.0,	0.024013519287109375,	0.09092330932617188
5873937500.0,	0.02342987060546875,	0.09012985229492188
5873945625.0,	0.023868560791015625,	0.09315872192382812
5873953750.0,	0.024349212646484375,	0.09327316284179688
5873961875.0,	0.023487091064453125,	0.09226608276367188
5873970000.0,	0.024784088134765625,	0.09490203857421875
5873978125.0,	0.0223846435546875,	0.09347915649414062
5873986250.0,	0.024013519287109375,	0.09224319458007812
5873994375.0,	0.024341583251953125,	0.09215545654296875
5874002500.0,	0.022960662841796875,	0.09489059448242188
5874010625.0,	0.024608612060546875,	0.09409713745117188
5874018750.0,	0.02375030517578125,	0.09398651123046875
5874026875.0,	0.025432586669921875,	0.0958709716796875
5874035000.0,	0.023815155029296875,	0.09531021118164062
5874043125.0,	0.024684906005859375,	0.09496307373046875
5874051250.0,	0.02358245849609375,	0.09365463256835938
5874059375.0,	0.023326873779296875,	0.09543228149414062
5874067500.0,	0.02658843994140625,	0.09536361694335938
5874075625.0,	0.02367401123046875,	0.09442138671875
5874083750.0,	0.025238037109375,	0.09440994262695312
5874091875.0,	0.025135040283203125,	0.096282958984375
5874100000.0,	0.0250701904296875,	0.09606552124023438
5874108125.0,	0.025238037109375,	0.092498779296875
5874116250.0,	0.026027679443359375,	0.09539031982421875
5874124375.0,	0.023906707763671875,	0.09479904174804688
5874132500.0,	0.0259246826171875,	0.0959320068359375
5874140625.0,	0.025592803955078125,	0.09637069702148438
5874148750.0,	0.025539398193359375,	0.09318161010742188
5874156875.0,	0.023975372314453125,	0.096466064453125
5874165000.0,	0.02468109130859375,	0.09392929077148438
5874173125.0,	0.025226593017578125,	0.09576797485351562
5874181250.0,	0.02565765380859375,	0.09589385986328125
5874189375.0,	0.02457427978515625,	0.09349822998046875
5874197500.0,	0.024311065673828125,	0.09322357177734375
5874205625.0,	0.0279541015625,	0.09477615356445312
5874213750.0,	0.02521514892578125,	0.09685897827148438
5874221875.0,	0.025257110595703125,	0.0956878662109375
5874230000.0,	0.02693939208984375,	0.09634017944335938
5874238125.0,	0.02710723876953125,	0.09619903564453125
5874246250.0,	0.024387359619140625,	0.09434127807617188
5874254375.0,	0.026561737060546875,	0.0944976806640625
5874262500.0,	0.0276641845703125,	0.09638214111328125
5874270625.0,	0.02530670166015625,	0.09615707397460938
5874278750.0,	0.0264892578125,	0.09444427490234375
5874286875.0,	0.027507781982421875,	0.09731292724609375
5874295000.0,	0.026123046875,	0.09719467163085938
5874303125.0,	0.02683258056640625,	0.09674835205078125
5874311250.0,	0.02716064453125,	0.09422683715820312
5874319375.0,	0.028583526611328125,	0.0958099365234375
5874327500.0,	0.0285797119140625,	0.09549713134765625
5874335625.0,	0.026576995849609375,	0.09543228149414062
5874343750.0,	0.02657318115234375,	0.09806060791015625
5874351875.0,	0.029850006103515625,	0.0957183837890625
5874360000.0,	0.02808380126953125,	0.09633255004882812
5874368125.0,	0.027126312255859375,	0.09688186645507812
5874376250.0,	0.02738189697265625,	0.09643173217773438
5874384375.0,	0.02475738525390625,	0.09643173217773438
5874392500.0,	0.028491973876953125,	0.09555435180664062
5874400625.0,	0.029712677001953125,	0.09550857543945312
5874408750.0,	0.03076171875,	0.0973663330078125
5874416875.0,	0.028247833251953125,	0.09853744506835938
5874425000.0,	0.02809906005859375,	0.09658050537109375
5874433125.0,	0.027496337890625,	0.09859085083007812
5874441250.0,	0.026790618896484375,	0.09547805786132812
5874449375.0,	0.027454376220703125,	0.0966949462890625
5874457500.0,	0.02831268310546875,	0.0976715087890625
5874465625.0,	0.026897430419921875,	0.09642791748046875
5874473750.0,	0.028507232666015625,	0.0960235595703125
5874481875.0,	0.028839111328125,	0.09595108032226562
5874490000.0,	0.028217315673828125,	0.0965728759765625
5874498125.0,	0.0289154052734375,	0.09703826904296875
5874506250.0,	0.02735137939453125,	0.09627914428710938
5874514375.0,	0.02623748779296875,	0.09870529174804688
5874522500.0,	0.028717041015625,	0.095703125
5874530625.0,	0.0270843505859375,	0.09626388549804688
5874538750.0,	0.0283966064453125,	0.0989532470703125
5874546875.0,	0.026195526123046875,	0.09841537475585938
5874555000.0,	0.02793121337890625,	0.09845733642578125
5874563125.0,	0.0275726318359375,	0.0970306396484375
5874571250.0,	0.028484344482421875,	0.09679031372070312
5874579375.0,	0.0281524658203125,	0.094329833984375
5874587500.0,	0.02803802490234375,	0.09645462036132812
5874595625.0,	0.029254913330078125,	0.0974578857421875
5874603750.0,	0.027812957763671875,	0.09674835205078125
5874611875.0,	0.028736114501953125,	0.0982208251953125
5874620000.0,	0.029010772705078125,	0.09870529174804688
5874628125.0,	0.028362274169921875,	0.0983734130859375
5874636250.0,	0.029415130615234375,	0.09901046752929688
5874644375.0,	0.02984619140625,	0.09825897216796875
5874652500.0,	0.028656005859375,	0.09691619873046875
5874660625.0,	0.028499603271484375,	0.09634780883789062
5874668750.0,	0.030364990234375,	0.09733200073242188
5874676875.0,	0.02906036376953125,	0.09897994995117188
5874685000.0,	0.029216766357421875,	0.09922409057617188
5874693125.0,	0.030170440673828125,	0.0980987548828125
5874701250.0,	0.0297698974609375,	0.09815216064453125
5874709375.0,	0.02829742431640625,	0.09803009033203125
5874717500.0,	0.027805328369140625,	0.09926986694335938
5874725625.0,	0.02835845947265625,	0.09627914428710938
5874733750.0,	0.029521942138671875,	0.09788131713867188
5874741875.0,	0.030368804931640625,	0.10057830810546875
5874750000.0,	0.0285186767578125,	0.0990447998046875
5874758125.0,	0.029750823974609375,	0.09904861450195312
5874766250.0,	0.0295562744140625,	0.09854507446289062
5874774375.0,	0.027374267578125,	0.09669113159179688
5874782500.0,	0.029998779296875,	0.09789276123046875
5874790625.0,	0.029697418212890625,	0.09878158569335938
5874798750.0,	0.031406402587890625,	0.09907913208007812
5874806875.0,	0.02983856201171875,	0.09782791137695312
5874815000.0,	0.029201507568359375,	0.0988006591796875
5874823125.0,	0.02893829345703125,	0.09809112548828125
5874831250.0,	0.02811431884765625,	0.09947586059570312
5874839375.0,	0.030773162841796875,	0.0991058349609375
5874847500.0,	0.03028106689453125,	0.09745025634765625
5874855625.0,	0.031803131103515625,	0.09940338134765625
5874863750.0,	0.031848907470703125,	0.09820938110351562
5874871875.0,	0.029022216796875,	0.09914779663085938
5874880000.0,	0.029628753662109375,	0.09970855712890625
5874888125.0,	0.03075408935546875,	0.09612274169921875
5874896250.0,	0.030437469482421875,	0.1000823974609375
5874904375.0,	0.029125213623046875,	0.09748077392578125
5874912500.0,	0.030979156494140625,	0.09911727905273438
5874920625.0,	0.028377532958984375,	0.09979629516601562
5874928750.0,	0.02913665771484375,	0.09981918334960938
5874936875.0,	0.030361175537109375,	0.09923171997070312
5874945000.0,	0.0294647216796875,	0.09869766235351562
5874953125.0,	0.0279083251953125,	0.09897994995117188
5874961250.0,	0.028961181640625,	0.09954833984375
5874969375.0,	0.029949188232421875,	0.10065460205078125
5874977500.0,	0.032154083251953125,	0.10016632080078125
5874985625.0,	0.032489776611328125,	0.09844207763671875
5874993750.0,	0.0302734375,	0.09933853149414062
5875001875.0,	0.030239105224609375,	0.09875106811523438
5875010000.0,	0.0304718017578125,	0.0992584228515625
5875018125.0,	0.030216217041015625,	0.09865570068359375
5875026250.0,	0.03163909912109375,	0.10019302368164062
5875034375.0,	0.03137969970703125,	0.09871673583984375
5875042500.0,	0.030384063720703125,	0.09906768798828125
5875050625.0,	0.030223846435546875,	0.10012054443359375
5875058750.0,	0.031017303466796875,	0.09747314453125
5875066875.0,	0.031097412109375,	0.1002349853515625
5875075000.0,	0.0304107666015625,	0.0991668701171875
5875083125.0,	0.03076171875,	0.09962081909179688
5875091250.0,	0.0330352783203125,	0.09867095947265625
5875099375.0,	0.03302001953125,	0.09948348999023438
5875107500.0,	0.03113555908203125,	0.09917068481445312
5875115625.0,	0.032299041748046875,	0.09867477416992188
5875123750.0,	0.032588958740234375,	0.09758377075195312
5875131875.0,	0.0335845947265625,	0.10016250610351562
5875140000.0,	0.032039642333984375,	0.10052108764648438
5875148125.0,	0.031978607177734375,	0.09938430786132812
5875156250.0,	0.03240203857421875,	0.09932327270507812
5875164375.0,	0.031158447265625,	0.09921646118164062
5875172500.0,	0.033817291259765625,	0.0994415283203125
5875180625.0,	0.031551361083984375,	0.09903335571289062
5875188750.0,	0.032093048095703125,	0.10062408447265625
5875196875.0,	0.0312957763671875,	0.09998321533203125
5875205000.0,	0.032512664794921875,	0.0999908447265625
5875213125.0,	0.033184051513671875,	0.097015380859375
5875221250.0,	0.03322601318359375,	0.09974288940429688
5875229375.0,	0.03116607666015625,	0.09963226318359375
5875237500.0,	0.033817291259765625,	0.10059356689453125
5875245625.0,	0.03134918212890625,	0.10137176513671875
5875253750.0,	0.03256988525390625,	0.09829330444335938
5875261875.0,	0.033885955810546875,	0.10005569458007812
5875270000.0,	0.032867431640625,	0.10065460205078125
5875278125.0,	0.0357666015625,	0.09738540649414062
5875286250.0,	0.033489227294921875,	0.09904861450195312
5875294375.0,	0.033222198486328125,	0.10104751586914062
5875302500.0,	0.03197479248046875,	0.1000518798828125
5875310625.0,	0.03314971923828125,	0.09972381591796875
5875318750.0,	0.032680511474609375,	0.10080718994140625
5875326875.0,	0.0312042236328125,	0.09844970703125
5875335000.0,	0.034221649169921875,	0.09940338134765625
5875343125.0,	0.03255462646484375,	0.10129547119140625
5875351250.0,	0.03308868408203125,	0.09997177124023438
5875359375.0,	0.032009124755859375,	0.09958267211914062
5875367500.0,	0.032413482666015625,	0.09997177124023438
5875375625.0,	0.032047271728515625,	0.10201263427734375
5875383750.0,	0.03290557861328125,	0.10087203979492188
5875391875.0,	0.03345489501953125,	0.10109329223632812
5875400000.0,	0.03131866455078125,	0.09910202026367188
5875408125.0,	0.03179931640625,	0.09998321533203125
5875416250.0,	0.034145355224609375,	0.09924697875976562
5875424375.0,	0.031803131103515625,	0.10124588012695312
5875432500.0,	0.03324127197265625,	0.09970474243164062
5875440625.0,	0.03209686279296875,	0.10091018676757812
5875448750.0,	0.034908294677734375,	0.10040283203125
5875456875.0,	0.03307342529296875,	0.10010147094726562
5875465000.0,	0.032257080078125,	0.10180282592773438
5875473125.0,	0.032268524169921875,	0.10071563720703125
5875481250.0,	0.034519195556640625,	0.1007232666015625
5875489375.0,	0.033329010009765625,	0.1009063720703125
5875497500.0,	0.034519195556640625,	0.099761962890625
5875505625.0,	0.03304290771484375,	0.10260772705078125
5875513750.0,	0.0306243896484375,	0.10160064697265625
5875521875.0,	0.030879974365234375,	0.1003875732421875
5875530000.0,	0.03290557861328125,	0.102386474609375
5875538125.0,	0.032871246337890625,	0.102142333984375
5875546250.0,	0.033855438232421875,	0.10314178466796875
5875554375.0,	0.032779693603515625,	0.09980392456054688
5875562500.0,	0.035068511962890625,	0.10283279418945312
5875570625.0,	0.03398895263671875,	0.10047149658203125
5875578750.0,	0.034393310546875,	0.1013031005859375
5875586875.0,	0.033336639404296875,	0.10108184814453125
5875595000.0,	0.03380584716796875,	0.10293960571289062
5875603125.0,	0.032825469970703125,	0.10258102416992188
5875611250.0,	0.03322601318359375,	0.09970474243164062
5875619375.0,	0.0324554443359375,	0.10129547119140625
5875627500.0,	0.032810211181640625,	0.10246658325195312
5875635625.0,	0.033172607421875,	0.10036468505859375
5875643750.0,	0.033267974853515625,	0.10404205322265625
5875651875.0,	0.03330230712890625,	0.09987258911132812
5875660000.0,	0.03398895263671875,	0.10145950317382812
5875668125.0,	0.033863067626953125,	0.102325439453125
5875676250.0,	0.035213470458984375,	0.10128021240234375
5875684375.0,	0.03363800048828125,	0.10130691528320312
5875692500.0,	0.033138275146484375,	0.10019683837890625
5875700625.0,	0.03325653076171875,	0.1034698486328125
5875708750.0,	0.035579681396484375,	0.10258102416992188
5875716875.0,	0.035247802734375,	0.1006927490234375
5875725000.0,	0.032901763916015625,	0.10430908203125
5875733125.0,	0.03533935546875,	0.100555419921875
5875741250.0,	0.035190582275390625,	0.10019683837890625
5875749375.0,	0.036403656005859375,	0.10187149047851562
5875757500.0,	0.033504486083984375,	0.10200881958007812
5875765625.0,	0.03617095947265625,	0.10094833374023438
5875773750.0,	0.034297943115234375,	0.10342025756835938
5875781875.0,	0.035541534423828125,	0.10399627685546875
5875790000.0,	0.034915924072265625,	0.10024261474609375
5875798125.0,	0.0338287353515625,	0.10248947143554688
5875806250.0,	0.035572052001953125,	0.10229110717773438
5875814375.0,	0.035022735595703125,	0.103729248046875
5875822500.0,	0.03621673583984375,	0.10057449340820312
5875830625.0,	0.0343475341796875,	0.10062408447265625
5875838750.0,	0.033771514892578125,	0.10232162475585938
5875846875.0,	0.033535003662109375,	0.10204696655273438
5875855000.0,	0.03741455078125,	0.10290145874023438
5875863125.0,	0.035457611083984375,	0.10231781005859375
5875871250.0,	0.033935546875,	0.099822998046875
5875879375.0,	0.034076690673828125,	0.10309219360351562
5875887500.0,	0.034576416015625,	0.10341644287109375
5875895625.0,	0.0361785888671875,	0.10164260864257812
5875903750.0,	0.0353546142578125,	0.1016082763671875
5875911875.0,	0.03369903564453125,	0.10095596313476562
5875920000.0,	0.034389495849609375,	0.10113525390625
5875928125.0,	0.03652191162109375,	0.10350418090820312
5875936250.0,	0.0355377197265625,	0.10103607177734375
5875944375.0,	0.035900115966796875,	0.10098648071289062
5875952500.0,	0.035243988037109375,	0.10359954833984375
5875960625.0,	0.03478240966796875,	0.10297393798828125
5875968750.0,	0.03452301025390625,	0.10183334350585938
5875976875.0,	0.035785675048828125,	0.10094451904296875
5875985000.0,	0.03804779052734375,	0.10151290893554688
5875993125.0,	0.034671783447265625,	0.10095596313476562
5876001250.0,	0.036327362060546875,	0.10433578491210938
5876009375.0,	0.037044525146484375,	0.1023406982421875
5876017500.0,	0.036983489990234375,	0.10116958618164062
5876025625.0,	0.036182403564453125,	0.10343551635742188
5876033750.0,	0.036373138427734375,	0.10316848754882812
5876041875.0,	0.035694122314453125,	0.10313034057617188
5876050000.0,	0.036895751953125,	0.10396194458007812
5876058125.0,	0.0353851318359375,	0.10250473022460938
5876066250.0,	0.034481048583984375,	0.10417556762695312
5876074375.0,	0.03575897216796875,	0.1029205322265625
5876082500.0,	0.036472320556640625,	0.10394668579101562
5876090625.0,	0.036708831787109375,	0.10187149047851562
5876098750.0,	0.0373077392578125,	0.10437774658203125
5876106875.0,	0.03598785400390625,	0.10302352905273438
5876115000.0,	0.03566741943359375,	0.10186004638671875
5876123125.0,	0.036529541015625,	0.10188674926757812
5876131250.0,	0.036029815673828125,	0.10112380981445312
5876139375.0,	0.0351715087890625,	0.10437393188476562
5876147500.0,	0.03668975830078125,	0.10280990600585938
5876155625.0,	0.03582763671875,	0.10306549072265625
5876163750.0,	0.03731536865234375,	0.10250091552734375
5876171875.0,	0.034839630126953125,	0.10068893432617188
5876180000.0,	0.035976409912109375,	0.10250473022460938
5876188125.0,	0.037139892578125,	0.10173416137695312
5876196250.0,	0.03688812255859375,	0.10271453857421875
5876204375.0,	0.03708648681640625,	0.10084915161132812
5876212500.0,	0.03551483154296875,	0.10446548461914062
5876220625.0,	0.040447235107421875,	0.10270309448242188
5876228750.0,	0.03653717041015625,	0.10373306274414062
5876236875.0,	0.0358734130859375,	0.10185623168945312
5876245000.0,	0.03719329833984375,	0.10268783569335938
5876253125.0,	0.03554534912109375,	0.10263442993164062
5876261250.0,	0.03711700439453125,	0.10326766967773438
5876269375.0,	0.036853790283203125,	0.10297012329101562
5876277500.0,	0.0400543212890625,	0.10451889038085938
5876285625.0,	0.03624725341796875,	0.10541915893554688
5876293750.0,	0.03859710693359375,	0.10165786743164062
5876301875.0,	0.0368194580078125,	0.10253524780273438
5876310000.0,	0.035198211669921875,	0.10191726684570312
5876318125.0,	0.03668212890625,	0.10517120361328125
5876326250.0,	0.03612518310546875,	0.10239410400390625
5876334375.0,	0.035823822021484375,	0.10409927368164062
5876342500.0,	0.037532806396484375,	0.10493087768554688
5876350625.0,	0.036350250244140625,	0.10304641723632812
5876358750.0,	0.03759765625,	0.10433578491210938
5876366875.0,	0.038051605224609375,	0.09959793090820312
5876375000.0,	0.037433624267578125,	0.10424423217773438
5876383125.0,	0.038425445556640625,	0.1038360595703125
5876391250.0,	0.037384033203125,	0.10483932495117188
5876399375.0,	0.035717010498046875,	0.10270309448242188
5876407500.0,	0.038234710693359375,	0.10346221923828125
5876415625.0,	0.038299560546875,	0.10324478149414062
5876423750.0,	0.03545379638671875,	0.10412216186523438
5876431875.0,	0.03902435302734375,	0.10420608520507812
5876440000.0,	0.035984039306640625,	0.104034423828125
5876448125.0,	0.03717041015625,	0.10383224487304688
5876456250.0,	0.03673553466796875,	0.1025543212890625
5876464375.0,	0.03774261474609375,	0.1033782958984375
5876472500.0,	0.03711700439453125,	0.10320281982421875
5876480625.0,	0.036586761474609375,	0.10472488403320312
5876488750.0,	0.035945892333984375,	0.10416793823242188
5876496875.0,	0.03687286376953125,	0.1036376953125
5876505000.0,	0.035945892333984375,	0.1022491455078125
5876513125.0,	0.037769317626953125,	0.10215377807617188
5876521250.0,	0.039154052734375,	0.10554122924804688
5876529375.0,	0.038848876953125,	0.10314178466796875
5876537500.0,	0.03868865966796875,	0.1036834716796875
5876545625.0,	0.038448333740234375,	0.10220718383789062
5876553750.0,	0.03919219970703125,	0.10412979125976562
5876561875.0,	0.0394439697265625,	0.10585403442382812
5876570000.0,	0.037685394287109375,	0.1014251708984375
5876578125.0,	0.03478240966796875,	0.10292816162109375
5876586250.0,	0.0379180908203125,	0.10276412963867188
5876594375.0,	0.037750244140625,	0.10448837280273438
5876602500.0,	0.037754058837890625,	0.10190963745117188
5876610625.0,	0.03833770751953125,	0.10359573364257812
5876618750.0,	0.0369110107421875,	0.10335922241210938
5876626875.0,	0.037227630615234375,	0.10395050048828125
5876635000.0,	0.039417266845703125,	0.10458755493164062
5876643125.0,	0.038249969482421875,	0.10382080078125
5876651250.0,	0.037586212158203125,	0.10400772094726562
5876659375.0,	0.03620147705078125,	0.10277557373046875
5876667500.0,	0.03705596923828125,	0.1056976318359375
5876675625.0,	0.040004730224609375,	0.10272216796875
5876683750.0,	0.038776397705078125,	0.10619735717773438
5876691875.0,	0.03940582275390625,	0.10468673706054688
5876700000.0,	0.03690338134765625,	0.10455703735351562
5876708125.0,	0.0389862060546875,	0.1031341552734375
5876716250.0,	0.0404052734375,	0.10407638549804688
5876724375.0,	0.038043975830078125,	0.103759765625
5876732500.0,	0.0379180908203125,	0.10227203369140625
5876740625.0,	0.038654327392578125,	0.10419845581054688
5876748750.0,	0.039546966552734375,	0.10420608520507812
5876756875.0,	0.038295745849609375,	0.10403823852539062
5876765000.0,	0.036785125732421875,	0.10454177856445312
5876773125.0,	0.037811279296875,	0.1050567626953125
5876781250.0,	0.039394378662109375,	0.1049652099609375
5876789375.0,	0.03907012939453125,	0.10401535034179688
5876797500.0,	0.038654327392578125,	0.10378646850585938
5876805625.0,	0.037891387939453125,	0.10355377197265625
5876813750.0,	0.03920745849609375,	0.10300827026367188
5876821875.0,	0.038516998291015625,	0.1048736572265625
5876830000.0,	0.0378875732421875,	0.10385513305664062
5876838125.0,	0.040027618408203125,	0.10355758666992188
5876846250.0,	0.03905487060546875,	0.10505294799804688
5876854375.0,	0.03855133056640625,	0.10535430908203125
5876862500.0,	0.03852081298828125,	0.1059722900390625
5876870625.0,	0.041141510009765625,	0.10383224487304688
5876878750.0,	0.037303924560546875,	0.10572433471679688
5876886875.0,	0.03978729248046875,	0.10490036010742188
5876895000.0,	0.04009246826171875,	0.1050262451171875
5876903125.0,	0.03809356689453125,	0.10389328002929688
5876911250.0,	0.038379669189453125,	0.10457229614257812
5876919375.0,	0.040386199951171875,	0.1049652099609375
5876927500.0,	0.0400238037109375,	0.10387802124023438
5876935625.0,	0.04068756103515625,	0.10378646850585938
5876943750.0,	0.039958953857421875,	0.10542678833007812
5876951875.0,	0.039623260498046875,	0.10396575927734375
5876960000.0,	0.039402008056640625,	0.10371017456054688
5876968125.0,	0.03905487060546875,	0.1035614013671875
5876976250.0,	0.04058837890625,	0.10336685180664062
5876984375.0,	0.039508819580078125,	0.10451126098632812
5876992500.0,	0.039646148681640625,	0.10370635986328125
5877000625.0,	0.039691925048828125,	0.102508544921875
5877008750.0,	0.03990936279296875,	0.10527801513671875
5877016875.0,	0.0381622314453125,	0.10539627075195312
5877025000.0,	0.038410186767578125,	0.10370635986328125
5877033125.0,	0.041637420654296875,	0.10102462768554688
5877041250.0,	0.040363311767578125,	0.105133056640625
5877049375.0,	0.0410003662109375,	0.10332489013671875
5877057500.0,	0.040111541748046875,	0.10359954833984375
5877065625.0,	0.03914642333984375,	0.10678863525390625
5877073750.0,	0.04045867919921875,	0.105926513671875
5877081875.0,	0.038768768310546875,	0.1057586669921875
5877090000.0,	0.039173126220703125,	0.10508346557617188
5877098125.0,	0.03946685791015625,	0.10280609130859375
5877106250.0,	0.04003143310546875,	0.1051788330078125
5877114375.0,	0.03762054443359375,	0.10543441772460938
5877122500.0,	0.039852142333984375,	0.10406875610351562
5877130625.0,	0.040386199951171875,	0.10483169555664062
5877138750.0,	0.039569854736328125,	0.10483169555664062
5877146875.0,	0.04070281982421875,	0.10396957397460938
5877155000.0,	0.038967132568359375,	0.10506057739257812
5877163125.0,	0.0400390625,	0.10409927368164062
5877171250.0,	0.040187835693359375,	0.10497665405273438
5877179375.0,	0.03924560546875,	0.10480880737304688
5877187500.0,	0.04042816162109375,	0.1063690185546875
5877195625.0,	0.040370941162109375,	0.104217529296875
5877203750.0,	0.040325164794921875,	0.10253143310546875
5877211875.0,	0.038074493408203125,	0.10665512084960938
5877220000.0,	0.038661956787109375,	0.10754013061523438
5877228125.0,	0.04283905029296875,	0.1053314208984375
5877236250.0,	0.040943145751953125,	0.10617446899414062
5877244375.0,	0.03823089599609375,	0.1047210693359375
5877252500.0,	0.0402069091796875,	0.10472488403320312
5877260625.0,	0.038654327392578125,	0.10610580444335938
5877268750.0,	0.039745330810546875,	0.10503005981445312
5877276875.0,	0.03987884521484375,	0.10260772705078125
5877285000.0,	0.038585662841796875,	0.10613250732421875
5877293125.0,	0.04007720947265625,	0.1042938232421875
5877301250.0,	0.041225433349609375,	0.10518264770507812
5877309375.0,	0.040493011474609375,	0.10445785522460938
5877317500.0,	0.041675567626953125,	0.10607528686523438
5877325625.0,	0.0407562255859375,	0.10379409790039062
5877333750.0,	0.03945159912109375,	0.10625457763671875
5877341875.0,	0.040370941162109375,	0.10655975341796875
5877350000.0,	0.0407562255859375,	0.10419845581054688
5877358125.0,	0.040294647216796875,	0.10676956176757812
5877366250.0,	0.04085540771484375,	0.10541534423828125
5877374375.0,	0.041126251220703125,	0.10614776611328125
5877382500.0,	0.0411376953125,	0.10741043090820312
5877390625.0,	0.04135894775390625,	0.10713958740234375
5877398750.0,	0.0411376953125,	0.10570144653320312
5877406875.0,	0.040924072265625,	0.10542678833007812
5877415000.0,	0.03978729248046875,	0.10604095458984375
5877423125.0,	0.04126739501953125,	0.10589599609375
5877431250.0,	0.04242706298828125,	0.10728836059570312
5877439375.0,	0.04087066650390625,	0.10681915283203125
5877447500.0,	0.040348052978515625,	0.10611343383789062
5877455625.0,	0.040676116943359375,	0.10554122924804688
5877463750.0,	0.04001617431640625,	0.10402679443359375
5877471875.0,	0.040561676025390625,	0.106475830078125
5877480000.0,	0.0405731201171875,	0.10648345947265625
5877488125.0,	0.041782379150390625,	0.10738372802734375
5877496250.0,	0.042652130126953125,	0.10650253295898438
5877504375.0,	0.04082489013671875,	0.10675048828125
5877512500.0,	0.038990020751953125,	0.10552215576171875
5877520625.0,	0.039134979248046875,	0.1056671142578125
5877528750.0,	0.04270172119140625,	0.10555648803710938
5877536875.0,	0.041839599609375,	0.10613632202148438
5877545000.0,	0.040775299072265625,	0.10585403442382812
5877553125.0,	0.0443115234375,	0.10716629028320312
5877561250.0,	0.04248809814453125,	0.10606002807617188
5877569375.0,	0.04168701171875,	0.10520553588867188
5877577500.0,	0.041507720947265625,	0.1048583984375
5877585625.0,	0.0436553955078125,	0.10675048828125
5877593750.0,	0.041927337646484375,	0.106231689453125
5877601875.0,	0.040904998779296875,	0.10589981079101562
5877610000.0,	0.039539337158203125,	0.10646820068359375
5877618125.0,	0.04126739501953125,	0.1053466796875
5877626250.0,	0.041820526123046875,	0.10557174682617188
5877634375.0,	0.040130615234375,	0.10937881469726562
5877642500.0,	0.040409088134765625,	0.10456085205078125
5877650625.0,	0.041378021240234375,	0.10684967041015625
5877658750.0,	0.041782379150390625,	0.10667037963867188
5877666875.0,	0.0412750244140625,	0.10687637329101562
5877675000.0,	0.04019927978515625,	0.10616683959960938
5877683125.0,	0.0428314208984375,	0.10784912109375
5877691250.0,	0.040985107421875,	0.10521697998046875
5877699375.0,	0.0399017333984375,	0.10713958740234375
5877707500.0,	0.042049407958984375,	0.1050262451171875
5877715625.0,	0.04217529296875,	0.10760879516601562
5877723750.0,	0.041057586669921875,	0.1063995361328125
5877731875.0,	0.04270172119140625,	0.10499954223632812
5877740000.0,	0.041240692138671875,	0.10667800903320312
5877748125.0,	0.04140472412109375,	0.10541152954101562
5877756250.0,	0.040760040283203125,	0.10717391967773438
5877764375.0,	0.0402069091796875,	0.10572433471679688
5877772500.0,	0.041996002197265625,	0.108642578125
5877780625.0,	0.042789459228515625,	0.10631561279296875
5877788750.0,	0.042667388916015625,	0.10458755493164062
5877796875.0,	0.04427337646484375,	0.1063690185546875
5877805000.0,	0.042415618896484375,	0.10675430297851562
5877813125.0,	0.0423126220703125,	0.10799789428710938
5877821250.0,	0.041965484619140625,	0.10735321044921875
5877829375.0,	0.04268646240234375,	0.10469818115234375
5877837500.0,	0.043773651123046875,	0.106658935546875
5877845625.0,	0.042613983154296875,	0.1061553955078125
5877853750.0,	0.04288482666015625,	0.10577392578125
5877861875.0,	0.041339874267578125,	0.10622024536132812
5877870000.0,	0.040874481201171875,	0.109283447265625
5877878125.0,	0.043292999267578125,	0.10703277587890625
5877886250.0,	0.04286956787109375,	0.10736465454101562
5877894375.0,	0.041595458984375,	0.10526657104492188
5877902500.0,	0.043323516845703125,	0.10654449462890625
5877910625.0,	0.043003082275390625,	0.10622406005859375
5877918750.0,	0.04164886474609375,	0.1087188720703125
5877926875.0,	0.0416412353515625,	0.10806655883789062
5877935000.0,	0.0419158935546875,	0.1053466796875
5877943125.0,	0.042652130126953125,	0.10506439208984375
5877951250.0,	0.042510986328125,	0.10811996459960938
5877959375.0,	0.04239654541015625,	0.10492706298828125
5877967500.0,	0.045146942138671875,	0.10635757446289062
5877975625.0,	0.04170989990234375,	0.10552215576171875
5877983750.0,	0.0431060791015625,	0.105377197265625
5877991875.0,	0.0412139892578125,	0.10677719116210938
5878000000.0,	0.042652130126953125,	0.10505294799804688
