5633008125.0,	0.1033172607421875,	0.10589599609375
5633016250.0,	0.10278701782226562,	0.10457229614257812
5633024375.0,	0.10387420654296875,	0.10495758056640625
5633032500.0,	0.10393524169921875,	0.10435867309570312
5633040625.0,	0.10417938232421875,	0.1032562255859375
5633048750.0,	0.10250473022460938,	0.10317230224609375
5633056875.0,	0.10245895385742188,	0.10506439208984375
5633065000.0,	0.10402679443359375,	0.104278564453125
5633073125.0,	0.10529708862304688,	0.10317230224609375
5633081250.0,	0.10413742065429688,	0.10430908203125
5633089375.0,	0.103515625,	0.10436630249023438
5633097500.0,	0.10462570190429688,	0.10549163818359375
5633105625.0,	0.10373306274414062,	0.1055908203125
5633113750.0,	0.10528945922851562,	0.10475921630859375
5633121875.0,	0.10422134399414062,	0.1031646728515625
5633130000.0,	0.1052703857421875,	0.10381317138671875
5633138125.0,	0.10346221923828125,	0.10294342041015625
5633146250.0,	0.10341262817382812,	0.10490036010742188
5633154375.0,	0.10437774658203125,	0.10296630859375
5633162500.0,	0.10507965087890625,	0.10338211059570312
5633170625.0,	0.10477828979492188,	0.10298919677734375
5633178750.0,	0.10377120971679688,	0.10347747802734375
5633186875.0,	0.10338592529296875,	0.10352325439453125
5633195000.0,	0.10433197021484375,	0.10251235961914062
5633203125.0,	0.1052398681640625,	0.10193634033203125
5633211250.0,	0.10566329956054688,	0.10536575317382812
5633219375.0,	0.10369491577148438,	0.101318359375
5633227500.0,	0.10401535034179688,	0.10463714599609375
5633235625.0,	0.105133056640625,	0.10344696044921875
5633243750.0,	0.105194091796875,	0.1030426025390625
5633251875.0,	0.10286331176757812,	0.10389328002929688
5633260000.0,	0.1050567626953125,	0.10413360595703125
5633268125.0,	0.10462188720703125,	0.10564041137695312
5633276250.0,	0.10429763793945312,	0.1045989990234375
5633284375.0,	0.1046295166015625,	0.10469818115234375
5633292500.0,	0.10555648803710938,	0.10393905639648438
5633300625.0,	0.10634231567382812,	0.10575103759765625
5633308750.0,	0.10162353515625,	0.10315322875976562
5633316875.0,	0.105438232421875,	0.10421371459960938
5633325000.0,	0.10612106323242188,	0.10236740112304688
5633333125.0,	0.10669708251953125,	0.10527801513671875
5633341250.0,	0.10704803466796875,	0.10517501831054688
5633349375.0,	0.10638809204101562,	0.10517120361328125
5633357500.0,	0.1045989990234375,	0.10711288452148438
5633365625.0,	0.1064300537109375,	0.10411834716796875
5633373750.0,	0.10663223266601562,	0.1041107177734375
5633381875.0,	0.10549545288085938,	0.10514068603515625
5633390000.0,	0.10564422607421875,	0.10239410400390625
5633398125.0,	0.10461807250976562,	0.10670089721679688
5633406250.0,	0.10469818115234375,	0.10420608520507812
5633414375.0,	0.10507583618164062,	0.10422897338867188
5633422500.0,	0.10666656494140625,	0.10236358642578125
5633430625.0,	0.10634231567382812,	0.10416793823242188
5633438750.0,	0.10740280151367188,	0.10402297973632812
5633446875.0,	0.1062164306640625,	0.10583114624023438
5633455000.0,	0.10774993896484375,	0.104248046875
5633463125.0,	0.10628509521484375,	0.10382080078125
5633471250.0,	0.10645294189453125,	0.10392379760742188
5633479375.0,	0.10575103759765625,	0.10564422607421875
5633487500.0,	0.10503768920898438,	0.10260009765625
5633495625.0,	0.1077880859375,	0.10324859619140625
5633503750.0,	0.1048431396484375,	0.10453414916992188
5633511875.0,	0.10535812377929688,	0.10364913940429688
5633520000.0,	0.10683441162109375,	0.10396575927734375
5633528125.0,	0.105438232421875,	0.10443115234375
5633536250.0,	0.10631942749023438,	0.10422515869140625
5633544375.0,	0.105682373046875,	0.10507965087890625
5633552500.0,	0.105743408203125,	0.10335159301757812
5633560625.0,	0.10609054565429688,	0.10483551025390625
5633568750.0,	0.10710906982421875,	0.10302734375
5633576875.0,	0.10599136352539062,	0.10264968872070312
5633585000.0,	0.10618209838867188,	0.10289382934570312
5633593125.0,	0.10616302490234375,	0.10306549072265625
5633601250.0,	0.10529708862304688,	0.10343170166015625
5633609375.0,	0.10832595825195312,	0.10363388061523438
5633617500.0,	0.10547637939453125,	0.10391616821289062
5633625625.0,	0.10701370239257812,	0.10405731201171875
5633633750.0,	0.10597610473632812,	0.10420608520507812
5633641875.0,	0.10782623291015625,	0.10376358032226562
5633650000.0,	0.10655593872070312,	0.104278564453125
5633658125.0,	0.10822296142578125,	0.10406494140625
5633666250.0,	0.10746383666992188,	0.10541915893554688
5633674375.0,	0.10680389404296875,	0.10468292236328125
5633682500.0,	0.10540771484375,	0.10246658325195312
5633690625.0,	0.10766220092773438,	0.10180282592773438
5633698750.0,	0.10785675048828125,	0.10287094116210938
5633706875.0,	0.10782623291015625,	0.1019287109375
5633715000.0,	0.10542678833007812,	0.10384368896484375
5633723125.0,	0.10693740844726562,	0.10280227661132812
5633731250.0,	0.10845184326171875,	0.10337066650390625
5633739375.0,	0.10598373413085938,	0.10279464721679688
5633747500.0,	0.1074066162109375,	0.10340499877929688
5633755625.0,	0.10801315307617188,	0.10406112670898438
5633763750.0,	0.1083221435546875,	0.10323715209960938
5633771875.0,	0.1069183349609375,	0.10444259643554688
5633780000.0,	0.10722732543945312,	0.10326004028320312
5633788125.0,	0.1060333251953125,	0.10150527954101562
5633796250.0,	0.10638427734375,	0.10350418090820312
5633804375.0,	0.10570526123046875,	0.10259246826171875
5633812500.0,	0.10839080810546875,	0.1033172607421875
5633820625.0,	0.10731887817382812,	0.10544586181640625
5633828750.0,	0.1092071533203125,	0.10186004638671875
5633836875.0,	0.1089630126953125,	0.10306167602539062
5633845000.0,	0.1093902587890625,	0.10227203369140625
5633853125.0,	0.10877227783203125,	0.102142333984375
5633861250.0,	0.110076904296875,	0.10176467895507812
5633869375.0,	0.10770416259765625,	0.10433197021484375
5633877500.0,	0.11113357543945312,	0.10286712646484375
5633885625.0,	0.10782241821289062,	0.10459136962890625
5633893750.0,	0.109222412109375,	0.10235595703125
5633901875.0,	0.10980224609375,	0.10271453857421875
5633910000.0,	0.10860061645507812,	0.10211563110351562
5633918125.0,	0.10726547241210938,	0.10162734985351562
5633926250.0,	0.10852432250976562,	0.10083389282226562
5633934375.0,	0.11002731323242188,	0.10296630859375
5633942500.0,	0.10837936401367188,	0.10316085815429688
5633950625.0,	0.10921096801757812,	0.10297012329101562
5633958750.0,	0.11037826538085938,	0.10247421264648438
5633966875.0,	0.11002349853515625,	0.10226821899414062
5633975000.0,	0.10927963256835938,	0.10391616821289062
5633983125.0,	0.10881805419921875,	0.10139083862304688
5633991250.0,	0.10837936401367188,	0.1009063720703125
5633999375.0,	0.10766983032226562,	0.1035614013671875
5634007500.0,	0.10880661010742188,	0.10320281982421875
5634015625.0,	0.10999679565429688,	0.10090255737304688
5634023750.0,	0.10753631591796875,	0.1054840087890625
5634031875.0,	0.10982894897460938,	0.102142333984375
5634040000.0,	0.10975265502929688,	0.10347366333007812
5634048125.0,	0.1094512939453125,	0.1026611328125
5634056250.0,	0.1097564697265625,	0.1033477783203125
5634064375.0,	0.10941696166992188,	0.1006927490234375
5634072500.0,	0.11101531982421875,	0.10223388671875
5634080625.0,	0.11072540283203125,	0.10204315185546875
5634088750.0,	0.10815048217773438,	0.10355758666992188
5634096875.0,	0.11071395874023438,	0.10315704345703125
5634105000.0,	0.1093597412109375,	0.10332489013671875
5634113125.0,	0.10969924926757812,	0.10123062133789062
5634121250.0,	0.1102447509765625,	0.10157012939453125
5634129375.0,	0.11183547973632812,	0.1021270751953125
5634137500.0,	0.11037063598632812,	0.10323715209960938
5634145625.0,	0.1096343994140625,	0.10251617431640625
5634153750.0,	0.11136245727539062,	0.10137176513671875
5634161875.0,	0.11144256591796875,	0.10133743286132812
5634170000.0,	0.11064910888671875,	0.10272598266601562
5634178125.0,	0.11109542846679688,	0.1028900146484375
5634186250.0,	0.1123046875,	0.1023712158203125
5634194375.0,	0.11046981811523438,	0.10207748413085938
5634202500.0,	0.11179733276367188,	0.10196685791015625
5634210625.0,	0.11089706420898438,	0.10224533081054688
5634218750.0,	0.11182022094726562,	0.10086441040039062
5634226875.0,	0.11154937744140625,	0.10235214233398438
5634235000.0,	0.11358261108398438,	0.103546142578125
5634243125.0,	0.11202621459960938,	0.10195541381835938
5634251250.0,	0.1120147705078125,	0.10150146484375
5634259375.0,	0.11095046997070312,	0.10231781005859375
5634267500.0,	0.11196136474609375,	0.10258102416992188
5634275625.0,	0.1103363037109375,	0.0995025634765625
5634283750.0,	0.1088714599609375,	0.101348876953125
5634291875.0,	0.11141204833984375,	0.10018157958984375
5634300000.0,	0.11120223999023438,	0.10117721557617188
5634308125.0,	0.109832763671875,	0.10161590576171875
5634316250.0,	0.11182785034179688,	0.10212326049804688
5634324375.0,	0.11231231689453125,	0.10501861572265625
5634332500.0,	0.11306381225585938,	0.10465621948242188
5634340625.0,	0.11211776733398438,	0.102264404296875
5634348750.0,	0.11135101318359375,	0.10085296630859375
5634356875.0,	0.1110382080078125,	0.10237503051757812
5634365000.0,	0.11420440673828125,	0.10309219360351562
5634373125.0,	0.1110992431640625,	0.0998077392578125
5634381250.0,	0.11353302001953125,	0.102569580078125
5634389375.0,	0.1103363037109375,	0.10299301147460938
5634397500.0,	0.11293411254882812,	0.102691650390625
5634405625.0,	0.1112213134765625,	0.102569580078125
5634413750.0,	0.11185836791992188,	0.10268402099609375
5634421875.0,	0.11331558227539062,	0.102508544921875
5634430000.0,	0.11552047729492188,	0.10342788696289062
5634438125.0,	0.1114044189453125,	0.1013031005859375
5634446250.0,	0.11297607421875,	0.101165771484375
5634454375.0,	0.11100387573242188,	0.10164642333984375
5634462500.0,	0.11225509643554688,	0.10109329223632812
5634470625.0,	0.11383056640625,	0.10236740112304688
5634478750.0,	0.11388397216796875,	0.10410690307617188
5634486875.0,	0.11355972290039062,	0.09978866577148438
5634495000.0,	0.111968994140625,	0.10341262817382812
5634503125.0,	0.11434173583984375,	0.10134506225585938
5634511250.0,	0.113433837890625,	0.10263442993164062
5634519375.0,	0.11520004272460938,	0.10222244262695312
5634527500.0,	0.11232376098632812,	0.10223770141601562
5634535625.0,	0.11449813842773438,	0.10211181640625
5634543750.0,	0.11395263671875,	0.1016082763671875
5634551875.0,	0.113067626953125,	0.10106658935546875
5634560000.0,	0.11379241943359375,	0.10213088989257812
5634568125.0,	0.11258697509765625,	0.09987640380859375
5634576250.0,	0.1143341064453125,	0.10211944580078125
5634584375.0,	0.11629104614257812,	0.09993362426757812
5634592500.0,	0.11502456665039062,	0.10066604614257812
5634600625.0,	0.11346435546875,	0.10115432739257812
5634608750.0,	0.1153106689453125,	0.102691650390625
5634616875.0,	0.1128997802734375,	0.10185623168945312
5634625000.0,	0.11504745483398438,	0.10031890869140625
5634633125.0,	0.1154327392578125,	0.10332107543945312
5634641250.0,	0.11542510986328125,	0.100982666015625
5634649375.0,	0.11447906494140625,	0.10148239135742188
5634657500.0,	0.114044189453125,	0.09969329833984375
5634665625.0,	0.11273956298828125,	0.10193252563476562
5634673750.0,	0.1164093017578125,	0.10230255126953125
5634681875.0,	0.11374282836914062,	0.10215377807617188
5634690000.0,	0.11391830444335938,	0.10200119018554688
5634698125.0,	0.1152191162109375,	0.10219192504882812
5634706250.0,	0.11448287963867188,	0.1019439697265625
5634714375.0,	0.1154937744140625,	0.09885025024414062
5634722500.0,	0.11703872680664062,	0.1015625
5634730625.0,	0.11522293090820312,	0.0993804931640625
5634738750.0,	0.11517715454101562,	0.10118865966796875
5634746875.0,	0.11618804931640625,	0.1008453369140625
5634755000.0,	0.11552047729492188,	0.10132217407226562
5634763125.0,	0.1148681640625,	0.09892654418945312
5634771250.0,	0.1150665283203125,	0.10158157348632812
5634779375.0,	0.11860275268554688,	0.09998321533203125
5634787500.0,	0.1161956787109375,	0.10052490234375
5634795625.0,	0.11623764038085938,	0.10010147094726562
5634803750.0,	0.1162567138671875,	0.10109329223632812
5634811875.0,	0.11714935302734375,	0.10069656372070312
5634820000.0,	0.11532211303710938,	0.1026153564453125
5634828125.0,	0.11601638793945312,	0.09935760498046875
5634836250.0,	0.11529922485351562,	0.10024261474609375
5634844375.0,	0.11626434326171875,	0.09914398193359375
5634852500.0,	0.11687469482421875,	0.0991363525390625
5634860625.0,	0.11414337158203125,	0.10145187377929688
5634868750.0,	0.11666107177734375,	0.09971237182617188
5634876875.0,	0.11877822875976562,	0.09972000122070312
5634885000.0,	0.11600494384765625,	0.10147857666015625
5634893125.0,	0.11605453491210938,	0.10239791870117188
5634901250.0,	0.11680984497070312,	0.10109329223632812
5634909375.0,	0.11701202392578125,	0.10125732421875
5634917500.0,	0.11665725708007812,	0.09903717041015625
5634925625.0,	0.11677932739257812,	0.09884262084960938
5634933750.0,	0.11790847778320312,	0.10099029541015625
5634941875.0,	0.114532470703125,	0.1006622314453125
5634950000.0,	0.11779022216796875,	0.10126876831054688
5634958125.0,	0.116668701171875,	0.10058212280273438
5634966250.0,	0.11647415161132812,	0.10056686401367188
5634974375.0,	0.11894607543945312,	0.10314178466796875
5634982500.0,	0.117279052734375,	0.10136795043945312
5634990625.0,	0.12033462524414062,	0.10172653198242188
5634998750.0,	0.1182403564453125,	0.10049057006835938
5635006875.0,	0.11825180053710938,	0.09951400756835938
5635015000.0,	0.11890792846679688,	0.10069656372070312
5635023125.0,	0.12006759643554688,	0.0987396240234375
5635031250.0,	0.12076568603515625,	0.09915924072265625
5635039375.0,	0.11818313598632812,	0.09995269775390625
5635047500.0,	0.11770248413085938,	0.09844589233398438
5635055625.0,	0.12084197998046875,	0.09992218017578125
5635063750.0,	0.11710739135742188,	0.10030364990234375
5635071875.0,	0.1197357177734375,	0.09913253784179688
5635080000.0,	0.11617279052734375,	0.09735107421875
5635088125.0,	0.1184844970703125,	0.09910202026367188
5635096250.0,	0.11832809448242188,	0.10060501098632812
5635104375.0,	0.11806869506835938,	0.0995025634765625
5635112500.0,	0.11821365356445312,	0.10033416748046875
5635120625.0,	0.11960983276367188,	0.09851455688476562
5635128750.0,	0.11855316162109375,	0.10030364990234375
5635136875.0,	0.11936187744140625,	0.1005706787109375
5635145000.0,	0.11871719360351562,	0.09990310668945312
5635153125.0,	0.11956024169921875,	0.09767913818359375
5635161250.0,	0.11960220336914062,	0.10010147094726562
5635169375.0,	0.12002944946289062,	0.09926223754882812
5635177500.0,	0.11957168579101562,	0.09994125366210938
5635185625.0,	0.1197052001953125,	0.100372314453125
5635193750.0,	0.12167739868164062,	0.096099853515625
5635201875.0,	0.118408203125,	0.10178375244140625
5635210000.0,	0.1187591552734375,	0.09860992431640625
5635218125.0,	0.12156295776367188,	0.09929656982421875
5635226250.0,	0.12070465087890625,	0.09906768798828125
5635234375.0,	0.12121200561523438,	0.09890365600585938
5635242500.0,	0.12078857421875,	0.09872055053710938
5635250625.0,	0.1207122802734375,	0.09869766235351562
5635258750.0,	0.12104034423828125,	0.09716796875
5635266875.0,	0.12027740478515625,	0.09908676147460938
5635275000.0,	0.12316513061523438,	0.09911727905273438
5635283125.0,	0.11941146850585938,	0.09973907470703125
5635291250.0,	0.12094879150390625,	0.10103225708007812
5635299375.0,	0.12042617797851562,	0.0983734130859375
5635307500.0,	0.12038421630859375,	0.09850311279296875
5635315625.0,	0.12073135375976562,	0.0984344482421875
5635323750.0,	0.12195205688476562,	0.09800338745117188
5635331875.0,	0.12270736694335938,	0.09642791748046875
5635340000.0,	0.12099075317382812,	0.09808731079101562
5635348125.0,	0.12158203125,	0.09674835205078125
5635356250.0,	0.1215362548828125,	0.09672927856445312
5635364375.0,	0.12366485595703125,	0.097503662109375
5635372500.0,	0.12267303466796875,	0.097991943359375
5635380625.0,	0.12133407592773438,	0.09724044799804688
5635388750.0,	0.12038040161132812,	0.097564697265625
5635396875.0,	0.1229705810546875,	0.09789276123046875
5635405000.0,	0.12265777587890625,	0.09976577758789062
5635413125.0,	0.121185302734375,	0.09824752807617188
5635421250.0,	0.12102127075195312,	0.10233306884765625
5635429375.0,	0.122161865234375,	0.09896469116210938
5635437500.0,	0.1219024658203125,	0.097381591796875
5635445625.0,	0.12427902221679688,	0.09822463989257812
5635453750.0,	0.12360382080078125,	0.09839248657226562
5635461875.0,	0.12248611450195312,	0.09776687622070312
5635470000.0,	0.12326431274414062,	0.09778213500976562
5635478125.0,	0.12425613403320312,	0.09791946411132812
5635486250.0,	0.12242507934570312,	0.0955657958984375
5635494375.0,	0.12495803833007812,	0.0992584228515625
5635502500.0,	0.12429428100585938,	0.0969085693359375
5635510625.0,	0.1253814697265625,	0.09813690185546875
5635518750.0,	0.12364959716796875,	0.09629058837890625
5635526875.0,	0.1230316162109375,	0.09694671630859375
5635535000.0,	0.1232147216796875,	0.09697723388671875
5635543125.0,	0.12363052368164062,	0.09672927856445312
5635551250.0,	0.12271881103515625,	0.0966949462890625
5635559375.0,	0.1264190673828125,	0.0959625244140625
5635567500.0,	0.126617431640625,	0.09615325927734375
5635575625.0,	0.12615203857421875,	0.09481048583984375
5635583750.0,	0.12423324584960938,	0.09698867797851562
5635591875.0,	0.12335968017578125,	0.09734725952148438
5635600000.0,	0.12549591064453125,	0.09552001953125
5635608125.0,	0.1251678466796875,	0.09514617919921875
5635616250.0,	0.12651824951171875,	0.0970916748046875
5635624375.0,	0.12313079833984375,	0.09688186645507812
5635632500.0,	0.12630462646484375,	0.09722137451171875
5635640625.0,	0.12273788452148438,	0.0962677001953125
5635648750.0,	0.1268310546875,	0.0983123779296875
5635656875.0,	0.1269683837890625,	0.097625732421875
5635665000.0,	0.12685394287109375,	0.09598541259765625
5635673125.0,	0.12693023681640625,	0.0961761474609375
5635681250.0,	0.12732696533203125,	0.097503662109375
5635689375.0,	0.12599945068359375,	0.09661102294921875
5635697500.0,	0.12551116943359375,	0.0940399169921875
5635705625.0,	0.1275177001953125,	0.0966644287109375
5635713750.0,	0.12604522705078125,	0.09580230712890625
5635721875.0,	0.1262054443359375,	0.09654998779296875
5635730000.0,	0.12735748291015625,	0.09506988525390625
5635738125.0,	0.12647247314453125,	0.094970703125
5635746250.0,	0.1266632080078125,	0.09700775146484375
5635754375.0,	0.126434326171875,	0.094390869140625
5635762500.0,	0.128143310546875,	0.0950775146484375
5635770625.0,	0.1258544921875,	0.09609222412109375
5635778750.0,	0.12822723388671875,	0.09424591064453125
5635786875.0,	0.1281890869140625,	0.0962677001953125
5635795000.0,	0.12598419189453125,	0.09578704833984375
5635803125.0,	0.12691497802734375,	0.09627532958984375
5635811250.0,	0.1259002685546875,	0.093475341796875
5635819375.0,	0.1281585693359375,	0.09676361083984375
5635827500.0,	0.12624359130859375,	0.095306396484375
5635835625.0,	0.127716064453125,	0.09497833251953125
5635843750.0,	0.1298980712890625,	0.0961151123046875
5635851875.0,	0.1290283203125,	0.0953826904296875
5635860000.0,	0.12827301025390625,	0.0951080322265625
5635868125.0,	0.1284942626953125,	0.09690093994140625
5635876250.0,	0.1281890869140625,	0.09383392333984375
5635884375.0,	0.12966156005859375,	0.094696044921875
5635892500.0,	0.12700653076171875,	0.0935821533203125
5635900625.0,	0.129119873046875,	0.0958099365234375
5635908750.0,	0.1295623779296875,	0.0952301025390625
5635916875.0,	0.130035400390625,	0.09432220458984375
5635925000.0,	0.13121795654296875,	0.093902587890625
5635933125.0,	0.12949371337890625,	0.09418487548828125
5635941250.0,	0.128936767578125,	0.09282684326171875
5635949375.0,	0.13092803955078125,	0.095001220703125
5635957500.0,	0.1306610107421875,	0.09484100341796875
5635965625.0,	0.1317596435546875,	0.095367431640625
5635973750.0,	0.1303558349609375,	0.0938568115234375
5635981875.0,	0.13234710693359375,	0.09421539306640625
5635990000.0,	0.1307373046875,	0.0923309326171875
5635998125.0,	0.13275909423828125,	0.0931549072265625
5636006250.0,	0.13074493408203125,	0.0923919677734375
5636014375.0,	0.1286773681640625,	0.09313201904296875
5636022500.0,	0.13225555419921875,	0.09267425537109375
5636030625.0,	0.1302947998046875,	0.091827392578125
5636038750.0,	0.13167572021484375,	0.0920867919921875
5636046875.0,	0.13031768798828125,	0.0949554443359375
5636055000.0,	0.13065338134765625,	0.0934906005859375
5636063125.0,	0.13263702392578125,	0.09261322021484375
5636071250.0,	0.13343048095703125,	0.09186553955078125
5636079375.0,	0.1304931640625,	0.09369659423828125
5636087500.0,	0.13188934326171875,	0.0927886962890625
5636095625.0,	0.13237762451171875,	0.09162139892578125
5636103750.0,	0.134002685546875,	0.09102630615234375
5636111875.0,	0.13262176513671875,	0.09220123291015625
5636120000.0,	0.13299560546875,	0.0934600830078125
5636128125.0,	0.13095855712890625,	0.0918426513671875
5636136250.0,	0.1324615478515625,	0.0906982421875
5636144375.0,	0.134002685546875,	0.091461181640625
5636152500.0,	0.13370513916015625,	0.0957183837890625
5636160625.0,	0.13301849365234375,	0.09040069580078125
5636168750.0,	0.132965087890625,	0.09238433837890625
5636176875.0,	0.13318634033203125,	0.0911712646484375
5636185000.0,	0.13250732421875,	0.0923309326171875
5636193125.0,	0.13367462158203125,	0.0916900634765625
5636201250.0,	0.1349945068359375,	0.09052276611328125
5636209375.0,	0.1351165771484375,	0.08962249755859375
5636217500.0,	0.1324462890625,	0.09279632568359375
5636225625.0,	0.13417816162109375,	0.08997344970703125
5636233750.0,	0.13320159912109375,	0.0920562744140625
5636241875.0,	0.13419342041015625,	0.090484619140625
5636250000.0,	0.13370513916015625,	0.09209442138671875
5636258125.0,	0.13544464111328125,	0.0923614501953125
5636266250.0,	0.134063720703125,	0.09125518798828125
5636274375.0,	0.13616180419921875,	0.0901947021484375
5636282500.0,	0.13658905029296875,	0.0904998779296875
5636290625.0,	0.13437652587890625,	0.08979034423828125
5636298750.0,	0.13639068603515625,	0.08837127685546875
5636306875.0,	0.1362152099609375,	0.0886993408203125
5636315000.0,	0.1374359130859375,	0.09114837646484375
5636323125.0,	0.13765716552734375,	0.08930206298828125
5636331250.0,	0.138580322265625,	0.08820343017578125
5636339375.0,	0.13813018798828125,	0.0885009765625
5636347500.0,	0.13703155517578125,	0.09098052978515625
5636355625.0,	0.13574981689453125,	0.09004974365234375
5636363750.0,	0.1371307373046875,	0.08880615234375
5636371875.0,	0.13719940185546875,	0.08995819091796875
5636380000.0,	0.1383819580078125,	0.08831024169921875
5636388125.0,	0.13764190673828125,	0.08950042724609375
5636396250.0,	0.13653564453125,	0.0890655517578125
5636404375.0,	0.1353302001953125,	0.08827972412109375
5636412500.0,	0.13747406005859375,	0.08856201171875
5636420625.0,	0.13773345947265625,	0.0879669189453125
5636428750.0,	0.1400604248046875,	0.08783721923828125
5636436875.0,	0.14167022705078125,	0.0877838134765625
5636445000.0,	0.139373779296875,	0.0883026123046875
5636453125.0,	0.138671875,	0.08679962158203125
5636461250.0,	0.13933563232421875,	0.0876617431640625
5636469375.0,	0.13782501220703125,	0.086639404296875
5636477500.0,	0.13864898681640625,	0.0868682861328125
5636485625.0,	0.139495849609375,	0.08650970458984375
5636493750.0,	0.13980865478515625,	0.08600616455078125
5636501875.0,	0.13961029052734375,	0.08646392822265625
5636510000.0,	0.14111328125,	0.08750152587890625
5636518125.0,	0.14025115966796875,	0.08676910400390625
5636526250.0,	0.14073944091796875,	0.08596038818359375
5636534375.0,	0.13985443115234375,	0.0854644775390625
5636542500.0,	0.14141845703125,	0.0834808349609375
5636550625.0,	0.1404571533203125,	0.087554931640625
5636558750.0,	0.1410369873046875,	0.08481597900390625
5636566875.0,	0.1410675048828125,	0.08423614501953125
5636575000.0,	0.141632080078125,	0.0864715576171875
5636583125.0,	0.1416778564453125,	0.08504486083984375
5636591250.0,	0.14194488525390625,	0.08544158935546875
5636599375.0,	0.14394378662109375,	0.086395263671875
5636607500.0,	0.1437530517578125,	0.0851593017578125
5636615625.0,	0.14128875732421875,	0.08638763427734375
5636623750.0,	0.14273834228515625,	0.08570098876953125
5636631875.0,	0.1413421630859375,	0.0849456787109375
5636640000.0,	0.14276123046875,	0.0845947265625
5636648125.0,	0.1437530517578125,	0.0834503173828125
5636656250.0,	0.14487457275390625,	0.08554840087890625
5636664375.0,	0.14263916015625,	0.08396148681640625
5636672500.0,	0.14313507080078125,	0.08197784423828125
5636680625.0,	0.14438629150390625,	0.08565521240234375
5636688750.0,	0.1441802978515625,	0.08400726318359375
5636696875.0,	0.1421966552734375,	0.082855224609375
5636705000.0,	0.14194488525390625,	0.082305908203125
5636713125.0,	0.14533233642578125,	0.08289337158203125
5636721250.0,	0.145355224609375,	0.08271026611328125
5636729375.0,	0.1437225341796875,	0.08292388916015625
5636737500.0,	0.14647674560546875,	0.0834197998046875
5636745625.0,	0.14493560791015625,	0.08229827880859375
5636753750.0,	0.14571380615234375,	0.0814971923828125
5636761875.0,	0.14301300048828125,	0.08172607421875
5636770000.0,	0.14449310302734375,	0.07936859130859375
5636778125.0,	0.145843505859375,	0.08167266845703125
5636786250.0,	0.1443023681640625,	0.08304595947265625
5636794375.0,	0.14585113525390625,	0.08147430419921875
5636802500.0,	0.14862823486328125,	0.07999420166015625
5636810625.0,	0.146697998046875,	0.08005523681640625
5636818750.0,	0.14636993408203125,	0.08092498779296875
5636826875.0,	0.1474151611328125,	0.0778350830078125
5636835000.0,	0.1466827392578125,	0.0807037353515625
5636843125.0,	0.15001678466796875,	0.078826904296875
5636851250.0,	0.146148681640625,	0.0779571533203125
5636859375.0,	0.14739227294921875,	0.078765869140625
5636867500.0,	0.1473846435546875,	0.07940673828125
5636875625.0,	0.1504669189453125,	0.0799713134765625
5636883750.0,	0.147186279296875,	0.07928466796875
5636891875.0,	0.14823150634765625,	0.07765960693359375
5636900000.0,	0.14623260498046875,	0.0785064697265625
5636908125.0,	0.1483154296875,	0.07891845703125
5636916250.0,	0.1492462158203125,	0.0790252685546875
5636924375.0,	0.15087890625,	0.07709503173828125
5636932500.0,	0.15064239501953125,	0.078277587890625
5636940625.0,	0.15094757080078125,	0.07358551025390625
5636948750.0,	0.15048980712890625,	0.07561492919921875
5636956875.0,	0.1514129638671875,	0.078125
5636965000.0,	0.15118408203125,	0.07491302490234375
5636973125.0,	0.1505279541015625,	0.07562255859375
5636981250.0,	0.15155792236328125,	0.0747528076171875
5636989375.0,	0.1500091552734375,	0.0748748779296875
5636997500.0,	0.15259552001953125,	0.0751953125
5637005625.0,	0.1529541015625,	0.07552337646484375
5637013750.0,	0.152099609375,	0.0756072998046875
5637021875.0,	0.1515045166015625,	0.0746917724609375
5637030000.0,	0.15254974365234375,	0.07271575927734375
5637038125.0,	0.15283966064453125,	0.07369232177734375
5637046250.0,	0.1530609130859375,	0.075164794921875
5637054375.0,	0.15250396728515625,	0.07286834716796875
5637062500.0,	0.15341949462890625,	0.0732269287109375
5637070625.0,	0.1533355712890625,	0.072479248046875
5637078750.0,	0.15374755859375,	0.07196807861328125
5637086875.0,	0.15313720703125,	0.0724945068359375
5637095000.0,	0.15326690673828125,	0.071533203125
5637103125.0,	0.15198516845703125,	0.0687408447265625
5637111250.0,	0.15273284912109375,	0.0715179443359375
5637119375.0,	0.1566162109375,	0.0713043212890625
5637127500.0,	0.15245819091796875,	0.071502685546875
5637135625.0,	0.15621185302734375,	0.06940460205078125
5637143750.0,	0.15523529052734375,	0.0691680908203125
5637151875.0,	0.1556549072265625,	0.071258544921875
5637160000.0,	0.15625762939453125,	0.0686187744140625
5637168125.0,	0.15737152099609375,	0.06915283203125
5637176250.0,	0.156341552734375,	0.0686798095703125
5637184375.0,	0.1569671630859375,	0.06646728515625
5637192500.0,	0.15888214111328125,	0.067230224609375
5637200625.0,	0.15570831298828125,	0.06650543212890625
5637208750.0,	0.157196044921875,	0.06885528564453125
5637216875.0,	0.15570831298828125,	0.0655059814453125
5637225000.0,	0.15825653076171875,	0.06783294677734375
5637233125.0,	0.15833282470703125,	0.06397247314453125
5637241250.0,	0.1572418212890625,	0.06392669677734375
5637249375.0,	0.15686798095703125,	0.06616973876953125
5637257500.0,	0.15993499755859375,	0.06444549560546875
5637265625.0,	0.15828704833984375,	0.06507110595703125
5637273750.0,	0.15789794921875,	0.0648040771484375
5637281875.0,	0.1588592529296875,	0.063934326171875
5637290000.0,	0.1581878662109375,	0.0621795654296875
5637298125.0,	0.15709686279296875,	0.06262969970703125
5637306250.0,	0.1599884033203125,	0.0626220703125
5637314375.0,	0.16019439697265625,	0.06293487548828125
5637322500.0,	0.15933990478515625,	0.061767578125
5637330625.0,	0.1600189208984375,	0.061309814453125
5637338750.0,	0.15966796875,	0.06026458740234375
5637346875.0,	0.1605682373046875,	0.0630035400390625
5637355000.0,	0.161773681640625,	0.061981201171875
5637363125.0,	0.16094970703125,	0.06046295166015625
5637371250.0,	0.16136932373046875,	0.05764007568359375
5637379375.0,	0.16074371337890625,	0.06012725830078125
5637387500.0,	0.1639404296875,	0.05655670166015625
5637395625.0,	0.16187286376953125,	0.057952880859375
5637403750.0,	0.16127777099609375,	0.05599212646484375
5637411875.0,	0.16188812255859375,	0.05582427978515625
5637420000.0,	0.16132354736328125,	0.05648040771484375
5637428125.0,	0.1649169921875,	0.05681610107421875
5637436250.0,	0.16351318359375,	0.05501556396484375
5637444375.0,	0.16472625732421875,	0.0561981201171875
5637452500.0,	0.1612701416015625,	0.05582427978515625
5637460625.0,	0.16428375244140625,	0.05377960205078125
5637468750.0,	0.163543701171875,	0.05338287353515625
5637476875.0,	0.16207122802734375,	0.05089569091796875
5637485000.0,	0.1654815673828125,	0.05318450927734375
5637493125.0,	0.1645965576171875,	0.05254364013671875
5637501250.0,	0.16431427001953125,	0.0521392822265625
5637509375.0,	0.1644439697265625,	0.0495758056640625
5637517500.0,	0.165985107421875,	0.0507049560546875
5637525625.0,	0.16475677490234375,	0.04991912841796875
5637533750.0,	0.1661529541015625,	0.04933929443359375
5637541875.0,	0.16513824462890625,	0.04827117919921875
5637550000.0,	0.16365814208984375,	0.046905517578125
5637558125.0,	0.16628265380859375,	0.04769134521484375
5637566250.0,	0.16591644287109375,	0.04543304443359375
5637574375.0,	0.16645050048828125,	0.04534912109375
5637582500.0,	0.1668548583984375,	0.0457305908203125
5637590625.0,	0.1668243408203125,	0.04322052001953125
5637598750.0,	0.16817474365234375,	0.04628753662109375
5637606875.0,	0.16437530517578125,	0.045074462890625
5637615000.0,	0.16548919677734375,	0.04326629638671875
5637623125.0,	0.1663360595703125,	0.04048919677734375
5637631250.0,	0.168060302734375,	0.041900634765625
5637639375.0,	0.166351318359375,	0.0408935546875
5637647500.0,	0.16753387451171875,	0.04155731201171875
5637655625.0,	0.16715240478515625,	0.0414886474609375
5637663750.0,	0.1667022705078125,	0.0400390625
5637671875.0,	0.16913604736328125,	0.03692626953125
5637680000.0,	0.16823577880859375,	0.03794097900390625
5637688125.0,	0.16811370849609375,	0.0360565185546875
5637696250.0,	0.16736602783203125,	0.03528594970703125
5637704375.0,	0.169891357421875,	0.0333404541015625
5637712500.0,	0.1668548583984375,	0.03363037109375
5637720625.0,	0.16799163818359375,	0.03409576416015625
5637728750.0,	0.16522979736328125,	0.0352783203125
5637736875.0,	0.16820526123046875,	0.0336151123046875
5637745000.0,	0.16843414306640625,	0.03305816650390625
5637753125.0,	0.167144775390625,	0.0297698974609375
5637761250.0,	0.17089080810546875,	0.0289306640625
5637769375.0,	0.16767120361328125,	0.0286865234375
5637777500.0,	0.16913604736328125,	0.03005218505859375
5637785625.0,	0.1681365966796875,	0.0279998779296875
5637793750.0,	0.16875457763671875,	0.026336669921875
5637801875.0,	0.16715240478515625,	0.0243988037109375
5637810000.0,	0.16799163818359375,	0.0244598388671875
5637818125.0,	0.16828155517578125,	0.02655029296875
5637826250.0,	0.16916656494140625,	0.02548980712890625
5637834375.0,	0.1685028076171875,	0.0220489501953125
5637842500.0,	0.16829681396484375,	0.02178192138671875
5637850625.0,	0.169952392578125,	0.0235595703125
5637858750.0,	0.16858673095703125,	0.01984405517578125
5637866875.0,	0.16728973388671875,	0.01923370361328125
5637875000.0,	0.16863250732421875,	0.0195159912109375
5637883125.0,	0.16654205322265625,	0.02117919921875
5637891250.0,	0.168731689453125,	0.01699066162109375
5637899375.0,	0.1691741943359375,	0.01813507080078125
5637907500.0,	0.16803741455078125,	0.01483154296875
5637915625.0,	0.16738128662109375,	0.01375579833984375
5637923750.0,	0.1668853759765625,	0.01216888427734375
5637931875.0,	0.1652374267578125,	0.011383056640625
5637940000.0,	0.16822052001953125,	0.01373291015625
5637948125.0,	0.16690826416015625,	0.01140594482421875
5637956250.0,	0.1671142578125,	0.00923919677734375
5637964375.0,	0.165252685546875,	0.00836944580078125
5637972500.0,	0.16892242431640625,	0.0058135986328125
5637980625.0,	0.1646575927734375,	0.00789642333984375
5637988750.0,	0.1634674072265625,	0.00746917724609375
5637996875.0,	0.16526031494140625,	0.0024871826171875
5638005000.0,	0.16320037841796875,	0.00374603271484375
5638013125.0,	0.16306304931640625,	0.004058837890625
5638021250.0,	0.1643829345703125,	0.00209808349609375
5638029375.0,	0.16439056396484375,	0.001007080078125
5638037500.0,	0.1642303466796875,	-0.000457763671875
5638045625.0,	0.1613311767578125,	-0.0023956298828125
5638053750.0,	0.1608734130859375,	-0.00388336181640625
5638061875.0,	0.1627655029296875,	-0.00360870361328125
5638070000.0,	0.16260528564453125,	-0.002838134765625
5638078125.0,	0.16100311279296875,	-0.007598876953125
5638086250.0,	0.1622314453125,	-0.0082550048828125
5638094375.0,	0.160247802734375,	-0.00720977783203125
5638102500.0,	0.15985107421875,	-0.0092620849609375
5638110625.0,	0.159942626953125,	-0.00907135009765625
5638118750.0,	0.15807342529296875,	-0.01096343994140625
5638126875.0,	0.15715789794921875,	-0.01358795166015625
5638135000.0,	0.1559600830078125,	-0.014251708984375
5638143125.0,	0.15625,	-0.011383056640625
5638151250.0,	0.156036376953125,	-0.01268768310546875
5638159375.0,	0.15544891357421875,	-0.01812744140625
5638167500.0,	0.15444183349609375,	-0.016693115234375
5638175625.0,	0.15390777587890625,	-0.0195770263671875
5638183750.0,	0.15209197998046875,	-0.0195465087890625
5638191875.0,	0.15290069580078125,	-0.02053070068359375
5638200000.0,	0.15155792236328125,	-0.02193450927734375
5638208125.0,	0.14987945556640625,	-0.02400970458984375
5638216250.0,	0.1482391357421875,	-0.021453857421875
5638224375.0,	0.14928436279296875,	-0.02494049072265625
5638232500.0,	0.14777374267578125,	-0.02480316162109375
5638240625.0,	0.14727783203125,	-0.02492523193359375
5638248750.0,	0.1474151611328125,	-0.02727508544921875
5638256875.0,	0.14762115478515625,	-0.0267333984375
5638265000.0,	0.14411163330078125,	-0.0290374755859375
5638273125.0,	0.14574432373046875,	-0.03122711181640625
5638281250.0,	0.1404876708984375,	-0.03033447265625
5638289375.0,	0.1409454345703125,	-0.0302276611328125
5638297500.0,	0.14098358154296875,	-0.03057861328125
5638305625.0,	0.1378021240234375,	-0.03185272216796875
5638313750.0,	0.1387786865234375,	-0.035369873046875
5638321875.0,	0.1378173828125,	-0.03649139404296875
5638330000.0,	0.13614654541015625,	-0.0361328125
5638338125.0,	0.1335601806640625,	-0.03668212890625
5638346250.0,	0.1333160400390625,	-0.03725433349609375
5638354375.0,	0.132965087890625,	-0.0375823974609375
5638362500.0,	0.1306304931640625,	-0.0402069091796875
5638370625.0,	0.12900543212890625,	-0.03769683837890625
5638378750.0,	0.13031005859375,	-0.0394744873046875
5638386875.0,	0.12622833251953125,	-0.040740966796875
5638395000.0,	0.12741851806640625,	-0.04235076904296875
5638403125.0,	0.12638092041015625,	-0.04076385498046875
5638411250.0,	0.12300491333007812,	-0.042476654052734375
5638419375.0,	0.12324905395507812,	-0.04372406005859375
5638427500.0,	0.1202239990234375,	-0.039997100830078125
5638435625.0,	0.12054443359375,	-0.0433807373046875
5638443750.0,	0.11782455444335938,	-0.047313690185546875
5638451875.0,	0.11823654174804688,	-0.045135498046875
5638460000.0,	0.1164703369140625,	-0.043674468994140625
5638468125.0,	0.11696624755859375,	-0.04830169677734375
5638476250.0,	0.11136627197265625,	-0.046871185302734375
5638484375.0,	0.11183929443359375,	-0.047679901123046875
5638492500.0,	0.11112594604492188,	-0.046504974365234375
5638500625.0,	0.11084747314453125,	-0.046356201171875
5638508750.0,	0.10766220092773438,	-0.04737091064453125
5638516875.0,	0.1074676513671875,	-0.047199249267578125
5638525000.0,	0.10483551025390625,	-0.047962188720703125
5638533125.0,	0.1035308837890625,	-0.050632476806640625
5638541250.0,	0.10071945190429688,	-0.049102783203125
5638549375.0,	0.10188674926757812,	-0.047740936279296875
5638557500.0,	0.09914779663085938,	-0.048065185546875
5638565625.0,	0.09642791748046875,	-0.050647735595703125
5638573750.0,	0.09458160400390625,	-0.04778289794921875
5638581875.0,	0.09662246704101562,	-0.050586700439453125
5638590000.0,	0.0929412841796875,	-0.049846649169921875
5638598125.0,	0.09285736083984375,	-0.049346923828125
5638606250.0,	0.08960723876953125,	-0.050014495849609375
5638614375.0,	0.08908462524414062,	-0.047473907470703125
5638622500.0,	0.08894729614257812,	-0.047100067138671875
5638630625.0,	0.08592987060546875,	-0.04962921142578125
5638638750.0,	0.08489608764648438,	-0.04668426513671875
5638646875.0,	0.08588790893554688,	-0.049251556396484375
5638655000.0,	0.08298873901367188,	-0.04743194580078125
5638663125.0,	0.08337020874023438,	-0.0482940673828125
5638671250.0,	0.08032608032226562,	-0.0471343994140625
5638679375.0,	0.07786941528320312,	-0.05081939697265625
5638687500.0,	0.0763397216796875,	-0.045696258544921875
5638695625.0,	0.0747833251953125,	-0.044677734375
5638703750.0,	0.0730743408203125,	-0.044826507568359375
5638711875.0,	0.07456588745117188,	-0.04608154296875
5638720000.0,	0.07145309448242188,	-0.046772003173828125
5638728125.0,	0.07037734985351562,	-0.047130584716796875
5638736250.0,	0.06708526611328125,	-0.04168701171875
5638744375.0,	0.0661773681640625,	-0.043880462646484375
5638752500.0,	0.06548309326171875,	-0.04483795166015625
5638760625.0,	0.065399169921875,	-0.042724609375
5638768750.0,	0.06221961975097656,	-0.041782379150390625
5638776875.0,	0.062305450439453125,	-0.04056739807128906
5638785000.0,	0.060100555419921875,	-0.041904449462890625
5638793125.0,	0.06046485900878906,	-0.03972816467285156
5638801250.0,	0.058460235595703125,	-0.04080963134765625
5638809375.0,	0.05782127380371094,	-0.0398712158203125
5638817500.0,	0.05690574645996094,	-0.03755378723144531
5638825625.0,	0.05654716491699219,	-0.04000282287597656
5638833750.0,	0.05355644226074219,	-0.039089202880859375
5638841875.0,	0.055065155029296875,	-0.03753471374511719
5638850000.0,	0.051662445068359375,	-0.035675048828125
5638858125.0,	0.053253173828125,	-0.03753089904785156
5638866250.0,	0.05069541931152344,	-0.03700065612792969
5638874375.0,	0.05032539367675781,	-0.03638648986816406
5638882500.0,	0.048496246337890625,	-0.03417205810546875
5638890625.0,	0.049121856689453125,	-0.03187751770019531
5638898750.0,	0.04492950439453125,	-0.03390312194824219
5638906875.0,	0.04583168029785156,	-0.0303192138671875
5638915000.0,	0.04614448547363281,	-0.030429840087890625
5638923125.0,	0.042247772216796875,	-0.030424118041992188
5638931250.0,	0.04372406005859375,	-0.030582427978515625
5638939375.0,	0.04257392883300781,	-0.028638839721679688
5638947500.0,	0.04212379455566406,	-0.026576995849609375
5638955625.0,	0.03925514221191406,	-0.02736663818359375
5638963750.0,	0.04054832458496094,	-0.02619171142578125
5638971875.0,	0.03979301452636719,	-0.026659011840820312
5638980000.0,	0.03788948059082031,	-0.02611541748046875
5638988125.0,	0.035396575927734375,	-0.026010513305664062
5638996250.0,	0.03743743896484375,	-0.023748397827148438
5639004375.0,	0.03720855712890625,	-0.022983551025390625
5639012500.0,	0.03474998474121094,	-0.020221710205078125
5639020625.0,	0.03637504577636719,	-0.02043914794921875
5639028750.0,	0.03419303894042969,	-0.019775390625
5639036875.0,	0.03483390808105469,	-0.018148422241210938
5639045000.0,	0.03354644775390625,	-0.018484115600585938
5639053125.0,	0.033447265625,	-0.015134811401367188
5639061250.0,	0.031050682067871094,	-0.014995574951171875
5639069375.0,	0.030160903930664062,	-0.016632080078125
5639077500.0,	0.030447959899902344,	-0.014764785766601562
5639085625.0,	0.032196044921875,	-0.014186859130859375
5639093750.0,	0.028423309326171875,	-0.013751983642578125
5639101875.0,	0.02891826629638672,	-0.011928558349609375
5639110000.0,	0.0282745361328125,	-0.011407852172851562
5639118125.0,	0.026200294494628906,	-0.010334968566894531
5639126250.0,	0.028128623962402344,	-0.009751319885253906
5639134375.0,	0.026483535766601562,	-0.0068798065185546875
5639142500.0,	0.0271759033203125,	-0.008174896240234375
5639150625.0,	0.027635574340820312,	-0.0075550079345703125
5639158750.0,	0.026258468627929688,	-0.0059795379638671875
5639166875.0,	0.026117324829101562,	-0.0043926239013671875
5639175000.0,	0.024200439453125,	-0.006012916564941406
5639183125.0,	0.025139808654785156,	-0.0052890777587890625
5639191250.0,	0.02475452423095703,	-0.0027341842651367188
5639199375.0,	0.02379131317138672,	0.00027561187744140625
5639207500.0,	0.02607440948486328,	-0.0028276443481445312
5639215625.0,	0.022904396057128906,	-0.0022325515747070312
5639223750.0,	0.02241039276123047,	0.0013151168823242188
5639231875.0,	0.023873329162597656,	0.0024785995483398438
5639240000.0,	0.024267196655273438,	0.0023565292358398438
5639248125.0,	0.02111339569091797,	0.0017232894897460938
5639256250.0,	0.022500038146972656,	0.0043182373046875
5639264375.0,	0.022520065307617188,	0.006335258483886719
5639272500.0,	0.021361351013183594,	0.0032711029052734375
5639280625.0,	0.01970958709716797,	0.0058441162109375
5639288750.0,	0.02084636688232422,	0.007637977600097656
5639296875.0,	0.022103309631347656,	0.005894660949707031
5639305000.0,	0.021180152893066406,	0.010900497436523438
5639313125.0,	0.021097183227539062,	0.009111404418945312
5639321250.0,	0.02138996124267578,	0.011708259582519531
5639329375.0,	0.020368576049804688,	0.011549949645996094
5639337500.0,	0.01924610137939453,	0.012865066528320312
5639345625.0,	0.020050048828125,	0.015109062194824219
5639353750.0,	0.021033287048339844,	0.012312889099121094
5639361875.0,	0.020682334899902344,	0.0130157470703125
5639370000.0,	0.0194091796875,	0.013846397399902344
5639378125.0,	0.01867961883544922,	0.014388084411621094
5639386250.0,	0.016076087951660156,	0.016846656799316406
5639394375.0,	0.019378662109375,	0.01660633087158203
5639402500.0,	0.018375396728515625,	0.018442153930664062
5639410625.0,	0.018033981323242188,	0.01869487762451172
5639418750.0,	0.020183563232421875,	0.01775074005126953
5639426875.0,	0.018707275390625,	0.018280982971191406
5639435000.0,	0.019494056701660156,	0.020612716674804688
5639443125.0,	0.01790142059326172,	0.01979351043701172
5639451250.0,	0.018728256225585938,	0.019797325134277344
5639459375.0,	0.01871490478515625,	0.021973609924316406
5639467500.0,	0.019641876220703125,	0.023627281188964844
5639475625.0,	0.019374847412109375,	0.024045944213867188
5639483750.0,	0.018346786499023438,	0.025007247924804688
5639491875.0,	0.017801284790039062,	0.025292396545410156
5639500000.0,	0.016951560974121094,	0.028267860412597656
5639508125.0,	0.01866912841796875,	0.027306556701660156
5639516250.0,	0.01633167266845703,	0.02732086181640625
5639524375.0,	0.018990516662597656,	0.02595806121826172
5639532500.0,	0.0174102783203125,	0.028000831604003906
5639540625.0,	0.020562171936035156,	0.028336524963378906
5639548750.0,	0.01824665069580078,	0.029949188232421875
5639556875.0,	0.019655227661132812,	0.031436920166015625
5639565000.0,	0.01998424530029297,	0.03107929229736328
5639573125.0,	0.01973247528076172,	0.029920578002929688
5639581250.0,	0.017568588256835938,	0.0307159423828125
5639589375.0,	0.018711090087890625,	0.034832000732421875
5639597500.0,	0.019832611083984375,	0.03227806091308594
5639605625.0,	0.018541336059570312,	0.03433418273925781
5639613750.0,	0.018535614013671875,	0.034336090087890625
5639621875.0,	0.018487930297851562,	0.03412055969238281
5639630000.0,	0.01860809326171875,	0.03544425964355469
5639638125.0,	0.019929885864257812,	0.03718757629394531
5639646250.0,	0.0194854736328125,	0.036647796630859375
5639654375.0,	0.020208358764648438,	0.03740692138671875
5639662500.0,	0.0184783935546875,	0.037464141845703125
5639670625.0,	0.019092559814453125,	0.03812408447265625
5639678750.0,	0.0205230712890625,	0.03866767883300781
5639686875.0,	0.019159317016601562,	0.03680610656738281
5639695000.0,	0.019138336181640625,	0.03955650329589844
5639703125.0,	0.021001815795898438,	0.041309356689453125
5639711250.0,	0.018468856811523438,	0.040203094482421875
5639719375.0,	0.020084381103515625,	0.043170928955078125
5639727500.0,	0.019273757934570312,	0.041103363037109375
5639735625.0,	0.02086639404296875,	0.04210472106933594
5639743750.0,	0.02060699462890625,	0.0413055419921875
5639751875.0,	0.020082473754882812,	0.04409980773925781
5639760000.0,	0.021938323974609375,	0.046154022216796875
5639768125.0,	0.019428253173828125,	0.04492950439453125
5639776250.0,	0.019559860229492188,	0.04345893859863281
5639784375.0,	0.021968841552734375,	0.04540443420410156
5639792500.0,	0.020809173583984375,	0.043941497802734375
5639800625.0,	0.020662307739257812,	0.04557228088378906
5639808750.0,	0.0198822021484375,	0.046016693115234375
5639816875.0,	0.021059036254882812,	0.046985626220703125
5639825000.0,	0.018461227416992188,	0.04761695861816406
5639833125.0,	0.023180007934570312,	0.0465087890625
5639841250.0,	0.022029876708984375,	0.04760932922363281
5639849375.0,	0.02413177490234375,	0.049530029296875
5639857500.0,	0.0228424072265625,	0.04860496520996094
5639865625.0,	0.022596359252929688,	0.049114227294921875
5639873750.0,	0.02181243896484375,	0.05060577392578125
5639881875.0,	0.022869110107421875,	0.05013847351074219
5639890000.0,	0.021419525146484375,	0.05190086364746094
5639898125.0,	0.022836685180664062,	0.0509490966796875
5639906250.0,	0.02264404296875,	0.05337715148925781
5639914375.0,	0.023870468139648438,	0.05147743225097656
5639922500.0,	0.021493911743164062,	0.05293083190917969
5639930625.0,	0.025117874145507812,	0.052463531494140625
5639938750.0,	0.025487899780273438,	0.052448272705078125
5639946875.0,	0.0240020751953125,	0.053272247314453125
5639955000.0,	0.025348663330078125,	0.054141998291015625
5639963125.0,	0.0251922607421875,	0.05381011962890625
5639971250.0,	0.024587631225585938,	0.05515289306640625
5639979375.0,	0.024158477783203125,	0.05452156066894531
5639987500.0,	0.025348663330078125,	0.056163787841796875
5639995625.0,	0.02581787109375,	0.057315826416015625
5640003750.0,	0.02486419677734375,	0.0570831298828125
5640011875.0,	0.025274276733398438,	0.05834770202636719
5640020000.0,	0.024526596069335938,	0.05711936950683594
5640028125.0,	0.025470733642578125,	0.05679893493652344
5640036250.0,	0.024221420288085938,	0.05672454833984375
5640044375.0,	0.025529861450195312,	0.056583404541015625
5640052500.0,	0.026746749877929688,	0.059787750244140625
5640060625.0,	0.026111602783203125,	0.0586395263671875
5640068750.0,	0.025159835815429688,	0.058383941650390625
5640076875.0,	0.02411651611328125,	0.059291839599609375
5640085000.0,	0.026247024536132812,	0.059772491455078125
5640093125.0,	0.026813507080078125,	0.06121253967285156
5640101250.0,	0.026189804077148438,	0.0599365234375
5640109375.0,	0.026813507080078125,	0.06156158447265625
5640117500.0,	0.029237747192382812,	0.06167411804199219
5640125625.0,	0.026216506958007812,	0.06034660339355469
5640133750.0,	0.02806854248046875,	0.05887794494628906
5640141875.0,	0.026937484741210938,	0.06230354309082031
5640150000.0,	0.027189254760742188,	0.061859130859375
5640158125.0,	0.030008316040039062,	0.062084197998046875
5640166250.0,	0.027050018310546875,	0.06004142761230469
5640174375.0,	0.026441574096679688,	0.061710357666015625
5640182500.0,	0.030731201171875,	0.06296157836914062
5640190625.0,	0.030963897705078125,	0.06456756591796875
5640198750.0,	0.028636932373046875,	0.06334686279296875
5640206875.0,	0.02901458740234375,	0.064849853515625
5640215000.0,	0.029361724853515625,	0.06519699096679688
5640223125.0,	0.0315399169921875,	0.06193351745605469
5640231250.0,	0.029323577880859375,	0.06396102905273438
5640239375.0,	0.029560089111328125,	0.06607437133789062
5640247500.0,	0.02864837646484375,	0.06533050537109375
5640255625.0,	0.02801513671875,	0.0666046142578125
5640263750.0,	0.02851104736328125,	0.06581878662109375
5640271875.0,	0.03252410888671875,	0.06750106811523438
5640280000.0,	0.0305938720703125,	0.06423187255859375
5640288125.0,	0.029754638671875,	0.06665802001953125
5640296250.0,	0.03154754638671875,	0.0677337646484375
5640304375.0,	0.0293426513671875,	0.06757736206054688
5640312500.0,	0.031055450439453125,	0.06697845458984375
5640320625.0,	0.033176422119140625,	0.06540679931640625
5640328750.0,	0.0316009521484375,	0.06869888305664062
5640336875.0,	0.031284332275390625,	0.06830978393554688
5640345000.0,	0.030651092529296875,	0.06774139404296875
5640353125.0,	0.032375335693359375,	0.06863021850585938
5640361250.0,	0.032604217529296875,	0.06960296630859375
5640369375.0,	0.03145599365234375,	0.06816482543945312
5640377500.0,	0.032745361328125,	0.07042694091796875
5640385625.0,	0.03337860107421875,	0.0685577392578125
5640393750.0,	0.031604766845703125,	0.07022857666015625
5640401875.0,	0.03142547607421875,	0.06832504272460938
5640410000.0,	0.034252166748046875,	0.07099533081054688
5640418125.0,	0.031772613525390625,	0.06939315795898438
5640426250.0,	0.033229827880859375,	0.068206787109375
5640434375.0,	0.032466888427734375,	0.0703125
5640442500.0,	0.03430938720703125,	0.07296371459960938
5640450625.0,	0.033321380615234375,	0.06951904296875
5640458750.0,	0.033245086669921875,	0.07100296020507812
5640466875.0,	0.03276824951171875,	0.07120132446289062
5640475000.0,	0.032238006591796875,	0.07092666625976562
5640483125.0,	0.03289031982421875,	0.06862640380859375
5640491250.0,	0.0353851318359375,	0.07452011108398438
5640499375.0,	0.033687591552734375,	0.071044921875
5640507500.0,	0.033992767333984375,	0.07263946533203125
5640515625.0,	0.037128448486328125,	0.07109451293945312
5640523750.0,	0.035305023193359375,	0.07152938842773438
5640531875.0,	0.0354156494140625,	0.07269668579101562
5640540000.0,	0.033267974853515625,	0.0727691650390625
5640548125.0,	0.0368804931640625,	0.07274627685546875
5640556250.0,	0.03638458251953125,	0.07252883911132812
5640564375.0,	0.034976959228515625,	0.07403564453125
5640572500.0,	0.035442352294921875,	0.07246017456054688
5640580625.0,	0.035003662109375,	0.07604598999023438
5640588750.0,	0.035858154296875,	0.07575225830078125
5640596875.0,	0.0376129150390625,	0.0755157470703125
5640605000.0,	0.0361480712890625,	0.07379913330078125
5640613125.0,	0.037509918212890625,	0.07447433471679688
5640621250.0,	0.035610198974609375,	0.0740509033203125
5640629375.0,	0.037639617919921875,	0.07514572143554688
5640637500.0,	0.0381927490234375,	0.07490158081054688
5640645625.0,	0.03841400146484375,	0.076446533203125
5640653750.0,	0.0369415283203125,	0.07562637329101562
5640661875.0,	0.0376129150390625,	0.076141357421875
5640670000.0,	0.03719329833984375,	0.07518768310546875
5640678125.0,	0.03730010986328125,	0.07558822631835938
5640686250.0,	0.0393218994140625,	0.07697677612304688
5640694375.0,	0.037242889404296875,	0.07643890380859375
5640702500.0,	0.0388031005859375,	0.07612228393554688
5640710625.0,	0.036632537841796875,	0.07793426513671875
5640718750.0,	0.039585113525390625,	0.075592041015625
5640726875.0,	0.039943695068359375,	0.07726669311523438
5640735000.0,	0.039424896240234375,	0.07752227783203125
5640743125.0,	0.03955078125,	0.07736587524414062
5640751250.0,	0.038013458251953125,	0.07520675659179688
5640759375.0,	0.04108428955078125,	0.0788726806640625
5640767500.0,	0.03997039794921875,	0.07658004760742188
5640775625.0,	0.03858184814453125,	0.07798385620117188
5640783750.0,	0.03975677490234375,	0.07722091674804688
5640791875.0,	0.0409088134765625,	0.077911376953125
5640800000.0,	0.0388946533203125,	0.07738113403320312
5640808125.0,	0.041080474853515625,	0.07836151123046875
5640816250.0,	0.040378570556640625,	0.07876205444335938
5640824375.0,	0.04103851318359375,	0.0795135498046875
5640832500.0,	0.038967132568359375,	0.07912445068359375
5640840625.0,	0.039325714111328125,	0.07735061645507812
5640848750.0,	0.040393829345703125,	0.07722091674804688
5640856875.0,	0.04041290283203125,	0.07769012451171875
5640865000.0,	0.0418548583984375,	0.08041763305664062
5640873125.0,	0.041255950927734375,	0.0807647705078125
5640881250.0,	0.042705535888671875,	0.07912826538085938
5640889375.0,	0.0406341552734375,	0.08175277709960938
5640897500.0,	0.04241180419921875,	0.08020401000976562
5640905625.0,	0.04155731201171875,	0.07901382446289062
5640913750.0,	0.041889190673828125,	0.07911300659179688
5640921875.0,	0.041595458984375,	0.08161163330078125
5640930000.0,	0.040313720703125,	0.0820465087890625
5640938125.0,	0.040248870849609375,	0.079742431640625
5640946250.0,	0.042179107666015625,	0.08137130737304688
5640954375.0,	0.04454803466796875,	0.08221054077148438
5640962500.0,	0.0409088134765625,	0.0806427001953125
5640970625.0,	0.04224395751953125,	0.0825958251953125
5640978750.0,	0.0444488525390625,	0.07896804809570312
5640986875.0,	0.043720245361328125,	0.08103179931640625
5640995000.0,	0.044586181640625,	0.08179473876953125
5641003125.0,	0.041980743408203125,	0.079376220703125
5641011250.0,	0.044429779052734375,	0.08189010620117188
5641019375.0,	0.043483734130859375,	0.08150482177734375
5641027500.0,	0.044963836669921875,	0.08123397827148438
5641035625.0,	0.04492950439453125,	0.08038711547851562
5641043750.0,	0.04540252685546875,	0.08193206787109375
5641051875.0,	0.04388427734375,	0.0826263427734375
5641060000.0,	0.042156219482421875,	0.07947158813476562
5641068125.0,	0.043727874755859375,	0.08106231689453125
5641076250.0,	0.043155670166015625,	0.0797882080078125
5641084375.0,	0.044658660888671875,	0.08082962036132812
5641092500.0,	0.04503631591796875,	0.08203506469726562
5641100625.0,	0.04474639892578125,	0.08201217651367188
5641108750.0,	0.046436309814453125,	0.0825958251953125
5641116875.0,	0.045196533203125,	0.0844879150390625
5641125000.0,	0.046092987060546875,	0.08358383178710938
5641133125.0,	0.04302978515625,	0.08255767822265625
5641141250.0,	0.0466766357421875,	0.08152008056640625
5641149375.0,	0.04500579833984375,	0.08319854736328125
5641157500.0,	0.044246673583984375,	0.08322525024414062
5641165625.0,	0.044769287109375,	0.08148193359375
5641173750.0,	0.044952392578125,	0.08072662353515625
5641181875.0,	0.047740936279296875,	0.082733154296875
5641190000.0,	0.04679107666015625,	0.08119583129882812
5641198125.0,	0.047306060791015625,	0.08377838134765625
5641206250.0,	0.047107696533203125,	0.08422470092773438
5641214375.0,	0.0467071533203125,	0.08454132080078125
5641222500.0,	0.0478363037109375,	0.08467864990234375
5641230625.0,	0.047260284423828125,	0.08576583862304688
5641238750.0,	0.046047210693359375,	0.08629989624023438
5641246875.0,	0.04953765869140625,	0.08169937133789062
5641255000.0,	0.046764373779296875,	0.08373641967773438
5641263125.0,	0.047878265380859375,	0.08292770385742188
5641271250.0,	0.046504974365234375,	0.0827789306640625
5641279375.0,	0.046428680419921875,	0.08349227905273438
5641287500.0,	0.045635223388671875,	0.08412551879882812
5641295625.0,	0.04653167724609375,	0.08266448974609375
5641303750.0,	0.04892730712890625,	0.08388900756835938
5641311875.0,	0.047801971435546875,	0.08406829833984375
5641320000.0,	0.046070098876953125,	0.08456802368164062
5641328125.0,	0.0478057861328125,	0.08478546142578125
5641336250.0,	0.047290802001953125,	0.0857696533203125
5641344375.0,	0.04642486572265625,	0.08420181274414062
5641352500.0,	0.047607421875,	0.082366943359375
5641360625.0,	0.04779815673828125,	0.08490371704101562
5641368750.0,	0.04833221435546875,	0.085235595703125
5641376875.0,	0.047229766845703125,	0.08520126342773438
5641385000.0,	0.049503326416015625,	0.0867462158203125
5641393125.0,	0.047412872314453125,	0.08476638793945312
5641401250.0,	0.04822540283203125,	0.08584213256835938
5641409375.0,	0.048351287841796875,	0.08477020263671875
5641417500.0,	0.04734039306640625,	0.08303451538085938
5641425625.0,	0.049015045166015625,	0.08512496948242188
5641433750.0,	0.049350738525390625,	0.08476638793945312
5641441875.0,	0.04815673828125,	0.08461761474609375
5641450000.0,	0.04940032958984375,	0.0866546630859375
5641458125.0,	0.0482025146484375,	0.08499908447265625
5641466250.0,	0.0482940673828125,	0.08698654174804688
5641474375.0,	0.049468994140625,	0.08447647094726562
5641482500.0,	0.049213409423828125,	0.08722305297851562
5641490625.0,	0.048648834228515625,	0.08583831787109375
5641498750.0,	0.049091339111328125,	0.08623123168945312
5641506875.0,	0.050228118896484375,	0.08543777465820312
5641515000.0,	0.051357269287109375,	0.08594512939453125
5641523125.0,	0.048786163330078125,	0.08496475219726562
5641531250.0,	0.04918670654296875,	0.08385086059570312
5641539375.0,	0.050144195556640625,	0.08835601806640625
5641547500.0,	0.0499420166015625,	0.08565902709960938
5641555625.0,	0.0520172119140625,	0.08538436889648438
5641563750.0,	0.04961395263671875,	0.0857696533203125
5641571875.0,	0.050052642822265625,	0.08623123168945312
5641580000.0,	0.050212860107421875,	0.0865325927734375
5641588125.0,	0.04985809326171875,	0.088348388671875
5641596250.0,	0.051380157470703125,	0.08726882934570312
5641604375.0,	0.051326751708984375,	0.08631515502929688
5641612500.0,	0.050113677978515625,	0.0872802734375
5641620625.0,	0.051258087158203125,	0.08715057373046875
5641628750.0,	0.052906036376953125,	0.08777999877929688
5641636875.0,	0.049983978271484375,	0.08664703369140625
5641645000.0,	0.052337646484375,	0.087677001953125
5641653125.0,	0.050228118896484375,	0.08707809448242188
5641661250.0,	0.052310943603515625,	0.0888824462890625
5641669375.0,	0.052692413330078125,	0.0872650146484375
5641677500.0,	0.051677703857421875,	0.08761215209960938
5641685625.0,	0.0529327392578125,	0.0860443115234375
5641693750.0,	0.053585052490234375,	0.08752822875976562
5641701875.0,	0.051975250244140625,	0.08770751953125
5641710000.0,	0.053256988525390625,	0.08841705322265625
5641718125.0,	0.051830291748046875,	0.08964920043945312
5641726250.0,	0.051769256591796875,	0.08925628662109375
5641734375.0,	0.05377197265625,	0.08687973022460938
5641742500.0,	0.054737091064453125,	0.08903884887695312
5641750625.0,	0.049896240234375,	0.08723068237304688
5641758750.0,	0.052967071533203125,	0.08523178100585938
5641766875.0,	0.053661346435546875,	0.08675765991210938
5641775000.0,	0.051448822021484375,	0.08885955810546875
5641783125.0,	0.0524139404296875,	0.08801651000976562
5641791250.0,	0.054340362548828125,	0.08846282958984375
5641799375.0,	0.052448272705078125,	0.08680343627929688
5641807500.0,	0.054386138916015625,	0.08666610717773438
5641815625.0,	0.053676605224609375,	0.08650588989257812
5641823750.0,	0.053974151611328125,	0.08784103393554688
5641831875.0,	0.053508758544921875,	0.08774566650390625
5641840000.0,	0.05284881591796875,	0.0889434814453125
5641848125.0,	0.0544586181640625,	0.0883941650390625
5641856250.0,	0.05284881591796875,	0.08898162841796875
5641864375.0,	0.05348968505859375,	0.08934783935546875
5641872500.0,	0.053874969482421875,	0.08928298950195312
5641880625.0,	0.0546722412109375,	0.08986663818359375
5641888750.0,	0.055599212646484375,	0.08650588989257812
5641896875.0,	0.053806304931640625,	0.08928298950195312
5641905000.0,	0.0554656982421875,	0.0898895263671875
5641913125.0,	0.054515838623046875,	0.08816146850585938
5641921250.0,	0.054004669189453125,	0.08964920043945312
5641929375.0,	0.054164886474609375,	0.089263916015625
5641937500.0,	0.0534820556640625,	0.0878753662109375
5641945625.0,	0.0564727783203125,	0.08953475952148438
5641953750.0,	0.0544281005859375,	0.08990097045898438
5641961875.0,	0.05410003662109375,	0.08950424194335938
5641970000.0,	0.055461883544921875,	0.089691162109375
5641978125.0,	0.05587005615234375,	0.08921051025390625
5641986250.0,	0.05648040771484375,	0.087799072265625
5641994375.0,	0.055389404296875,	0.08826446533203125
5642002500.0,	0.055377960205078125,	0.08974838256835938
5642010625.0,	0.05597686767578125,	0.08944320678710938
5642018750.0,	0.054447174072265625,	0.09105682373046875
5642026875.0,	0.05423736572265625,	0.08925247192382812
5642035000.0,	0.054813385009765625,	0.09125900268554688
5642043125.0,	0.05879974365234375,	0.0910797119140625
5642051250.0,	0.056476593017578125,	0.08905410766601562
5642059375.0,	0.0566864013671875,	0.08956527709960938
5642067500.0,	0.055477142333984375,	0.0912628173828125
5642075625.0,	0.0551605224609375,	0.08843994140625
5642083750.0,	0.053989410400390625,	0.08880996704101562
5642091875.0,	0.05469512939453125,	0.09177017211914062
5642100000.0,	0.056346893310546875,	0.0904388427734375
5642108125.0,	0.057159423828125,	0.09035491943359375
5642116250.0,	0.055805206298828125,	0.089599609375
5642124375.0,	0.056079864501953125,	0.09015655517578125
5642132500.0,	0.056529998779296875,	0.08963394165039062
5642140625.0,	0.0571746826171875,	0.09102630615234375
5642148750.0,	0.058422088623046875,	0.09038162231445312
5642156875.0,	0.056903839111328125,	0.09212493896484375
5642165000.0,	0.05629730224609375,	0.08766937255859375
5642173125.0,	0.058078765869140625,	0.09003067016601562
5642181250.0,	0.057941436767578125,	0.09155654907226562
5642189375.0,	0.0565185546875,	0.089752197265625
5642197500.0,	0.056636810302734375,	0.09304046630859375
5642205625.0,	0.057445526123046875,	0.09195327758789062
5642213750.0,	0.058074951171875,	0.08879852294921875
5642221875.0,	0.05918121337890625,	0.09051132202148438
5642230000.0,	0.05852508544921875,	0.09055709838867188
5642238125.0,	0.058391571044921875,	0.08948135375976562
5642246250.0,	0.05811309814453125,	0.09114837646484375
5642254375.0,	0.05719757080078125,	0.09142303466796875
5642262500.0,	0.059749603271484375,	0.09116744995117188
5642270625.0,	0.0572509765625,	0.0908966064453125
5642278750.0,	0.05776214599609375,	0.09115982055664062
5642286875.0,	0.056934356689453125,	0.08948135375976562
5642295000.0,	0.05966949462890625,	0.09096908569335938
5642303125.0,	0.057079315185546875,	0.09156417846679688
5642311250.0,	0.059284210205078125,	0.09067916870117188
5642319375.0,	0.060756683349609375,	0.089263916015625
5642327500.0,	0.060916900634765625,	0.08910369873046875
5642335625.0,	0.05699920654296875,	0.088653564453125
5642343750.0,	0.0595550537109375,	0.09222793579101562
5642351875.0,	0.059444427490234375,	0.0914154052734375
5642360000.0,	0.059497833251953125,	0.09116744995117188
5642368125.0,	0.057994842529296875,	0.09147262573242188
5642376250.0,	0.057720184326171875,	0.09162139892578125
5642384375.0,	0.05677032470703125,	0.09123992919921875
5642392500.0,	0.05783843994140625,	0.09029769897460938
5642400625.0,	0.057804107666015625,	0.0912322998046875
5642408750.0,	0.059406280517578125,	0.08997344970703125
5642416875.0,	0.059871673583984375,	0.09140396118164062
5642425000.0,	0.059429168701171875,	0.09165573120117188
5642433125.0,	0.0604705810546875,	0.0924835205078125
5642441250.0,	0.05915069580078125,	0.08938980102539062
5642449375.0,	0.059810638427734375,	0.091156005859375
5642457500.0,	0.060550689697265625,	0.09300994873046875
5642465625.0,	0.060577392578125,	0.09255218505859375
5642473750.0,	0.059909820556640625,	0.09099960327148438
5642481875.0,	0.059375762939453125,	0.09142684936523438
5642490000.0,	0.0604095458984375,	0.09154129028320312
5642498125.0,	0.060001373291015625,	0.09157180786132812
5642506250.0,	0.06040191650390625,	0.09325027465820312
5642514375.0,	0.0590972900390625,	0.09086990356445312
5642522500.0,	0.060749053955078125,	0.0899200439453125
5642530625.0,	0.060577392578125,	0.09102249145507812
5642538750.0,	0.061290740966796875,	0.09096908569335938
5642546875.0,	0.06043243408203125,	0.09084701538085938
5642555000.0,	0.0597686767578125,	0.09168624877929688
5642563125.0,	0.062076568603515625,	0.09201812744140625
5642571250.0,	0.06111907958984375,	0.09161758422851562
5642579375.0,	0.059055328369140625,	0.08947372436523438
5642587500.0,	0.062480926513671875,	0.09209823608398438
5642595625.0,	0.061161041259765625,	0.0919952392578125
5642603750.0,	0.06156158447265625,	0.08992767333984375
5642611875.0,	0.06073760986328125,	0.09317779541015625
5642620000.0,	0.061252593994140625,	0.09393310546875
5642628125.0,	0.06075286865234375,	0.09158706665039062
5642636250.0,	0.062099456787109375,	0.09228515625
5642644375.0,	0.0604705810546875,	0.09254837036132812
5642652500.0,	0.06160736083984375,	0.09330368041992188
5642660625.0,	0.059574127197265625,	0.09271240234375
5642668750.0,	0.06255722045898438,	0.08985137939453125
5642676875.0,	0.060344696044921875,	0.09249496459960938
5642685000.0,	0.061923980712890625,	0.09206771850585938
5642693125.0,	0.06344985961914062,	0.09295654296875
5642701250.0,	0.06314849853515625,	0.09169769287109375
5642709375.0,	0.0613250732421875,	0.09267425537109375
5642717500.0,	0.060497283935546875,	0.09158706665039062
5642725625.0,	0.0627288818359375,	0.09188461303710938
5642733750.0,	0.062274932861328125,	0.09250259399414062
5642741875.0,	0.061798095703125,	0.09292221069335938
5642750000.0,	0.06270599365234375,	0.0915679931640625
5642758125.0,	0.061992645263671875,	0.0932464599609375
5642766250.0,	0.062225341796875,	0.09403228759765625
5642774375.0,	0.062652587890625,	0.09230422973632812
5642782500.0,	0.06143951416015625,	0.0929718017578125
5642790625.0,	0.062328338623046875,	0.092498779296875
5642798750.0,	0.062328338623046875,	0.09377288818359375
5642806875.0,	0.06312942504882812,	0.094085693359375
5642815000.0,	0.06262588500976562,	0.09170913696289062
5642823125.0,	0.0631103515625,	0.09235382080078125
5642831250.0,	0.06262588500976562,	0.09189987182617188
5642839375.0,	0.061428070068359375,	0.08905029296875
5642847500.0,	0.06314468383789062,	0.09115219116210938
5642855625.0,	0.0630950927734375,	0.094024658203125
5642863750.0,	0.06317901611328125,	0.09273910522460938
5642871875.0,	0.06220245361328125,	0.08995437622070312
5642880000.0,	0.06369781494140625,	0.09128952026367188
5642888125.0,	0.061405181884765625,	0.09437179565429688
5642896250.0,	0.06165313720703125,	0.09226226806640625
5642904375.0,	0.063446044921875,	0.09175872802734375
5642912500.0,	0.06329345703125,	0.092254638671875
5642920625.0,	0.06148529052734375,	0.09435272216796875
5642928750.0,	0.06273269653320312,	0.09340667724609375
5642936875.0,	0.06322479248046875,	0.09231185913085938
5642945000.0,	0.06179046630859375,	0.093658447265625
5642953125.0,	0.06328201293945312,	0.09343338012695312
5642961250.0,	0.06255722045898438,	0.09307861328125
5642969375.0,	0.0639190673828125,	0.09178543090820312
5642977500.0,	0.06388473510742188,	0.09185028076171875
5642985625.0,	0.06443405151367188,	0.09135055541992188
5642993750.0,	0.0648193359375,	0.09310531616210938
5643001875.0,	0.06319808959960938,	0.0920562744140625
5643010000.0,	0.06393814086914062,	0.0911712646484375
5643018125.0,	0.062255859375,	0.09112167358398438
5643026250.0,	0.06414031982421875,	0.09088134765625
5643034375.0,	0.06304550170898438,	0.09276580810546875
5643042500.0,	0.06535720825195312,	0.0933380126953125
5643050625.0,	0.06379318237304688,	0.09086990356445312
5643058750.0,	0.06499481201171875,	0.09324264526367188
5643066875.0,	0.06212615966796875,	0.09325790405273438
5643075000.0,	0.06380462646484375,	0.09315872192382812
5643083125.0,	0.064697265625,	0.09252548217773438
5643091250.0,	0.06654739379882812,	0.09432601928710938
5643099375.0,	0.06338119506835938,	0.09365081787109375
5643107500.0,	0.06398773193359375,	0.09473800659179688
5643115625.0,	0.06337356567382812,	0.092620849609375
5643123750.0,	0.06499481201171875,	0.09436798095703125
5643131875.0,	0.06470870971679688,	0.0945587158203125
5643140000.0,	0.06440353393554688,	0.09445953369140625
5643148125.0,	0.0654754638671875,	0.093231201171875
5643156250.0,	0.06272125244140625,	0.09309005737304688
5643164375.0,	0.06510162353515625,	0.08845901489257812
5643172500.0,	0.06686782836914062,	0.09365081787109375
5643180625.0,	0.06493759155273438,	0.0940399169921875
5643188750.0,	0.06565475463867188,	0.0942535400390625
5643196875.0,	0.0655975341796875,	0.09210968017578125
5643205000.0,	0.0640411376953125,	0.09339523315429688
5643213125.0,	0.06653594970703125,	0.0931243896484375
5643221250.0,	0.06577682495117188,	0.09296417236328125
5643229375.0,	0.06615066528320312,	0.09499359130859375
5643237500.0,	0.06675338745117188,	0.09202194213867188
5643245625.0,	0.06361770629882812,	0.09194183349609375
5643253750.0,	0.06589889526367188,	0.09280776977539062
5643261875.0,	0.06600570678710938,	0.09289169311523438
5643270000.0,	0.06355667114257812,	0.09180068969726562
5643278125.0,	0.0666656494140625,	0.09475326538085938
5643286250.0,	0.06354141235351562,	0.09331130981445312
5643294375.0,	0.06564712524414062,	0.0927276611328125
5643302500.0,	0.06464767456054688,	0.09343719482421875
5643310625.0,	0.0653839111328125,	0.09339523315429688
5643318750.0,	0.06723785400390625,	0.09305191040039062
5643326875.0,	0.06518936157226562,	0.09386825561523438
5643335000.0,	0.06762313842773438,	0.09417343139648438
5643343125.0,	0.065582275390625,	0.0944061279296875
5643351250.0,	0.06567764282226562,	0.09433364868164062
5643359375.0,	0.067626953125,	0.093475341796875
5643367500.0,	0.06637954711914062,	0.09304428100585938
5643375625.0,	0.06734085083007812,	0.09194183349609375
5643383750.0,	0.06597137451171875,	0.09389877319335938
5643391875.0,	0.0668792724609375,	0.09511184692382812
5643400000.0,	0.06793594360351562,	0.09096908569335938
5643408125.0,	0.06713104248046875,	0.09275054931640625
5643416250.0,	0.06637191772460938,	0.093994140625
5643424375.0,	0.06732559204101562,	0.09337615966796875
5643432500.0,	0.0665740966796875,	0.09554290771484375
5643440625.0,	0.06637954711914062,	0.09448623657226562
5643448750.0,	0.06768798828125,	0.09352493286132812
5643456875.0,	0.06651687622070312,	0.09236526489257812
5643465000.0,	0.06748580932617188,	0.093658447265625
5643473125.0,	0.06870651245117188,	0.09100723266601562
5643481250.0,	0.06699371337890625,	0.09374237060546875
5643489375.0,	0.06539154052734375,	0.09454345703125
5643497500.0,	0.0686798095703125,	0.09200668334960938
5643505625.0,	0.06744766235351562,	0.09460830688476562
5643513750.0,	0.06888961791992188,	0.09360504150390625
5643521875.0,	0.06592559814453125,	0.09236526489257812
5643530000.0,	0.0650787353515625,	0.09227752685546875
5643538125.0,	0.06569290161132812,	0.09370040893554688
5643546250.0,	0.06646347045898438,	0.09256362915039062
5643554375.0,	0.06691741943359375,	0.09307479858398438
5643562500.0,	0.06839370727539062,	0.09386062622070312
5643570625.0,	0.068328857421875,	0.09321212768554688
5643578750.0,	0.06752777099609375,	0.094146728515625
5643586875.0,	0.06664276123046875,	0.09253311157226562
5643595000.0,	0.06713485717773438,	0.09386444091796875
5643603125.0,	0.065887451171875,	0.092681884765625
5643611250.0,	0.06859970092773438,	0.09258270263671875
5643619375.0,	0.06665802001953125,	0.09360504150390625
5643627500.0,	0.06865310668945312,	0.0955963134765625
5643635625.0,	0.06892776489257812,	0.09501266479492188
5643643750.0,	0.06923675537109375,	0.09493255615234375
5643651875.0,	0.0682830810546875,	0.09222030639648438
5643660000.0,	0.06863784790039062,	0.09325027465820312
5643668125.0,	0.0673065185546875,	0.09343719482421875
5643676250.0,	0.06722640991210938,	0.09353256225585938
5643684375.0,	0.06672286987304688,	0.09579086303710938
5643692500.0,	0.06573104858398438,	0.09380722045898438
5643700625.0,	0.0695648193359375,	0.09543609619140625
5643708750.0,	0.068206787109375,	0.09206390380859375
5643716875.0,	0.06861495971679688,	0.09450149536132812
5643725000.0,	0.06791305541992188,	0.09380340576171875
5643733125.0,	0.06626129150390625,	0.09375762939453125
5643741250.0,	0.06730270385742188,	0.09442138671875
5643749375.0,	0.0684356689453125,	0.093719482421875
5643757500.0,	0.06908035278320312,	0.09312057495117188
5643765625.0,	0.06847381591796875,	0.09350967407226562
5643773750.0,	0.06919479370117188,	0.09434127807617188
5643781875.0,	0.06822967529296875,	0.09370040893554688
5643790000.0,	0.0680999755859375,	0.09280776977539062
5643798125.0,	0.06867599487304688,	0.094085693359375
5643806250.0,	0.07221603393554688,	0.09399032592773438
5643814375.0,	0.06899642944335938,	0.09374618530273438
5643822500.0,	0.06833267211914062,	0.0932464599609375
5643830625.0,	0.06807708740234375,	0.09458160400390625
5643838750.0,	0.069793701171875,	0.0944061279296875
5643846875.0,	0.06742095947265625,	0.09354782104492188
5643855000.0,	0.06938934326171875,	0.0935516357421875
5643863125.0,	0.06830978393554688,	0.09343338012695312
5643871250.0,	0.07032394409179688,	0.09264755249023438
5643879375.0,	0.0697174072265625,	0.0938720703125
5643887500.0,	0.07125091552734375,	0.09372711181640625
5643895625.0,	0.06815719604492188,	0.09286117553710938
5643903750.0,	0.06935882568359375,	0.09412765502929688
5643911875.0,	0.068511962890625,	0.09111785888671875
5643920000.0,	0.07100296020507812,	0.09523773193359375
5643928125.0,	0.06995010375976562,	0.09306716918945312
5643936250.0,	0.06847000122070312,	0.09486007690429688
5643944375.0,	0.06979751586914062,	0.09330368041992188
5643952500.0,	0.06943130493164062,	0.09299468994140625
5643960625.0,	0.0697784423828125,	0.09418487548828125
5643968750.0,	0.06889724731445312,	0.09397125244140625
5643976875.0,	0.06939697265625,	0.09463119506835938
5643985000.0,	0.06949615478515625,	0.093353271484375
5643993125.0,	0.0675048828125,	0.09487152099609375
5644001250.0,	0.0707550048828125,	0.09361648559570312
5644009375.0,	0.06841659545898438,	0.09458160400390625
5644017500.0,	0.07087326049804688,	0.09622573852539062
5644025625.0,	0.06805038452148438,	0.09218978881835938
5644033750.0,	0.0718536376953125,	0.0931854248046875
5644041875.0,	0.06766510009765625,	0.09543228149414062
5644050000.0,	0.06819534301757812,	0.09229278564453125
5644058125.0,	0.07000350952148438,	0.092742919921875
5644066250.0,	0.06982421875,	0.09416961669921875
5644074375.0,	0.06819534301757812,	0.09496307373046875
5644082500.0,	0.07117462158203125,	0.09232711791992188
5644090625.0,	0.071868896484375,	0.09375381469726562
5644098750.0,	0.07249069213867188,	0.0962066650390625
5644106875.0,	0.06951141357421875,	0.09232711791992188
5644115000.0,	0.06874847412109375,	0.09395599365234375
5644123125.0,	0.07258987426757812,	0.09430313110351562
5644131250.0,	0.07000350952148438,	0.09518814086914062
5644139375.0,	0.06952285766601562,	0.0926361083984375
5644147500.0,	0.06831741333007812,	0.09344100952148438
5644155625.0,	0.07041168212890625,	0.09354782104492188
5644163750.0,	0.0692596435546875,	0.09329986572265625
5644171875.0,	0.06863021850585938,	0.09337997436523438
5644180000.0,	0.06872940063476562,	0.0944061279296875
5644188125.0,	0.07126617431640625,	0.0928955078125
5644196250.0,	0.0700531005859375,	0.09502410888671875
5644204375.0,	0.07004165649414062,	0.09490585327148438
5644212500.0,	0.07148361206054688,	0.09449386596679688
5644220625.0,	0.07038116455078125,	0.09289169311523438
5644228750.0,	0.070526123046875,	0.094390869140625
5644236875.0,	0.07065582275390625,	0.093597412109375
5644245000.0,	0.06969451904296875,	0.09484481811523438
5644253125.0,	0.0733795166015625,	0.0919647216796875
5644261250.0,	0.07310867309570312,	0.09589004516601562
5644269375.0,	0.07088088989257812,	0.09537887573242188
5644277500.0,	0.071044921875,	0.09185791015625
5644285625.0,	0.0704193115234375,	0.09427261352539062
5644293750.0,	0.0718841552734375,	0.09767913818359375
5644301875.0,	0.06987762451171875,	0.09394454956054688
5644310000.0,	0.07226181030273438,	0.09352874755859375
5644318125.0,	0.07035446166992188,	0.09383392333984375
5644326250.0,	0.0708770751953125,	0.09649276733398438
5644334375.0,	0.070556640625,	0.09357452392578125
5644342500.0,	0.07123947143554688,	0.09412765502929688
5644350625.0,	0.0711822509765625,	0.09372711181640625
5644358750.0,	0.0697174072265625,	0.09455490112304688
5644366875.0,	0.07028961181640625,	0.09463119506835938
5644375000.0,	0.07047653198242188,	0.0953826904296875
5644383125.0,	0.07194900512695312,	0.09270858764648438
5644391250.0,	0.07310104370117188,	0.0937652587890625
5644399375.0,	0.07300186157226562,	0.09509658813476562
5644407500.0,	0.07194900512695312,	0.09348297119140625
5644415625.0,	0.069427490234375,	0.09502029418945312
5644423750.0,	0.07130050659179688,	0.09275436401367188
5644431875.0,	0.07134628295898438,	0.09555435180664062
5644440000.0,	0.0697479248046875,	0.09334182739257812
5644448125.0,	0.071044921875,	0.09442138671875
5644456250.0,	0.07197189331054688,	0.0943603515625
5644464375.0,	0.07233047485351562,	0.09322738647460938
5644472500.0,	0.07149887084960938,	0.0911865234375
5644480625.0,	0.0720367431640625,	0.09360885620117188
5644488750.0,	0.07073593139648438,	0.09380340576171875
5644496875.0,	0.07129287719726562,	0.09405136108398438
5644505000.0,	0.0726470947265625,	0.09405899047851562
5644513125.0,	0.06991195678710938,	0.09546661376953125
5644521250.0,	0.07193374633789062,	0.0928955078125
5644529375.0,	0.0729522705078125,	0.0946044921875
5644537500.0,	0.07269287109375,	0.09520721435546875
5644545625.0,	0.0715789794921875,	0.09423828125
5644553750.0,	0.072784423828125,	0.09268569946289062
5644561875.0,	0.07265853881835938,	0.092620849609375
5644570000.0,	0.071533203125,	0.09308624267578125
5644578125.0,	0.07338714599609375,	0.093292236328125
5644586250.0,	0.07390594482421875,	0.0959014892578125
5644594375.0,	0.07254409790039062,	0.09312820434570312
5644602500.0,	0.0732421875,	0.0960540771484375
5644610625.0,	0.07169342041015625,	0.0934295654296875
5644618750.0,	0.07277679443359375,	0.09421157836914062
5644626875.0,	0.07366943359375,	0.09069061279296875
5644635000.0,	0.07346343994140625,	0.09611892700195312
5644643125.0,	0.07175827026367188,	0.092376708984375
5644651250.0,	0.07159805297851562,	0.09371185302734375
5644659375.0,	0.07263946533203125,	0.09432220458984375
5644667500.0,	0.07453155517578125,	0.09329605102539062
5644675625.0,	0.07136154174804688,	0.09294891357421875
5644683750.0,	0.07387542724609375,	0.09354782104492188
5644691875.0,	0.0743255615234375,	0.0944366455078125
5644700000.0,	0.07381057739257812,	0.0940093994140625
5644708125.0,	0.07244110107421875,	0.09584808349609375
5644716250.0,	0.07377243041992188,	0.09463119506835938
5644724375.0,	0.07416915893554688,	0.09480667114257812
5644732500.0,	0.07271194458007812,	0.09351730346679688
5644740625.0,	0.07329559326171875,	0.09342193603515625
5644748750.0,	0.07442855834960938,	0.095306396484375
5644756875.0,	0.0708465576171875,	0.09568405151367188
5644765000.0,	0.07294464111328125,	0.09348297119140625
5644773125.0,	0.072479248046875,	0.09457778930664062
5644781250.0,	0.07270050048828125,	0.09538650512695312
5644789375.0,	0.07374191284179688,	0.09521484375
5644797500.0,	0.07375717163085938,	0.09383773803710938
5644805625.0,	0.07388687133789062,	0.09563064575195312
5644813750.0,	0.07452011108398438,	0.09590911865234375
5644821875.0,	0.0742034912109375,	0.09480667114257812
5644830000.0,	0.074127197265625,	0.09419631958007812
5644838125.0,	0.07232666015625,	0.09322738647460938
5644846250.0,	0.0738525390625,	0.09324264526367188
5644854375.0,	0.07416915893554688,	0.09494400024414062
5644862500.0,	0.07418441772460938,	0.09223556518554688
5644870625.0,	0.07457351684570312,	0.09461212158203125
5644878750.0,	0.07399749755859375,	0.09462738037109375
5644886875.0,	0.073699951171875,	0.092681884765625
5644895000.0,	0.07265853881835938,	0.09250259399414062
5644903125.0,	0.07333755493164062,	0.093109130859375
5644911250.0,	0.07265853881835938,	0.09454345703125
5644919375.0,	0.07366943359375,	0.0938873291015625
5644927500.0,	0.0725555419921875,	0.09354782104492188
5644935625.0,	0.07268905639648438,	0.09268569946289062
5644943750.0,	0.072540283203125,	0.09413528442382812
5644951875.0,	0.07537460327148438,	0.09336471557617188
5644960000.0,	0.07529449462890625,	0.09418869018554688
5644968125.0,	0.07333755493164062,	0.0944671630859375
5644976250.0,	0.07355499267578125,	0.09383010864257812
5644984375.0,	0.07515335083007812,	0.09299468994140625
5644992500.0,	0.07301712036132812,	0.09357833862304688
5645000625.0,	0.07295608520507812,	0.093109130859375
5645008750.0,	0.07491302490234375,	0.09372329711914062
5645016875.0,	0.0742034912109375,	0.0950469970703125
5645025000.0,	0.07400894165039062,	0.09339523315429688
5645033125.0,	0.074310302734375,	0.09519195556640625
5645041250.0,	0.0745391845703125,	0.09204483032226562
5645049375.0,	0.07503890991210938,	0.09411239624023438
5645057500.0,	0.07250595092773438,	0.09505462646484375
5645065625.0,	0.07540512084960938,	0.09395217895507812
5645073750.0,	0.07456207275390625,	0.0942535400390625
5645081875.0,	0.07404327392578125,	0.0934600830078125
5645090000.0,	0.07389450073242188,	0.09256744384765625
5645098125.0,	0.075653076171875,	0.09372329711914062
5645106250.0,	0.07697677612304688,	0.0952301025390625
5645114375.0,	0.0755767822265625,	0.09309768676757812
5645122500.0,	0.07481002807617188,	0.09299468994140625
5645130625.0,	0.07543563842773438,	0.09211349487304688
5645138750.0,	0.07455825805664062,	0.09360504150390625
5645146875.0,	0.073089599609375,	0.09473800659179688
5645155000.0,	0.07391738891601562,	0.094146728515625
5645163125.0,	0.07522964477539062,	0.09485244750976562
5645171250.0,	0.07551956176757812,	0.09454345703125
5645179375.0,	0.07367324829101562,	0.09527969360351562
5645187500.0,	0.07701873779296875,	0.09356307983398438
5645195625.0,	0.07556915283203125,	0.09310150146484375
5645203750.0,	0.0745697021484375,	0.09430313110351562
5645211875.0,	0.07269668579101562,	0.09341812133789062
5645220000.0,	0.07356643676757812,	0.09527587890625
5645228125.0,	0.0737762451171875,	0.09503936767578125
5645236250.0,	0.07571029663085938,	0.094970703125
5645244375.0,	0.07561874389648438,	0.093109130859375
5645252500.0,	0.0765838623046875,	0.09551620483398438
5645260625.0,	0.07239532470703125,	0.09344482421875
5645268750.0,	0.07838821411132812,	0.09267425537109375
5645276875.0,	0.07598114013671875,	0.09337997436523438
5645285000.0,	0.07459259033203125,	0.09327316284179688
5645293125.0,	0.07585906982421875,	0.09445571899414062
5645301250.0,	0.073150634765625,	0.09520721435546875
5645309375.0,	0.07580947875976562,	0.09481048583984375
5645317500.0,	0.07482528686523438,	0.09405517578125
5645325625.0,	0.07485198974609375,	0.09516525268554688
5645333750.0,	0.07559585571289062,	0.09450149536132812
5645341875.0,	0.07447433471679688,	0.09442901611328125
5645350000.0,	0.07703781127929688,	0.0934600830078125
5645358125.0,	0.07456588745117188,	0.09343719482421875
5645366250.0,	0.077728271484375,	0.09392929077148438
5645374375.0,	0.07542800903320312,	0.09309005737304688
5645382500.0,	0.07508087158203125,	0.09482955932617188
5645390625.0,	0.0750732421875,	0.09186553955078125
5645398750.0,	0.07477188110351562,	0.09552001953125
5645406875.0,	0.07510757446289062,	0.09291458129882812
5645415000.0,	0.07598876953125,	0.09527587890625
5645423125.0,	0.07727813720703125,	0.09408950805664062
5645431250.0,	0.07609939575195312,	0.0946197509765625
5645439375.0,	0.0757904052734375,	0.09560394287109375
5645447500.0,	0.07590103149414062,	0.09479904174804688
5645455625.0,	0.07601547241210938,	0.09382247924804688
5645463750.0,	0.075775146484375,	0.09504318237304688
5645471875.0,	0.07548904418945312,	0.09604644775390625
5645480000.0,	0.074798583984375,	0.09384918212890625
5645488125.0,	0.07593536376953125,	0.094512939453125
5645496250.0,	0.07549667358398438,	0.0958404541015625
5645504375.0,	0.07591629028320312,	0.0955810546875
5645512500.0,	0.0767364501953125,	0.093780517578125
5645520625.0,	0.07525634765625,	0.09236907958984375
5645528750.0,	0.07552719116210938,	0.09593582153320312
5645536875.0,	0.07611846923828125,	0.09313201904296875
5645545000.0,	0.07596206665039062,	0.09315872192382812
5645553125.0,	0.07528305053710938,	0.09488677978515625
5645561250.0,	0.07501602172851562,	0.09287261962890625
5645569375.0,	0.07679367065429688,	0.095977783203125
5645577500.0,	0.07615280151367188,	0.09229660034179688
5645585625.0,	0.07706832885742188,	0.09360885620117188
5645593750.0,	0.0763397216796875,	0.09443283081054688
5645601875.0,	0.07659530639648438,	0.09258651733398438
5645610000.0,	0.07524871826171875,	0.0910491943359375
5645618125.0,	0.07750701904296875,	0.09228134155273438
5645626250.0,	0.07752227783203125,	0.09470367431640625
5645634375.0,	0.07872390747070312,	0.09490585327148438
5645642500.0,	0.07718658447265625,	0.09462738037109375
5645650625.0,	0.0789031982421875,	0.09563064575195312
5645658750.0,	0.076171875,	0.09464645385742188
5645666875.0,	0.07602310180664062,	0.09492874145507812
5645675000.0,	0.07685470581054688,	0.09478378295898438
5645683125.0,	0.0753021240234375,	0.09389114379882812
5645691250.0,	0.07720565795898438,	0.09408187866210938
5645699375.0,	0.07865142822265625,	0.09717941284179688
5645707500.0,	0.07750320434570312,	0.09272003173828125
5645715625.0,	0.076141357421875,	0.096099853515625
5645723750.0,	0.07868194580078125,	0.092559814453125
5645731875.0,	0.07567977905273438,	0.09195327758789062
5645740000.0,	0.07651901245117188,	0.09345245361328125
5645748125.0,	0.07689666748046875,	0.09640884399414062
5645756250.0,	0.07621002197265625,	0.09540176391601562
5645764375.0,	0.07625579833984375,	0.09389114379882812
5645772500.0,	0.07582473754882812,	0.09497833251953125
5645780625.0,	0.075958251953125,	0.0934600830078125
5645788750.0,	0.07639312744140625,	0.09323501586914062
5645796875.0,	0.07528305053710938,	0.09423065185546875
5645805000.0,	0.0765228271484375,	0.09270477294921875
5645813125.0,	0.07703018188476562,	0.09249496459960938
5645821250.0,	0.07700347900390625,	0.09413528442382812
5645829375.0,	0.07970046997070312,	0.09617233276367188
5645837500.0,	0.07770156860351562,	0.09242630004882812
5645845625.0,	0.07717514038085938,	0.09482574462890625
5645853750.0,	0.07773208618164062,	0.092987060546875
5645861875.0,	0.0758514404296875,	0.09287261962890625
5645870000.0,	0.07426071166992188,	0.094268798828125
5645878125.0,	0.0774383544921875,	0.09421157836914062
5645886250.0,	0.0757293701171875,	0.09319305419921875
5645894375.0,	0.07538986206054688,	0.092559814453125
5645902500.0,	0.0752410888671875,	0.0937957763671875
5645910625.0,	0.076568603515625,	0.09180450439453125
5645918750.0,	0.07595443725585938,	0.09382247924804688
5645926875.0,	0.07625198364257812,	0.09383773803710938
5645935000.0,	0.07622146606445312,	0.0936279296875
5645943125.0,	0.07739639282226562,	0.09391403198242188
5645951250.0,	0.07680130004882812,	0.0943756103515625
5645959375.0,	0.07813262939453125,	0.0958404541015625
5645967500.0,	0.07802200317382812,	0.09347152709960938
5645975625.0,	0.07519149780273438,	0.09317779541015625
5645983750.0,	0.0774688720703125,	0.09314346313476562
5645991875.0,	0.07793807983398438,	0.09454345703125
5646000000.0,	0.07850265502929688,	0.0939483642578125
