40 1.282877E-04 3.984845E-07
45 1.287821E-04 4.384838E-07
50 1.283980E-04 4.013723E-07
55 1.291880E-04 3.986374E-07
60 1.286308E-04 4.070885E-07
65 1.292890E-04 3.986320E-07
70 1.293991E-04 4.621223E-07
75 1.288449E-04 4.575637E-07
80 1.295982E-04 3.998802E-07
85 1.300183E-04 3.867067E-07
90 1.293589E-04 4.458320E-07
95 1.301885E-04 3.948087E-07
100 1.283650E-04 3.998142E-07
105 1.296156E-04 4.056082E-07
110 1.287710E-04 4.126118E-07
115 1.267033E-04 4.232433E-07
120 1.265649E-04 3.991961E-07
125 1.284986E-04 4.167969E-07
130 1.266464E-04 4.046873E-07
135 1.263966E-04 4.320563E-07
140 1.271505E-04 4.033598E-07
145 1.282517E-04 3.937090E-07
150 1.281653E-04 3.822029E-07
155 1.282111E-04 4.275224E-07
160 1.317623E-04 3.796525E-07
165 1.328065E-04 4.202368E-07
170 1.343459E-04 4.298350E-07
175 1.378038E-04 3.960295E-07
180 1.402518E-04 4.052850E-07
185 1.472359E-04 4.549539E-07
190 1.525073E-04 4.621922E-07
195 1.591082E-04 4.937579E-07
200 1.639524E-04 9.273198E-07
205 1.736648E-04 9.957243E-07
210 1.838038E-04 9.569676E-07
215 1.975120E-04 9.537042E-07
220 2.087897E-04 1.074828E-06
225 2.227375E-04 1.219354E-06
230 2.416776E-04 1.234314E-06
235 2.623246E-04 1.292031E-06
240 2.860037E-04 1.444667E-06
245 3.119753E-04 1.743465E-06
250 3.403268E-04 1.745800E-06
255 3.714834E-04 1.891513E-06
260 4.120255E-04 2.412572E-06
265 4.478778E-04 2.929832E-06
270 4.849012E-04 2.944441E-06
275 5.308849E-04 3.382819E-06
280 5.798427E-04 4.447678E-06
285 6.435412E-04 5.790739E-06
290 7.059833E-04 6.312467E-06
295 7.727269E-04 7.418329E-06
300 8.297613E-04 8.866495E-06
